0 0.09237595804759983 0.12549407114624506 0.04356595401371521 0.01383399209486166
0 0.1417910447761194 0.1261998870694523 0.05970149253731343 0.014680971202710334
0 0.19866881807180314 0.1261998870694523 0.0754336425978217 0.01101072840203275
0 0.2428398547801533 0.12549407114624506 0.05647438483259379 0.01355166572557877
0 0.29144816458249295 0.12464709203839638 0.07099636950383219 0.016092603049124788
0 0.37878176684146836 0.1261998870694523 0.14118596208148446 0.01637492941840768
0 0.40500201694231547 0.12521174477696217 0.0318676885841065 0.017221908526256352
0 0.46127470754336425 0.12507058159232073 0.09923356192012908 0.01637492941840768
0 0.1280758370310609 0.15245623941276115 0.1189995966115369 0.015245623941276116
0 0.17527228721258573 0.1525974025974026 0.06252521177894312 0.01101072840203275
0 0.23618394513916902 0.15443252399774138 0.09076240419524001 0.01948051948051948
0 0.31323114158935056 0.1513269339356296 0.12343686970552642 0.01637492941840768
0 0.32553448971359417 0.1486448334274421 0.00927793465106898 0.001976284584980237
0 0.43848325937878174 0.1523150762281197 0.20532472771278742 0.0189158667419537
0 0.13795885437676483 0.17885375494071146 0.1427995159338443 0.017504234895539244
0 0.1897942718838241 0.1777244494635799 0.06333198870512304 0.017221908526256352
0 0.24384832593787817 0.17645398080180688 0.07018959257765228 0.013269339356295878
0 0.27148043565954016 0.177442123094297 0.03065752319483663 0.01693958215697346
0 0.33884630899556273 0.17588932806324112 0.10125050423557887 0.013269339356295878
0 0.34388866478418717 0.17687747035573123 0.003227107704719645 0.001411631846414455
0 0.3961274707543364 0.17843026538678713 0.08188785800726099 0.02258610954263128
0 0.45764421137555467 0.17476002258610954 0.10084711577248891 0.012422360248447204
0 0.12424364663170634 0.20525127046866176 0.12505042355788623 0.020327498588368152
0 0.16236385639370715 0.20285149632975719 0.04437273093989512 0.007340485601355167
0 0.2700685760387253 0.20228684359119142 0.17789431222267044 0.014963297571993224
0 0.33884630899556273 0.20115753811405984 0.10931827349737798 0.014963297571993224
0 0.3755546591367487 0.20299265951439865 0.04759983864461476 0.019198193111236588
0 0.40984267849939493 0.20087521174477696 0.045582896329164985 0.015527950310559006
0 0.49213392496974584 0.204686617730096 0.13957240822912464 0.023150762281197064
0 0.14521984671238403 0.22939017504234896 0.16296893908834206 0.01637492941840768
0 0.16276724485679708 0.22600225861095427 0.01290843081887858 0.00282326369282891
0 0.20270270270270271 0.22769621682665162 0.05889471561113352 0.014398644833427442
0 0.2210568777732957 0.22684923771880294 0.030254134731746672 0.014116318464144552
0 0.2972972972972973 0.22727272727272727 0.11052843888664785 0.014116318464144552
0 0.3358208955223881 0.22628458498023715 0.04921339249697459 0.01355166572557877
0 0.37232755143202906 0.22586109542631283 0.040742234772085516 0.012704686617730096
0 0.4035901573215006 0.22529644268774704 0.04356595401371521 0.014963297571993224
0 0.4903186768858411 0.22586109542631283 0.14481645824929407 0.016092603049124788
0 0.0891488503428802 0.2543760587238848 0.052843888664784185 0.009034443817052512
0 0.12928600242033078 0.2532467532467532 0.042759177087535294 0.015245623941276116
0 0.18878580072609924 0.2552230378317335 0.08027430415490117 0.015245623941276116
0 0.20935861234368697 0.25296442687747034 0.02702702702702703 0.014398644833427442
0 0.24667204517950786 0.25592885375494073 0.04961678096006454 0.020327498588368152
0 0.25231948366276724 0.2532467532467532 0.003227107704719645 0.002540937323546019
0 0.34429205324727713 0.25592885375494073 0.15691811214199275 0.024280067758328628
0 0.3947156111335216 0.25296442687747034 0.06857603872529246 0.020892151326933936
0 0.44372730939895116 0.25070581592320723 0.07099636950383219 0.014116318464144552
0 0.0790641387656313 0.2779503105590062 0.031060911657926585 0.01383399209486166
0 0.11637757160145219 0.2782326369282891 0.053247277127874144 0.009316770186335404
0 0.19665187575635337 0.27865612648221344 0.12787414279951592 0.015810276679841896
0 0.2698668818071803 0.27851496329757197 0.09842678499394918 0.015810276679841896
0 0.3217022993142396 0.2779503105590062 0.07099636950383219 0.018633540372670808
0 0.3574021782977007 0.2782326369282891 0.0536506655909641 0.017786561264822136
0 0.38221056877773296 0.27710333145115756 0.02379991932230738 0.007622811970638058
0 0.44130697862041146 0.281055900621118 0.0927793465106898 0.0251270468661773
0 0.07966922146026624 0.3042066629023151 0.027833803953206938 0.009599096555618294
0 0.14743848325937878 0.3040654997176736 0.100040338846309 0.015527950310559006
0 0.2299314239612747 0.307029926595144 0.13916901976603469 0.021174477696216828
0 0.272488906817265 0.30237154150197626 0.06212182331585317 0.011575381140598532
0 0.33985478015328763 0.3026538678712592 0.10286405808793868 0.015527950310559006
0 0.41206131504638965 0.3042066629023151 0.1189995966115369 0.017221908526256352
0 0.42073416700282373 0.30434782608695654 0.0060508269463493344 0.009034443817052512
0 0.4590560709963695 0.3018068887634105 0.05526421944332392 0.015527950310559006
0 0.10709963695038321 0.33032185206098247 0.09721661960467931 0.019762845849802372
0 0.20209762000806777 0.32834556747600224 0.15732150060508268 0.01637492941840768
0 0.2418313836224284 0.3284867306606437 0.053247277127874144 0.01637492941840768
0 0.30939895118999594 0.32806324110671936 0.10649455425574829 0.016092603049124788
0 0.4025816861637757 0.3277809147374365 0.15207745058491326 0.015527950310559006
0 0.47519160951996775 0.32735742518351213 0.11133521581282775 0.012987012987012988
0 0.0954013715207745 0.35502540937323546 0.06655909640984267 0.017786561264822136
0 0.13614360629286001 0.35502540937323546 0.05163372327551432 0.008752117447769622
0 0.18596208148446955 0.35530773574251834 0.07059298104074223 0.011857707509881422
0 0.21077047196450183 0.35403726708074534 0.03065752319483663 0.014398644833427442
0 0.2615974183138362 0.3541784302653868 0.07301331181928197 0.01637492941840768
0 0.3390480032271077 0.35403726708074534 0.11617587736990723 0.014398644833427442
0 0.37051230334812424 0.35290796160361376 0.033481242436466316 0.014963297571993224
0 0.4056070996369504 0.35276679841897235 0.0500201694231545 0.01355166572557877
0 0.48426784993949173 0.35319028797289664 0.12505042355788623 0.016092603049124788
0 0.10972166196046793 0.3802936194240542 0.08592174263816055 0.017221908526256352
0 0.14360629286002422 0.37987012987012986 0.03469140782573618 0.017786561264822136
0 0.18576038725292457 0.379587803500847 0.053247277127874144 0.015245623941276116
0 0.26643807987091567 0.3791643139469226 0.11173860427591771 0.01383399209486166
0 0.3138362242839855 0.378317334839074 0.07220653489310205 0.010728402032749858
0 0.31444130697862044 0.3784584980237154 0.003630496167809601 0.002258610954263128
