0 375.0070592981041 767.009457933371 0.014118596208148447 0.0189158667419537
0 506.02884227511095 763.0093167701864 0.057684550221863654 0.018633540372670808
0 730.0088745461879 760.0098814229249 0.017749092375958047 0.019762845849802372
0 832.0179507866075 764.0160926030492 0.035901573215006054 0.032185206098249576
0 1001.0169423154498 760.0100225861096 0.033884630899556276 0.020045172219085264
0 1179.0451795078661 748.0118577075099 0.09035901573215006 0.023715415019762844
0 1469.0207745058492 748.0199040090345 0.04154901169826543 0.03980801806888763
0 1657.056272690601 748.020892151327 0.11254538120209762 0.04178430265386787
0 382.01895925776523 963.0153867871259 0.03791851553045583 0.03077357425183512
0 519.0225897539331 969.0056465273857 0.04517950786607503 0.01129305477131564
0 725.0346914078258 932.0110107284021 0.06938281565147236 0.0220214568040655
0 987.0165389269866 926.0194805194806 0.03307785397337636 0.03896103896103896
0 1116.0242033077855 924.0124223602485 0.048406615570794675 0.024844720496894408
0 1320.0060508269464 930.0101637492942 0.012101653892698669 0.020327498588368152
0 1410.0080677692617 932.0101637492942 0.016135538523598225 0.020327498588368152
0 1533.0102864058088 931.0105872388481 0.020572811617587738 0.021174477696216828
0 1649.0252117789432 931.0108695652174 0.050423557886244454 0.021739130434782608
0 1836.0090762404195 932.0101637492942 0.018152480839048003 0.020327498588368152
0 1945.0064542154093 972.0047995482778 0.01290843081887858 0.009599096555618294
0 386.03791851553046 1110.0193393562959 0.07583703106091166 0.03867871259175607
0 685.0082694634933 1116.018915866742 0.01653892698668818 0.0378317334839074
0 808.0318676885842 1113.0108695652175 0.063735377168213 0.021739130434782608
0 1090.0417507059299 1110.0107284020328 0.08350141185962082 0.021456804065499716
0 1382.0427591770876 1110.0114342179559 0.08551835417507059 0.022868435911914172
0 1619.0016135538524 1174.0012704686617 0.003227107704719645 0.002540937323546019
0 1689.0169423154498 1110.0097402597403 0.033884630899556276 0.01948051948051948
0 1843.036304961678 1111.0111518915867 0.07260992335619201 0.022303783173348392
0 375.02037111738605 1276.0114342179559 0.040742234772085516 0.022868435911914172
0 558.0141185962082 1284.0104460756634 0.028237192416296894 0.020892151326933936
0 690.0143202904397 1285.0203274985884 0.02864058087938685 0.040654997176736304
0 852.0229931423961 1286.0108695652175 0.045986284792254944 0.021739130434782608
0 1062.0064542154093 1320.0052230378317 0.01290843081887858 0.010446075663466968
0 1195.0528438886647 1285.0107284020328 0.10568777732956837 0.021456804065499716
0 1543.011093182735 1320.0047995482778 0.02218636546994756 0.009599096555618294
0 1650.0139169019767 1285.011010728402 0.027833803953206938 0.0220214568040655
0 1795.0330778539733 1290.0197628458498 0.06615570794675273 0.039525691699604744
0 397.0187575635337 1464.0111518915867 0.03751512706736587 0.022303783173348392
0 560.0118999596612 1465.0100225861095 0.02379991932230738 0.020045172219085264
0 655.0094796288826 1458.0114342179559 0.018959257765227916 0.022868435911914172
0 790.0082694634933 1469.0111518915867 0.01653892698668818 0.022303783173348392
0 904.0100847115773 1459.0100225861095 0.02016942315449778 0.020045172219085264
0 1033.0326744655104 1460.011010728402 0.0653489310205728 0.0220214568040655
0 1292.0127067365872 1458.020468661773 0.025413473174667203 0.0409373235460192
0 1447.0175473981444 1475.010304912479 0.03509479628882614 0.020609824957651044
0 1620.0237999193223 1465.010304912479 0.04759983864461476 0.020609824957651044
0 1818.039935457846 1463.0201863354037 0.07987091569181122 0.040372670807453416
0 2037.0014118596207 1532.0036702428006 0.0028237192416296895 0.007340485601355167
0 393.03832190399356 1635.0119988706945 0.07664380798709157 0.023997741389045736
0 679.0131101250504 1637.018492377188 0.026220250100847116 0.03698475437605872
0 868.051432029044 1635.0124223602484 0.10286405808793868 0.024844720496894408
0 1212.0482049213392 1644.0206098249575 0.09640984267849939 0.04121964991530209
0 1466.0018152480839 1704.0012704686617 0.003630496167809601 0.002540937323546019
