0 362.00363049616783 827.0038114059853 0.007260992335619202 0.007622811970638058
0 437.0227914481646 786.0076228119707 0.045582896329164985 0.015245623941276116
0 612.0506252521178 784.0070581592321 0.10125050423557887 0.014116318464144552
0 905.0354981847519 784.0077639751553 0.07099636950383219 0.015527950310559006
0 1162.0102864058088 783.0073404856014 0.020572811617587738 0.014680971202710334
0 1262.0405405405406 782.0067758328628 0.08108108108108109 0.01355166572557877
0 1537.0139169019767 789.0060700169396 0.027833803953206938 0.012140033879164314
0 1637.038120209762 786.0053642010164 0.07624041952400161 0.010728402032749858
0 1887.0125050423558 769.0070581592321 0.02501008471157725 0.014116318464144552
0 2004.02480839048 780.005928853755 0.04961678096006454 0.011857707509881422
0 364.0153287615974 963.0081874647092 0.03065752319483663 0.01637492941840768
0 516.0528438886648 967.0067758328628 0.10568777732956837 0.01355166572557877
0 798.0024203307786 1002.0049407114625 0.004840661557079467 0.009881422924901186
0 857.0615167406212 959.0073404856014 0.12303348124243646 0.014680971202710334
0 1242.0330778539733 965.005505364201 0.06615570794675273 0.01101072840203275
0 1456.0290439693424 973.0049407114625 0.05808793868495361 0.009881422924901186
0 1654.0518354175072 970.0063523433089 0.1036708350141186 0.012704686617730096
0 1978.0367083501412 956.0063523433089 0.07341670028237192 0.012704686617730096
0 368.0157321500605 1151.006634669678 0.03146430012101654 0.013269339356295878
0 536.0441710367083 1154.0056465273856 0.08834207341670028 0.01129305477131564
0 851.0169423154498 1161.004376058724 0.033884630899556276 0.008752117447769622
0 1028.0290439693424 1137.0067758328628 0.05808793868495361 0.01355166572557877
0 1257.0300524405002 1139.006634669678 0.06010488100040339 0.013269339356295878
0 1469.0734167002825 1137.0108695652175 0.14683340056474384 0.021739130434782608
0 1854.0050423557886 1181.0060700169395 0.01008471157724889 0.012140033879164314
0 1907.0048406615572 1129.0031055900622 0.009681323114158934 0.006211180124223602
0 1990.0256151674062 1134.0071993224167 0.051230334812424366 0.014398644833427442
0 343.05102864058085 1311.0084697910786 0.10205728116175877 0.01693958215697346
0 646.0925776522791 1328.0060700169395 0.18515530455828963 0.012140033879164314
0 1205.0369100443727 1311.0107284020328 0.07382008874546188 0.021456804065499716
0 1425.0020169423155 1358.0014116318464 0.004033884630899556 0.00282326369282891
0 1496.0054457442518 1357.002682100508 0.010891488503428802 0.005364201016374929
0 1555.0171440096813 1324.0057876905703 0.03428801936264623 0.011575381140598532
0 1693.0149253731342 1332.004658385093 0.029850746268656716 0.009316770186335404
0 1829.0342880193627 1328.005928853755 0.06857603872529246 0.011857707509881422
0 2065.0082694634934 1342.0036702428006 0.01653892698668818 0.007340485601355167
0 356.0240016135539 1502.0095990965556 0.04800322710770472 0.019198193111236588
0 542.060709963695 1500.0114342179559 0.12141992739007665 0.022868435911914172
0 902.0326744655102 1487.0080463015245 0.0653489310205728 0.016092603049124788
0 1166.026623638564 1504.0064935064936 0.053247277127874144 0.012987012987012988
0 1331.0294473578056 1500.0067758328628 0.05889471561113352 0.01355166572557877
0 1527.0143202904396 1488.0091756070017 0.02864058087938685 0.018351214003387916
0 1649.0439693424769 1505.0084697910786 0.08793868495361033 0.01693958215697346
0 1920.0324727712787 1488.006634669678 0.06494554255748286 0.013269339356295878
0 344.02985074626866 1685.0062111801242 0.05970149253731343 0.012422360248447204
0 562.1286809197258 1679.0081874647092 0.2573618394513917 0.01637492941840768
0 1262.0635336829366 1669.011010728402 0.12706736587333603 0.0220214568040655
0 1585.0020169423155 1720.0011293054772 0.004033884630899556 0.002258610954263128
0 1627.004437273094 1672.0025409373236 0.008874546187979023 0.005081874647092038
0 1702.0326744655104 1671.006352343309 0.0653489310205728 0.012704686617730096
0 1897.0437676482452 1677.006352343309 0.08753529649052037 0.012704686617730096
0 343.0149253731343 1853.0094579333709 0.029850746268656716 0.0189158667419537
0 496.06252521177896 1853.00790513834 0.12505042355788623 0.015810276679841896
0 878.0488100040338 1859.0093167701864 0.09762000806776926 0.018633540372670808
0 1195.0413473174667 1854.0073404856014 0.0826946349334409 0.014680971202710334
0 1483.0421540943928 1867.0056465273856 0.08430818878580072 0.01129305477131564
0 1752.011496571198 1856.0062111801242 0.022993142396127472 0.012422360248447204
0 1872.0282371924163 1866.0052230378317 0.05647438483259379 0.010446075663466968
0 2056.0578862444536 1853.0087521174478 0.11577248890681727 0.017504234895539244
0 350.0401371520775 2043.008610954263 0.08027430415490117 0.017221908526256352
0 620.065147236789 2047.006352343309 0.13029447357805568 0.012704686617730096
0 979.0030254134732 2071.0018351214003 0.0060508269463493344 0.0036702428006775835
0 1093.013311819282 2028.0080463015245 0.026623638563937072 0.016092603049124788
0 1210.0308592174263 2055.004658385093 0.06171843485276321 0.009316770186335404
0 1446.098426784994 2030.00790513834 0.19685356998789835 0.015810276679841896
0 1992.0498184751916 2041.010304912479 0.09963695038321904 0.020609824957651044
0 347.02823719241627 2229.0056465273856 0.05647438483259379 0.01129305477131564
0 515.0308592174264 2233.004799548278 0.06171843485276321 0.009599096555618294
0 697.00262202501 2260.001270468662 0.0052440500201694235 0.002540937323546019
0 793.034086325131 2214.007481648786 0.0681726502622025 0.014963297571993224
0 1047.0147236789028 2209.007058159232 0.02944735780556676 0.014116318464144552
0 1205.0778539733762 2205.00790513834 0.15570794675272287 0.015810276679841896
0 1669.0157321500606 2205.0076228119706 0.03146430012101654 0.015245623941276116
0 1808.0383219039936 2202.011010728402 0.07664380798709157 0.0220214568040655
0 354.08229124647033 2379.009457933371 0.1645824929407019 0.0189158667419537
0 821.0104881000403 2381.008752117448 0.020976200080677694 0.017504234895539244
0 925.0633319887052 2402.0056465273856 0.12666397741024607 0.01129305477131564
0 1324.0147236789028 2389.007481648786 0.02944735780556676 0.014963297571993224
0 1446.0433642597823 2384.007340485601 0.08672851956434045 0.014680971202710334
0 1745.0246066962484 2382.007481648786 0.04921339249697459 0.014963297571993224
0 1923.02480839048 2381.00790513834 0.04961678096006454 0.015810276679841896
0 372.0653489310206 2562.007481648786 0.1306978620411456 0.014963297571993224
0 750.0161355385236 2591.0042348955394 0.03227107704719645 0.00846979107848673
0 858.0016135538524 2614.001270468662 0.003227107704719645 0.002540937323546019
