0 375.0395320693828 836.0069169960474 0.0790641387656313 0.01383399209486166
0 669.0237999193223 828.0076228119707 0.04759983864461476 0.015245623941276116
0 834.0522388059702 824.007481648786 0.1044776119402985 0.014963297571993224
0 1164.0211778943121 826.0071993224167 0.04235578862444534 0.014398644833427442
0 1319.039935457846 831.0056465273857 0.07987091569181122 0.01129305477131564
0 1634.0582896329165 817.0070581592321 0.11657926583299717 0.014116318464144552
0 1986.0437676482452 804.0088932806324 0.08753529649052037 0.017786561264822136
0 357.0633319887051 1019.0066346696782 0.12666397741024607 0.013269339356295878
0 747.0227914481645 1008.0071993224167 0.045582896329164985 0.014398644833427442
0 918.0112948769665 1027.0036702428006 0.022589753933037516 0.007340485601355167
0 1006.0225897539331 999.0090344438171 0.04517950786607503 0.018068887634105024
0 1200.0534489713593 1002.0076228119707 0.10689794271883823 0.015245623941276116
0 1511.0060508269464 1024.0016939582158 0.012101653892698669 0.0033879164313946925
0 1603.0290439693424 1013.0046583850932 0.05808793868495361 0.009316770186335404
0 1851.0324727712787 1015.0050818746471 0.06494554255748286 0.010163749294184076
0 2078.020774505849 990.0077639751553 0.04154901169826543 0.015527950310559006
0 362.0552642194433 1182.008610954263 0.11052843888664785 0.017221908526256352
0 731.0738200887455 1192.0073404856014 0.14764017749092376 0.014680971202710334
0 1162.0127067365872 1203.00395256917 0.025413473174667203 0.007905138339920948
0 1300.0552642194434 1172.008328627894 0.11052843888664785 0.016657255787690572
0 1648.0532472771279 1176.0111518915867 0.10649455425574829 0.022303783173348392
0 1960.0155304558289 1167.0071993224167 0.031060911657926585 0.014398644833427442
0 2074.001815248084 1213.001976284585 0.003630496167809601 0.003952569169960474
0 357.02763210972165 1370.0077639751553 0.05526421944332392 0.015527950310559006
0 572.0534489713594 1364.007481648786 0.10689794271883823 0.014963297571993224
0 929.0592981040742 1364.0069169960475 0.11859620814844696 0.01383399209486166
0 1294.035498184752 1357.00790513834 0.07099636950383219 0.015810276679841896
0 1547.022589753933 1354.0071993224167 0.04517950786607503 0.014398644833427442
0 1708.04699475595 1362.0067758328628 0.09398951189995966 0.01355166572557877
0 1979.0143202904396 1346.0073404856014 0.02864058087938685 0.014680971202710334
0 2115.046591367487 1334.0135516657256 0.09318273497377975 0.02710333145115754
0 358.0564743848326 1548.0073404856014 0.11294876966518758 0.014680971202710334
0 706.0161355385236 1529.0094579333709 0.03227107704719645 0.0189158667419537
0 836.0350947962888 1551.0073404856014 0.07018959257765228 0.014680971202710334
0 1055.026623638564 1529.010587238848 0.053247277127874144 0.021174477696216828
0 1256.076643807987 1529.0112930547714 0.15328761597418314 0.02258610954263128
0 1675.0268253327954 1530.0077639751553 0.0536506655909641 0.015527950310559006
0 1869.0548608309803 1516.0093167701864 0.10972166196046793 0.018633540372670808
0 353.0312626058895 2271.007199322417 0.06252521177894312 0.014398644833427442
0 577.0635336829366 2266.00790513834 0.12706736587333603 0.015810276679841896
0 961.0621218233158 2263.00790513834 0.12424364663170634 0.015810276679841896
0 1357.0280354981849 2245.0081874647094 0.056070996369503835 0.01637492941840768
0 1572.0217829770068 2251.007340485601 0.04356595401371521 0.014680971202710334
0 1739.0256151674062 2248.007199322417 0.051230334812424366 0.014398644833427442
0 1920.0123033481243 2245.008752117448 0.024606696248487294 0.017504234895539244
0 2043.027027027027 2245.0080463015247 0.05405405405405406 0.016092603049124788
0 353.05143202904395 2445.0080463015247 0.10286405808793868 0.016092603049124788
0 681.013715207745 2447.005928853755 0.02743041549011698 0.011857707509881422
0 800.0286405808794 2443.0069169960475 0.0572811617587737 0.01383399209486166
0 1013.082896329165 2432.009316770186 0.16579265832997175 0.018633540372670808
0 1496.029245663574 2426.0069169960475 0.058491327148043566 0.01383399209486166
0 1713.0361032674466 2426.0088932806325 0.07220653489310205 0.017786561264822136
0 1945.0774505849133 2426.007481648786 0.15490116982654295 0.014963297571993224
0 393.03025413473176 2629.0063523433087 0.060508269463493344 0.012704686617730096
0 653.0443727309399 2611.006775832863 0.08874546187979024 0.01355166572557877
0 932.0387252924567 2629.009034443817 0.07745058491327148 0.018068887634105024
0 1186.0185558693022 2615.009034443817 0.03711173860427592 0.018068887634105024
0 1339.0157321500606 2610.0056465273856 0.03146430012101654 0.01129305477131564
0 1480.020371117386 2627.005928853755 0.040742234772085516 0.011857707509881422
0 1656.0379185155305 2604.0081874647094 0.07583703106091166 0.01637492941840768
