0 0.13432835820895522 0.11264822134387352 0.11657926583299717 0.017504234895539244
0 0.2035094796288826 0.11250705815923208 0.11980637353771682 0.019762845849802372
0 0.22125857200484067 0.11208356860530773 0.020976200080677694 0.017221908526256352
0 0.23436869705526422 0.11151891586674195 0.016135538523598225 0.01101072840203275
0 0.2880193626462283 0.11180124223602485 0.09681323114158935 0.018068887634105024
0 0.30597014925373134 0.11335403726708075 0.026220250100847116 0.020609824957651044
0 0.3348124243646632 0.11180124223602485 0.042759177087535294 0.0189158667419537
0 0.40137152077450583 0.11194240542066629 0.12343686970552642 0.019198193111236588
0 0.40540540540540543 0.11180124223602485 0.002016942315449778 0.001129305477131564
0 0.09035901573215006 0.1634669678147939 0.057684550221863654 0.01637492941840768
0 0.15167406212182333 0.16699604743083005 0.10649455425574829 0.025974025974025976
0 0.1555062525211779 0.16290231507622813 0.0060508269463493344 0.00818746470920384
0 0.16337232755143202 0.15612648221343872 0.009681323114158934 0.006493506493506494
0 0.17043162565550626 0.16233766233766234 0.008471157724889069 0.0189158667419537
0 0.2073416700282372 0.16290231507622813 0.06575231948366277 0.01693958215697346
0 0.22730939895118998 0.1627611518915867 0.0318676885841065 0.010728402032749858
0 0.281968535699879 0.16572557876905702 0.09721661960467931 0.0251270468661773
0 0.3007260992335619 0.16403162055335968 0.022589753933037516 0.020327498588368152
0 0.33844292053247277 0.1627611518915867 0.06292860024203308 0.015245623941276116
0 0.4164985881403792 0.16614906832298137 0.14320290439693426 0.023997741389045736
0 0.4209358612343687 0.16233766233766234 0.0028237192416296895 0.00282326369282891
0 0.42759177087535294 0.15866741953698477 0.007664380798709157 0.00564652738565782
0 0.08007260992335619 0.18774703557312253 0.03509479628882614 0.015810276679841896
0 0.11415893505445744 0.18746470920383965 0.053247277127874144 0.016092603049124788
0 0.16216216216216217 0.18746470920383965 0.08471157724889068 0.018633540372670808
0 0.19342476805163372 0.1880293619424054 0.053247277127874144 0.018633540372670808
0 0.21359419120613152 0.18788819875776397 0.027833803953206938 0.009881422924901186
0 0.2882210568777733 0.191699604743083 0.136345300524405 0.026538678712591756
0 0.3041549011698265 0.18633540372670807 0.02501008471157725 0.016092603049124788
0 0.36062928600242034 0.18845285149632976 0.09762000806776926 0.020045172219085264
0 0.3870512303348124 0.18774703557312253 0.043969342476805166 0.01693958215697346
0 0.43162565550625254 0.18788819875776397 0.07139975796692215 0.016092603049124788
0 0.12847922549415086 0.21329757199322416 0.12464703509479629 0.02258610954263128
0 0.1308995562726906 0.21287408243929984 0.003630496167809601 0.002540937323546019
0 0.1591367486889875 0.2127329192546584 0.0463896732553449 0.021456804065499716
0 0.18777732956837434 0.21414455110107283 0.045582896329164985 0.022303783173348392
0 0.22428398547801534 0.21527385657820441 0.063735377168213 0.023150762281197064
0 0.2702702702702703 0.2137210615471485 0.0826946349334409 0.020045172219085264
0 0.32129891085114964 0.21315640880858272 0.09560306575231949 0.017221908526256352
0 0.35155304558289635 0.21357989836250707 0.056070996369503835 0.018351214003387916
0 0.3753529649052037 0.21315640880858272 0.042759177087535294 0.015245623941276116
0 0.4156918112141993 0.21428571428571427 0.06897942718838242 0.021174477696216828
0 0.08612343686970553 0.26453980801806887 0.05163372327551432 0.018351214003387916
0 0.11536910044372731 0.262987012987013 0.041145623235175476 0.01693958215697346
0 0.14421137555465913 0.2689158667419537 0.045582896329164985 0.028514963297571992
0 0.17607906413876562 0.2632693393562959 0.04961678096006454 0.0220214568040655
0 0.19846712384025816 0.26355166572557875 0.03227107704719645 0.01129305477131564
0 0.23073820088745461 0.26778656126482214 0.058491327148043566 0.02710333145115754
0 0.24848729326341268 0.2619988706945229 0.02218636546994756 0.016092603049124788
0 0.28136345300524407 0.26566911349520045 0.057684550221863654 0.026256352343308864
0 0.3327954820492134 0.26595143986448333 0.08834207341670028 0.0189158667419537
0 0.3509479628882614 0.26143421795595706 0.026623638563937072 0.019198193111236588
0 0.3743444937474788 0.2621400338791643 0.04033884630899556 0.018633540372670808
0 0.40782573618394513 0.26101072840203277 0.05647438483259379 0.018351214003387916
0 0.4318273497377975 0.2651044607566347 0.0326744655102864 0.024844720496894408
0 0.11920129084308188 0.2941840767927724 0.10528438886647842 0.029644268774703556
0 0.13856393707139975 0.288961038961039 0.029850746268656716 0.016092603049124788
0 0.16518757563533684 0.2891022021456804 0.0391286809197257 0.01948051948051948
0 0.21056877773295685 0.28924336533032186 0.0754336425978217 0.019762845849802372
0 0.23557886244453408 0.2885375494071146 0.04356595401371521 0.018633540372670808
0 0.299919322307382 0.2888198757763975 0.11496571198063735 0.018351214003387916
0 0.34187172246873737 0.2875494071146245 0.06575231948366277 0.017504234895539244
0 0.3434852763210972 0.28726708074534163 0.003227107704719645 0.002540937323546019
