0 329.00463896732555 791.0028232636928 0.00927793465106898 0.00564652738565782
0 376.03025413473176 745.0062111801242 0.060508269463493344 0.012422360248447204
0 582.0653489310206 740.0077639751553 0.1306978620411456 0.015527950310559006
0 980.0350947962888 742.0056465273857 0.07018959257765228 0.01129305477131564
0 1223.011093182735 753.0036702428007 0.02218636546994756 0.007340485601355167
0 1365.1103267446551 723.0090344438171 0.22065348931020573 0.018068887634105024
0 1971.0560709963695 721.0064935064935 0.11214199273900767 0.012987012987012988
0 366.0179507866075 1089.008610954263 0.035901573215006054 0.017221908526256352
0 508.04195240016134 1105.0050818746472 0.08390480032271078 0.010163749294184076
0 818.0361032674466 1105.0050818746472 0.07220653489310205 0.010163749294184076
0 1100.0316659943526 1089.0073404856014 0.06333198870512304 0.014680971202710334
0 1335.0276321097217 1106.0045172219086 0.05526421944332392 0.009034443817052512
0 1516.0669624848729 1087.0067758328628 0.13392496974586526 0.01355166572557877
0 1918.0254134731747 1083.007481648786 0.050826946349334406 0.014963297571993224
0 2088.0179507866073 1083.0053642010164 0.035901573215006054 0.010728402032749858
0 351.0316659943526 1282.007058159232 0.06333198870512304 0.014116318464144552
0 575.0560709963695 1290.006352343309 0.11214199273900767 0.012704686617730096
0 898.0024203307786 1316.00395256917 0.004840661557079467 0.007905138339920948
0 1005.0096813231141 1266.007481648786 0.01936264622831787 0.014963297571993224
0 1120.040338846309 1278.008328627894 0.08067769261799113 0.016657255787690572
0 1385.033279548205 1275.0062111801242 0.06655909640984267 0.012422360248447204
0 1618.0931827349739 1266.007058159232 0.1863654699475595 0.014116318464144552
0 2110.001815248084 1301.0011293054772 0.003630496167809601 0.002258610954263128
0 354.00322710770473 1498.002399774139 0.00645421540943929 0.004799548277809147
0 438.02743041549013 1470.0053642010164 0.05486083098023396 0.010728402032749858
0 648.060306575232 1455.006352343309 0.12061315046389673 0.012704686617730096
0 1040.0302541347316 1440.0088932806325 0.060508269463493344 0.017786561264822136
0 1244.0161355385235 1438.0077639751553 0.03227107704719645 0.015527950310559006
0 1345.0018152480839 1491.0012704686617 0.003630496167809601 0.002540937323546019
0 1382.0387252924565 1437.0076228119706 0.07745058491327148 0.015245623941276116
0 1658.0346914078257 1443.0067758328628 0.06938281565147236 0.01355166572557877
0 1869.054054054054 1426.0087521174478 0.10810810810810811 0.017504234895539244
0 346.0417507059298 1654.0057876905703 0.08350141185962082 0.011575381140598532
0 622.042557482856 1651.0049407114625 0.08511496571198064 0.009881422924901186
0 865.0024203307786 1678.0011293054772 0.004840661557079467 0.002258610954263128
0 915.0046389673255 1624.0032467532467 0.00927793465106898 0.006493506493506494
0 1040.0958047599838 1629.0071993224167 0.19160951996772893 0.014398644833427442
0 1565.0264219443325 1630.0104460756634 0.052843888664784185 0.020892151326933936
0 1750.0473981444131 1638.0076228119706 0.09479628882613957 0.015245623941276116
0 2013.0564743848327 1605.0091756070017 0.11294876966518758 0.018351214003387916
0 2318.0024203307785 1659.0042348955392 0.004840661557079467 0.00846979107848673
0 377.0264219443324 1818.0076228119706 0.052843888664784185 0.015245623941276116
0 574.0592981040742 1802.0094579333709 0.11859620814844696 0.0189158667419537
0 956.0720048406615 1806.00790513834 0.14400968132311415 0.015810276679841896
0 1333.0018152480839 1824.003529079616 0.003630496167809601 0.007058159232072276
0 1391.0056474384833 1847.0045172219086 0.011294876966518758 0.009034443817052512
0 1437.0338846308996 1801.0071993224167 0.06776926179911255 0.014398644833427442
0 1637.0597014925372 1796.0104460756634 0.11940298507462686 0.020892151326933936
0 1998.0316659943526 1797.0100225861095 0.06333198870512304 0.020045172219085264
0 366.03691004437275 2000.0077639751553 0.07382008874546188 0.015527950310559006
0 634.0395320693829 1994.0073404856014 0.0790641387656313 0.014680971202710334
0 903.0129084308189 1987.0069169960475 0.02581686163775716 0.01383399209486166
0 1063.0609116579267 1981.0107284020328 0.1218233158531666 0.021456804065499716
0 1436.0465913674868 1981.0069169960475 0.09318273497377975 0.01383399209486166
0 1721.034086325131 1982.0100225861095 0.0681726502622025 0.020045172219085264
0 1942.0268253327954 1993.004376058724 0.0536506655909641 0.008752117447769622
0 2126.0191609519966 1979.006352343309 0.038321903993545785 0.012704686617730096
0 2225.001815248084 2019.0009881422925 0.003630496167809601 0.001976284584980237
0 2265.0052440500203 1961.0021174477697 0.010488100040338847 0.004234895539243365
