0 317.04638967325536 727.0118577075099 0.0927793465106898 0.023715415019762844
0 574.0304558289633 721.0124223602485 0.0609116579265833 0.024844720496894408
0 752.0153287615974 731.0087521174478 0.03065752319483663 0.017504234895539244
0 844.0369100443727 719.0104460756635 0.07382008874546188 0.020892151326933936
0 1052.0459862847922 726.0091756070017 0.09197256958450989 0.018351214003387916
0 1313.0367083501412 729.0087521174478 0.07341670028237192 0.017504234895539244
0 1514.053650665591 728.0087521174478 0.1073013311819282 0.017504234895539244
0 1803.0685760387253 725.0127046866178 0.1371520774505849 0.025409373235460192
0 300.06070996369505 1081.0122811970639 0.12141992739007665 0.02456239412761152
0 633.0508269463494 1095.0114342179559 0.10165389269866881 0.022868435911914172
0 905.0068576038725 1086.0093167701864 0.01371520774505849 0.018633540372670808
0 940.0421540943929 1089.0095990965556 0.08430818878580072 0.019198193111236588
0 1139.0072609923357 1081.0100225861095 0.014521984671238403 0.020045172219085264
0 1191.026623638564 1083.0094579333709 0.053247277127874144 0.0189158667419537
0 1357.0308592174263 1080.0095990965556 0.06171843485276321 0.019198193111236588
0 1548.0161355385235 1090.0080463015245 0.03227107704719645 0.016092603049124788
0 1675.0437676482452 1084.0093167701864 0.08753529649052037 0.018633540372670808
0 1916.0371117386044 1077.0146809712028 0.07422347720855184 0.029361942405420668
0 303.01371520774507 1255.009881422925 0.02743041549011698 0.019762845849802372
0 405.05042355788623 1255.0122811970639 0.10084711577248891 0.02456239412761152
0 686.0096813231141 1284.0053642010164 0.01936264622831787 0.010728402032749858
0 773.0516337232755 1272.0077639751553 0.10326744655102864 0.015527950310559006
0 1073.0393303751512 1281.007058159232 0.07866075030254134 0.014116318464144552
0 1301.0131101250504 1253.0107284020328 0.026220250100847116 0.021456804065499716
0 1407.039935457846 1253.0111518915867 0.07987091569181122 0.022303783173348392
0 1611.0016135538524 1321.0009881422925 0.003227107704719645 0.001976284584980237
0 1643.0252117789432 1257.0100225861095 0.050423557886244454 0.020045172219085264
0 1812.0272287212586 1254.0156691134953 0.05445744251714401 0.031338226990400904
0 1978.0096813231141 1257.0094579333709 0.01936264622831787 0.0189158667419537
0 304.05405405405406 1435.0132693393564 0.10810810810810811 0.026538678712591756
0 617.0439693424768 1436.0131281761717 0.08793868495361033 0.026256352343308864
0 851.0167406212182 1437.0100225861095 0.033481242436466316 0.020045172219085264
0 961.0488100040338 1442.010587238848 0.09762000806776926 0.021174477696216828
0 1234.0419524001613 1447.0135516657256 0.08390480032271078 0.02710333145115754
0 1468.015127067366 1475.0052230378317 0.030254134731746672 0.010446075663466968
0 1572.0344897135942 1444.0093167701864 0.06897942718838242 0.018633540372670808
0 1761.054054054054 1435.0138339920948 0.10810810810810811 0.02766798418972332
0 304.01270673658735 1615.0108695652175 0.025413473174667203 0.021739130434782608
0 396.0502218636547 1622.0095990965556 0.10044372730939895 0.019198193111236588
0 685.0641387656314 1614.0117165443253 0.12827753126260588 0.023433088650479956
0 1004.0024203307786 1684.0050818746472 0.004840661557079467 0.010163749294184076
0 1028.02743041549 1618.010587238848 0.05486083098023396 0.021174477696216828
0 1184.0235982250908 1618.010587238848 0.04719645018152481 0.021174477696216828
0 1337.0506252521177 1627.0107284020328 0.10125050423557887 0.021456804065499716
0 1639.0617184348528 1633.0122811970639 0.12343686970552642 0.02456239412761152
0 1955.0018152480839 1672.00395256917 0.003630496167809601 0.007905138339920948
0 306.0151270673659 1794.0094579333709 0.030254134731746672 0.0189158667419537
0 404.02702702702703 1807.009881422925 0.05405405405405406 0.019762845849802372
0 578.049213392497 1794.0111518915867 0.09842678499394918 0.022303783173348392
0 825.0020169423154 1853.0047995482778 0.004033884630899556 0.009599096555618294
0 855.0121016538927 1807.0091756070017 0.024203307785397338 0.018351214003387916
0 960.0586930213796 1809.0135516657256 0.11738604275917709 0.02710333145115754
0 1289.018152480839 1829.0060700169395 0.03630496167809601 0.012140033879164314
0 1410.011093182735 1833.005928853755 0.02218636546994756 0.011857707509881422
0 1496.0409439290036 1806.0141163184642 0.08188785800726099 0.028232636928289104
0 1722.013311819282 1807.0095990965556 0.026623638563937072 0.019198193111236588
0 1825.045582896329 1803.0139751552795 0.09116579265832997 0.027950310559006212
0 2055.0028237192414 1854.001552795031 0.005647438483259379 0.003105590062111801
