0 349.0810810810811 752.0088932806324 0.16216216216216217 0.017786561264822136
0 809.064743848326 758.0095990965556 0.12948769665187576 0.019198193111236588
0 1196.0102864058088 756.0071993224167 0.020572811617587738 0.014398644833427442
0 1306.036304961678 752.0108695652174 0.07260992335619201 0.021739130434782608
0 1542.0125050423558 766.0057876905703 0.02501008471157725 0.011575381140598532
0 1679.0217829770068 755.0095990965556 0.04356595401371521 0.019198193111236588
0 1852.0445744251715 765.0091756070017 0.0891488503428802 0.018351214003387916
0 373.0246066962485 958.0056465273857 0.04921339249697459 0.01129305477131564
0 570.0346914078258 936.0086109542631 0.06938281565147236 0.017221908526256352
0 859.0752319483663 936.0105872388481 0.15046389673255345 0.021174477696216828
0 1307.0326744655104 939.0070581592321 0.0653489310205728 0.014116318464144552
0 1539.0371117386044 926.0088932806324 0.07422347720855184 0.017786561264822136
0 1786.0121016538926 936.0077639751553 0.024203307785397338 0.015527950310559006
0 1945.0294473578056 928.0100225861096 0.05889471561113352 0.020045172219085264
0 370.0663574021783 1110.0100225861095 0.1327148043565954 0.020045172219085264
0 803.051835417507 1118.0077639751553 0.1036708350141186 0.015527950310559006
0 1107.0171440096813 1110.0088932806325 0.03428801936264623 0.017786561264822136
0 1267.0770471964502 1116.0097402597403 0.15409439290036306 0.01948051948051948
0 1717.0552642194434 1111.009034443817 0.11052843888664785 0.018068887634105024
0 2021.0018152480839 1158.001552795031 0.003630496167809601 0.003105590062111801
0 2093.02480839048 1113.0073404856014 0.04961678096006454 0.014680971202710334
0 394.038120209762 1294.0084697910786 0.07624041952400161 0.01693958215697346
0 664.0554659136749 1293.01185770751 0.11093182734973779 0.023715415019762844
0 971.0161355385236 1292.0080463015245 0.03227107704719645 0.016092603049124788
0 1145.0881403791852 1288.01185770751 0.1762807583703106 0.023715415019762844
0 1639.074021782977 1293.0101637492942 0.14804356595401372 0.020327498588368152
0 2077.033682936668 1286.0067758328628 0.06736587333602259 0.01355166572557877
0 352.0256151674062 1491.0069169960475 0.051230334812424366 0.01383399209486166
0 542.0361032674466 1477.009034443817 0.07220653489310205 0.018068887634105024
0 776.0074626865671 1502.0014116318464 0.014925373134328358 0.00282326369282891
0 873.0939895119 1471.009034443817 0.18797902379991932 0.018068887634105024
0 1368.0064542154093 1499.0012704686617 0.01290843081887858 0.002540937323546019
0 1468.029649052037 1486.0052230378317 0.05929810407422348 0.010446075663466968
0 1665.0240016135538 1459.009034443817 0.04800322710770472 0.018068887634105024
0 1845.0387252924565 1477.0100225861095 0.07745058491327148 0.020045172219085264
0 2091.0516337232757 1477.008610954263 0.10326744655102864 0.017221908526256352
0 2362.001815248084 1507.0012704686617 0.003630496167809601 0.002540937323546019
0 333.02985074626866 1649.0101637492942 0.05970149253731343 0.020327498588368152
0 578.0187575635337 1673.005928853755 0.03751512706736587 0.011857707509881422
0 746.082896329165 1654.008328627894 0.16579265832997175 0.016657255787690572
0 1232.0314643001211 1657.0069169960475 0.06292860024203308 0.01383399209486166
0 1469.0229931423962 1646.0087521174478 0.045986284792254944 0.017504234895539244
0 1669.0853166599436 1648.0084697910786 0.17063331988705124 0.01693958215697346
0 336.05244050020167 1842.0073404856014 0.10488100040338846 0.014680971202710334
0 654.0242033077853 1845.0104460756634 0.048406615570794675 0.020892151326933936
0 833.0145219846712 1837.00790513834 0.029043969342476807 0.015810276679841896
0 979.0246066962485 1828.0119988706945 0.04921339249697459 0.023997741389045736
0 1195.0679709560306 1834.0081874647092 0.13594191206131503 0.01637492941840768
0 1554.0139169019767 1833.0067758328628 0.027833803953206938 0.01355166572557877
0 1672.031060911658 1847.00790513834 0.06212182331585317 0.015810276679841896
0 1885.0371117386044 1837.0053642010164 0.07422347720855184 0.010728402032749858
0 2107.0020169423155 1862.0012704686617 0.004033884630899556 0.002540937323546019
0 2156.0227914481648 1827.00790513834 0.045582896329164985 0.015810276679841896
0 344.0296490520371 2013.00790513834 0.05929810407422348 0.015810276679841896
0 564.0248083904801 2015.007481648786 0.04961678096006454 0.014963297571993224
0 760.0621218233158 2010.0081874647092 0.12424364663170634 0.01637492941840768
0 1122.0687777329567 2015.0077639751553 0.13755546591367487 0.015527950310559006
0 1503.0411456232353 2007.0081874647092 0.08229124647035095 0.01637492941840768
0 1774.031060911658 1998.0088932806325 0.06212182331585317 0.017786561264822136
0 1982.0308592174263 2005.0081874647092 0.06171843485276321 0.01637492941840768
0 331.076240419524 2187.0100225861097 0.15248083904800322 0.020045172219085264
0 741.00262202501 2239.0040937323547 0.0052440500201694235 0.00818746470920384
0 822.0411456232351 2205.005928853755 0.08229124647035095 0.011857707509881422
0 1082.0405405405406 2190.007340485601 0.08108108108108109 0.014680971202710334
0 1381.064340459863 2189.0080463015247 0.12868091972569584 0.016092603049124788
0 1773.085114965712 2187.0077639751553 0.17022993142396128 0.015527950310559006
0 2198.002218636547 2222.001976284585 0.004437273093989512 0.003952569169960474
