0 0.0954013715207745 0.13848108413325805 0.06171843485276321 0.026256352343308864
0 0.1482452601855587 0.1380575945793337 0.07745058491327148 0.028232636928289104
0 0.22146026623638565 0.13791643139469226 0.12827753126260588 0.0251270468661773
0 0.2226704316256555 0.14130434782608695 0.010891488503428802 0.01101072840203275
0 0.2559499798305768 0.1367871259175607 0.051230334812424366 0.018068887634105024
0 0.32311415893505446 0.13692828910220214 0.11859620814844696 0.02710333145115754
0 0.40399354578459057 0.14808018068887635 0.15328761597418314 0.052795031055900624
0 0.40419524001613555 0.1432806324110672 0.013311819281968536 0.011857707509881422
0 0.4616780960064542 0.13819875776397517 0.09519967728922953 0.020892151326933936
0 0.08390480032271078 0.1616318464144551 0.035498184751916094 0.017504234895539244
0 0.11597418313836225 0.16247882552230378 0.04679306171843485 0.0189158667419537
0 0.19322307382008874 0.16304347826086957 0.12989108511496572 0.021739130434782608
0 0.24041952400161357 0.16487859966120835 0.07059298104074223 0.020045172219085264
0 0.30153287615974184 0.17377188029361942 0.09600645421540945 0.04178430265386787
0 0.3574021782977007 0.16304347826086957 0.08309802339653086 0.016657255787690572
0 0.4045986284792255 0.16304347826086957 0.08108108108108109 0.021174477696216828
0 0.45018152480839047 0.1621964991530209 0.06978620411456232 0.020045172219085264
0 0.09963695038321904 0.18901750423489555 0.06938281565147236 0.021456804065499716
0 0.16276724485679708 0.18887634105025408 0.09963695038321904 0.018351214003387916
0 0.26058894715611136 0.19748729531338227 0.18152480839048002 0.0378317334839074
0 0.2888261395724082 0.18661773009599097 0.031060911657926585 0.012422360248447204
0 0.31766841468334006 0.18690005646527386 0.04517950786607503 0.017504234895539244
0 0.40419524001613555 0.18774703557312253 0.15248083904800322 0.023715415019762844
0 0.4872932634126664 0.1880293619424054 0.15409439290036306 0.023715415019762844
0 0.1127470754336426 0.22077922077922077 0.09883017345703912 0.04376058723884811
0 0.11637757160145219 0.2127329192546584 0.003630496167809601 0.002540937323546019
0 0.15590964098426785 0.2134387351778656 0.055667607906413875 0.027950310559006212
0 0.2335619201290843 0.21414455110107283 0.13432835820895522 0.023997741389045736
0 0.3150463896732553 0.2137210615471485 0.14602662363856395 0.023997741389045736
0 0.4005647438483259 0.22134387351778656 0.15691811214199275 0.03387916431394692
0 0.4302137958854377 0.2137210615471485 0.03227107704719645 0.015245623941276116
0 0.10044372730939895 0.28825522303783174 0.0653489310205728 0.021456804065499716
0 0.14158935054457442 0.2885375494071146 0.04719645018152481 0.018068887634105024
0 0.2436466317063332 0.2893845285149633 0.17749092375958048 0.02456239412761152
0 0.299919322307382 0.29983060417843027 0.08430818878580072 0.04799548277809147
0 0.30233965308592176 0.29150197628458496 0.004033884630899556 0.0033879164313946925
0 0.3511496571198064 0.2888198757763975 0.0826946349334409 0.023715415019762844
0 0.46994755949979833 0.296583850931677 0.21742638160548608 0.03274985883681536
0 0.07886244453408632 0.3219932241671372 0.035901573215006054 0.041501976284584984
0 0.12303348124243646 0.3142292490118577 0.0653489310205728 0.029079616036137776
0 0.1690197660346914 0.3266516092603049 0.06857603872529246 0.050536420101637496
0 0.25675675675675674 0.3234048560135517 0.1508672851956434 0.04630152456239413
0 0.2603872529245664 0.32128740824393 0.012505042355788625 0.012987012987012988
0 0.3110125050423558 0.3147939017504235 0.09035901573215006 0.023150762281197064
0 0.38684953610326744 0.314652738565782 0.13957240822912464 0.023997741389045736
0 0.41528842275110933 0.32185206098249575 0.03791851553045583 0.03274985883681536
0 0.44796288826139574 0.3145115753811406 0.04477611940298507 0.018633540372670808
0 0.1300927793465107 0.3386504799548278 0.12989108511496572 0.024280067758328628
0 0.20391286809197257 0.3499435347261434 0.13231141589350545 0.04630152456239413
0 0.30153287615974184 0.33992094861660077 0.17103670835014118 0.026821005081874648
0 0.3116175877369907 0.34316770186335405 0.011294876966518758 0.011857707509881422
0 0.35941912061315046 0.3394974590626765 0.07583703106091166 0.014398644833427442
0 0.3830173457039129 0.338085827216262 0.01936264622831787 0.01637492941840768
0 0.463493344090359 0.3471202710333145 0.12989108511496572 0.03980801806888763
0 0.08592174263816055 0.36307171089779783 0.04033884630899556 0.021174477696216828
0 0.12263009277934651 0.36391869000564653 0.043162565550625254 0.020327498588368152
0 0.21883824122630094 0.3642010163749294 0.16417910447761194 0.020045172219085264
0 0.2535296490520371 0.36885940146809715 0.0536506655909641 0.03387916431394692
0 0.3041549011698265 0.36462450592885376 0.09237595804759983 0.023433088650479956
0 0.3469140782573618 0.365330321852061 0.06615570794675273 0.023150762281197064
0 0.37898346107301334 0.3651891586674195 0.05244050020169423 0.0220214568040655
0 0.47216619604679305 0.36801242236024845 0.17950786607503025 0.030491247882552232
0 0.4735780556676079 0.3684359119141728 0.003630496167809601 0.003105590062111801
