0 0.2063331988705123 0.22233201581027667 0.13432835820895522 0.03980801806888763
0 0.33521581282775315 0.21470920383963862 0.08955223880597014 0.025691699604743084
0 0.4243646631706333 0.2137210615471485 0.04437273093989512 0.025974025974025976
0 0.536103267446551 0.21230942970073405 0.14521984671238403 0.025974025974025976
0 0.6756756756756757 0.21301524562394128 0.08471157724889068 0.027385657820440428
0 0.7777329568374345 0.21329757199322416 0.07341670028237192 0.027950310559006212
0 0.1863654699475595 0.2696216826651609 0.1073013311819282 0.014680971202710334
0 0.3116175877369907 0.2701863354037267 0.10205728116175877 0.04799548277809147
0 0.37595804759983864 0.27428006775832864 0.003227107704719645 0.004234895539243365
0 0.4826542960871319 0.262987012987013 0.15288422751109318 0.03359683794466403
0 0.6651875756353368 0.26778656126482214 0.16780960064542155 0.04319593450028233
0 0.8247277127874143 0.269339356295878 0.09398951189995966 0.04517221908526256
0 0.20411456232351755 0.31846414455110106 0.14602662363856395 0.04799548277809147
0 0.3208955223880597 0.31408808582721626 0.04477611940298507 0.029644268774703556
0 0.49173053650665594 0.32171089779785433 0.2509076240419524 0.045454545454545456
0 0.654296087131908 0.3176171654432524 0.04437273093989512 0.045736871823828344
0 0.6833400564743848 0.32086391869000563 0.017749092375958047 0.010446075663466968
0 0.7603872529245663 0.3160643704121965 0.09681323114158935 0.04319593450028233
0 0.8535699878983461 0.32142857142857145 0.03872529245663574 0.01101072840203275
0 0.15469947559499797 0.3616600790513834 0.051230334812424366 0.03162055335968379
0 0.2874142799515934 0.37337662337662336 0.15611133521581283 0.048842461885940144
0 0.46954417103670837 0.36264822134387353 0.15974183138362244 0.034161490683229816
0 0.554255748285599 0.37450592885375494 0.003227107704719645 0.001976284584980237
0 0.608713190802743 0.3654714850367024 0.035498184751916094 0.026821005081874648
0 0.6787010891488503 0.36123658949745907 0.06575231948366277 0.03190287972896669
0 0.8138362242839855 0.3595426312817617 0.1617587736990722 0.03303218520609825
0 0.18253327954820492 0.42193675889328064 0.12061315046389673 0.04601919819311124
0 0.3610326744655103 0.4215132693393563 0.2008874546187979 0.04517221908526256
0 0.5209762000806777 0.4213721061547149 0.08834207341670028 0.04488989271597967
0 0.6064945542557483 0.4129023150762281 0.03993545784590561 0.027950310559006212
0 0.7400161355385236 0.4184076792772445 0.18596208148446955 0.04630152456239413
0 0.14885034288019364 0.5732636928289102 0.04033884630899556 0.05110107284020327
0 0.21399757966922145 0.5657820440429137 0.057684550221863654 0.030491247882552232
0 0.3136345300524405 0.5639469226425748 0.09479628882613957 0.031338226990400904
0 0.43606292860024204 0.5670525127046866 0.09116579265832997 0.029079616036137776
0 0.5125050423557886 0.5653585544889893 0.024606696248487294 0.032467532467532464
0 0.5601048810004033 0.5643704121964992 0.03670835014118596 0.031055900621118012
0 0.6169826542960871 0.5722755505364201 0.051230334812424366 0.019762845849802372
0 0.708753529649052 0.5662055335968379 0.08148446954417103 0.03020892151326934
0 0.7866075030254135 0.5657820440429137 0.041145623235175476 0.026538678712591756
0 0.8580072609923356 0.5717108977978543 0.05244050020169423 0.01355166572557877
0 0.1980637353771682 0.6181535855448899 0.12666397741024607 0.0251270468661773
0 0.43707139975796694 0.6160361377752682 0.31585316659943524 0.034443817052512704
0 0.6393707139975797 0.6133540372670807 0.053247277127874144 0.029079616036137776
0 0.8083904800322711 0.627046866177301 0.24526018555869303 0.055900621118012424
0 0.17648245260185558 0.6651609260304913 0.08834207341670028 0.031055900621118012
0 0.272488906817265 0.6668548842461886 0.10044372730939895 0.033314511575381144
0 0.4463493344090359 0.6733483907396951 0.17870108914885036 0.055900621118012424
0 0.6345300524405002 0.6739130434782609 0.1581282775312626 0.049689440993788817
0 0.7196450181524808 0.6799830604178431 0.005647438483259379 0.002540937323546019
