0 0.10467930617184348 0.12605872388481085 0.053247277127874144 0.0189158667419537
0 0.14925373134328357 0.12535290796160362 0.051230334812424366 0.018633540372670808
0 0.23981444130697863 0.12408243929983061 0.13674868898749495 0.016092603049124788
0 0.24485679709560307 0.12732919254658384 0.00645421540943929 0.00818746470920384
0 0.2936668011294877 0.12436476566911349 0.0653489310205728 0.013269339356295878
0 0.3799919322307382 0.12394127611518915 0.1327148043565954 0.021174477696216828
0 0.4707543364259782 0.12492941840767928 0.14844695441710368 0.023150762281197064
0 0.4790237999193223 0.12380011293054771 0.007664380798709157 0.01101072840203275
0 0.1427995159338443 0.15019762845849802 0.12706736587333603 0.018351214003387916
0 0.1736587333602259 0.14935064935064934 0.024606696248487294 0.0189158667419537
0 0.21924162968939087 0.1507622811970638 0.06655909640984267 0.014963297571993224
0 0.3106091165792658 0.15033879164313946 0.15409439290036306 0.016092603049124788
0 0.3580072609923356 0.14850367024280067 0.06494554255748286 0.017221908526256352
0 0.40762404195240015 0.1510446075663467 0.07946752722872126 0.022303783173348392
0 0.45461879790237997 0.14695087521174477 0.063735377168213 0.01355166572557877
0 0.11920129084308188 0.17504234895539245 0.0790641387656313 0.015527950310559006
0 0.18394513916901978 0.17490118577075098 0.09237595804759983 0.012422360248447204
0 0.24122630092779346 0.17476002258610954 0.08592174263816055 0.015245623941276116
0 0.3110125050423558 0.17377188029361942 0.10528438886647842 0.016092603049124788
0 0.4235578862444534 0.1756070016939582 0.1980637353771682 0.0220214568040655
0 0.4550221863654699 0.1712309429700734 0.029043969342476807 0.007905138339920948
0 0.14017749092375958 0.20087521174477696 0.13594191206131503 0.017221908526256352
0 0.24162968939088342 0.19932241671372106 0.1863654699475595 0.020327498588368152
0 0.31141589350544574 0.1994635798983625 0.09640984267849939 0.020609824957651044
0 0.3192819685356999 0.19861660079051383 0.004437273093989512 0.002258610954263128
0 0.37595804759983864 0.19889892715979673 0.07018959257765228 0.020609824957651044
0 0.4538120209762001 0.19847543760587238 0.13110125050423557 0.019198193111236588
0 0.14663170633319886 0.22684923771880294 0.16942315449778136 0.019762845849802372
0 0.2626058894715611 0.22586109542631283 0.190802743041549 0.020892151326933936
0 0.2853973376361436 0.2251552795031056 0.028237192416296894 0.0189158667419537
0 0.35599031867688585 0.22473178994918125 0.10488100040338846 0.01383399209486166
0 0.40137152077450583 0.22346132128740825 0.0536506655909641 0.012987012987012988
0 0.4554255748285599 0.22346132128740825 0.07704719645018153 0.015245623941276116
0 0.15752319483662766 0.2542348955392434 0.17587736990722067 0.023150762281197064
0 0.19987898346107302 0.25352907961603616 0.04235578862444534 0.021174477696216828
0 0.2434449374747882 0.25070581592320723 0.06333198870512304 0.016092603049124788
0 0.28943122226704315 0.24858836815358554 0.0645421540943929 0.014398644833427442
0 0.3434852763210972 0.24802371541501977 0.08672851956434045 0.017786561264822136
0 0.42154094392900365 0.2494353472614342 0.12989108511496572 0.0220214568040655
0 0.4770068576038725 0.24985883681535856 0.100040338846309 0.02258610954263128
0 0.4870915691811214 0.24520045172219085 0.010488100040338847 0.00282326369282891
0 0.10387252924566358 0.275974025974026 0.06252521177894312 0.014680971202710334
0 0.17809600645421542 0.275974025974026 0.11335215812827754 0.017786561264822136
0 0.2656313029447358 0.275974025974026 0.1383622428398548 0.021174477696216828
0 0.32674465510286405 0.2780914737436477 0.09923356192012908 0.025691699604743084
0 0.37232755143202906 0.27399774138904576 0.06655909640984267 0.018068887634105024
0 0.4136748688987495 0.27413890457368717 0.051230334812424366 0.014963297571993224
0 0.49052037111738606 0.2737154150197628 0.13674868898749495 0.018351214003387916
0 0.11476401774909238 0.3046301524562394 0.1044776119402985 0.025409373235460192
0 0.12081484469544171 0.3015245623941276 0.004033884630899556 0.003105590062111801
0 0.17486889874949577 0.3016657255787691 0.0826946349334409 0.019762845849802372
0 0.32573618394513915 0.3030773574251835 0.2593787817668415 0.023433088650479956
0 0.36304961678096004 0.30011293054771315 0.03993545784590561 0.018351214003387916
0 0.40500201694231547 0.29912478825522304 0.05244050020169423 0.018351214003387916
0 0.4515933844292053 0.30223037831733485 0.0681726502622025 0.02766798418972332
0 0.1565147236789028 0.3290513833992095 0.17507059298104075 0.019762845849802372
0 0.1661960467930617 0.3286278938452851 0.003630496167809601 0.007905138339920948
0 0.23557886244453408 0.326369282891022 0.12343686970552642 0.01948051948051948
0 0.31585316659943524 0.32622811970638055 0.12101653892698669 0.017221908526256352
0 0.3426784993949173 0.3265104460756635 0.03428801936264623 0.020045172219085264
0 0.38342073416700284 0.32580463015245625 0.05647438483259379 0.018633540372670808
0 0.4473578055667608 0.325098814229249 0.1044776119402985 0.017221908526256352
0 0.12222670431625655 0.35304912478825523 0.10326744655102864 0.0189158667419537
0 0.23658733360225898 0.35163749294184077 0.1980637353771682 0.018633540372670808
0 0.24586526825332797 0.3538961038961039 0.0028237192416296895 0.006211180124223602
0 0.3055667607906414 0.3514963297571993 0.0891488503428802 0.018068887634105024
0 0.3414683340056474 0.3502258610954263 0.03146430012101654 0.01355166572557877
0 0.4334409035901573 0.35587238848108416 0.14885034288019364 0.025974025974025976
0 0.4626865671641791 0.34782608695652173 0.03711173860427592 0.014398644833427442
0 0.10044372730939895 0.37761151891586675 0.06252521177894312 0.015527950310559006
0 0.2029043969342477 0.37704686617730093 0.16942315449778136 0.016092603049124788
0 0.2505042355788624 0.37789384528514963 0.05486083098023396 0.020609824957651044
0 0.30677692617991126 0.37662337662337664 0.08188785800726099 0.01693958215697346
0 0.3537716821298911 0.3761998870694523 0.07341670028237192 0.01948051948051948
0 0.3935054457442517 0.37732919254658387 0.04961678096006454 0.021456804065499716
0 0.48628479225494153 0.37648221343873517 0.16014521984671237 0.023433088650479956
0 0.4977813634530052 0.371682665160926 0.004033884630899556 0.004234895539243365
