0 0.12585720048406615 0.14201016374929418 0.10851149657119806 0.0220214568040655
0 0.15954013715207746 0.14243365330321853 0.056070996369503835 0.020045172219085264
0 0.18898749495764422 0.1429983060417843 0.04921339249697459 0.020045172219085264
0 0.23235175473981445 0.1482213438735178 0.08229124647035095 0.028514963297571992
0 0.26502622025010086 0.14370412196499152 0.05445744251714401 0.019762845849802372
0 0.28035498184751917 0.14342179559570864 0.024203307785397338 0.020609824957651044
0 0.3110125050423558 0.14257481648785997 0.0536506655909641 0.019198193111236588
0 0.33219039935457845 0.14243365330321853 0.033481242436466316 0.009881422924901186
0 0.35841064945542556 0.14313946922642576 0.048406615570794675 0.021739130434782608
0 0.39310205728116177 0.14370412196499152 0.058491327148043566 0.020892151326933936
0 0.12101653892698669 0.1650197628458498 0.09963695038321904 0.021174477696216828
0 0.12343686970552642 0.16939582156973462 0.010488100040338847 0.00846979107848673
0 0.13331988705123032 0.15767927724449463 0.007260992335619202 0.006493506493506494
0 0.15409439290036306 0.1650197628458498 0.033884630899556276 0.0189158667419537
0 0.19302137958854376 0.1653020892151327 0.06494554255748286 0.020892151326933936
0 0.263412666397741 0.16699604743083005 0.13392496974586526 0.020609824957651044
0 0.29709560306575233 0.17292490118577075 0.057684550221863654 0.031338226990400904
0 0.3011294876966519 0.1681253529079616 0.0028237192416296895 0.001976284584980237
0 0.3106091165792658 0.1702428006775833 0.012101653892698669 0.00818746470920384
0 0.3344090359015732 0.16840767927724448 0.03872529245663574 0.020892151326933936
0 0.3481242436466317 0.1696781479390175 0.029850746268656716 0.01101072840203275
0 0.38321903993545786 0.1675607001693958 0.057684550221863654 0.021739130434782608
0 0.39552238805970147 0.1681253529079616 0.016942315449778138 0.008752117447769622
0 0.09096409842678499 0.19918125352907962 0.05203711173860428 0.03472614342179559
0 0.1319080274304155 0.1994635798983625 0.06736587333602259 0.031338226990400904
0 0.15974183138362244 0.19424054206662902 0.04033884630899556 0.020609824957651044
0 0.1799112545381202 0.19438170525127046 0.03469140782573618 0.020045172219085264
0 0.21238402581686164 0.19466403162055335 0.06292860024203308 0.02258610954263128
0 0.2319483662767245 0.19734613212874083 0.03630496167809601 0.027950310559006212
0 0.26603469140782576 0.19932241671372106 0.07462686567164178 0.03190287972896669
0 0.2987091569181121 0.19424054206662902 0.05970149253731343 0.01948051948051948
0 0.3227107704719645 0.19339356295878035 0.04154901169826543 0.020609824957651044
0 0.42517144009681324 0.19805194805194806 0.1972569584509883 0.029644268774703556
0 0.12041145623235175 0.2224731789949181 0.10407422347720856 0.028797289666854884
0 0.12484872932634127 0.21852060982495766 0.0028237192416296895 0.001976284584980237
0 0.13533682936668012 0.21174477696216826 0.010891488503428802 0.00818746470920384
0 0.16397741024606696 0.21880293619424054 0.04154901169826543 0.019198193111236588
0 0.209156918112142 0.21880293619424054 0.08148446954417103 0.019762845849802372
0 0.22972972972972974 0.22388481084133258 0.04033884630899556 0.032185206098249576
0 0.27753126260588945 0.21894409937888198 0.10205728116175877 0.021739130434782608
0 0.31585316659943524 0.22289666854884246 0.06938281565147236 0.030491247882552232
0 0.35861234368697054 0.21922642574816487 0.07987091569181122 0.020609824957651044
0 0.39552238805970147 0.21880293619424054 0.0681726502622025 0.020892151326933936
0 0.08108108108108109 0.24548277809147373 0.024606696248487294 0.023150762281197064
0 0.1054860830980234 0.24421230942970074 0.03630496167809601 0.021174477696216828
0 0.16155707946752723 0.2511293054771316 0.10044372730939895 0.03303218520609825
0 0.19604679306171843 0.24887069452286845 0.06413876563130294 0.031055900621118012
0 0.24687373941105284 0.2453416149068323 0.09640984267849939 0.022303783173348392
0 0.25211778943122226 0.24491812535290797 0.003227107704719645 0.001976284584980237
0 0.27390076643807987 0.24421230942970074 0.024606696248487294 0.021739130434782608
0 0.30233965308592176 0.24491812535290797 0.04759983864461476 0.011575381140598532
0 0.3924969745865268 0.24520045172219085 0.1661960467930617 0.023715415019762844
0 0.13331988705123032 0.30095990965556185 0.12424364663170634 0.034443817052512704
0 0.15469947559499797 0.29573687182382835 0.026220250100847116 0.0220214568040655
0 0.20592981040742234 0.29573687182382835 0.09640984267849939 0.018633540372670808
0 0.22771278741427994 0.2951722190852626 0.03065752319483663 0.020892151326933936
0 0.2712787414279952 0.2950310559006211 0.08309802339653086 0.020327498588368152
0 0.30395320693828154 0.2955957086391869 0.05163372327551432 0.021456804065499716
0 0.3174667204517951 0.2950310559006211 0.025413473174667203 0.018351214003387916
0 0.372932634126664 0.29573687182382835 0.09923356192012908 0.02258610954263128
0 0.39128680919725695 0.2955957086391869 0.03872529245663574 0.010446075663466968
0 0.3945139169019766 0.295313382269904 0.0028237192416296895 0.00282326369282891
