0 345.01250504235577 711.0117165443253 0.02501008471157725 0.023433088650479956
0 450.02864058087937 713.0115753811406 0.0572811617587737 0.023150762281197064
0 642.0195643404599 720.0107284020328 0.0391286809197257 0.021456804065499716
0 779.0056474384833 759.0045172219085 0.011294876966518758 0.009034443817052512
0 865.0611133521581 730.0146809712027 0.12222670431625655 0.029361942405420668
0 1220.038120209762 723.0095990965556 0.07624041952400161 0.019198193111236588
0 1454.029649052037 726.0095990965556 0.05929810407422348 0.019198193111236588
0 1601.0024203307785 787.0053642010164 0.004840661557079467 0.010728402032749858
0 1655.0189592577651 723.0163749294184 0.03791851553045583 0.03274985883681536
0 1794.0074626865671 725.0095990965556 0.014925373134328358 0.019198193111236588
0 1892.013715207745 718.0103049124788 0.02743041549011698 0.020609824957651044
0 1982.0356998789835 715.0165160926031 0.07139975796692215 0.03303218520609825
0 336.01290843081887 897.0107284020328 0.02581686163775716 0.021456804065499716
0 464.0151270673659 895.0107284020328 0.030254134731746672 0.021456804065499716
0 580.0278338039532 907.0158102766799 0.055667607906413875 0.03162055335968379
0 752.0125050423558 892.0186335403727 0.02501008471157725 0.037267080745341616
0 862.0231948366277 894.0111518915867 0.0463896732553449 0.022303783173348392
0 1011.0213795885438 895.011434217956 0.042759177087535294 0.022868435911914172
0 1167.020371117386 898.0104460756635 0.040742234772085516 0.020892151326933936
0 1309.0161355385235 934.0047995482778 0.03227107704719645 0.009599096555618294
0 1424.0417507059299 898.0108695652174 0.08350141185962082 0.021739130434782608
0 1672.0141185962082 893.0165160926031 0.028237192416296894 0.03303218520609825
0 1801.0143202904396 899.0098814229249 0.02864058087938685 0.019762845849802372
0 1924.0177490923759 895.0103049124788 0.035498184751916094 0.020609824957651044
0 329.00322710770473 1499.0040937323547 0.00645421540943929 0.00818746470920384
0 388.0135135135135 1431.0121400338792 0.02702702702702703 0.024280067758328628
0 490.0415490116983 1442.0177865612648 0.08309802339653086 0.03557312252964427
0 768.0151270673658 1440.0218802936195 0.030254134731746672 0.04376058723884811
0 922.0209762000807 1438.0104460756634 0.04195240016135539 0.020892151326933936
0 1097.0217829770068 1439.0100225861095 0.04356595401371521 0.020045172219085264
0 1299.0082694634934 1431.0112930547714 0.01653892698668818 0.02258610954263128
0 1409.034086325131 1435.0217391304348 0.0681726502622025 0.043478260869565216
0 1657.0242033077855 1428.0117165443253 0.048406615570794675 0.023433088650479956
0 1833.0193626462283 1430.018492377188 0.03872529245663574 0.03698475437605872
0 1991.0143202904396 1464.0056465273856 0.02864058087938685 0.01129305477131564
0 2103.012303348124 1428.0104460756634 0.024606696248487294 0.020892151326933936
0 2168.0010084711575 1494.0012704686617 0.002016942315449778 0.002540937323546019
0 2193.0046389673257 1428.0038114059853 0.00927793465106898 0.007622811970638058
