0 325.0411456232352 896.0186335403727 0.08229124647035095 0.037267080745341616
0 587.0219846712384 910.0127046866178 0.043969342476805166 0.025409373235460192
0 749.0256151674062 945.0079051383399 0.051230334812424366 0.015810276679841896
0 884.0413473174667 919.012987012987 0.0826946349334409 0.025974025974025976
0 1147.0330778539733 950.0033879164314 0.06615570794675273 0.006775832862789385
0 1372.064340459863 901.018915866742 0.12868091972569584 0.0378317334839074
0 1754.0550625252117 920.0124223602485 0.11012505042355789 0.024844720496894408
0 1991.0076643807988 972.0033879164314 0.015328761597418314 0.006775832862789385
0 2090.0084711577247 950.0026821005082 0.016942315449778138 0.005364201016374929
0 319.0332795482049 1078.0177865612648 0.06655909640984267 0.03557312252964427
0 552.0522388059702 1092.0141163184642 0.1044776119402985 0.028232636928289104
0 835.0211778943122 1094.0135516657256 0.04235578862444534 0.02710333145115754
0 957.0441710367083 1104.0071993224167 0.08834207341670028 0.014398644833427442
0 1252.044776119403 1102.0073404856014 0.08955223880597014 0.014680971202710334
0 1550.026623638564 1124.0031055900622 0.053247277127874144 0.006211180124223602
0 1778.0373134328358 1089.0117165443253 0.07462686567164178 0.023433088650479956
0 2040.013311819282 1091.007481648786 0.026623638563937072 0.014963297571993224
0 315.02944735780557 1269.010304912479 0.05889471561113352 0.020609824957651044
0 520.0286405808794 1275.008610954263 0.0572811617587737 0.017221908526256352
0 762.0223880597015 1274.0077639751553 0.04477611940298507 0.015527950310559006
0 937.1006454215409 1272.0162337662337 0.20129084308188785 0.032467532467532464
0 1506.0645421540944 1259.0097402597403 0.1290843081887858 0.01948051948051948
0 1860.0014118596207 1323.0009881422925 0.0028237192416296895 0.001976284584980237
0 1935.0250100847115 1267.00790513834 0.0500201694231545 0.015810276679841896
0 316.0377168212989 1454.0080463015245 0.0754336425978217 0.016092603049124788
0 587.0284388866478 1460.0067758328628 0.05687777329568374 0.01355166572557877
0 806.027027027027 1441.0095990965556 0.05405405405405406 0.019198193111236588
0 1006.0169423154498 1453.007058159232 0.033884630899556276 0.014116318464144552
0 1176.031867688584 1446.007481648786 0.063735377168213 0.014963297571993224
0 1377.0135135135135 1483.002682100508 0.02702702702702703 0.005364201016374929
0 1526.0486083098024 1441.0093167701864 0.09721661960467931 0.018633540372670808
0 1855.042557482856 1454.007058159232 0.08511496571198064 0.014116318464144552
0 325.06111335215815 1642.0127046866178 0.12222670431625655 0.025409373235460192
0 718.0219846712384 1635.0071993224167 0.043969342476805166 0.014398644833427442
0 912.083299717628 1620.0095990965556 0.16659943525615167 0.019198193111236588
0 1376.040742234772 1631.008610954263 0.08148446954417103 0.017221908526256352
0 1609.0451795078661 1619.0097402597403 0.09035901573215006 0.01948051948051948
0 1884.0582896329165 1619.0159514398645 0.11657926583299717 0.03190287972896669
0 325.0310609116579 1779.0201863354037 0.06212182331585317 0.040372670807453416
0 512.044776119403 1847.0088932806325 0.08955223880597014 0.017786561264822136
0 838.0264219443324 1807.0084697910786 0.052843888664784185 0.01693958215697346
0 1076.076643807987 1806.009034443817 0.15328761597418314 0.018068887634105024
0 1471.0062525211779 1871.003529079616 0.012505042355788625 0.007058159232072276
0 1569.0300524405002 1796.0160926030492 0.06010488100040339 0.032185206098249576
0 1777.0534489713593 1788.010587238848 0.10689794271883823 0.021174477696216828
0 2062.027027027027 1809.0080463015245 0.05405405405405406 0.016092603049124788
0 326.0244050020169 2022.0032467532467 0.04881000403388463 0.006493506493506494
0 489.0542557482856 1980.0158102766798 0.10851149657119806 0.03162055335968379
0 775.0752319483663 1980.0177865612648 0.15046389673255345 0.03557312252964427
0 1209.0728116175878 2018.004658385093 0.145623235175474 0.009316770186335404
0 1615.0016135538524 2049.001129305477 0.003227107704719645 0.002258610954263128
0 1735.0205728116175 1984.0081874647092 0.041145623235175476 0.01637492941840768
0 1945.0512303348123 1980.0091756070017 0.10246066962484873 0.018351214003387916
0 295.0334812424365 2150.0100225861097 0.06696248487293263 0.020045172219085264
0 553.0229931423961 2165.009175607002 0.045986284792254944 0.018351214003387916
0 760.0459862847922 2163.008610954263 0.09197256958450989 0.017221908526256352
0 1038.0284388866478 2148.018068887634 0.05687777329568374 0.03613777526821005
0 1229.0419524001613 2147.010587238848 0.08390480032271078 0.021174477696216828
0 1487.0453812020976 2152.0095990965556 0.09076240419524001 0.019198193111236588
0 1777.012908430819 2161.0077639751553 0.02581686163775716 0.015527950310559006
0 1914.0609116579267 2162.0081874647094 0.1218233158531666 0.01637492941840768
0 317.0304558289633 2332.009316770186 0.0609116579265833 0.018633540372670808
0 544.028842275111 2330.008752117448 0.057684550221863654 0.017504234895539244
0 748.0506252521178 2333.0088932806325 0.10125050423557887 0.017786561264822136
0 1069.0506252521177 2318.0111518915865 0.10125050423557887 0.022303783173348392
0 1396.027027027027 2326.009316770186 0.05405405405405406 0.018633540372670808
0 1609.027027027027 2327.0088932806325 0.05405405405405406 0.017786561264822136
0 1810.0242033077855 2376.0083286278937 0.048406615570794675 0.016657255787690572
0 1992.0350947962888 2324.015386787126 0.07018959257765228 0.03077357425183512
0 322.06575231948364 2701.009316770186 0.13150463896732553 0.018633540372670808
0 678.0014118596208 2758.001129305477 0.0028237192416296895 0.002258610954263128
