0 0.09116579265832997 0.11871823828345568 0.04477611940298507 0.020327498588368152
0 0.1617587736990722 0.11716544325239978 0.12424364663170634 0.020892151326933936
0 0.24586526825332797 0.12295313382269904 0.13916901976603469 0.03303218520609825
0 0.28680919725695847 0.11518915866741954 0.05405405405405406 0.01693958215697346
0 0.3279548204921339 0.11589497459062677 0.06413876563130294 0.01693958215697346
0 0.436264622831787 0.11716544325239978 0.18233158531665994 0.020609824957651044
0 0.11839451391690198 0.1482213438735178 0.09681323114158935 0.039525691699604744
0 0.16317063331988704 0.1401750423489554 0.07018959257765228 0.018351214003387916
0 0.23517547398144414 0.14793901750423488 0.11657926583299717 0.035290796160361376
0 0.2678499394917305 0.13946922642574816 0.031060911657926585 0.016657255787690572
0 0.33662767244856795 0.14130434782608695 0.11698265429608713 0.02258610954263128
0 0.37938684953610324 0.13918690005646528 0.060508269463493344 0.019762845849802372
0 0.4400968132311416 0.14045736871823827 0.10286405808793868 0.0220214568040655
0 0.13251311012505043 0.16643139469226426 0.12222670431625655 0.019762845849802372
0 0.16700282371924163 0.16558441558441558 0.04800322710770472 0.023997741389045736
0 0.20814844695441712 0.17292490118577075 0.055667607906413875 0.03557312252964427
0 0.25433642597821704 0.16516092603049123 0.07745058491327148 0.019762845849802372
0 0.3215006050826946 0.1715132693393563 0.10770471964501815 0.034161490683229816
0 0.42214602662363854 0.17094861660079053 0.16659943525615167 0.024280067758328628
0 0.10306575231948366 0.19282891022021456 0.06696248487293263 0.0189158667419537
0 0.15449778136345302 0.19776962168266515 0.07422347720855184 0.03077357425183512
0 0.1920129084308189 0.19141727837380013 0.05970149253731343 0.015810276679841896
0 0.2956837434449375 0.19494635798983626 0.19443323920935862 0.029926595143986448
0 0.34772085518354173 0.18972332015810275 0.07583703106091166 0.011857707509881422
0 0.363251311012505 0.1901468097120271 0.005647438483259379 0.009034443817052512
0 0.46974586526825335 0.1950875211744777 0.20330778539733763 0.038396386222473176
0 0.10064542154094393 0.24011857707509882 0.06171843485276321 0.03585544889892716
0 0.17022993142396128 0.23193111236589498 0.10689794271883823 0.021456804065499716
0 0.20149253731343283 0.2300959909655562 0.03751512706736587 0.009034443817052512
0 0.23699072206534894 0.2300959909655562 0.0536506655909641 0.018633540372670808
0 0.34227511093182733 0.22811970638057594 0.19402985074626866 0.023433088650479956
0 0.37676482452601856 0.2251552795031056 0.0391286809197257 0.017786561264822136
0 0.4376764824526019 0.22684923771880294 0.09439290036304962 0.01383399209486166
0 0.4759983864461476 0.22783738001129306 0.05486083098023396 0.022868435911914172
0 0.17204517950786608 0.26030491247882553 0.20653489310205728 0.03811405985319029
0 0.22609923356192013 0.25479954827780915 0.07664380798709157 0.023997741389045736
0 0.2601855586930214 0.2533879164313947 0.048406615570794675 0.024280067758328628
0 0.3172650262202501 0.2611518915866742 0.08350141185962082 0.039243365330321855
0 0.4616780960064542 0.2607284020327499 0.26099233561920127 0.04291360813099943
0 0.46974586526825335 0.25663466967814796 0.004437273093989512 0.012422360248447204
0 0.09519967728922953 0.2779503105590062 0.05163372327551432 0.018633540372670808
0 0.16498588140379186 0.28147939017504237 0.11859620814844696 0.032467532467532464
0 0.27753126260588945 0.28147939017504237 0.1964501815248084 0.032467532467532464
0 0.28680919725695847 0.27752682100508186 0.003630496167809601 0.007905138339920948
0 0.3235175473981444 0.2787972896668549 0.04235578862444534 0.023150762281197064
0 0.37373941105284386 0.2776679841897233 0.07018959257765228 0.012140033879164314
0 0.4072206534893102 0.27738565782044045 0.04195240016135539 0.020327498588368152
0 0.46006454215409437 0.27738565782044045 0.08834207341670028 0.017504234895539244
0 0.11335215812827754 0.3030773574251835 0.08955223880597014 0.028232636928289104
0 0.1672045179507866 0.29545454545454547 0.07180314643001211 0.022303783173348392
0 0.26643807987091567 0.2933370976849238 0.1661960467930617 0.018068887634105024
0 0.2769261799112545 0.2931959345002823 0.0028237192416296895 0.00564652738565782
0 0.33420734167002825 0.30138339920948615 0.09076240419524001 0.029644268774703556
0 0.3929003630496168 0.29601919819311123 0.09116579265832997 0.022868435911914172
0 0.4515933844292053 0.30138339920948615 0.09035901573215006 0.031055900621118012
0 0.15127067365873337 0.32241671372106157 0.16135538523598225 0.03557312252964427
0 0.20250100847115773 0.314652738565782 0.08108108108108109 0.023433088650479956
0 0.2198467123840258 0.3156408808582722 0.00927793465106898 0.009316770186335404
0 0.29709560306575233 0.32086391869000563 0.13916901976603469 0.03698475437605872
0 0.3642597821702299 0.3207227555053642 0.10407422347720856 0.02456239412761152
0 0.3711173860427592 0.3067476002258611 0.007260992335619202 0.009034443817052512
0 0.4112545381202098 0.3160643704121965 0.06010488100040339 0.01948051948051948
0 0.41952400161355385 0.3167701863354037 0.006857603872529245 0.009316770186335404
0 0.46873739411052845 0.3221343873517787 0.08713190802743041 0.023433088650479956
0 0.10851149657119806 0.338085827216262 0.07583703106091166 0.023150762281197064
0 0.27954820492133925 0.3370976849237719 0.31222267043162566 0.027950310559006212
0 0.29225494150867287 0.3298983625070582 0.009681323114158934 0.009599096555618294
0 0.40520371117386045 0.3414737436476567 0.21661960467930616 0.03500846979107849
0 0.4481645824929407 0.34217955957086393 0.03993545784590561 0.03811405985319029
0 0.09217426381605485 0.3598249576510446 0.045986284792254944 0.024280067758328628
0 0.14965711980637353 0.366600790513834 0.08834207341670028 0.040372670807453416
0 0.2281161758773699 0.35940146809712026 0.13594191206131503 0.023433088650479956
0 0.36264622831787013 0.364059853190288 0.22428398547801534 0.03387916431394692
0 0.4045986284792255 0.3577075098814229 0.04235578862444534 0.028232636928289104
0 0.45865268253327957 0.3567193675889328 0.07462686567164178 0.023433088650479956
0 0.12020976200080678 0.37761151891586675 0.10286405808793868 0.020045172219085264
0 0.1306978620411456 0.3784584980237154 0.004033884630899556 0.007905138339920948
