0 342.06131504638967 813.0090344438171 0.12263009277934651 0.018068887634105024
0 677.0758370310609 810.0084697910785 0.15167406212182333 0.01693958215697346
0 1133.0104881000404 810.0081874647092 0.020976200080677694 0.01637492941840768
0 1250.0116982654297 838.0046583850932 0.023396530859217425 0.009316770186335404
0 1351.0534489713593 811.0081874647092 0.10689794271883823 0.01637492941840768
0 1671.0171440096813 801.0087521174478 0.03428801936264623 0.017504234895539244
0 1824.0258168616378 812.0071993224167 0.05163372327551432 0.014398644833427442
0 1994.0792658329972 803.0087521174478 0.15853166599435256 0.017504234895539244
0 2411.0020169423155 859.0018351214003 0.004033884630899556 0.0036702428006775835
0 325.02622025010083 997.0081874647092 0.05244050020169423 0.01637492941840768
0 524.0699878983461 999.0081874647092 0.1399757966922146 0.01637492941840768
0 925.0308592174264 1019.0050818746471 0.06171843485276321 0.010163749294184076
0 1154.024405002017 1002.0071993224167 0.04881000403388463 0.014398644833427442
0 1336.015127067366 1002.0066346696782 0.030254134731746672 0.013269339356295878
0 1467.0284388866478 1002.0069169960474 0.05687777329568374 0.01383399209486166
0 1669.0826946349334 1003.0071993224167 0.1653892698668818 0.014398644833427442
0 314.04235578862443 1363.0073404856014 0.08471157724889068 0.014680971202710334
0 588.015933844292 1373.0049407114625 0.0318676885841065 0.009881422924901186
0 734.0897539330375 1359.0104460756634 0.17950786607503025 0.020892151326933936
0 1233.0165389269866 1347.0088932806325 0.03307785397337636 0.017786561264822136
0 1353.0520371117386 1351.00790513834 0.10407422347720856 0.015810276679841896
0 1698.091770875353 1347.0108695652175 0.18354175070592982 0.021739130434782608
0 2171.001815248084 1406.0011293054772 0.003630496167809601 0.002258610954263128
0 2212.0046389673257 1348.0031055900622 0.00927793465106898 0.006211180124223602
0 323.02097620008067 1544.0071993224167 0.04195240016135539 0.014398644833427442
0 477.0385235982251 1540.0076228119706 0.07704719645018153 0.015245623941276116
0 710.0635336829366 1522.0104460756634 0.12706736587333603 0.020892151326933936
0 1102.0286405808795 1537.0071993224167 0.0572811617587737 0.014398644833427442
0 1328.017345703913 1562.004376058724 0.03469140782573618 0.008752117447769622
0 1493.0754336425978 1524.0111518915867 0.1508672851956434 0.022303783173348392
0 1918.0185558693022 1531.0076228119706 0.03711173860427592 0.015245623941276116
0 2074.0560709963697 1531.0077639751553 0.11214199273900767 0.015527950310559006
0 327.0316659943526 1711.008328627894 0.06333198870512304 0.016657255787690572
0 532.0568777732957 1711.0080463015245 0.11375554659136748 0.016092603049124788
0 915.0885437676483 1715.0080463015245 0.17708753529649052 0.016092603049124788
0 1376.002218636547 1759.001552795031 0.004437273093989512 0.003105590062111801
0 1484.0338846308996 1697.009034443817 0.06776926179911255 0.018068887634105024
0 1724.0294473578056 1724.0064935064936 0.05889471561113352 0.012987012987012988
0 1942.0348931020574 1706.0094579333709 0.06978620411456232 0.0189158667419537
0 326.06696248487293 1885.0094579333709 0.13392496974586526 0.0189158667419537
0 752.0893505445745 1884.0087521174478 0.17870108914885036 0.017504234895539244
0 1281.033682936668 1880.0097402597403 0.06736587333602259 0.01948051948051948
0 1526.0326744655104 1892.0064935064936 0.0653489310205728 0.012987012987012988
0 1719.0592981040743 1879.008610954263 0.11859620814844696 0.017221908526256352
0 2093.075433642598 1888.007481648786 0.1508672851956434 0.014963297571993224
0 2466.002218636547 1944.0011293054772 0.004437273093989512 0.002258610954263128
0 326.0296490520371 2072.0084697910784 0.05929810407422348 0.01693958215697346
0 531.0526421944332 2069.010587238848 0.10528438886647842 0.021174477696216828
0 858.0845098830173 2069.0122811970637 0.1690197660346914 0.02456239412761152
0 1316.002218636547 2113.004799548278 0.004437273093989512 0.009599096555618294
0 1431.068172650262 2052.0103049124787 0.136345300524405 0.020609824957651044
0 1854.062121823316 2060.0088932806325 0.12424364663170634 0.017786561264822136
0 305.0893505445744 2258.009316770186 0.17870108914885036 0.018633540372670808
0 775.0028237192416 2300.0043760587237 0.005647438483259379 0.008752117447769622
0 857.0407422347721 2247.0081874647094 0.08148446954417103 0.01637492941840768
0 1159.0268253327954 2248.0081874647094 0.0536506655909641 0.01637492941840768
0 1347.0373134328358 2233.012987012987 0.07462686567164178 0.025974025974025976
0 1590.0294473578056 2255.0062111801244 0.05889471561113352 0.012422360248447204
0 1813.015127067366 2265.005223037832 0.030254134731746672 0.010446075663466968
0 1964.0356998789835 2244.0111518915865 0.07139975796692215 0.022303783173348392
0 2208.0139169019767 2253.0069169960475 0.027833803953206938 0.01383399209486166
0 335.0417507059298 2439.009175607002 0.08350141185962082 0.018351214003387916
0 620.0689794271884 2449.0080463015247 0.13795885437676483 0.016092603049124788
0 1050.0157321500606 2419.0095990965556 0.03146430012101654 0.019198193111236588
0 1189.033279548205 2430.0080463015247 0.06655909640984267 0.016092603049124788
0 1403.0415490116982 2438.0063523433087 0.08309802339653086 0.012704686617730096
0 1706.0219846712384 2435.00790513834 0.043969342476805166 0.015810276679841896
0 1862.065147236789 2420.014539808018 0.13029447357805568 0.029079616036137776
0 329.01250504235577 2615.0077639751553 0.02501008471157725 0.015527950310559006
0 444.02016942315447 2605.0080463015247 0.04033884630899556 0.016092603049124788
0 617.0550625252117 2613.007481648786 0.11012505042355789 0.014963297571993224
0 966.0316659943526 2607.0077639751553 0.06333198870512304 0.015527950310559006
0 1179.0806776926179 2609.008752117448 0.16135538523598225 0.017504234895539244
0 1645.0516337232755 2603.008752117448 0.10326744655102864 0.017504234895539244
0 1923.0018152480839 2657.0014116318466 0.003630496167809601 0.00282326369282891
