0 0.09197256958450989 0.11434217955957086 0.016135538523598225 0.0220214568040655
0 0.14945542557482855 0.12041219649915302 0.08027430415490117 0.03359683794466403
0 0.2254941508672852 0.11363636363636363 0.1262605889471561 0.017786561264822136
0 0.2680516337232755 0.12238848108413326 0.04517950786607503 0.03670242800677583
0 0.30133118192819686 0.11363636363636363 0.04195240016135539 0.015245623941276116
0 0.3753529649052037 0.11335403726708075 0.10609116579265833 0.020045172219085264
0 0.40399354578459057 0.11758893280632411 0.03428801936264623 0.029079616036137776
0 0.13957240822912464 0.14539808018068887 0.12101653892698669 0.032467532467532464
0 0.1518757563533683 0.13819875776397517 0.0052440500201694235 0.012140033879164314
0 0.1871722468737394 0.14596273291925466 0.05486083098023396 0.029644268774703556
0 0.2668414683340056 0.13975155279503104 0.11093182734973779 0.019762845849802372
0 0.2743041549011698 0.13975155279503104 0.005647438483259379 0.015527950310559006
0 0.3237192416296894 0.1461038961038961 0.06413876563130294 0.03359683794466403
0 0.39310205728116177 0.13946922642574816 0.10528438886647842 0.020327498588368152
0 0.14239612747075434 0.1647374364765669 0.13392496974586526 0.019198193111236588
0 0.21036708350141187 0.17137210615471485 0.10246066962484873 0.031338226990400904
0 0.24263816054860832 0.16840767927724448 0.03065752319483663 0.029644268774703556
0 0.28580072609923357 0.1637492941840768 0.05486083098023396 0.017221908526256352
0 0.29064138765631303 0.16558441558441558 0.004437273093989512 0.004517221908526256
0 0.3646631706333199 0.17193675889328064 0.11778943122226704 0.034161490683229816
0 0.39774102460669625 0.1653020892151327 0.031060911657926585 0.016092603049124788
0 0.42698668818071805 0.1634669678147939 0.03953206938281565 0.014680971202710334
0 0.10588947156111335 0.19551101072840205 0.058491327148043566 0.032185206098249576
0 0.1317063331988705 0.19409937888198758 0.025413473174667203 0.029361942405420668
0 0.16700282371924163 0.189158667419537 0.048406615570794675 0.019762845849802372
0 0.25131101250504234 0.19000564652738566 0.1383622428398548 0.017786561264822136
0 0.2977006857603873 0.19494635798983626 0.06615570794675273 0.021456804065499716
0 0.3299717628075837 0.18901750423489555 0.03146430012101654 0.014398644833427442
0 0.3850342880193626 0.189158667419537 0.08834207341670028 0.01948051948051948
0 0.445542557482856 0.19282891022021456 0.09600645421540945 0.026538678712591756
0 0.14925373134328357 0.22289666854884246 0.15046389673255345 0.03585544889892716
0 0.1563130294473578 0.21470920383963862 0.0028237192416296895 0.001976284584980237
0 0.20774505849132716 0.22063805759457933 0.07704719645018153 0.031055900621118012
0 0.2529245663574022 0.2137210615471485 0.06575231948366277 0.01637492941840768
0 0.3190802743041549 0.2186617730095991 0.10851149657119806 0.027385657820440428
0 0.38140379185155304 0.22063805759457933 0.10084711577248891 0.028797289666854884
0 0.41750705929810406 0.21414455110107283 0.0536506655909641 0.017221908526256352
0 0.42496974586526826 0.21725014116318464 0.006857603872529245 0.006493506493506494
0 0.12928600242033078 0.24576510446075664 0.10609116579265833 0.033314511575381144
0 0.17507059298104075 0.2388481084133258 0.06494554255748286 0.015527950310559006
0 0.22670431625655507 0.24082439299830605 0.0754336425978217 0.020892151326933936
0 0.29225494150867287 0.24054206662902314 0.09883017345703912 0.021174477696216828
0 0.2956837434449375 0.24110671936758893 0.002016942315449778 0.0016939582156973462
0 0.3346107301331182 0.23983625070581593 0.04356595401371521 0.020609824957651044
0 0.4017749092375958 0.24618859401468096 0.11294876966518758 0.02258610954263128
0 0.40943929003630497 0.2413890457368718 0.007260992335619202 0.004799548277809147
0 0.0945945945945946 0.29983060417843027 0.04033884630899556 0.036420101637492944
0 0.10709963695038321 0.29178430265386784 0.004033884630899556 0.005081874647092038
0 0.15611133521581283 0.29150197628458496 0.07745058491327148 0.021174477696216828
0 0.191004437273094 0.29037267080745344 0.04154901169826543 0.021456804065499716
0 0.21359419120613152 0.29136081309994355 0.01936264622831787 0.017786561264822136
0 0.2335619201290843 0.29051383399209485 0.01290843081887858 0.007340485601355167
0 0.2902379991932231 0.2974308300395257 0.08632513110125051 0.032467532467532464
0 0.3130294473578056 0.29573687182382835 0.025413473174667203 0.028797289666854884
0 0.3646631706333199 0.29178430265386784 0.07220653489310205 0.019762845849802372
0 0.43162565550625254 0.2912196499153021 0.10810810810810811 0.01637492941840768
0 0.09056070996369504 0.3210050818746471 0.025413473174667203 0.032185206098249576
0 0.18959257765227913 0.31648785996612083 0.14683340056474384 0.020609824957651044
0 0.19342476805163372 0.3157820440429136 0.0028237192416296895 0.001976284584980237
