0 0.11577248890681727 0.11208356860530773 0.06696248487293263 0.018633540372670808
0 0.17870108914885036 0.11236589497459062 0.10286405808793868 0.023715415019762844
0 0.2408229124647035 0.10968379446640317 0.11093182734973779 0.017504234895539244
0 0.272488906817265 0.1085544889892716 0.04477611940298507 0.009316770186335404
0 0.28055667607906415 0.10798983625070581 0.0028237192416296895 0.006775832862789385
0 0.3100040338846309 0.10841332580463016 0.033884630899556276 0.01693958215697346
0 0.35316659943525613 0.11137775268210051 0.07018959257765228 0.024844720496894408
0 0.40661557079467525 0.10813099943534726 0.09197256958450989 0.016657255787690572
0 0.4388866478418717 0.11123658949745906 0.04961678096006454 0.024844720496894408
0 0.09398951189995966 0.13452851496329757 0.045986284792254944 0.016657255787690572
0 0.20713997579669222 0.13565782044042915 0.20129084308188785 0.01948051948051948
0 0.2757160145219847 0.13452851496329757 0.11698265429608713 0.0189158667419537
0 0.3327954820492134 0.13706945228684358 0.09681323114158935 0.023433088650479956
0 0.3392496974586527 0.13608130999435347 0.003227107704719645 0.009034443817052512
0 0.3674868898749496 0.1342461885940147 0.03428801936264623 0.019198193111236588
0 0.43505445744251714 0.1336815358554489 0.11778943122226704 0.018068887634105024
0 0.1718434852763211 0.16205533596837945 0.19766034691407824 0.020327498588368152
0 0.18475191609519967 0.1627611518915867 0.010488100040338847 0.025409373235460192
0 0.24102460669624848 0.16022021456804064 0.10810810810810811 0.018068887634105024
0 0.291044776119403 0.16106719367588934 0.08390480032271078 0.01948051948051948
0 0.29931423961274706 0.16290231507622813 0.013311819281968536 0.025691699604743084
0 0.30597014925373134 0.163184641445511 0.0060508269463493344 0.010163749294184076
0 0.3346107301331182 0.15979672501411632 0.03993545784590561 0.01355166572557877
0 0.3537716821298911 0.16304347826086957 0.01855586930213796 0.020892151326933936
0 0.3709156918112142 0.15979672501411632 0.01734570391286809 0.016657255787690572
0 0.40883420734167003 0.15937323546019197 0.05929810407422348 0.018633540372670808
0 0.10488100040338846 0.2149915302089215 0.06413876563130294 0.02766798418972332
0 0.14905203711173862 0.2100508187464709 0.06938281565147236 0.019198193111236588
0 0.22851956434045986 0.21357989836250707 0.1383622428398548 0.018633540372670808
0 0.2599838644614764 0.21103896103896103 0.04517950786607503 0.017504234895539244
0 0.31020572811617586 0.21047430830039526 0.08350141185962082 0.020609824957651044
0 0.3499394917305365 0.2077922077922078 0.06333198870512304 0.017221908526256352
0 0.3989511899959661 0.20863918690005648 0.08309802339653086 0.01948051948051948
0 0.43807987091569184 0.20765104460756634 0.06776926179911255 0.017786561264822136
0 0.09035901573215006 0.23574251835121401 0.03711173860427592 0.018633540372670808
0 0.12605889471561113 0.23898927159796726 0.050423557886244454 0.015810276679841896
0 0.15227914481645824 0.23616600790513834 0.03065752319483663 0.020045172219085264
0 0.21641791044776118 0.234472049689441 0.10609116579265833 0.017786561264822136
0 0.22347720855183542 0.2388481084133258 0.004840661557079467 0.01383399209486166
0 0.3073820088745462 0.23898927159796726 0.15207745058491326 0.026821005081874648
0 0.3317870108914885 0.23475437605872387 0.03509479628882614 0.0189158667419537
0 0.35720048406615573 0.233201581027668 0.04235578862444534 0.01637492941840768
0 0.41609519967728925 0.23277809147374365 0.10125050423557887 0.01355166572557877
0 0.12323517547398144 0.2636928289102202 0.10084711577248891 0.0220214568040655
0 0.2117789431222267 0.2618577075098814 0.14683340056474384 0.014116318464144552
0 0.21641791044776118 0.2651044607566347 0.004033884630899556 0.012140033879164314
0 0.24122630092779346 0.2607284020327499 0.030254134731746672 0.010728402032749858
0 0.31242436466317064 0.2608695652173913 0.1218233158531666 0.018633540372670808
0 0.34409035901573215 0.26101072840203277 0.048406615570794675 0.018351214003387916
0 0.3751512706736587 0.2595990965556183 0.035901573215006054 0.01637492941840768
0 0.4243646631706333 0.26002258610954265 0.0790641387656313 0.017221908526256352
0 0.1498588140379185 0.29037267080745344 0.15127067365873337 0.024844720496894408
0 0.20814844695441712 0.28726708074534163 0.09560306575231949 0.01948051948051948
0 0.23336022589753933 0.2867024280067758 0.03630496167809601 0.020327498588368152
0 0.28136345300524407 0.28642010163749293 0.07462686567164178 0.023715415019762844
0 0.2843888664784187 0.28613777526821005 0.0024203307785397336 0.001129305477131564
