0 371.02722872125855 705.0112930547713 0.05445744251714401 0.02258610954263128
0 517.0816861637758 709.0115753811406 0.16337232755143202 0.023150762281197064
0 961.0242033077853 731.0084697910785 0.048406615570794675 0.01693958215697346
0 1073.0520371117386 729.0127046866178 0.10407422347720856 0.025409373235460192
0 1335.0108914885034 746.0049407114625 0.021782977006857603 0.009881422924901186
0 1400.0419524001613 725.0138339920949 0.08390480032271078 0.02766798418972332
0 1658.004437273094 722.0028232636928 0.008874546187979023 0.00564652738565782
0 1673.0437676482452 728.0086109542631 0.08753529649052037 0.017221908526256352
0 1901.0350947962888 724.0093167701864 0.07018959257765228 0.018633540372670808
0 2090.0036304961677 714.0033879164314 0.007260992335619202 0.006775832862789385
0 351.0322710770472 893.0098814229249 0.0645421540943929 0.019762845849802372
0 527.015530455829 897.0097402597403 0.031060911657926585 0.01948051948051948
0 604.0667607906414 899.013410502541 0.1335215812827753 0.026821005081874648
0 988.0413473174667 897.009457933371 0.0826946349334409 0.0189158667419537
0 1183.026623638564 904.0121400338792 0.053247277127874144 0.024280067758328628
0 1289.0609116579267 893.0163749294184 0.1218233158531666 0.03274985883681536
0 1607.0219846712384 895.0098814229249 0.043969342476805166 0.019762845849802372
0 1747.0532472771279 909.0091756070017 0.10649455425574829 0.018351214003387916
0 2022.047801532876 897.0100225861096 0.09560306575231949 0.020045172219085264
0 2200.001411859621 969.0009881422925 0.0028237192416296895 0.001976284584980237
0 332.02722872125855 1072.0101637492942 0.05445744251714401 0.020327498588368152
0 475.0179507866075 1075.0094579333709 0.035901573215006054 0.0189158667419537
0 584.0260185558693 1074.0104460756634 0.05203711173860428 0.020892151326933936
0 736.085114965712 1072.0111518915867 0.17022993142396128 0.022303783173348392
0 1102.0421540943928 1086.012987012987 0.08430818878580072 0.025974025974025976
0 1323.0161355385235 1084.0093167701864 0.03227107704719645 0.018633540372670808
0 1420.0322710770472 1077.009881422925 0.0645421540943929 0.019762845849802372
0 1582.0655506252522 1077.0108695652175 0.13110125050423557 0.021739130434782608
0 1923.0193626462283 1084.0093167701864 0.03872529245663574 0.018633540372670808
0 345.04356595401373 1254.0101637492942 0.08713190802743041 0.020327498588368152
0 602.0302541347318 1265.0095990965556 0.060508269463493344 0.019198193111236588
0 773.04961678096 1261.010304912479 0.09923356192012908 0.020609824957651044
0 1048.015933844292 1258.0094579333709 0.0318676885841065 0.0189158667419537
0 1155.0554659136749 1262.0091756070017 0.11093182734973779 0.018351214003387916
0 1449.0262202501008 1257.0104460756634 0.05244050020169423 0.020892151326933936
0 1615.033279548205 1280.0131281761717 0.06655909640984267 0.026256352343308864
0 1772.0032271077048 1312.0018351214003 0.00645421540943929 0.0036702428006775835
0 1813.0653489310205 1254.011010728402 0.1306978620411456 0.0220214568040655
0 332.01895925776523 1425.0108695652175 0.03791851553045583 0.021739130434782608
0 477.06070996369505 1432.0108695652175 0.12141992739007665 0.021739130434782608
0 811.0635336829366 1431.0151044607567 0.12706736587333603 0.03020892151326934
0 1145.0697862041145 1428.010587238848 0.13957240822912464 0.021174477696216828
0 1566.0328761597418 1425.0112930547714 0.06575231948366277 0.02258610954263128
0 1741.0451795078661 1428.0111518915867 0.09035901573215006 0.022303783173348392
0 344.01371520774507 1601.0108695652175 0.02743041549011698 0.021739130434782608
0 451.0722065348931 1602.012563523433 0.1444130697862041 0.0251270468661773
0 838.04961678096 1638.007058159232 0.09923356192012908 0.014116318464144552
0 1132.0635336829366 1611.0101637492942 0.12706736587333603 0.020327498588368152
0 1483.0264219443325 1618.0095990965556 0.052843888664784185 0.019198193111236588
0 1664.0237999193223 1627.0088932806325 0.04759983864461476 0.017786561264822136
0 1829.026623638564 1630.0087521174478 0.053247277127874144 0.017504234895539244
0 361.0484066155708 1782.0114342179559 0.09681323114158935 0.022868435911914172
0 663.0185558693022 1819.007058159232 0.03711173860427592 0.014116318464144552
0 799.0114965711981 1818.0062111801242 0.022993142396127472 0.012422360248447204
0 885.0788624445341 1799.0155279503106 0.15772488906817264 0.031055900621118012
0 1287.0641387656312 1786.0163749294184 0.12827753126260588 0.03274985883681536
0 1657.0169423154498 1805.0084697910786 0.033884630899556276 0.01693958215697346
0 1782.0657523194836 1788.0107284020328 0.13150463896732553 0.021456804065499716
0 2053.010689794272 1849.0071993224167 0.021379588543767647 0.014398644833427442
0 343.02682533279545 1963.0112930547714 0.0536506655909641 0.02258610954263128
0 537.0191609519968 1999.005928853755 0.038321903993545785 0.011857707509881422
0 667.0475998386446 2000.0056465273856 0.09519967728922953 0.01129305477131564
0 982.0369100443727 1972.0095990965556 0.07382008874546188 0.019198193111236588
0 1205.038120209762 1966.010587238848 0.07624041952400161 0.021174477696216828
0 1364.003025413473 2034.0016939582158 0.0060508269463493344 0.0033879164313946925
