0 0.10709963695038321 0.16247882552230378 0.07018959257765228 0.017221908526256352
0 0.10951996772892296 0.16360813099943536 0.0028237192416296895 0.006775832862789385
0 0.1317063331988705 0.1616318464144551 0.02016942315449778 0.015527950310559006
0 0.1526825332795482 0.16233766233766234 0.024203307785397338 0.01693958215697346
0 0.18071803146430013 0.16233766233766234 0.03509479628882614 0.014680971202710334
0 0.23678902783380396 0.1627611518915867 0.08511496571198064 0.01637492941840768
0 0.2593787817668415 0.16191417278373801 0.021379588543767647 0.012140033879164314
0 0.29144816458249295 0.1621964991530209 0.04154901169826543 0.016657255787690572
0 0.2942718838241226 0.1653020892151327 0.003630496167809601 0.009034443817052512
0 0.3170633319887051 0.1621964991530209 0.018152480839048003 0.011575381140598532
0 0.35135135135135137 0.16261998870694522 0.04517950786607503 0.01693958215697346
0 0.40843081887858007 0.16614906832298137 0.08874546187979024 0.02456239412761152
0 0.08471157724889068 0.18774703557312253 0.022993142396127472 0.015527950310559006
0 0.11859620814844696 0.18774703557312253 0.041145623235175476 0.018351214003387916
0 0.1399757966922146 0.1873235460191982 0.01290843081887858 0.011575381140598532
0 0.20592981040742234 0.19212309429700733 0.09883017345703912 0.025974025974025976
0 0.25958047599838646 0.19311123658949747 0.07946752722872126 0.029079616036137776
0 0.2825736183945139 0.18817052512704688 0.018152480839048003 0.01637492941840768
0 0.33682936668011293 0.18817052512704688 0.08229124647035095 0.018351214003387916
0 0.41427995159338443 0.1880293619424054 0.1306978620411456 0.017504234895539244
0 0.0945945945945946 0.21259175607001693 0.04759983864461476 0.01637492941840768
0 0.0982250907624042 0.21202710333145117 0.002016942315449778 0.001411631846414455
0 0.15611133521581283 0.21315640880858272 0.09479628882613957 0.017786561264822136
0 0.16054860830980233 0.21527385657820441 0.0024203307785397336 0.007622811970638058
0 0.18576038725292457 0.21329757199322416 0.02702702702702703 0.011857707509881422
0 0.22690601048810005 0.21315640880858272 0.06413876563130294 0.018351214003387916
0 0.27208551835417505 0.21357989836250707 0.06494554255748286 0.018351214003387916
0 0.31242436466317064 0.21301524562394128 0.05486083098023396 0.017786561264822136
0 0.34066155707946755 0.21259175607001693 0.035901573215006054 0.015245623941276116
0 0.39310205728116177 0.21230942970073405 0.0790641387656313 0.01637492941840768
0 0.3963291649858814 0.21485036702428006 0.004033884630899556 0.009881422924901186
0 0.42496974586526826 0.2124505928853755 0.03670835014118596 0.012422360248447204
0 0.11012505042355789 0.24265951439864483 0.07382008874546188 0.02456239412761152
0 0.19705526421944333 0.24632975719932243 0.14360629286002422 0.033314511575381144
0 0.2603872529245664 0.2381422924901186 0.09479628882613957 0.015810276679841896
0 0.28680919725695847 0.23785996612083568 0.02218636546994756 0.015810276679841896
0 0.31766841468334006 0.23785996612083568 0.04033884630899556 0.016092603049124788
0 0.3721258572004841 0.23800112930547712 0.08027430415490117 0.016657255787690572
0 0.4281968535699879 0.23828345567476003 0.0891488503428802 0.014398644833427442
0 0.12605889471561113 0.2701863354037267 0.10609116579265833 0.031055900621118012
0 0.20169423154497781 0.26341050254093734 0.118192819685357 0.018351214003387916
0 0.2263009277934651 0.2632693393562959 0.021379588543767647 0.018068887634105024
0 0.25574828559903184 0.26439864483342745 0.03469140782573618 0.0189158667419537
0 0.2607906413876563 0.2652456239412761 0.003227107704719645 0.006493506493506494
0 0.28943122226704315 0.26228119706380576 0.03670835014118596 0.015245623941276116
0 0.3600242033077854 0.26355166572557875 0.11375554659136748 0.020045172219085264
0 0.4219443323920936 0.26341050254093734 0.09439290036304962 0.020609824957651044
0 0.12141992739007665 0.2961603613777527 0.10246066962484873 0.034443817052512704
0 0.12464703509479629 0.2876905702992659 0.0024203307785397336 0.0016939582156973462
0 0.14340459862847924 0.2876905702992659 0.011698265429608713 0.01637492941840768
0 0.18132311415893507 0.28825522303783174 0.04881000403388463 0.018633540372670808
0 0.245663574021783 0.292772444946358 0.09721661960467931 0.023150762281197064
0 0.27954820492133925 0.28797289666854886 0.04195240016135539 0.01355166572557877
0 0.3217022993142396 0.2951722190852626 0.05687777329568374 0.032185206098249576
0 0.3535699878983461 0.2924901185770751 0.03670835014118596 0.025409373235460192
0 0.37898346107301334 0.2878317334839074 0.02944735780556676 0.011575381140598532
0 0.12424364663170634 0.313382269904009 0.10246066962484873 0.017504234895539244
0 0.16256555062525213 0.31309994353472614 0.040742234772085516 0.018633540372670808
0 0.23658733360225898 0.313382269904009 0.11577248890681727 0.018351214003387916
0 0.2648245260185559 0.3135234330886505 0.023396530859217425 0.017504234895539244
0 0.29790237999193225 0.3136645962732919 0.04437273093989512 0.01355166572557877
0 0.3247277127874143 0.31309994353472614 0.033481242436466316 0.01693958215697346
0 0.37394110528438884 0.3177583286278938 0.07260992335619201 0.024844720496894408
0 0.37777329568374346 0.3125352907961604 0.002016942315449778 0.0008469791078486731
