0 0.13977410246066962 0.1132128740824393 0.10891488503428802 0.023997741389045736
0 0.1444130697862041 0.11420101637492942 0.004033884630899556 0.005364201016374929
0 0.18334005647438484 0.11405985319028797 0.048406615570794675 0.01948051948051948
0 0.24041952400161357 0.12168266516092603 0.08551835417507059 0.0409373235460192
0 0.2809600645421541 0.11278938452851496 0.057684550221863654 0.018633540372670808
0 0.34187172246873737 0.11236589497459062 0.0935861234368697 0.012140033879164314
0 0.3664784187172247 0.11222473178994918 0.02702702702702703 0.01355166572557877
0 0.4300121016538927 0.11264822134387352 0.09883017345703912 0.021174477696216828
0 0.10669624848729327 0.1383399209486166 0.0500201694231545 0.019198193111236588
0 0.15328761597418314 0.1380575945793337 0.06736587333602259 0.010728402032749858
0 0.17870108914885036 0.13777526821005082 0.031060911657926585 0.010163749294184076
0 0.22428398547801534 0.1383399209486166 0.06897942718838242 0.01948051948051948
0 0.25655506252521176 0.13777526821005082 0.03953206938281565 0.01637492941840768
0 0.3600242033077854 0.14412761151891587 0.1754739814441307 0.029361942405420668
0 0.4372730939895119 0.14398644833427443 0.127470754336426 0.026538678712591756
0 0.44050020169423154 0.14045736871823827 0.0028237192416296895 0.002258610954263128
0 0.109116579265833 0.1634669678147939 0.06252521177894312 0.020327498588368152
0 0.16135538523598225 0.16389045736871824 0.0754336425978217 0.020327498588368152
0 0.21218233158531666 0.1650197628458498 0.08390480032271078 0.014963297571993224
0 0.25433642597821704 0.16431394692264256 0.05203711173860428 0.0189158667419537
0 0.2835820895522388 0.16417278373800112 0.03469140782573618 0.016657255787690572
0 0.3874546187979024 0.16487859966120835 0.18757563533682936 0.021739130434782608
0 0.4332392093586123 0.16417278373800112 0.07341670028237192 0.0189158667419537
0 0.4386849536103267 0.16389045736871824 0.0028237192416296895 0.002258610954263128
0 0.10588947156111335 0.1895821569734613 0.05486083098023396 0.01693958215697346
0 0.1801129487696652 0.19000564652738566 0.12706736587333603 0.019762845849802372
0 0.19039935457845905 0.19042913608130999 0.004033884630899556 0.004517221908526256
0 0.22307382008874546 0.189158667419537 0.042759177087535294 0.018633540372670808
0 0.26966518757563535 0.18774703557312253 0.06575231948366277 0.01693958215697346
0 0.34530052440500203 0.19438170525127046 0.12948769665187576 0.026538678712591756
0 0.35074626865671643 0.18972332015810275 0.004437273093989512 0.003952569169960474
0 0.3862444534086325 0.1870412196499153 0.053247277127874144 0.020327498588368152
0 0.44876966518757566 0.18690005646527386 0.10326744655102864 0.020045172219085264
0 0.09419120613150464 0.2134387351778656 0.03469140782573618 0.009316770186335404
0 0.14138765631302944 0.21428571428571427 0.06776926179911255 0.016657255787690572
0 0.21480435659540137 0.2149915302089215 0.12020976200080678 0.024844720496894408
0 0.24606696248487292 0.2140033879164314 0.03751512706736587 0.01637492941840768
0 0.3140379185155305 0.21979107848673066 0.11093182734973779 0.03020892151326934
0 0.3916901976603469 0.21979107848673066 0.13110125050423557 0.03274985883681536
0 0.41972569584509883 0.2134387351778656 0.03428801936264623 0.010728402032749858
0 0.15348931020572812 0.23969508752117447 0.15974183138362244 0.018068887634105024
0 0.23497377974989916 0.24576510446075664 0.1335215812827753 0.03162055335968379
0 0.27289229528035497 0.24604743083003952 0.050423557886244454 0.031055900621118012
0 0.35518354175070593 0.2450592885375494 0.14683340056474384 0.03274985883681536
0 0.3844292053247277 0.2456239412761152 0.033884630899556276 0.03387916431394692
0 0.41528842275110933 0.2375776397515528 0.03751512706736587 0.01693958215697346
0 0.09802339653085922 0.2893845285149633 0.04759983864461476 0.021739130434782608
0 0.13937071399757966 0.28952569169960474 0.06171843485276321 0.019198193111236588
0 0.2226704316256555 0.2899491812535291 0.13311819281968534 0.022303783173348392
0 0.26119402985074625 0.29023150762281197 0.05808793868495361 0.021456804065499716
0 0.3172650262202501 0.2896668548842462 0.08672851956434045 0.015810276679841896
0 0.36486486486486486 0.292772444946358 0.07139975796692215 0.026256352343308864
0 0.4352561516740621 0.29390175042348954 0.12827753126260588 0.031338226990400904
0 0.09177087535296491 0.31535855448898925 0.03307785397337636 0.01101072840203275
0 0.1317063331988705 0.3156408808582722 0.05647438483259379 0.021456804065499716
0 0.172851956434046 0.31507622811970637 0.0653489310205728 0.019198193111236588
0 0.20270270270270271 0.3147939017504235 0.0391286809197257 0.019198193111236588
0 0.24687373941105284 0.3160643704121965 0.06655909640984267 0.012704686617730096
0 0.32855990318676886 0.31507622811970637 0.1262605889471561 0.019198193111236588
0 0.37595804759983864 0.320016939582157 0.06252521177894312 0.031338226990400904
0 0.4388866478418717 0.3190287972896669 0.11375554659136748 0.029361942405420668
0 0.1510689794271884 0.3654714850367024 0.1500605082694635 0.017504234895539244
0 0.18414683340056473 0.36984754376058726 0.035498184751916094 0.031338226990400904
0 0.22125857200484067 0.36377752682100506 0.05163372327551432 0.01637492941840768
0 0.2309398951189996 0.3660361377752682 0.006857603872529245 0.005364201016374929
0 0.2678499394917305 0.3634952004517222 0.04881000403388463 0.017786561264822136
0 0.3852359822509076 0.36236589497459065 0.20855183541750705 0.017786561264822136
0 0.43505445744251714 0.36589497459062675 0.0754336425978217 0.014398644833427442
0 0.1308995562726906 0.3953980801806889 0.09681323114158935 0.023433088650479956
0 0.13574021782977008 0.38961038961038963 0.0028237192416296895 0.0016939582156973462
