0 0.10387252924566358 0.12478825522303783 0.03953206938281565 0.021174477696216828
0 0.14885034288019364 0.13283455674760022 0.05163372327551432 0.03896103896103896
0 0.22730939895118998 0.13438735177865613 0.11577248890681727 0.04206662902315076
0 0.28156514723678905 0.1266233766233766 0.06857603872529246 0.014680971202710334
0 0.3299717628075837 0.13354037267080746 0.06494554255748286 0.03613777526821005
0 0.3697055264219443 0.1266233766233766 0.05244050020169423 0.022303783173348392
0 0.3989511899959661 0.12648221343873517 0.03872529245663574 0.0220214568040655
0 0.4233561920129084 0.1259175607001694 0.03146430012101654 0.006211180124223602
0 0.1254538120209762 0.1562676453980802 0.08309802339653086 0.03162055335968379
0 0.20471964501815249 0.15429136081309994 0.12263009277934651 0.024280067758328628
0 0.24405002016942315 0.15175042348955392 0.03872529245663574 0.021456804065499716
0 0.2845905607099637 0.15598531902879728 0.051230334812424366 0.021739130434782608
0 0.33420734167002825 0.15640880858272163 0.05647438483259379 0.032185206098249576
0 0.36385639370713996 0.15640880858272163 0.030254134731746672 0.027950310559006212
0 0.39108511496571197 0.15146809712027104 0.02944735780556676 0.01693958215697346
0 0.4582492940701896 0.15302089215132694 0.11173860427591771 0.020609824957651044
0 0.11617587736990723 0.23221343873517786 0.07422347720855184 0.03387916431394692
0 0.1553045582896329 0.22656691134952003 0.04759983864461476 0.012422360248447204
0 0.1734570391286809 0.22444946357989837 0.01290843081887858 0.00564652738565782
0 0.24203307785397338 0.22713156408808582 0.11415893505445744 0.020045172219085264
0 0.27067365873336025 0.22699040090344438 0.026220250100847116 0.007905138339920948
0 0.3259378781766841 0.22783738001129306 0.08551835417507059 0.018633540372670808
0 0.3567970956030658 0.22755505364201017 0.023396530859217425 0.009599096555618294
0 0.38785800726099234 0.22699040090344438 0.03630496167809601 0.020327498588368152
0 0.45320693828156516 0.22727272727272727 0.10568777732956837 0.019198193111236588
0 0.145623235175474 0.2521174477696217 0.12989108511496572 0.026821005081874648
0 0.22952803549818476 0.25917560700169395 0.13110125050423557 0.03867871259175607
0 0.23678902783380396 0.2552230378317335 0.004033884630899556 0.005081874647092038
0 0.291044776119403 0.25254093732354604 0.0754336425978217 0.0189158667419537
0 0.3293666801129488 0.2532467532467532 0.04477611940298507 0.009881422924901186
0 0.3654699475594998 0.25352907961603616 0.04719645018152481 0.018068887634105024
0 0.3898749495764421 0.26016374929418407 0.02743041549011698 0.03020892151326934
0 0.4223477208551835 0.2522586109542631 0.02944735780556676 0.018068887634105024
0 0.48426784993949173 0.2543760587238848 0.09883017345703912 0.034443817052512704
0 0.11839451391690198 0.2748447204968944 0.07099636950383219 0.018351214003387916
0 0.15066559096409843 0.2756916996047431 0.03227107704719645 0.019198193111236588
0 0.18939088342073418 0.27625635234330886 0.04517950786607503 0.012422360248447204
0 0.29144816458249295 0.2766798418972332 0.1508672851956434 0.020892151326933936
0 0.3162565550625252 0.27738565782044045 0.021379588543767647 0.013269339356295878
0 0.37131908027430416 0.27653867871259175 0.07704719645018153 0.014680971202710334
0 0.3763614360629286 0.27540937323546016 0.002016942315449778 0.001129305477131564
0 0.41306978620411455 0.27710333145115756 0.04235578862444534 0.022868435911914172
0 0.4661153691004437 0.27653867871259175 0.08027430415490117 0.014680971202710334
0 0.09943525615167406 0.30251270468661773 0.03469140782573618 0.026538678712591756
0 0.20330778539733763 0.30223037831733485 0.17749092375958048 0.022303783173348392
0 0.27329568374344493 0.3090062111801242 0.09318273497377975 0.026538678712591756
0 0.33420734167002825 0.3018068887634105 0.08309802339653086 0.020045172219085264
0 0.4298104074223477 0.30533596837944665 0.16498588140379186 0.024280067758328628
0 0.47297297297297297 0.3037831733483907 0.06776926179911255 0.01948051948051948
0 0.11597418313836225 0.32580463015245625 0.0681726502622025 0.020327498588368152
0 0.1355385235982251 0.32707509881422925 0.01008471157724889 0.010163749294184076
0 0.18596208148446955 0.33300395256917 0.0653489310205728 0.031055900621118012
0 0.2392093586123437 0.33328627893845286 0.06575231948366277 0.021739130434782608
0 0.2509076240419524 0.3287690570299266 0.003227107704719645 0.004799548277809147
0 0.28156514723678905 0.32707509881422925 0.029043969342476807 0.019762845849802372
0 0.32109721661960466 0.33455674760022586 0.045986284792254944 0.03698475437605872
0 0.3672851956434046 0.32622811970638055 0.0609116579265833 0.020327498588368152
0 0.40096813231141587 0.3266516092603049 0.033884630899556276 0.018633540372670808
