0 337.0163372327551 728.0090344438171 0.0326744655102864 0.018068887634105024
0 473.0334812424365 730.0108695652174 0.06696248487293263 0.021739130434782608
0 683.028842275111 730.0103049124788 0.057684550221863654 0.020609824957651044
0 862.0207745058491 732.0097402597403 0.04154901169826543 0.01948051948051948
0 996.0167406212182 727.009457933371 0.033481242436466316 0.0189158667419537
0 1141.0262202501008 727.0098814229249 0.05244050020169423 0.019762845849802372
0 1304.0441710367083 727.0095990965556 0.08834207341670028 0.019198193111236588
0 1569.0165389269866 756.0053642010164 0.03307785397337636 0.010728402032749858
0 1685.0560709963695 729.0183512140034 0.11214199273900767 0.03670242800677583
0 334.03610326744655 1095.0166572557878 0.07220653489310205 0.033314511575381144
0 581.0482049213392 1105.0084697910786 0.09640984267849939 0.01693958215697346
0 898.033279548205 1109.0128458498023 0.06655909640984267 0.025691699604743084
0 1126.01956434046 1094.0084697910786 0.0391286809197257 0.01693958215697346
0 1282.0213795885438 1102.0152456239414 0.042759177087535294 0.030491247882552232
0 1441.0538523598225 1105.0142574816489 0.10770471964501815 0.028514963297571992
0 1754.0116982654297 1109.0077639751553 0.023396530859217425 0.015527950310559006
0 1853.0252117789432 1122.011010728402 0.050423557886244454 0.0220214568040655
0 313.05909640984265 1279.014539808018 0.118192819685357 0.029079616036137776
0 685.0242033077853 1280.0087521174478 0.048406615570794675 0.017504234895539244
0 843.0235982250907 1275.0094579333709 0.04719645018152481 0.0189158667419537
0 1018.0262202501009 1302.0128458498023 0.05244050020169423 0.025691699604743084
0 1180.0125050423558 1285.007481648786 0.02501008471157725 0.014963297571993224
0 1315.0350947962888 1268.0146809712028 0.07018959257765228 0.029361942405420668
0 1556.0689794271884 1277.009034443817 0.13795885437676483 0.018068887634105024
0 1962.0118999596612 1270.0088932806325 0.02379991932230738 0.017786561264822136
0 2069.014723678903 1265.0094579333709 0.02944735780556676 0.0189158667419537
0 321.03549818475193 1646.0152456239414 0.07099636950383219 0.030491247882552232
0 575.0365066559096 1635.0095990965556 0.07301331181928197 0.019198193111236588
0 796.029245663574 1638.0087521174478 0.058491327148043566 0.017504234895539244
0 999.0173457039128 1642.0076228119706 0.03469140782573618 0.015245623941276116
0 1144.0237999193223 1627.0101637492942 0.04759983864461476 0.020327498588368152
0 1308.0419524001613 1631.0159514398645 0.08390480032271078 0.03190287972896669
0 1543.0036304961677 1694.004376058724 0.007260992335619202 0.008752117447769622
0 1577.0490116982655 1640.0087521174478 0.09802339653085922 0.017504234895539244
0 1858.058491327148 1627.011010728402 0.11698265429608713 0.0220214568040655
0 307.04275917708753 1804.0107284020328 0.08551835417507059 0.021456804065499716
0 599.0427591770875 1814.0097402597403 0.08551835417507059 0.01948051948051948
0 819.0054457442517 1881.0053642010164 0.010891488503428802 0.010728402032749858
0 878.0274304154901 1820.0108695652175 0.05486083098023396 0.021739130434782608
0 1090.018152480839 1812.0087521174478 0.03630496167809601 0.017504234895539244
0 1226.0490116982655 1809.0093167701864 0.09802339653085922 0.018633540372670808
0 1504.0042355788623 1861.0056465273856 0.008471157724889069 0.01129305477131564
0 1543.029649052037 1808.0100225861095 0.05929810407422348 0.020045172219085264
0 1746.022589753933 1818.0094579333709 0.04517950786607503 0.0189158667419537
0 1904.0346914078257 1813.0093167701864 0.06938281565147236 0.018633540372670808
0 345.0135135135135 1995.0135516657256 0.02702702702702703 0.02710333145115754
0 435.074021782977 2003.009034443817 0.14804356595401372 0.018068887634105024
0 868.0290439693425 2006.008328627894 0.05808793868495361 0.016657255787690572
0 1084.0528438886647 1993.0134105025409 0.10568777732956837 0.026821005081874648
0 1395.033279548205 1991.0091756070017 0.06655909640984267 0.018351214003387916
0 1602.0415490116982 2001.014963297572 0.08309802339653086 0.029926595143986448
0 1852.0205728116175 1999.0084697910786 0.041145623235175476 0.01693958215697346
