0 0.08935054457442518 0.13396386222473178 0.03509479628882614 0.022868435911914172
0 0.1280758370310609 0.13481084133258045 0.06252521177894312 0.021174477696216828
0 0.17607906413876562 0.13594014680971203 0.06857603872529246 0.018068887634105024
0 0.21117386042759176 0.13791643139469226 0.04961678096006454 0.03359683794466403
0 0.3043565954013715 0.13551665725578768 0.1718434852763211 0.024280067758328628
0 0.3882613957240823 0.13551665725578768 0.1464300121016539 0.021456804065499716
0 0.42295280354981846 0.1401750423489554 0.048406615570794675 0.030491247882552232
0 0.10125050423557887 0.16120835686053078 0.06010488100040339 0.0220214568040655
0 0.1663977410246067 0.16078486730660643 0.11415893505445744 0.02456239412761152
0 0.2702702702702703 0.16149068322981366 0.18596208148446955 0.026821005081874648
0 0.29265832997176283 0.16106719367588934 0.03065752319483663 0.021739130434782608
0 0.3416700282371924 0.1603613777526821 0.08188785800726099 0.02456239412761152
0 0.3916901976603469 0.15993788819875776 0.07301331181928197 0.01693958215697346
0 0.4584509883017346 0.163184641445511 0.12384025816861638 0.02766798418972332
0 0.1335215812827753 0.1857707509881423 0.13029447357805568 0.026538678712591756
0 0.17164179104477612 0.18633540372670807 0.053247277127874144 0.0251270468661773
0 0.2757160145219847 0.18633540372670807 0.19039935457845905 0.023715415019762844
0 0.32331585316659944 0.1854884246188594 0.07664380798709157 0.018351214003387916
0 0.36849536103267444 0.19240542066629024 0.08108108108108109 0.032467532467532464
0 0.3884630899556273 0.1852060982495765 0.03509479628882614 0.014680971202710334
0 0.40762404195240015 0.18492377188029363 0.01855586930213796 0.011575381140598532
0 0.16780960064542155 0.21485036702428006 0.19402985074626866 0.029926595143986448
0 0.21661960467930616 0.2111801242236025 0.08390480032271078 0.023715415019762844
0 0.2763210972166196 0.21075663466967814 0.100040338846309 0.018351214003387916
0 0.3120209762000807 0.21132128740824394 0.06292860024203308 0.021174477696216828
0 0.41508672851956435 0.21287408243929984 0.19483662767244858 0.026538678712591756
0 0.44332392093586126 0.21640316205533597 0.04517950786607503 0.03387916431394692
0 0.1300927793465107 0.26101072840203277 0.127470754336426 0.026821005081874648
0 0.13674868898749495 0.264257481648786 0.004437273093989512 0.007622811970638058
0 0.16559096409842677 0.26157538114059853 0.04517950786607503 0.020045172219085264
0 0.20330778539733763 0.26341050254093734 0.07099636950383219 0.023433088650479956
0 0.24586526825332797 0.26242236024844723 0.06252521177894312 0.023433088650479956
0 0.3227107704719645 0.2641163184641446 0.14158935054457442 0.023715415019762844
0 0.3795885437676482 0.26129305477131565 0.09802339653085922 0.022303783173348392
0 0.3807987091569181 0.2628458498023715 0.004033884630899556 0.004517221908526256
0 0.4201290843081888 0.2621400338791643 0.063735377168213 0.023150762281197064
0 0.11839451391690198 0.2931959345002823 0.09963695038321904 0.03896103896103896
0 0.15893505445744252 0.28514963297571994 0.07180314643001211 0.021739130434782608
0 0.15893505445744252 0.29051383399209485 0.008067769261799113 0.009316770186335404
0 0.20835014118596207 0.28726708074534163 0.08229124647035095 0.0251270468661773
0 0.2317466720451795 0.2876905702992659 0.030254134731746672 0.01948051948051948
0 0.31423961274707546 0.2898080180688876 0.15288422751109318 0.028232636928289104
0 0.3602258975393304 0.28712591756070016 0.08592174263816055 0.0189158667419537
0 0.39874949576442115 0.28797289666854886 0.06292860024203308 0.023150762281197064
0 0.47398144413069787 0.28825522303783174 0.1371520774505849 0.020327498588368152
0 0.08935054457442518 0.313382269904009 0.04356595401371521 0.032467532467532464
0 0.208955223880597 0.31648785996612083 0.23678902783380396 0.03472614342179559
0 0.25131101250504234 0.31182947487295315 0.0754336425978217 0.019762845849802372
0 0.28499394917305365 0.31211180124223603 0.05526421944332392 0.020892151326933936
0 0.318273497377975 0.3123941276115189 0.05526421944332392 0.0220214568040655
0 0.32210568777732956 0.3136645962732919 0.0028237192416296895 0.002540937323546019
0 0.35397337636143605 0.3132411067193676 0.05163372327551432 0.028232636928289104
0 0.3924969745865268 0.3132411067193676 0.06494554255748286 0.022868435911914172
0 0.4443323920935861 0.3126764539808018 0.08632513110125051 0.01693958215697346
0 0.11859620814844696 0.3383681535855449 0.10326744655102864 0.021174477696216828
0 0.15752319483662766 0.33695652173913043 0.05929810407422348 0.019762845849802372
0 0.2244856797095603 0.3365330321852061 0.11254538120209762 0.020045172219085264
0 0.3140379185155305 0.33794466403162055 0.1653892698668818 0.022303783173348392
0 0.34045986284792257 0.33794466403162055 0.04437273093989512 0.021174477696216828
0 0.4005647438483259 0.3404856013551666 0.11093182734973779 0.029926595143986448
0 0.15611133521581283 0.38819875776397517 0.17305365066559097 0.031338226990400904
0 0.2172246873739411 0.38622247317899494 0.10528438886647842 0.020045172219085264
0 0.3029447357805567 0.38735177865612647 0.16014521984671237 0.020892151326933936
