0 0.12162162162162163 0.11137775268210051 0.09600645421540945 0.016092603049124788
0 0.1472367890278338 0.11377752682100509 0.02702702702702703 0.0220214568040655
0 0.17950786607503025 0.11264822134387352 0.04154901169826543 0.017504234895539244
0 0.22710770471964503 0.11137775268210051 0.07946752722872126 0.01637492941840768
0 0.25958047599838646 0.11053077357425184 0.03993545784590561 0.010163749294184076
0 0.3108108108108108 0.11674195369847544 0.08672851956434045 0.02766798418972332
0 0.34630899556272693 0.11123658949745906 0.06252521177894312 0.018068887634105024
0 0.40964098426784995 0.11730660643704122 0.10407422347720856 0.026538678712591756
0 0.43384429205324726 0.11194240542066629 0.03065752319483663 0.009034443817052512
0 0.08047599838644615 0.13721061547148503 0.016942315449778138 0.01129305477131564
0 0.11315046389673256 0.13692828910220214 0.04679306171843485 0.009316770186335404
0 0.2045179507866075 0.13692828910220214 0.15207745058491326 0.017786561264822136
0 0.2593787817668415 0.1362224731789949 0.08511496571198064 0.015810276679841896
0 0.3061718434852763 0.13664596273291926 0.06575231948366277 0.017221908526256352
0 0.3414683340056474 0.1380575945793337 0.04356595401371521 0.018068887634105024
0 0.39874949576442115 0.1362224731789949 0.08874546187979024 0.01637492941840768
0 0.4475594997983058 0.14073969508752118 0.08309802339653086 0.024844720496894408
0 0.11032674465510287 0.16092603049124787 0.07341670028237192 0.015527950310559006
0 0.17789431222267044 0.1621964991530209 0.10326744655102864 0.018068887634105024
0 0.2035094796288826 0.16261998870694522 0.029043969342476807 0.015245623941276116
0 0.2509076240419524 0.16191417278373801 0.06615570794675273 0.010728402032749858
0 0.3021379588543768 0.16106719367588934 0.07664380798709157 0.015810276679841896
0 0.33521581282775315 0.16304347826086957 0.04719645018152481 0.017221908526256352
0 0.4497781363453005 0.16798418972332016 0.2101653892698669 0.028232636928289104
0 0.09015732150060508 0.18986448334274422 0.02944735780556676 0.024844720496894408
0 0.12081484469544171 0.1870412196499153 0.04033884630899556 0.017786561264822136
0 0.16559096409842677 0.1919819311123659 0.06776926179911255 0.029079616036137776
0 0.2200484066155708 0.18661773009599097 0.07220653489310205 0.01637492941840768
0 0.23719241629689392 0.18788819875776397 0.02581686163775716 0.020327498588368152
0 0.2827753126260589 0.18746470920383965 0.07018959257765228 0.010446075663466968
0 0.30354981847519164 0.18774703557312253 0.02379991932230738 0.017504234895539244
0 0.36143606292860025 0.19085262563523434 0.08672851956434045 0.02456239412761152
0 0.4048003227107705 0.18873517786561264 0.06575231948366277 0.017221908526256352
0 0.43848325937878174 0.1876058723884811 0.050423557886244454 0.020045172219085264
0 0.08188785800726099 0.2111801242236025 0.01734570391286809 0.009034443817052512
0 0.11415893505445744 0.21583850931677018 0.04921339249697459 0.026256352343308864
0 0.16478418717224688 0.21894409937888198 0.07059298104074223 0.02258610954263128
0 0.20068576038725291 0.21725014116318464 0.050423557886244454 0.020327498588368152
0 0.20572811617587736 0.21287408243929984 0.002016942315449778 0.002258610954263128
0 0.30354981847519164 0.21259175607001693 0.15772488906817264 0.021739130434782608
0 0.3537716821298911 0.21527385657820441 0.07382008874546188 0.019762845849802372
0 0.3773699072206535 0.21287408243929984 0.02379991932230738 0.017786561264822136
0 0.42396127470754336 0.21329757199322416 0.06736587333602259 0.019198193111236588
0 0.11879790237999194 0.2375776397515528 0.09237595804759983 0.018633540372670808
0 0.1446147640177491 0.2375776397515528 0.030254134731746672 0.018068887634105024
0 0.17486889874949577 0.23785996612083568 0.04961678096006454 0.01693958215697346
0 0.282170229931424 0.23828345567476003 0.17950786607503025 0.021739130434782608
0 0.3299717628075837 0.24463579898362506 0.07099636950383219 0.034443817052512704
0 0.36688180718031466 0.2388481084133258 0.05203711173860428 0.01948051948051948
0 0.41407825736183945 0.23870694522868435 0.07018959257765228 0.021456804065499716
0 0.10387252924566358 0.2621400338791643 0.063735377168213 0.020892151326933936
0 0.13473174667204518 0.26242236024844723 0.030254134731746672 0.018351214003387916
0 0.17688584106494554 0.26256352343308864 0.06857603872529246 0.014963297571993224
0 0.21500605082694635 0.2621400338791643 0.0500201694231545 0.015527950310559006
0 0.26220250100847114 0.26792772444946356 0.07745058491327148 0.030491247882552232
0 0.2880193626462283 0.26228119706380576 0.029043969342476807 0.017504234895539244
0 0.3239209358612344 0.264257481648786 0.043162565550625254 0.018633540372670808
0 0.36829366680112946 0.2676453980801807 0.0653489310205728 0.027950310559006212
0 0.39673255344897135 0.26905702992659514 0.029850746268656716 0.031055900621118012
0 0.11415893505445744 0.2963015245623941 0.07704719645018153 0.036420101637492944
0 0.22932634126663978 0.29488989271597965 0.19483662767244858 0.03359683794466403
0 0.27289229528035497 0.2885375494071146 0.048406615570794675 0.020045172219085264
0 0.3019362646228318 0.29037267080745344 0.03307785397337636 0.012422360248447204
0 0.3785800726099234 0.2886787125917561 0.12868091972569584 0.020609824957651044
0 0.44029850746268656 0.2972896668548842 0.10165389269866881 0.028232636928289104
0 0.44473578055667606 0.2919254658385093 0.004033884630899556 0.003105590062111801
