0 345.0568777732957 709.0143986448335 0.11375554659136748 0.028797289666854884
0 638.0028237192416 761.0045172219085 0.005647438483259379 0.009034443817052512
0 691.0088745461879 731.005928853755 0.017749092375958047 0.011857707509881422
0 776.0653489310206 713.0153867871259 0.1306978620411456 0.03077357425183512
0 1161.0237999193223 706.0172219085263 0.04759983864461476 0.034443817052512704
0 1346.0633319887052 701.0160926030492 0.12666397741024607 0.032185206098249576
0 1723.029649052037 703.0110107284021 0.05929810407422348 0.0220214568040655
0 1952.0193626462283 722.0087521174478 0.03872529245663574 0.017504234895539244
0 281.105486083098 874.018915866742 0.2109721661960468 0.0378317334839074
0 897.0280354981847 914.0071993224167 0.056070996369503835 0.014398644833427442
0 1082.0231948366277 889.0110107284021 0.0463896732553449 0.0220214568040655
0 1247.051432029044 882.0163749294184 0.10286405808793868 0.03274985883681536
0 1584.0171440096813 888.0104460756635 0.03428801936264623 0.020892151326933936
0 1727.0484066155707 882.0187747035573 0.09681323114158935 0.037549407114624504
0 2010.0197660346914 877.0184923771881 0.03953206938281565 0.03698475437605872
0 310.0792658329972 1064.0183512140034 0.15853166599435256 0.03670242800677583
0 761.0205728116176 1095.0062111801242 0.041145623235175476 0.012422360248447204
0 902.0229931423961 1097.0067758328628 0.045986284792254944 0.01355166572557877
0 1086.078055667608 1063.012563523433 0.15611133521581283 0.0251270468661773
0 1556.0467930617185 1060.0187747035573 0.0935861234368697 0.037549407114624504
0 1858.008471157725 1071.0135516657256 0.016942315449778138 0.02710333145115754
0 1919.0207745058492 1062.0159514398645 0.04154901169826543 0.03190287972896669
0 319.0233965308592 1251.0121400338792 0.04679306171843485 0.024280067758328628
0 480.1048810004034 1229.020468661773 0.20976200080677693 0.0409373235460192
0 1071.022589753933 1244.010304912479 0.04517950786607503 0.020609824957651044
0 1254.0235982250908 1267.0135516657256 0.04719645018152481 0.02710333145115754
0 1422.035498184752 1248.0163749294184 0.07099636950383219 0.03274985883681536
0 1635.0014118596207 1294.0053642010164 0.0028237192416296895 0.010728402032749858
0 1678.0231948366277 1229.0182100508187 0.0463896732553449 0.036420101637492944
0 1879.022589753933 1256.011010728402 0.04517950786607503 0.0220214568040655
0 275.06837434449375 1390.0218802936195 0.13674868898749495 0.04376058723884811
0 710.0221863654699 1423.01185770751 0.04437273093989512 0.023715415019762844
0 866.0256151674062 1448.0136928289103 0.051230334812424366 0.027385657820440428
0 1060.0373134328358 1424.0155279503106 0.07462686567164178 0.031055900621118012
0 1256.007059298104 1408.016516092603 0.014118596208148447 0.03303218520609825
0 1322.0020169423155 1492.0012704686617 0.004033884630899556 0.002540937323546019
0 1389.0272287212586 1416.0134105025409 0.05445744251714401 0.026821005081874648
0 1589.024405002017 1411.0186335403728 0.04881000403388463 0.037267080745341616
0 1772.0108914885034 1431.0101637492942 0.021782977006857603 0.020327498588368152
0 1905.0260185558693 1427.0122811970639 0.05203711173860428 0.02456239412761152
0 287.0473981444131 1593.0176453980803 0.09479628882613957 0.035290796160361376
0 587.0685760387253 1581.0194805194806 0.1371520774505849 0.03896103896103896
0 1016.0911657926583 1604.0179277244495 0.18233158531665994 0.03585544889892716
0 1524.0155304558289 1600.012563523433 0.031060911657926585 0.0251270468661773
0 1653.0272287212586 1611.0207509881423 0.05445744251714401 0.041501976284584984
0 1855.0471964501814 1613.0163749294184 0.09439290036304962 0.03274985883681536
0 298.02117789431225 1769.0176453980803 0.04235578862444534 0.035290796160361376
0 450.06797095603065 1779.010587238848 0.13594191206131503 0.021174477696216828
0 884.0211778943122 1810.006352343309 0.04235578862444534 0.012704686617730096
0 1044.0102864058088 1817.0053642010164 0.020572811617587738 0.010728402032749858
0 1139.0496167809602 1786.0159514398645 0.09923356192012908 0.03190287972896669
0 1487.0657523194836 1778.0186335403728 0.13150463896732553 0.037267080745341616
0 1840.008874546188 1766.0112930547714 0.017749092375958047 0.02258610954263128
0 1928.0465913674868 1777.02555053642 0.09318273497377975 0.05110107284020327
0 321.0824929407019 1946.0196216826653 0.16498588140379186 0.039243365330321855
0 837.0169423154498 1949.0111518915867 0.033884630899556276 0.022303783173348392
0 980.027027027027 1949.0179277244495 0.05405405405405406 0.03585544889892716
0 1207.0693828156516 1955.0111518915867 0.13876563130294473 0.022303783173348392
0 1631.0383219039936 1958.0232919254659 0.07664380798709157 0.046583850931677016
0 1895.0231948366277 1958.0173630717109 0.0463896732553449 0.03472614342179559
0 2080.0171440096815 1970.0218802936195 0.03428801936264623 0.04376058723884811
0 300.07180314643 2141.0215979672503 0.14360629286002422 0.04319593450028233
0 744.0237999193223 2171.0069169960475 0.04759983864461476 0.01383399209486166
0 933.0675675675676 2162.0151044607564 0.13513513513513514 0.03020892151326934
0 1269.0016135538524 2211.001270468662 0.003227107704719645 0.002540937323546019
