0 397.03832190399356 898.0155279503106 0.07664380798709157 0.031055900621118012
0 591.0032271077047 942.005505364201 0.00645421540943929 0.01101072840203275
0 661.0197660346914 902.0112930547713 0.03953206938281565 0.02258610954263128
0 809.0631302944736 908.0111518915867 0.1262605889471561 0.022303783173348392
0 1127.004437273094 945.0062111801242 0.008874546187979023 0.012422360248447204
0 1193.022589753933 906.0087521174478 0.04517950786607503 0.017504234895539244
0 1369.0427591770876 898.0143986448335 0.08551835417507059 0.028797289666854884
0 1653.053650665591 905.0088932806324 0.1073013311819282 0.017786561264822136
0 1959.0153287615974 904.0111518915867 0.03065752319483663 0.022303783173348392
0 2064.0397337636145 908.0084697910785 0.07946752722872126 0.01693958215697346
0 374.03569987898345 1087.009881422925 0.07139975796692215 0.019762845849802372
0 631.0524405002017 1085.0094579333709 0.10488100040338846 0.0189158667419537
0 946.0149253731344 1085.0087521174478 0.029850746268656716 0.017504234895539244
0 1081.0578862444534 1085.0143986448334 0.11577248890681727 0.028797289666854884
0 1415.0161355385235 1108.0056465273856 0.03227107704719645 0.01129305477131564
0 1515.0231948366277 1085.009034443817 0.0463896732553449 0.018068887634105024
0 1659.0371117386044 1088.0134105025409 0.07422347720855184 0.026821005081874648
0 1865.0157321500606 1085.0101637492942 0.03146430012101654 0.020327498588368152
0 1967.0209762000807 1092.0081874647092 0.04195240016135539 0.01637492941840768
0 2101.0556676079063 1085.0141163184642 0.11133521581282775 0.028232636928289104
0 350.0484066155708 1252.0163749294184 0.09681323114158935 0.03274985883681536
0 636.0578862444534 1266.0100225861095 0.11577248890681727 0.020045172219085264
0 921.0018152480839 1326.0014116318464 0.003630496167809601 0.00282326369282891
0 1011.0151270673658 1274.0081874647092 0.030254134731746672 0.01637492941840768
0 1128.0322710770472 1259.0119988706945 0.0645421540943929 0.023997741389045736
0 1312.0365066559095 1266.009881422925 0.07301331181928197 0.019762845849802372
0 1492.0705929810408 1274.0143986448334 0.14118596208148446 0.028797289666854884
0 1860.0560709963695 1266.016939582157 0.11214199273900767 0.03387916431394692
0 2168.0215812827755 1265.0101637492942 0.043162565550625254 0.020327498588368152
0 351.0252117789431 1438.0108695652175 0.050423557886244454 0.021739130434782608
0 521.0300524405002 1477.009034443817 0.06010488100040339 0.018068887634105024
0 712.0881403791851 1449.0152456239414 0.1762807583703106 0.030491247882552232
0 1208.0871319080275 1433.0143986448334 0.17426381605486083 0.028797289666854884
0 1676.01956434046 1442.0104460756634 0.0391286809197257 0.020892151326933936
0 1822.0223880597016 1443.0101637492942 0.04477611940298507 0.020327498588368152
0 1964.0367083501412 1442.0121400338792 0.07341670028237192 0.024280067758328628
0 2133.0294473578056 1466.011010728402 0.05889471561113352 0.0220214568040655
0 342.0175473981444 1640.0069169960475 0.03509479628882614 0.01383399209486166
0 455.01855586930213 1648.006352343309 0.03711173860427592 0.012704686617730096
0 586.0298507462686 1630.0093167701864 0.05970149253731343 0.018633540372670808
0 776.0546591367487 1623.0152456239414 0.10931827349737798 0.030491247882552232
0 1104.0161355385235 1649.0062111801242 0.03227107704719645 0.012422360248447204
0 1224.0250100847115 1616.0127046866178 0.0500201694231545 0.025409373235460192
0 1349.0034288019363 1662.003529079616 0.006857603872529245 0.007058159232072276
0 1423.0411456232353 1623.0107284020328 0.08229124647035095 0.021456804065499716
0 1633.0304558289633 1615.0124223602484 0.0609116579265833 0.024844720496894408
0 1803.044776119403 1612.0162337662337 0.08955223880597014 0.032467532467532464
0 2052.040943929004 1622.009881422925 0.08188785800726099 0.019762845849802372
0 349.0169423154498 1798.010587238848 0.033884630899556276 0.021174477696216828
0 467.02480839048 1807.0097402597403 0.04961678096006454 0.01948051948051948
0 657.0467930617184 1811.0094579333709 0.0935861234368697 0.0189158667419537
0 931.0498184751916 1797.011010728402 0.09963695038321904 0.0220214568040655
0 1174.003025413473 1850.0038114059853 0.0060508269463493344 0.007622811970638058
0 1230.0383219039936 1798.011010728402 0.07664380798709157 0.0220214568040655
0 1473.0738200887454 1795.0166572557878 0.14764017749092376 0.033314511575381144
0 1879.0312626058894 1795.0101637492942 0.06252521177894312 0.020327498588368152
0 2070.025615167406 1803.0091756070017 0.051230334812424366 0.018351214003387916
0 348.0233965308592 1981.0111518915867 0.04679306171843485 0.022303783173348392
0 536.0306575231948 2014.006352343309 0.06131504638967326 0.012704686617730096
0 747.0169423154498 2007.0052230378317 0.033884630899556276 0.010446075663466968
0 890.0225897539331 2008.01185770751 0.04517950786607503 0.023715415019762844
0 1064.0435659540137 1984.0091756070017 0.08713190802743041 0.018351214003387916
0 1333.0387252924565 1975.010304912479 0.07745058491327148 0.020609824957651044
0 1518.004437273094 2028.0042348955392 0.008874546187979023 0.00846979107848673
0 1603.0635336829366 1975.011010728402 0.12706736587333603 0.0220214568040655
0 1969.0324727712787 1979.010587238848 0.06494554255748286 0.021174477696216828
0 354.01956434045985 2150.011010728402 0.0391286809197257 0.0220214568040655
0 521.0480032271078 2156.0103049124787 0.09600645421540945 0.020609824957651044
0 832.0242033077853 2153.015245623941 0.048406615570794675 0.030491247882552232
0 1000.0334812424364 2179.006634669678 0.06696248487293263 0.013269339356295878
0 1223.031867688584 2157.009457933371 0.063735377168213 0.0189158667419537
0 1448.0153287615974 2155.0095990965556 0.03065752319483663 0.019198193111236588
0 1584.0314643001211 2153.0108695652175 0.06292860024203308 0.021739130434782608
0 1785.067365873336 2160.0128458498025 0.13473174667204518 0.025691699604743084
0 2152.0112948769665 2183.0063523433087 0.022589753933037516 0.012704686617730096
0 383.0730133118193 2334.0136928289103 0.14602662363856395 0.027385657820440428
0 808.0151270673658 2338.013833992095 0.030254134731746672 0.02766798418972332
0 948.0671641791045 2321.012140033879 0.13432835820895522 0.024280067758328628
0 1339.047801532876 2336.0111518915865 0.09560306575231949 0.022303783173348392
0 1590.0020169423155 2398.002399774139 0.004033884630899556 0.004799548277809147
