0 0.1734570391286809 0.16544325239977414 0.060508269463493344 0.014680971202710334
0 0.24142799515933844 0.16770186335403728 0.02218636546994756 0.01355166572557877
0 0.3578055667607906 0.16897233201581027 0.14037918515530456 0.0189158667419537
0 0.545179507866075 0.17165443252399773 0.16337232755143202 0.019198193111236588
0 0.6668011294876967 0.16798418972332016 0.028237192416296894 0.011857707509881422
0 0.7577652279144816 0.1712309429700734 0.10851149657119806 0.014963297571993224
0 0.8632513110125051 0.1702428006775833 0.050826946349334406 0.01637492941840768
0 0.181726502622025 0.26905702992659514 0.0609116579265833 0.010728402032749858
0 0.3116175877369907 0.2691981931112366 0.14804356595401372 0.014963297571993224
0 0.45421540943929006 0.26679841897233203 0.029043969342476807 0.015245623941276116
0 0.5264219443323921 0.2686335403726708 0.06776926179911255 0.015527950310559006
0 0.6676079064138766 0.2696216826651609 0.10972166196046793 0.014680971202710334
0 0.7858007260992336 0.26778656126482214 0.04517950786607503 0.016092603049124788
0 0.18757563533682936 0.3197346132128741 0.10810810810810811 0.014398644833427442
0 0.2579669221460266 0.32495765104460755 0.003630496167809601 0.002258610954263128
