0 0.09378781766841468 0.11518915866741954 0.04356595401371521 0.019198193111236588
0 0.13372327551432028 0.11518915866741954 0.06696248487293263 0.01948051948051948
0 0.16659943525615167 0.11603613777526821 0.05687777329568374 0.014398644833427442
0 0.24667204517950786 0.1225296442687747 0.15207745058491326 0.03274985883681536
0 0.31121419927390076 0.11970638057594579 0.11335215812827754 0.024280067758328628
0 0.33844292053247277 0.1150479954827781 0.04195240016135539 0.018633540372670808
0 0.40964098426784995 0.11589497459062677 0.1383622428398548 0.01693958215697346
0 0.07724889068172651 0.1653020892151327 0.026220250100847116 0.01693958215697346
0 0.1500605082694635 0.16981931112365894 0.1355385235982251 0.02710333145115754
0 0.1508672851956434 0.1668548842461886 0.003227107704719645 0.005081874647092038
0 0.17406212182331585 0.1653020892151327 0.0326744655102864 0.01637492941840768
0 0.2408229124647035 0.17137210615471485 0.11133521581282775 0.031055900621118012
0 0.30798709156918114 0.1702428006775833 0.12343686970552642 0.026538678712591756
0 0.3317870108914885 0.16770186335403728 0.042759177087535294 0.025691699604743084
0 0.35074626865671643 0.16586674195369847 0.04921339249697459 0.020327498588368152
0 0.39209358612343687 0.1681253529079616 0.07341670028237192 0.026538678712591756
0 0.4253731343283582 0.1675607001693958 0.04437273093989512 0.0251270468661773
0 0.4463493344090359 0.16516092603049123 0.0391286809197257 0.009599096555618294
0 0.15490116982654295 0.19424054206662902 0.17708753529649052 0.028797289666854884
0 0.24243646631706334 0.19155844155844157 0.14844695441710368 0.020327498588368152
0 0.3154497781363453 0.1981931112365895 0.12787414279951592 0.03274985883681536
0 0.3664784187172247 0.19099378881987578 0.08874546187979024 0.022303783173348392
0 0.417910447761194 0.19085262563523434 0.09439290036304962 0.020609824957651044
0 0.1290843081887858 0.21753246753246752 0.13150463896732553 0.02258610954263128
0 0.19160951996772893 0.22162619988706944 0.10931827349737798 0.028514963297571992
0 0.2172246873739411 0.21668548842461885 0.035498184751916094 0.011575381140598532
0 0.24929407018959257 0.21739130434782608 0.04800322710770472 0.021456804065499716
0 0.3208955223880597 0.2217673630717109 0.1319080274304155 0.029361942405420668
0 0.36244453408632515 0.21696781479390176 0.07018959257765228 0.01693958215697346
0 0.4243646631706333 0.21640316205533597 0.11859620814844696 0.016657255787690572
0 0.09156918112141993 0.2682100508187465 0.0572811617587737 0.023997741389045736
0 0.1526825332795482 0.2683512140033879 0.10609116579265833 0.022868435911914172
0 0.19483662767244858 0.27004517221908525 0.06857603872529246 0.022868435911914172
0 0.24808390480032272 0.2684923771880294 0.07624041952400161 0.014116318464144552
0 0.2974989915288423 0.2672219085262564 0.07220653489310205 0.018633540372670808
0 0.3392496974586527 0.26778656126482214 0.06978620411456232 0.0220214568040655
0 0.4169019766034691 0.2682100508187465 0.1319080274304155 0.022303783173348392
0 0.45865268253327957 0.2682100508187465 0.07301331181928197 0.023433088650479956
0 0.07866075030254134 0.29263128176171654 0.04356595401371521 0.021174477696216828
0 0.109116579265833 0.2933370976849238 0.04517950786607503 0.0220214568040655
0 0.16700282371924163 0.29347826086956524 0.08753529649052037 0.023150762281197064
0 0.2843888664784187 0.29347826086956524 0.20653489310205728 0.022303783173348392
0 0.3336022589753933 0.2937605872388481 0.09963695038321904 0.023715415019762844
