0 354.03751512706737 727.0131281761717 0.07503025413473174 0.026256352343308864
0 604.0661557079468 733.0119988706945 0.13231141589350545 0.023997741389045736
0 994.0544574425171 736.0127046866178 0.10891488503428802 0.025409373235460192
0 1337.0223880597016 746.0090344438171 0.04477611940298507 0.018068887634105024
0 1488.0328761597418 740.0111518915867 0.06575231948366277 0.022303783173348392
0 1660.0304558289633 740.0153867871259 0.0609116579265833 0.03077357425183512
0 1827.0475998386446 745.014963297572 0.09519967728922953 0.029926595143986448
0 2079.011899959661 757.0088932806324 0.02379991932230738 0.017786561264822136
0 347.01976603469143 919.0103049124788 0.03953206938281565 0.020609824957651044
0 486.0482049213393 918.0112930547713 0.09640984267849939 0.02258610954263128
0 727.0040338846309 984.0052230378317 0.008067769261799113 0.010446075663466968
0 786.0260185558693 918.009457933371 0.05203711173860428 0.0189158667419537
0 936.0510286405809 918.0110107284021 0.10205728116175877 0.0220214568040655
0 1222.085114965712 924.0115753811406 0.17022993142396128 0.023150762281197064
0 1684.0417507059299 924.0097402597403 0.08350141185962082 0.01948051948051948
0 1955.0169423154498 939.0105872388481 0.033884630899556276 0.021174477696216828
0 2063.020774505849 936.0097402597403 0.04154901169826543 0.01948051948051948
0 353.01169826542963 1107.0091756070017 0.023396530859217425 0.018351214003387916
0 457.05042355788623 1091.0114342179559 0.10084711577248891 0.022868435911914172
0 775.0383219039935 1084.0117165443253 0.07664380798709157 0.023433088650479956
0 1007.0568777732957 1085.012987012987 0.11375554659136748 0.025974025974025976
0 1340.029245663574 1095.0124223602484 0.058491327148043566 0.024844720496894408
0 1516.0167406212183 1109.009881422925 0.033481242436466316 0.019762845849802372
0 1641.0324727712787 1105.0115753811406 0.06494554255748286 0.023150762281197064
0 1828.0451795078661 1101.0160926030492 0.09035901573215006 0.032185206098249576
0 345.05929810407423 1261.0152456239414 0.11859620814844696 0.030491247882552232
0 645.0151270673658 1303.005505364201 0.030254134731746672 0.01101072840203275
0 756.0213795885438 1264.0111518915867 0.042759177087535294 0.022303783173348392
0 921.031464300121 1268.0142574816489 0.06292860024203308 0.028514963297571992
0 1132.0411456232353 1275.0166572557878 0.08229124647035095 0.033314511575381144
0 1365.0423557886245 1278.0101637492942 0.08471157724889068 0.020327498588368152
0 1641.0619201290842 1280.011010728402 0.12384025816861638 0.0220214568040655
0 1994.0209762000807 1272.0142574816489 0.04195240016135539 0.028514963297571992
0 348.0322710770472 1455.0094579333709 0.0645421540943929 0.0189158667419537
0 509.0014118596208 1518.001552795031 0.0028237192416296895 0.003105590062111801
0 566.0223880597015 1457.009881422925 0.04477611940298507 0.019762845849802372
0 713.0520371117386 1454.0158102766798 0.10407422347720856 0.03162055335968379
0 1021.0223880597015 1447.012987012987 0.04477611940298507 0.025974025974025976
0 1139.0457845905607 1451.012563523433 0.09156918112141993 0.0251270468661773
0 1401.0716014521984 1456.0173630717109 0.14320290439693426 0.03472614342179559
0 1801.0328761597418 1471.0128458498023 0.06575231948366277 0.025691699604743084
0 1996.0322710770472 1461.0115753811406 0.0645421540943929 0.023150762281197064
0 368.01169826542963 1641.0104460756634 0.023396530859217425 0.020892151326933936
0 466.03610326744655 1643.0101637492942 0.07220653489310205 0.020327498588368152
0 689.0352964905204 1625.014539808018 0.07059298104074223 0.029079616036137776
0 918.019967728923 1646.0097402597403 0.03993545784590561 0.01948051948051948
0 1077.0645421540944 1640.0177865612648 0.1290843081887858 0.03557312252964427
0 1485.0153287615974 1632.0111518915867 0.03065752319483663 0.022303783173348392
0 1587.0453812020976 1663.0087521174478 0.09076240419524001 0.017504234895539244
0 1809.0056474384833 1695.0053642010164 0.011294876966518758 0.010728402032749858
0 1876.0510286405809 1624.0175042348956 0.10205728116175877 0.03500846979107849
0 350.01976603469143 1804.0112930547714 0.03953206938281565 0.02258610954263128
0 469.0246066962485 1800.0119988706945 0.04921339249697459 0.023997741389045736
0 648.0367083501412 1807.0112930547714 0.07341670028237192 0.02258610954263128
0 847.0225897539331 1806.0143986448334 0.04517950786607503 0.028797289666854884
0 993.0566760790641 1793.0141163184642 0.11335215812827754 0.028232636928289104
0 1289.060709963695 1814.0136928289103 0.12141992739007665 0.027385657820440428
0 1652.0201694231546 1803.0151044607567 0.04033884630899556 0.03020892151326934
0 1778.018152480839 1823.0091756070017 0.03630496167809601 0.018351214003387916
0 1912.0486083098024 1816.0162337662337 0.09721661960467931 0.032467532467532464
0 363.02904396934247 1984.01185770751 0.05808793868495361 0.023715415019762844
0 564.0229931423961 1989.0104460756634 0.045986284792254944 0.020892151326933936
0 730.1353368293667 1999.012987012987 0.27067365873336025 0.025974025974025976
0 1410.044776119403 1996.011010728402 0.08955223880597014 0.0220214568040655
0 1657.0391286809197 1990.0117165443253 0.0782573618394514 0.023433088650479956
0 1875.0233965308591 2005.009881422925 0.04679306171843485 0.019762845849802372
0 328.09076240419523 2167.0156691134953 0.18152480839048002 0.031338226990400904
0 843.0409439290037 2171.0103049124787 0.08188785800726099 0.020609824957651044
0 1098.0342880193627 2174.0097402597403 0.06857603872529246 0.01948051948051948
0 1298.0439693424769 2167.011293054771 0.08793868495361033 0.02258610954263128
0 1507.0010084711578 2238.0005646527384 0.002016942315449778 0.001129305477131564
