0 0.1290843081887858 0.17038396386222474 0.11133521581282775 0.029361942405420668
0 0.13654699475594997 0.16854884246188595 0.0060508269463493344 0.010163749294184076
0 0.24526018555869303 0.17038396386222474 0.18757563533682936 0.027950310559006212
0 0.3051633723275514 0.16981931112365894 0.09318273497377975 0.024844720496894408
0 0.34530052440500203 0.1637492941840768 0.05203711173860428 0.014398644833427442
0 0.382008874546188 0.16925465838509315 0.04921339249697459 0.020609824957651044
0 0.39653085921742637 0.15951439864483344 0.0052440500201694235 0.007622811970638058
0 0.40984267849939493 0.16304347826086957 0.015328761597418314 0.007058159232072276
0 0.10266236385639371 0.19409937888198758 0.05647438483259379 0.023715415019762844
0 0.17043162565550626 0.19494635798983626 0.11254538120209762 0.025409373235460192
0 0.17648245260185558 0.1895821569734613 0.004840661557079467 0.001976284584980237
0 0.1827349737797499 0.1836533032185206 0.003630496167809601 0.00846979107848673
0 0.18797902379991932 0.18379446640316205 0.008067769261799113 0.011575381140598532
0 0.22771278741427994 0.18887634105025408 0.041145623235175476 0.022303783173348392
0 0.3071803146430012 0.18901750423489555 0.12263009277934651 0.02258610954263128
0 0.38321903993545786 0.18845285149632976 0.127470754336426 0.014398644833427442
0 0.40984267849939493 0.18845285149632976 0.03307785397337636 0.012140033879164314
0 0.4390883420734167 0.18901750423489555 0.0463896732553449 0.018068887634105024
0 0.11799112545381202 0.21696781479390176 0.10044372730939895 0.021739130434782608
0 0.1444130697862041 0.21301524562394128 0.020572811617587738 0.014398644833427442
0 0.17325534489713595 0.21979107848673066 0.03791851553045583 0.027950310559006212
0 0.25211778943122226 0.21442687747035574 0.12061315046389673 0.01948051948051948
0 0.326946349334409 0.21541501976284586 0.1218233158531666 0.021174477696216828
0 0.3509479628882614 0.2155561829474873 0.02218636546994756 0.016092603049124788
0 0.43404598628479224 0.21936758893280633 0.13876563130294473 0.023997741389045736
0 0.08168616377571601 0.23898927159796726 0.035498184751916094 0.018068887634105024
0 0.1409842678499395 0.23955392433653303 0.09762000806776926 0.01637492941840768
0 0.15248083904800322 0.24421230942970074 0.005647438483259379 0.012140033879164314
0 0.22509076240419523 0.23941276115189158 0.11617587736990723 0.017504234895539244
0 0.2624041952400161 0.24025974025974026 0.0500201694231545 0.014963297571993224
0 0.3126260588947156 0.24011857707509882 0.06938281565147236 0.018351214003387916
0 0.3719241629689391 0.23955392433653303 0.09560306575231949 0.01948051948051948
0 0.3926986688180718 0.2429418407679277 0.025413473174667203 0.020327498588368152
0 0.1329164985881404 0.2663749294184077 0.1262605889471561 0.017786561264822136
0 0.14784187172246874 0.2689158667419537 0.00645421540943929 0.010446075663466968
0 0.17426381605486083 0.26538678712591757 0.04154901169826543 0.014963297571993224
0 0.23497377974989916 0.2660926030491248 0.0891488503428802 0.018068887634105024
0 0.2668414683340056 0.26877470355731226 0.035901573215006054 0.02258610954263128
0 0.3164582492940702 0.26877470355731226 0.07583703106091166 0.023433088650479956
0 0.3567970956030658 0.2651044607566347 0.06897942718838242 0.012987012987012988
0 0.38241226300927794 0.2683512140033879 0.03469140782573618 0.017786561264822136
0 0.4025816861637757 0.2648221343873518 0.023396530859217425 0.008752117447769622
0 0.41972569584509883 0.2652456239412761 0.011294876966518758 0.007340485601355167
0 0.09943525615167406 0.28952569169960474 0.055667607906413875 0.016657255787690572
0 0.13876563130294473 0.29079616036137773 0.05687777329568374 0.015527950310559006
0 0.16599435256151673 0.2898080180688876 0.03227107704719645 0.012704686617730096
0 0.22327551432029044 0.29079616036137773 0.100040338846309 0.015810276679841896
0 0.263614360629286 0.29686617730095993 0.04881000403388463 0.0251270468661773
0 0.29487696651875756 0.2891022021456804 0.03711173860427592 0.015527950310559006
0 0.3741427995159338 0.2899491812535291 0.13674868898749495 0.015810276679841896
0 0.4112545381202098 0.29037267080745344 0.05163372327551432 0.015810276679841896
0 0.11536910044372731 0.31408808582721626 0.08511496571198064 0.012704686617730096
0 0.15147236789027835 0.3177583286278938 0.05445744251714401 0.019198193111236588
0 0.20471964501815249 0.3154997176736307 0.08027430415490117 0.014116318464144552
0 0.21056877773295685 0.3167701863354037 0.0024203307785397336 0.001976284584980237
0 0.23235175473981445 0.3170525127046866 0.02218636546994756 0.016092603049124788
0 0.2928600242033078 0.3210050818746471 0.10084711577248891 0.02766798418972332
0 0.29931423961274706 0.31846414455110106 0.003630496167809601 0.00818746470920384
0 0.36950383219039934 0.32156973461321287 0.12464703509479629 0.027385657820440428
0 0.41528842275110933 0.31846414455110106 0.07220653489310205 0.01693958215697346
0 0.08168616377571601 0.3450028232636928 0.021782977006857603 0.0251270468661773
0 0.16317063331988704 0.340626764539808 0.13957240822912464 0.01637492941840768
0 0.2236789027833804 0.340626764539808 0.10165389269866881 0.014116318464144552
0 0.2698668818071803 0.340626764539808 0.0653489310205728 0.016092603049124788
0 0.3291649858814038 0.34627329192546585 0.0935861234368697 0.024844720496894408
0 0.37474788221056876 0.34288537549407117 0.06212182331585317 0.020327498588368152
0 0.4356595401371521 0.34105025409373235 0.09640984267849939 0.014680971202710334
0 0.0837031060911658 0.36307171089779783 0.018959257765227916 0.012987012987012988
0 0.1526825332795482 0.366600790513834 0.11052843888664785 0.01355166572557877
0 0.19665187575635337 0.36716544325239975 0.06494554255748286 0.016092603049124788
0 0.2579669221460266 0.36589497459062675 0.1044776119402985 0.018633540372670808
0 0.28297700685760385 0.36674195369847545 0.021379588543767647 0.00846979107848673
0 0.3116175877369907 0.36589497459062675 0.0391286809197257 0.01383399209486166
0 0.3701089148850343 0.36688311688311687 0.08350141185962082 0.014398644833427442
0 0.40540540540540543 0.36984754376058726 0.04921339249697459 0.021739130434782608
