0 0.09217426381605485 0.14130434782608695 0.03751512706736587 0.023997741389045736
0 0.15288422751109318 0.1398927159796725 0.09156918112141993 0.020609824957651044
0 0.1607503025413473 0.1442687747035573 0.005647438483259379 0.010728402032749858
0 0.2099636950383219 0.1442687747035573 0.08027430415490117 0.028514963297571992
0 0.26845502218636547 0.14680971202710333 0.08592174263816055 0.03359683794466403
0 0.30354981847519164 0.14440993788819875 0.03469140782573618 0.029644268774703556
0 0.32654296087131907 0.13890457368718237 0.01936264622831787 0.01693958215697346
0 0.3953206938281565 0.13918690005646528 0.10326744655102864 0.020892151326933936
0 0.400363049616781 0.14356295878035008 0.007260992335619202 0.012704686617730096
0 0.0899556272690601 0.16403162055335968 0.040742234772085516 0.020892151326933936
0 0.1782977006857604 0.1653020892151327 0.14885034288019364 0.019762845849802372
0 0.22609923356192013 0.16431394692264256 0.06575231948366277 0.014116318464144552
0 0.25110931827349736 0.1637492941840768 0.02864058087938685 0.016657255787690572
0 0.3065752319483663 0.1691134952004517 0.0826946349334409 0.025974025974025976
0 0.3344090359015732 0.16417278373800112 0.03509479628882614 0.014398644833427442
0 0.40137152077450583 0.16445511010728403 0.11335215812827754 0.017221908526256352
0 0.09741831383622429 0.18929983060417843 0.06171843485276321 0.016657255787690572
0 0.13049616780960063 0.18944099378881987 0.04800322710770472 0.015245623941276116
0 0.20169423154497781 0.18986448334274422 0.118192819685357 0.018351214003387916
0 0.26764824526018555 0.19339356295878035 0.11496571198063735 0.021739130434782608
0 0.3130294473578056 0.19000564652738566 0.06696248487293263 0.014116318464144552
0 0.3315853166599435 0.1901468097120271 0.01936264622831787 0.016092603049124788
0 0.3642597821702299 0.19367588932806323 0.0536506655909641 0.023433088650479956
0 0.38221056877773296 0.18534726143421795 0.005647438483259379 0.00846979107848673
0 0.39975796692214605 0.189158667419537 0.021379588543767647 0.014680971202710334
0 0.1236385639370714 0.2155561829474873 0.11173860427591771 0.017221908526256352
0 0.14925373134328357 0.21569734613212874 0.02944735780556676 0.009599096555618294
0 0.2144009681323114 0.22106154714850368 0.10851149657119806 0.02456239412761152
0 0.26099233561920127 0.21979107848673066 0.07260992335619201 0.016657255787690572
0 0.3245260185558693 0.2161208356860531 0.09923356192012908 0.016657255787690572
0 0.38019362646228316 0.21527385657820441 0.07866075030254134 0.013269339356295878
0 0.3870512303348124 0.21414455110107283 0.003227107704719645 0.0016939582156973462
0 0.39774102460669625 0.20976849237718803 0.008874546187979023 0.00564652738565782
0 0.11980637353771682 0.24548277809147373 0.09923356192012908 0.028514963297571992
0 0.14521984671238403 0.24153020892151328 0.020976200080677694 0.013269339356295878
0 0.16780960064542155 0.2413890457368718 0.01653892698668818 0.00818746470920384
0 0.2345703912868092 0.24364765669113495 0.09883017345703912 0.024280067758328628
0 0.2763210972166196 0.24463579898362506 0.06897942718838242 0.02258610954263128
0 0.31585316659943524 0.24491812535290797 0.05244050020169423 0.02766798418972332
0 0.3763614360629286 0.2406832298136646 0.10649455425574829 0.015810276679841896
0 0.436668011294877 0.24054206662902314 0.10084711577248891 0.0189158667419537
0 0.11476401774909238 0.26792772444946356 0.09762000806776926 0.0220214568040655
0 0.127470754336426 0.27060982495765107 0.0052440500201694235 0.01129305477131564
0 0.15127067365873337 0.26651609260304915 0.03065752319483663 0.015527950310559006
0 0.1980637353771682 0.2673630717108978 0.07341670028237192 0.018068887634105024
0 0.263412666397741 0.26595143986448333 0.09802339653085922 0.015245623941276116
0 0.3323920935861234 0.2652456239412761 0.10810810810810811 0.01637492941840768
0 0.3872529245663574 0.26595143986448333 0.08834207341670028 0.017786561264822136
0 0.41972569584509883 0.26750423489553926 0.04437273093989512 0.021174477696216828
0 0.08551835417507059 0.2909373235460192 0.03469140782573618 0.019198193111236588
0 0.16680112948769665 0.2951722190852626 0.13311819281968534 0.022868435911914172
0 0.21036708350141187 0.29107848673066067 0.051230334812424366 0.012704686617730096
0 0.2765227914481646 0.2922077922077922 0.11093182734973779 0.015245623941276116
0 0.3007260992335619 0.29136081309994355 0.021782977006857603 0.012987012987012988
0 0.3372327551432029 0.29107848673066067 0.05203711173860428 0.014680971202710334
0 0.4045986284792255 0.2922077922077922 0.11577248890681727 0.014680971202710334
0 0.40984267849939493 0.29347826086956524 0.003630496167809601 0.002540937323546019
0 0.07321500605082695 0.31211180124223603 0.00645421540943929 0.009034443817052512
0 0.09721661960467931 0.31620553359683795 0.03953206938281565 0.01637492941840768
0 0.14199273900766438 0.31648785996612083 0.06736587333602259 0.015810276679841896
0 0.19160951996772893 0.3166290231507623 0.07341670028237192 0.017221908526256352
0 0.22327551432029044 0.31634669678147936 0.038321903993545785 0.015245623941276116
0 0.2801532876159742 0.3201581027667984 0.09116579265832997 0.023150762281197064
0 0.32755143202904397 0.3160643704121965 0.07139975796692215 0.01693958215697346
0 0.3652682533279548 0.3160643704121965 0.056070996369503835 0.012422360248447204
0 0.38563937071399756 0.3167701863354037 0.01936264622831787 0.012704686617730096
0 0.11436062928600242 0.34669678147939015 0.08955223880597014 0.025691699604743084
0 0.14037918515530456 0.34133258046301523 0.021379588543767647 0.014963297571993224
0 0.2200484066155708 0.3461321287408244 0.12706736587333603 0.022868435911914172
0 0.2444534086325131 0.34105025409373235 0.029850746268656716 0.009034443817052512
0 0.3164582492940702 0.3450028232636928 0.11214199273900767 0.021174477696216828
0 0.36345300524405 0.3445793337097685 0.07382008874546188 0.01637492941840768
0 0.39592577652279143 0.3450028232636928 0.045582896329164985 0.021174477696216828
0 0.08531665994352562 0.36702428006775834 0.028237192416296894 0.014680971202710334
0 0.14037918515530456 0.37111801242236025 0.09237595804759983 0.01948051948051948
0 0.14965711980637353 0.36984754376058726 0.003630496167809601 0.009034443817052512
0 0.16780960064542155 0.366600790513834 0.017749092375958047 0.015810276679841896
0 0.2200484066155708 0.36900056465273856 0.07503025413473174 0.01129305477131564
0 0.24949576442113755 0.36702428006775834 0.029043969342476807 0.008752117447769622
0 0.2936668011294877 0.3718238283455675 0.06333198870512304 0.026538678712591756
0 0.3519564340459863 0.36702428006775834 0.0935861234368697 0.016092603049124788
0 0.3781766841468334 0.37125917560700167 0.028237192416296894 0.023715415019762844
0 0.4060104881000403 0.36688311688311687 0.03872529245663574 0.014398644833427442
