0 378.03650665590965 896.0132693393563 0.07301331181928197 0.026538678712591756
0 644.0500201694232 901.0131281761717 0.100040338846309 0.026256352343308864
0 901.0054457442517 989.0042348955393 0.010891488503428802 0.00846979107848673
0 1000.0681726502622 896.0139751552795 0.136345300524405 0.027950310559006212
0 1413.0153287615974 905.0125635234331 0.03065752319483663 0.0251270468661773
0 1523.02480839048 921.0090344438171 0.04961678096006454 0.018068887634105024
0 1750.0703912868091 904.0139751552795 0.14078257361839452 0.027950310559006212
0 344.01815248083903 1085.0112930547714 0.03630496167809601 0.02258610954263128
0 495.03065752319486 1097.0097402597403 0.06131504638967326 0.01948051948051948
0 656.0052440500202 1166.0031055900622 0.010488100040338847 0.006211180124223602
0 765.0284388866478 1088.0115753811406 0.05687777329568374 0.023150762281197064
0 1016.062525211779 1100.0160926030492 0.12505042355788623 0.032185206098249576
0 1386.0365066559095 1099.0093167701864 0.07301331181928197 0.018633540372670808
0 1612.018152480839 1110.0087521174478 0.03630496167809601 0.017504234895539244
0 1791.0449778136344 1088.01185770751 0.0899556272690601 0.023715415019762844
0 341.038120209762 1261.0117165443253 0.07624041952400161 0.023433088650479956
0 646.0478015328762 1271.0111518915867 0.09560306575231949 0.022303783173348392
0 1024.0179507866076 1266.0119988706945 0.035901573215006054 0.023997741389045736
0 1146.0034288019363 1349.0031055900622 0.006857603872529245 0.006211180124223602
0 1199.0322710770472 1275.0104460756634 0.0645421540943929 0.020892151326933936
0 1418.0324727712787 1310.0119988706945 0.06494554255748286 0.023997741389045736
0 1638.0352964905203 1273.0170807453417 0.07059298104074223 0.034161490683229816
0 1879.0308592174263 1279.0108695652175 0.06171843485276321 0.021739130434782608
0 349.0645421540944 1472.0135516657256 0.1290843081887858 0.02710333145115754
0 767.0498184751916 1448.0115753811406 0.09963695038321904 0.023150762281197064
0 1101.0419524001613 1448.0114342179559 0.08390480032271078 0.022868435911914172
0 1379.0116982654297 1473.0071993224167 0.023396530859217425 0.014398644833427442
0 1521.056272690601 1464.0155279503106 0.11254538120209762 0.031055900621118012
0 1855.0161355385235 1464.0088932806325 0.03227107704719645 0.017786561264822136
0 344.02178297700686 1624.011010728402 0.04356595401371521 0.0220214568040655
0 536.1058894715611 1615.012563523433 0.2117789431222267 0.0251270468661773
0 1141.0177490923759 1626.011010728402 0.035498184751916094 0.0220214568040655
0 1277.0074626865671 1676.0047995482778 0.014925373134328358 0.009599096555618294
0 1378.0502218636548 1625.0115753811406 0.10044372730939895 0.023150762281197064
0 1708.0344897135942 1637.009881422925 0.06897942718838242 0.019762845849802372
0 1876.00524405002 1706.003529079616 0.010488100040338847 0.007058159232072276
0 347.05970149253733 1799.0115753811406 0.11940298507462686 0.023150762281197064
0 735.018152480839 1803.011010728402 0.03630496167809601 0.0220214568040655
0 893.028842275111 1810.0156691134953 0.057684550221863654 0.031338226990400904
0 1067.0312626058894 1803.0112930547714 0.06252521177894312 0.02258610954263128
0 1307.0153287615974 1845.0052230378317 0.03065752319483663 0.010446075663466968
0 1449.0738200887454 1799.0128458498023 0.14764017749092376 0.025691699604743084
0 1900.017345703913 1852.0056465273856 0.03469140782573618 0.01129305477131564
0 337.05486083098026 1976.01185770751 0.10972166196046793 0.023715415019762844
0 676.0619201290843 1976.0177865612648 0.12384025816861638 0.03557312252964427
0 999.0020169423154 2057.001270468662 0.004033884630899556 0.002540937323546019
0 1064.004437273094 1988.0045172219086 0.008874546187979023 0.009034443817052512
0 1153.0163372327552 1997.0097402597403 0.0326744655102864 0.01948051948051948
0 1300.0530455828964 1983.0170807453417 0.10609116579265833 0.034161490683229816
0 1629.0272287212586 1984.0115753811406 0.05445744251714401 0.023150762281197064
0 1817.0320693828157 1989.0122811970639 0.06413876563130294 0.02456239412761152
0 360.0578862444534 2160.0175042348956 0.11577248890681727 0.03500846979107849
0 752.0401371520775 2169.0104460756634 0.08027430415490117 0.020892151326933936
0 1085.0334812424364 2162.0115753811406 0.06696248487293263 0.023150762281197064
0 1360.0344897135942 2166.0111518915865 0.06897942718838242 0.022303783173348392
0 1634.0534489713593 2163.016939582157 0.10689794271883823 0.03387916431394692
0 1963.0219846712384 2172.0103049124787 0.043969342476805166 0.020609824957651044
0 350.02783380395323 2339.010728402033 0.055667607906413875 0.021456804065499716
0 552.0052440500202 2415.0043760587237 0.010488100040338847 0.008752117447769622
0 629.0264219443324 2373.010587238848 0.052843888664784185 0.021174477696216828
0 818.0369100443727 2344.0115753811406 0.07382008874546188 0.023150762281197064
0 1068.0445744251715 2351.0155279503106 0.0891488503428802 0.031055900621118012
0 1372.0526421944332 2335.0190570299264 0.10528438886647842 0.03811405985319029
0 1741.0250100847115 2385.0049407114625 0.0500201694231545 0.009881422924901186
0 1922.0139169019767 2349.009175607002 0.027833803953206938 0.018351214003387916
0 342.0147236789028 2522.0095990965556 0.02944735780556676 0.019198193111236588
0 471.0635336829367 2518.018633540373 0.12706736587333603 0.037267080745341616
0 850.0290439693425 2519.0111518915865 0.05808793868495361 0.022303783173348392
0 1062.022589753933 2562.0049407114625 0.04517950786607503 0.009881422924901186
0 1224.0352964905203 2529.0162337662337 0.07059298104074223 0.032467532467532464
0 1473.0556676079063 2518.018068887634 0.11133521581282775 0.03613777526821005
0 1764.002218636547 2589.0018351214003 0.004437273093989512 0.0036702428006775835
0 1819.0048406615572 2537.0038114059853 0.009681323114158934 0.007622811970638058
