0 0.12948769665187576 0.1362224731789949 0.11980637353771682 0.043478260869565216
0 0.15671641791044777 0.12902315076228119 0.031060911657926585 0.0251270468661773
0 0.2146026623638564 0.12987012987012986 0.09560306575231949 0.02258610954263128
0 0.2646228317870109 0.13749294184076793 0.08067769261799113 0.02766798418972332
0 0.2936668011294877 0.13749294184076793 0.027833803953206938 0.03670242800677583
0 0.31323114158935056 0.1293054771315641 0.02944735780556676 0.020609824957651044
0 0.37797498991528844 0.12987012987012986 0.10407422347720856 0.021739130434782608
0 0.41770875352964904 0.13043478260869565 0.0653489310205728 0.021456804065499716
0 0.07946752722872126 0.16332580463015245 0.02581686163775716 0.04206662902315076
0 0.12948769665187576 0.15527950310559005 0.08511496571198064 0.021456804065499716
0 0.16680112948769665 0.15499717673630717 0.048406615570794675 0.016657255787690572
0 0.23295683743444937 0.15951439864483344 0.1073013311819282 0.03077357425183512
0 0.2900363049616781 0.1551383399209486 0.0899556272690601 0.023997741389045736
0 0.299919322307382 0.1600790513833992 0.0052440500201694235 0.007340485601355167
0 0.32331585316659944 0.1557029926595144 0.03227107704719645 0.020892151326933936
0 0.35841064945542556 0.15542066629023152 0.05808793868495361 0.016657255787690572
0 0.3810004033884631 0.15527950310559005 0.02864058087938685 0.018351214003387916
0 0.4144816458249294 0.16431394692264256 0.05647438483259379 0.03896103896103896
0 0.09035901573215006 0.1808300395256917 0.06171843485276321 0.013269339356295878
0 0.12827753126260588 0.1789949181253529 0.042759177087535294 0.022303783173348392
0 0.18414683340056473 0.1811123658949746 0.08027430415490117 0.021739130434782608
0 0.26300927793465106 0.17998306041784304 0.13594191206131503 0.015527950310559006
0 0.2942718838241226 0.1805477131564088 0.03993545784590561 0.010446075663466968
0 0.34308188785800725 0.18619424054206662 0.06857603872529246 0.025691699604743084
0 0.3890681726502622 0.18040654997176736 0.06857603872529246 0.018633540372670808
0 0.4100443727309399 0.18139469226425747 0.02702702702702703 0.021739130434782608
0 0.09640984267849939 0.21357989836250707 0.08148446954417103 0.03980801806888763
0 0.11577248890681727 0.2127329192546584 0.024203307785397338 0.038396386222473176
0 0.14017749092375958 0.20652173913043478 0.029043969342476807 0.025691699604743084
0 0.17507059298104075 0.20525127046866176 0.053247277127874144 0.011857707509881422
0 0.1811214199273901 0.20539243365330323 0.0016135538523598225 0.001129305477131564
0 0.2472771278741428 0.21315640880858272 0.10488100040338846 0.03811405985319029
0 0.3031464300121017 0.20426312817617165 0.09035901573215006 0.011575381140598532
0 0.3237192416296894 0.21132128740824394 0.026220250100847116 0.030491247882552232
0 0.34630899556272693 0.20496894409937888 0.02864058087938685 0.018068887634105024
0 0.3870512303348124 0.21132128740824394 0.06252521177894312 0.03077357425183512
0 0.42517144009681324 0.205957086391869 0.052843888664784185 0.017786561264822136
0 0.12767244856797097 0.23616600790513834 0.13795885437676483 0.034161490683229816
0 0.20653489310205728 0.22910784867306608 0.1319080274304155 0.019198193111236588
0 0.2400161355385236 0.22868435911914173 0.03993545784590561 0.009599096555618294
0 0.26865671641791045 0.2300959909655562 0.031060911657926585 0.0220214568040655
0 0.3021379588543768 0.23080180688876342 0.050423557886244454 0.018068887634105024
0 0.3483259378781767 0.22981366459627328 0.07018959257765228 0.020045172219085264
0 0.3880597014925373 0.2310841332580463 0.05445744251714401 0.021739130434782608
0 0.4136748688987495 0.23094297007340486 0.027833803953206938 0.019198193111236588
0 0.09802339653085922 0.2552230378317335 0.07704719645018153 0.023997741389045736
0 0.10871319080274304 0.25804630152456237 0.00645421540943929 0.007905138339920948
0 0.15409439290036306 0.2562111801242236 0.0500201694231545 0.022303783173348392
0 0.21601452198467125 0.25592885375494073 0.09883017345703912 0.025409373235460192
0 0.24969745865268253 0.25691699604743085 0.056070996369503835 0.023715415019762844
0 0.2855990318676886 0.25592885375494073 0.04961678096006454 0.021739130434782608
0 0.31040742234772084 0.256352343308865 0.04195240016135539 0.0251270468661773
0 0.3434852763210972 0.25663466967814796 0.04195240016135539 0.01129305477131564
0 0.3947156111335216 0.2562111801242236 0.08713190802743041 0.018068887634105024
0 0.4346510689794272 0.2553642010163749 0.055667607906413875 0.0189158667419537
0 0.10609116579265833 0.2929136081309994 0.10407422347720856 0.04997176736307171
0 0.1254538120209762 0.28924336533032186 0.02501008471157725 0.039243365330321855
0 0.19967728922952804 0.27936194240542067 0.12827753126260588 0.022868435911914172
0 0.254941508672852 0.2821852060982496 0.09923356192012908 0.025691699604743084
0 0.34872932634126663 0.28204404291360813 0.15449778136345302 0.02710333145115754
0 0.38765631302944736 0.2816205533596838 0.0500201694231545 0.01129305477131564
0 0.4443323920935861 0.2878317334839074 0.08350141185962082 0.039525691699604744
0 0.0790641387656313 0.30448898927159795 0.042759177087535294 0.02258610954263128
0 0.13473174667204518 0.30533596837944665 0.07866075030254134 0.023715415019762844
0 0.15772488906817264 0.31493506493506496 0.02864058087938685 0.036420101637492944
0 0.21964501815248083 0.314652738565782 0.10851149657119806 0.04121964991530209
0 0.26300927793465106 0.3073122529644269 0.060508269463493344 0.024280067758328628
0 0.2845905607099637 0.31281761716544326 0.02702702702702703 0.03359683794466403
0 0.31988705123033484 0.30688876341050253 0.05163372327551432 0.021456804065499716
0 0.38584106494554254 0.31648785996612083 0.10810810810810811 0.041501976284584984
0 0.40782573618394513 0.30688876341050253 0.02743041549011698 0.009881422924901186
0 0.0699878983461073 0.33116883116883117 0.01936264622831787 0.020327498588368152
0 0.09782170229931424 0.33130999435347264 0.03146430012101654 0.019762845849802372
0 0.15227914481645824 0.33243929983060416 0.08229124647035095 0.024844720496894408
0 0.16155707946752723 0.3315923207227555 0.003227107704719645 0.001976284584980237
