0 0.07966922146026624 0.12309429700734048 0.04033884630899556 0.026256352343308864
0 0.14743848325937878 0.1271880293619424 0.11496571198063735 0.03162055335968379
0 0.17648245260185558 0.12365894974590627 0.026623638563937072 0.024280067758328628
0 0.20794675272287214 0.13015245623941277 0.042759177087535294 0.035290796160361376
0 0.2563533682936668 0.12478825522303783 0.07704719645018153 0.012704686617730096
0 0.36506655909640984 0.12859966120835686 0.19766034691407824 0.03020892151326934
0 0.4171036708350141 0.1266233766233766 0.09035901573215006 0.02766798418972332
0 0.4536103267446551 0.1271880293619424 0.05163372327551432 0.025691699604743084
0 0.13432835820895522 0.15302089215132694 0.15611133521581283 0.03585544889892716
0 0.18354175070592982 0.1470920383963862 0.08471157724889068 0.021739130434782608
0 0.2515127067365873 0.15654997176736307 0.11859620814844696 0.042348955392433656
0 0.29043969342476805 0.14793901750423488 0.06212182331585317 0.023715415019762844
0 0.3172650262202501 0.14836250705815923 0.029850746268656716 0.023150762281197064
0 0.36950383219039934 0.14949181253529079 0.09076240419524001 0.0220214568040655
0 0.38886647841871724 0.14850367024280067 0.02702702702702703 0.016092603049124788
0 0.41871722468737393 0.14850367024280067 0.0500201694231545 0.025409373235460192
0 0.0935861234368697 0.17348955392433654 0.08793868495361033 0.021174477696216828
0 0.11476401774909238 0.17645398080180688 0.02581686163775716 0.028232636928289104
0 0.19221460266236384 0.17363071710897798 0.14158935054457442 0.023997741389045736
0 0.22166196046793063 0.17348955392433654 0.05687777329568374 0.024844720496894408
0 0.29810407422347723 0.17504234895539245 0.14320290439693426 0.028514963297571992
0 0.3029447357805567 0.17447769621682666 0.003227107704719645 0.002540937323546019
0 0.36587333602258976 0.17546583850931677 0.11093182734973779 0.024280067758328628
0 0.4124647035094796 0.176171654432524 0.0790641387656313 0.025409373235460192
0 0.4737797498991529 0.18153585544889891 0.11093182734973779 0.032185206098249576
0 0.09620814844695441 0.19861660079051383 0.08753529649052037 0.025409373235460192
0 0.15026220250100847 0.2044042913608131 0.09035901573215006 0.022868435911914172
0 0.2382008874546188 0.2044042913608131 0.1581282775312626 0.03613777526821005
0 0.25675675675675674 0.1976284584980237 0.02581686163775716 0.021456804065499716
0 0.2864058087938685 0.19776962168266515 0.05244050020169423 0.021174477696216828
0 0.3334005647438483 0.19918125352907962 0.08551835417507059 0.02456239412761152
0 0.39653085921742637 0.2012987012987013 0.11738604275917709 0.02456239412761152
0 0.45421540943929006 0.20892151326933936 0.09963695038321904 0.037549407114624504
0 0.07745058491327148 0.2245906267645398 0.051230334812424366 0.03020892151326934
0 0.0945945945945946 0.22162619988706944 0.024203307785397338 0.009316770186335404
0 0.17849939491730538 0.22275550536420102 0.15611133521581283 0.023433088650479956
0 0.1845502218636547 0.22162619988706944 0.0024203307785397336 0.001976284584980237
0 0.2603872529245664 0.22275550536420102 0.14037918515530456 0.03274985883681536
0 0.3325937878176684 0.23277809147374365 0.13473174667204518 0.04601919819311124
0 0.36506655909640984 0.22882552230378317 0.05929810407422348 0.041501976284584984
0 0.409035901573215 0.2279785431959345 0.0754336425978217 0.03557312252964427
0 0.47337636143606293 0.22317899491812535 0.11698265429608713 0.021739130434782608
0 0.10871319080274304 0.2528232636928289 0.12101653892698669 0.037267080745341616
0 0.14663170633319886 0.24872953133822698 0.05647438483259379 0.0251270468661773
0 0.19342476805163372 0.2556465273856578 0.08390480032271078 0.03811405985319029
0 0.21520774505849133 0.24971767363071712 0.029043969342476807 0.023433088650479956
0 0.2678499394917305 0.24872953133822698 0.09197256958450989 0.01693958215697346
0 0.290843081887858 0.24816487859966121 0.021379588543767647 0.018351214003387916
0 0.39310205728116177 0.25917560700169395 0.1855586930213796 0.047713156408808584
0 0.42860024203307784 0.2494353472614342 0.0609116579265833 0.02258610954263128
0 0.13029447357805568 0.27936194240542067 0.15288422751109318 0.03274985883681536
0 0.136345300524405 0.27089215132693395 0.0028237192416296895 0.002540937323546019
0 0.17224687373941105 0.27399774138904576 0.03993545784590561 0.027950310559006212
0 0.1899959661153691 0.2745623941276115 0.020976200080677694 0.020892151326933936
0 0.21359419120613152 0.2723037831733484 0.03227107704719645 0.028514963297571992
0 0.2708753529649052 0.27428006775832864 0.09560306575231949 0.014680971202710334
0 0.29043969342476805 0.2756916996047431 0.02379991932230738 0.010446075663466968
0 0.38019362646228316 0.2751270468661773 0.17224687373941105 0.025974025974025976
0 0.47983057684550223 0.2738565782044043 0.18313836224283986 0.029644268774703556
0 0.1355385235982251 0.2974308300395257 0.16579265832997175 0.023997741389045736
0 0.1827349737797499 0.29884246188594016 0.06615570794675273 0.025409373235460192
0 0.2771278741427995 0.2996894409937888 0.16700282371924163 0.02258610954263128
0 0.3354175070592981 0.3051948051948052 0.09923356192012908 0.03670242800677583
0 0.3701089148850343 0.2984189723320158 0.04356595401371521 0.010163749294184076
0 0.41306978620411455 0.29898362507058157 0.0653489310205728 0.02258610954263128
0 0.10528438886647842 0.3242518351214003 0.08672851956434045 0.026538678712591756
0 0.1508672851956434 0.32382834556747603 0.07503025413473174 0.024280067758328628
0 0.19060104881000403 0.32481648785996614 0.051230334812424366 0.022303783173348392
0 0.30395320693828154 0.3245341614906832 0.2045179507866075 0.02710333145115754
0 0.35175473981444133 0.3243929983060418 0.07422347720855184 0.023433088650479956
0 0.43384429205324726 0.33272162619988704 0.14037918515530456 0.03557312252964427
0 0.4398951189995966 0.32142857142857145 0.003227107704719645 0.00282326369282891
