0 0.13311819281968534 0.15372670807453417 0.11173860427591771 0.012987012987012988
0 0.172851956434046 0.15273856578204403 0.05203711173860428 0.010728402032749858
0 0.272488906817265 0.1528797289666855 0.16579265832997175 0.01355166572557877
0 0.32513110125050426 0.15697346132128742 0.07664380798709157 0.019198193111236588
0 0.3519564340459863 0.15400903444381706 0.02581686163775716 0.01693958215697346
0 0.3916901976603469 0.15302089215132694 0.0536506655909641 0.015527950310559006
0 0.4574425171440097 0.15330321852060982 0.10972166196046793 0.014963297571993224
0 0.463695038321904 0.15654997176736307 0.003630496167809601 0.007340485601355167
0 0.10104881000403389 0.17871259175607002 0.05203711173860428 0.01101072840203275
0 0.14945542557482855 0.17843026538678713 0.09035901573215006 0.015527950310559006
0 0.22246873739411052 0.17871259175607002 0.11657926583299717 0.011857707509881422
0 0.22892295280354982 0.17857142857142858 0.003630496167809601 0.001976284584980237
0 0.2757160145219847 0.17814793901750423 0.06494554255748286 0.01383399209486166
0 0.33864461476401775 0.1795595708639187 0.10044372730939895 0.017786561264822136
0 0.381605486083098 0.17800677583286278 0.050423557886244454 0.009599096555618294
0 0.43243243243243246 0.17786561264822134 0.06212182331585317 0.011857707509881422
0 0.16034691407825735 0.20454545454545456 0.1718434852763211 0.009881422924901186
0 0.18797902379991932 0.20271033314511575 0.029043969342476807 0.01637492941840768
0 0.2325534489713594 0.2025691699604743 0.0681726502622025 0.011857707509881422
0 0.33642597821702297 0.20511010728402032 0.18354175070592982 0.021174477696216828
0 0.39511899959661156 0.2062394127611519 0.0790641387656313 0.017504234895539244
0 0.4441306978620411 0.2041219649915302 0.07059298104074223 0.015527950310559006
0 0.127470754336426 0.25607001693958215 0.11214199273900767 0.016092603049124788
0 0.20270270270270271 0.2540937323546019 0.12303348124243646 0.012704686617730096
0 0.27208551835417505 0.2540937323546019 0.11254538120209762 0.011857707509881422
0 0.3771682129891085 0.25451722190852627 0.17749092375958048 0.016092603049124788
0 0.4400968132311416 0.25592885375494073 0.08955223880597014 0.0189158667419537
0 0.12888261395724082 0.2790796160361378 0.11859620814844696 0.012987012987012988
0 0.15893505445744252 0.2787972896668549 0.030254134731746672 0.01101072840203275
0 0.2353771682129891 0.2780914737436477 0.08713190802743041 0.01355166572557877
0 0.3301734570391287 0.28204404291360813 0.16296893908834206 0.018068887634105024
0 0.33884630899556273 0.2821852060982496 0.004437273093989512 0.007340485601355167
0 0.3836224283985478 0.28063241106719367 0.06292860024203308 0.01693958215697346
0 0.44917305365066557 0.2802089215132693 0.11859620814844696 0.016657255787690572
0 0.12041145623235175 0.3051948051948052 0.09963695038321904 0.01355166572557877
0 0.16276724485679708 0.3040654997176736 0.051230334812424366 0.011575381140598532
0 0.20774505849132716 0.3040654997176736 0.05808793868495361 0.010163749294184076
0 0.290843081887858 0.3042066629023151 0.15449778136345302 0.01637492941840768
0 0.30496167809600644 0.3073122529644269 0.004033884630899556 0.008752117447769622
0 0.354578459056071 0.30448898927159795 0.07946752722872126 0.014398644833427442
0 0.4247680516337233 0.3059006211180124 0.10931827349737798 0.0189158667419537
0 0.15490116982654295 0.3296160361377753 0.16942315449778136 0.014398644833427442
0 0.25332795482049214 0.33229813664596275 0.1553045582896329 0.0220214568040655
0 0.2644211375554659 0.3286278938452851 0.0052440500201694235 0.002258610954263128
0 0.31040742234772084 0.32891022021456806 0.029850746268656716 0.009316770186335404
0 0.3557886244453409 0.3307453416149068 0.06131504638967326 0.012422360248447204
0 0.4110528438886648 0.3338509316770186 0.08188785800726099 0.019198193111236588
0 0.4146833400564744 0.33356860530773574 0.004437273093989512 0.006211180124223602
0 0.4530052440500202 0.33145115753811405 0.0572811617587737 0.01383399209486166
0 0.14864864864864866 0.3805759457933371 0.145623235175474 0.014398644833427442
0 0.15671641791044777 0.38198757763975155 0.0052440500201694235 0.006493506493506494
0 0.2428398547801533 0.38283455674760025 0.13432835820895522 0.021174477696216828
0 0.2658329971762808 0.3804347826086957 0.024606696248487294 0.006493506493506494
0 0.28963291649858813 0.3802936194240542 0.020976200080677694 0.007622811970638058
0 0.38967325534489716 0.382128740824393 0.17466720451795079 0.019762845849802372
0 0.39693424768051633 0.38354037267080743 0.00645421540943929 0.007905138339920948
0 0.44150867285195644 0.38099943534726144 0.0609116579265833 0.009316770186335404
