0 340.02924566357405 765.0071993224167 0.058491327148043566 0.014398644833427442
0 560.0528438886648 760.0088932806324 0.10568777732956837 0.017786561264822136
0 910.0308592174264 792.0042348955393 0.06171843485276321 0.00846979107848673
0 1119.0568777732956 763.0073404856014 0.11375554659136748 0.014680971202710334
0 1498.0141185962082 752.0088932806324 0.028237192416296894 0.017786561264822136
0 1625.0782573618394 763.0081874647092 0.1565147236789028 0.01637492941840768
0 2036.0024203307785 803.0009881422925 0.004840661557079467 0.001976284584980237
0 2104.030455828963 750.0088932806324 0.0609116579265833 0.017786561264822136
0 316.0623235175474 946.0080463015246 0.12464703509479629 0.016092603049124788
0 735.0550625252117 949.0067758328628 0.11012505042355789 0.01355166572557877
0 1066.0322710770472 965.0049407114625 0.0645421540943929 0.009881422924901186
0 1315.0393303751512 962.0046583850932 0.07866075030254134 0.009316770186335404
0 1604.0449778136344 946.0067758328628 0.0899556272690601 0.01355166572557877
0 1885.0677692617992 956.0069169960474 0.1355385235982251 0.01383399209486166
0 337.0389269866882 1133.0064935064936 0.07785397337636143 0.012987012987012988
0 631.0443727309399 1132.0064935064936 0.08874546187979024 0.012987012987012988
0 930.0707946752723 1122.0080463015245 0.14158935054457442 0.016092603049124788
0 1305.0016135538524 1176.0009881422925 0.003227107704719645 0.001976284584980237
0 1377.0330778539733 1118.008328627894 0.06615570794675273 0.016657255787690572
0 1578.0486083098024 1108.009881422925 0.09721661960467931 0.019762845849802372
0 1896.0724082291247 1112.0094579333709 0.14481645824929407 0.0189158667419537
0 336.06736587333603 1303.008610954263 0.13473174667204518 0.017221908526256352
0 747.0143202904397 1299.0081874647092 0.02864058087938685 0.01637492941840768
0 889.051835417507 1305.0071993224167 0.1036708350141186 0.014398644833427442
0 1223.0367083501412 1326.004376058724 0.07341670028237192 0.008752117447769622
0 1492.058087938685 1306.0088932806325 0.11617587736990723 0.017786561264822136
0 1851.0371117386044 1322.0049407114625 0.07422347720855184 0.009881422924901186
0 2113.0242033077852 1303.008328627894 0.048406615570794675 0.016657255787690572
0 343.0986284792255 1496.007481648786 0.1972569584509883 0.014963297571993224
0 920.0183541750706 1483.008328627894 0.03670835014118596 0.016657255787690572
0 1073.0262202501008 1492.005928853755 0.05244050020169423 0.011857707509881422
0 1250.0601048810004 1485.0077639751553 0.12020976200080678 0.015527950310559006
0 1585.002218636547 1529.0033879164314 0.004437273093989512 0.006775832862789385
0 1654.0496167809602 1484.007481648786 0.09923356192012908 0.014963297571993224
0 1969.0391286809197 1500.005928853755 0.0782573618394514 0.011857707509881422
0 349.0167406212182 1672.006352343309 0.033481242436466316 0.012704686617730096
0 506.0264219443324 1688.0067758328628 0.052843888664784185 0.01355166572557877
0 688.0371117386043 1673.0071993224167 0.07422347720855184 0.014398644833427442
0 939.0312626058894 1686.0050818746472 0.06252521177894312 0.010163749294184076
0 1148.0147236789028 1672.005928853755 0.02944735780556676 0.011857707509881422
0 1315.0387252924565 1667.0076228119706 0.07745058491327148 0.015245623941276116
0 1595.036304961678 1665.0087521174478 0.07260992335619201 0.017504234895539244
0 1821.0020169423155 1720.0031055900622 0.004033884630899556 0.006211180124223602
0 1883.0141185962082 1675.0062111801242 0.028237192416296894 0.012422360248447204
0 2025.010689794272 1685.003529079616 0.021379588543767647 0.007058159232072276
0 348.0996369503832 1853.0062111801242 0.19927390076643808 0.012422360248447204
0 932.0498184751916 1859.0069169960475 0.09963695038321904 0.01383399209486166
0 1253.013311819282 1831.009034443817 0.026623638563937072 0.018068887634105024
0 1405.1127470754336 1837.009881422925 0.2254941508672852 0.019762845849802372
0 1982.0016135538524 1887.0011293054772 0.003227107704719645 0.002258610954263128
0 294.0919725695845 2025.0094579333709 0.18394513916901978 0.0189158667419537
0 838.0294473578056 2034.005928853755 0.05889471561113352 0.011857707509881422
0 1070.0889471561113 2007.0088932806325 0.17789431222267044 0.017786561264822136
0 1585.0504235578862 2040.0052230378317 0.10084711577248891 0.010446075663466968
0 1901.0280354981849 2033.0056465273856 0.056070996369503835 0.01129305477131564
0 2087.0252117789432 2019.007058159232 0.050423557886244454 0.014116318464144552
0 334.015530455829 2194.008752117448 0.031060911657926585 0.017504234895539244
0 470.04638967325536 2208.006634669678 0.0927793465106898 0.013269339356295878
0 723.0018152480839 2249.0029644268775 0.003630496167809601 0.005928853754940711
0 857.062928600242 2196.009175607002 0.12585720048406615 0.018351214003387916
0 1270.0750302541348 2200.0097402597403 0.1500605082694635 0.01948051948051948
0 1655.0032271077048 2244.0036702428006 0.00645421540943929 0.007340485601355167
0 1720.029245663574 2225.0042348955394 0.058491327148043566 0.00846979107848673
0 1938.0524405002018 2196.0108695652175 0.10488100040338846 0.021739130434782608
0 349.0161355385236 2389.0063523433087 0.03227107704719645 0.012704686617730096
0 560.028842275111 2395.004799548278 0.057684550221863654 0.009599096555618294
0 772.0566760790641 2370.008752117448 0.11335215812827754 0.017504234895539244
0 1155.0538523598225 2383.0088932806325 0.10770471964501815 0.017786561264822136
0 1438.0014118596207 2428.0014116318466 0.0028237192416296895 0.00282326369282891
