0 356.03791851553046 758.0084697910785 0.07583703106091166 0.01693958215697346
0 620.033279548205 769.0067758328628 0.06655909640984267 0.01355166572557877
0 856.0534489713594 751.0088932806324 0.10689794271883823 0.017786561264822136
0 1130.053650665591 746.0110107284021 0.1073013311819282 0.0220214568040655
0 1436.0175473981444 785.003529079616 0.03509479628882614 0.007058159232072276
0 1608.06655909641 759.007481648786 0.13311819281968534 0.014963297571993224
0 1964.0036304961677 804.0036702428007 0.007260992335619202 0.007340485601355167
0 2037.0141185962082 765.0062111801242 0.028237192416296894 0.012422360248447204
0 376.02258975393306 957.0062111801242 0.04517950786607503 0.012422360248447204
0 571.0693828156515 948.0086109542631 0.13876563130294473 0.017221908526256352
0 1025.015127067366 950.0063523433089 0.030254134731746672 0.012704686617730096
0 1203.0484066155707 950.0063523433089 0.09681323114158935 0.012704686617730096
0 1457.003025413473 994.003529079616 0.0060508269463493344 0.007058159232072276
0 1564.012908430819 936.0080463015246 0.02581686163775716 0.016092603049124788
0 1700.0433642597823 937.0098814229249 0.08672851956434045 0.019762845849802372
0 1961.015933844292 943.005505364201 0.0318676885841065 0.01101072840203275
0 376.05324727712787 1135.006634669678 0.10649455425574829 0.013269339356295878
0 775.0094796288826 1152.003529079616 0.018959257765227916 0.007058159232072276
0 899.0909640984268 1115.0093167701864 0.18192819685356998 0.018633540372670808
0 1426.0342880193627 1130.006634669678 0.06857603872529246 0.013269339356295878
0 1672.0215812827753 1122.00790513834 0.043162565550625254 0.015810276679841896
0 1882.0304558289633 1129.005505364201 0.0609116579265833 0.01101072840203275
0 2095.0324727712787 1121.006352343309 0.06494554255748286 0.012704686617730096
0 403.0562726906011 1309.007481648786 0.11254538120209762 0.014963297571993224
0 712.0024203307786 1352.0014116318464 0.004840661557079467 0.00282326369282891
0 843.0149253731344 1308.006352343309 0.029850746268656716 0.012704686617730096
0 983.0280354981847 1298.0069169960475 0.056070996369503835 0.01383399209486166
0 1188.0252117789432 1295.0076228119706 0.050423557886244454 0.015245623941276116
0 1381.01956434046 1293.0076228119706 0.0391286809197257 0.015245623941276116
0 1544.0118999596612 1305.0053642010164 0.02379991932230738 0.010728402032749858
0 1664.0594997983058 1311.006634669678 0.1189995966115369 0.013269339356295878
0 2015.0592981040743 1298.0080463015245 0.11859620814844696 0.016092603049124788
0 404.0724082291246 1476.0112930547714 0.14481645824929407 0.02258610954263128
0 785.004437273094 1526.004658385093 0.008874546187979023 0.009316770186335404
0 924.1054860830981 1463.0108695652175 0.2109721661960468 0.021739130434782608
0 1536.0542557482856 1463.0087521174478 0.10851149657119806 0.017504234895539244
0 1904.0175473981444 1464.0087521174478 0.03509479628882614 0.017504234895539244
0 394.0461879790238 1666.0071993224167 0.09237595804759983 0.014398644833427442
0 742.0554659136749 1660.0071993224167 0.11093182734973779 0.014398644833427442
0 1102.036304961678 1676.0038114059853 0.07260992335619201 0.007622811970638058
0 1308.0018152480839 1704.0011293054772 0.003630496167809601 0.002258610954263128
0 1417.0346914078257 1653.0073404856014 0.06938281565147236 0.014680971202710334
0 1627.0415490116982 1654.00790513834 0.08309802339653086 0.015810276679841896
0 1941.0566760790641 1654.0071993224167 0.11335215812827754 0.014398644833427442
0 396.0490116982654 1851.0060700169395 0.09802339653085922 0.012140033879164314
0 674.0215812827753 1849.0060700169395 0.043162565550625254 0.012140033879164314
0 879.0070592981041 1879.0029644268775 0.014118596208148447 0.005928853754940711
0 929.0877369907221 1836.008610954263 0.1754739814441307 0.017221908526256352
0 1386.004437273094 1822.0028232636928 0.008874546187979023 0.00564652738565782
0 1467.0153287615974 1832.006634669678 0.03065752319483663 0.013269339356295878
0 1627.0078660750303 1858.0028232636928 0.01573215006050827 0.00564652738565782
0 1756.060306575232 1833.0071993224167 0.12061315046389673 0.014398644833427442
0 405.0502218636547 2023.006352343309 0.10044372730939895 0.012704686617730096
0 761.0373134328358 2024.005928853755 0.07462686567164178 0.011857707509881422
0 1057.031060911658 2029.0045172219086 0.06212182331585317 0.009034443817052512
0 1307.0457845905607 2003.0087521174478 0.09156918112141993 0.017504234895539244
0 1553.0018152480839 2061.001129305477 0.003630496167809601 0.002258610954263128
