0 352.0072609923356 754.0079051383399 0.014521984671238403 0.015810276679841896
0 453.06696248487293 760.0080463015246 0.13392496974586526 0.016092603049124788
0 888.0129084308189 762.0063523433089 0.02581686163775716 0.012704686617730096
0 995.0229931423961 775.0053642010164 0.045986284792254944 0.010728402032749858
0 1222.0960064542155 757.0077639751553 0.1920129084308189 0.015527950310559006
0 1779.0147236789028 750.0088932806324 0.02944735780556676 0.017786561264822136
0 1930.0552642194434 764.0086109542631 0.11052843888664785 0.017221908526256352
0 354.05889471561113 948.0077639751553 0.11778943122226704 0.015527950310559006
0 750.0088745461879 968.0028232636928 0.017749092375958047 0.00564652738565782
0 835.033279548205 946.0056465273857 0.06655909640984267 0.01129305477131564
0 1105.0139169019767 929.009457933371 0.027833803953206938 0.0189158667419537
0 1303.0054457442518 971.0029644268775 0.010891488503428802 0.005928853754940711
0 1360.0413473174667 933.0069169960474 0.0826946349334409 0.01383399209486166
0 1659.0572811617587 946.0062111801242 0.1145623235175474 0.012422360248447204
0 2012.027027027027 958.0046583850932 0.05405405405405406 0.009316770186335404
0 2176.0042355788623 941.0069169960474 0.008471157724889069 0.01383399209486166
0 2241.0042355788623 920.0029644268775 0.008471157724889069 0.005928853754940711
0 365.0310609116579 1123.008328627894 0.06212182331585317 0.016657255787690572
0 673.0296490520371 1132.0057876905703 0.05929810407422348 0.011575381140598532
0 908.033279548205 1117.0073404856014 0.06655909640984267 0.014680971202710334
0 1156.04699475595 1111.007481648786 0.09398951189995966 0.014963297571993224
0 1460.0050423557886 1104.0117165443253 0.01008471157724889 0.023433088650479956
0 1523.029245663574 1125.0064935064936 0.058491327148043566 0.012987012987012988
0 1710.0020169423155 1165.0032467532467 0.004033884630899556 0.006493506493506494
0 1789.0393303751512 1116.0067758328628 0.07866075030254134 0.01355166572557877
0 2026.0141185962082 1128.0042348955392 0.028237192416296894 0.00846979107848673
0 2098.036304961678 1104.00790513834 0.07260992335619201 0.015810276679841896
0 2322.0100847115773 1110.007481648786 0.02016942315449778 0.014963297571993224
0 2400.004437273094 1096.0121400338792 0.008874546187979023 0.024280067758328628
0 2426.0020169423155 1170.001552795031 0.004033884630899556 0.003105590062111801
0 349.04477611940297 1298.0076228119706 0.08955223880597014 0.015245623941276116
0 661.0354981847519 1301.006352343309 0.07099636950383219 0.012704686617730096
0 899.0498184751916 1298.0121400338792 0.09963695038321904 0.024280067758328628
0 1180.065954013715 1303.0060700169395 0.1319080274304155 0.012140033879164314
0 1592.02480839048 1302.0060700169395 0.04961678096006454 0.012140033879164314
0 1764.0157321500606 1324.0028232636928 0.03146430012101654 0.00564652738565782
0 1929.0223880597016 1295.005928853755 0.04477611940298507 0.011857707509881422
0 2110.025615167406 1295.0084697910786 0.051230334812424366 0.01693958215697346
0 358.05123033481243 1497.0056465273856 0.10246066962484873 0.01129305477131564
0 696.0145219846712 1474.0080463015245 0.029043969342476807 0.016092603049124788
0 828.0728116175877 1477.007058159232 0.145623235175474 0.014116318464144552
0 1291.0139169019767 1467.009034443817 0.027833803953206938 0.018068887634105024
0 1435.084711577249 1485.0062111801242 0.16942315449778136 0.012422360248447204
0 1929.0127067365872 1467.0076228119706 0.025413473174667203 0.015245623941276116
0 2063.0449778136344 1469.0091756070017 0.0899556272690601 0.018351214003387916
0 2319.001613553852 1513.0009881422925 0.003227107704719645 0.001976284584980237
0 351.0328761597418 1660.0064935064936 0.06575231948366277 0.012987012987012988
0 593.0385235982251 1668.0052230378317 0.07704719645018153 0.010446075663466968
0 806.0024203307786 1694.003529079616 0.004840661557079467 0.007058159232072276
0 883.0229931423961 1667.0056465273856 0.045986284792254944 0.01129305477131564
0 1041.0722065348932 1660.0084697910786 0.1444130697862041 0.01693958215697346
0 1441.0018152480839 1704.0028232636928 0.003630496167809601 0.00564652738565782
0 1506.0207745058492 1664.006352343309 0.04154901169826543 0.012704686617730096
0 1649.0453812020976 1651.006634669678 0.09076240419524001 0.013269339356295878
0 1938.0328761597418 1651.007058159232 0.06575231948366277 0.014116318464144552
0 370.0816861637757 1826.0100225861095 0.16337232755143202 0.020045172219085264
0 900.0139169019766 1826.0080463015245 0.027833803953206938 0.016092603049124788
0 1033.0300524405002 1838.0062111801242 0.06010488100040339 0.012422360248447204
0 1270.0786607503026 1835.0077639751553 0.15732150060508268 0.015527950310559006
0 1711.011496571198 1827.008328627894 0.022993142396127472 0.016657255787690572
0 1843.0516337232755 1826.007481648786 0.10326744655102864 0.014963297571993224
0 362.06070996369505 2033.0052230378317 0.12141992739007665 0.010446075663466968
0 757.015933844292 2012.0064935064936 0.0318676885841065 0.012987012987012988
0 924.0231948366277 2036.005928853755 0.0463896732553449 0.011857707509881422
0 1099.0290439693424 2017.0076228119706 0.05808793868495361 0.015245623941276116
0 1302.0143202904396 2006.0081874647092 0.02864058087938685 0.01637492941840768
0 1441.0552642194434 2015.008610954263 0.11052843888664785 0.017221908526256352
0 1729.0016135538524 2059.001270468662 0.003227107704719645 0.002540937323546019
0 1818.0792658329972 2009.0081874647092 0.15853166599435256 0.01637492941840768
0 369.03065752319486 2210.005081874647 0.06131504638967326 0.010163749294184076
0 630.0482049213392 2208.005223037832 0.09640984267849939 0.010446075663466968
0 954.0508269463494 2201.0064935064934 0.10165389269866881 0.012987012987012988
0 1274.0189592577651 2200.0056465273856 0.03791851553045583 0.01129305477131564
0 1427.0445744251715 2208.0045172219084 0.0891488503428802 0.009034443817052512
0 1714.0413473174667 2175.009316770186 0.0826946349334409 0.018633540372670808
0 1964.0135135135135 2195.0063523433087 0.02702702702702703 0.012704686617730096
