0 0.11839451391690198 0.13608130999435347 0.09318273497377975 0.012422360248447204
0 0.13130294473578055 0.13452851496329757 0.00927793465106898 0.0016939582156973462
0 0.16155707946752723 0.13636363636363635 0.045986284792254944 0.011857707509881422
0 0.20794675272287214 0.1373517786561265 0.07220653489310205 0.01355166572557877
0 0.23941105284388867 0.1367871259175607 0.0326744655102864 0.011857707509881422
0 0.2874142799515934 0.13777526821005082 0.07139975796692215 0.010163749294184076
0 0.3108108108108108 0.13692828910220214 0.022589753933037516 0.01101072840203275
0 0.3580072609923356 0.13706945228684358 0.06857603872529246 0.012422360248447204
0 0.39572408229124645 0.1367871259175607 0.05203711173860428 0.012704686617730096
0 0.42718838241226303 0.1396103896103896 0.04437273093989512 0.017221908526256352
0 0.08531665994352562 0.1647374364765669 0.02864058087938685 0.0189158667419537
0 0.10266236385639371 0.16134952004517222 0.017749092375958047 0.010446075663466968
0 0.12989108511496572 0.16205533596837945 0.03428801936264623 0.012704686617730096
0 0.1811214199273901 0.1650197628458498 0.07301331181928197 0.018351214003387916
0 0.20250100847115773 0.1647374364765669 0.022993142396127472 0.015245623941276116
0 0.2382008874546188 0.16360813099943536 0.04800322710770472 0.013269339356295878
0 0.2698668818071803 0.1647374364765669 0.03791851553045583 0.01129305477131564
0 0.32956837434449376 0.16304347826086957 0.09923356192012908 0.012704686617730096
0 0.36405808793868494 0.16389045736871824 0.0391286809197257 0.011575381140598532
0 0.4045986284792255 0.16417278373800112 0.058491327148043566 0.011575381140598532
0 0.11032674465510287 0.18873517786561264 0.08188785800726099 0.016092603049124788
0 0.14400968132311415 0.1870412196499153 0.04235578862444534 0.012140033879164314
0 0.2172246873739411 0.18944099378881987 0.11778943122226704 0.01693958215697346
0 0.2716821298910851 0.18831168831168832 0.08511496571198064 0.011575381140598532
0 0.31988705123033484 0.1876058723884811 0.06897942718838242 0.010728402032749858
0 0.35215812827753123 0.18901750423489555 0.04154901169826543 0.011575381140598532
0 0.38664784187172246 0.18929983060417843 0.04437273093989512 0.01355166572557877
0 0.4312222670431626 0.18774703557312253 0.06776926179911255 0.01129305477131564
0 0.10064542154094393 0.21132128740824394 0.0609116579265833 0.011857707509881422
0 0.10568777732956837 0.21132128740824394 0.0024203307785397336 0.001411631846414455
0 0.16579265832997175 0.21329757199322416 0.07664380798709157 0.01355166572557877
0 0.17224687373941105 0.2106154714850367 0.008471157724889069 0.001411631846414455
0 0.20512303348124244 0.21230942970073405 0.04517950786607503 0.012422360248447204
0 0.2299314239612747 0.2134387351778656 0.0318676885841065 0.005928853754940711
0 0.2771278741427995 0.2161208356860531 0.07583703106091166 0.017786561264822136
0 0.3261395724082291 0.21442687747035574 0.07341670028237192 0.009881422924901186
0 0.35397337636143605 0.21470920383963862 0.03509479628882614 0.012422360248447204
0 0.39511899959661156 0.21386222473178995 0.05808793868495361 0.012987012987012988
0 0.4193223073820089 0.21357989836250707 0.02743041549011698 0.00564652738565782
0 0.08753529649052037 0.23729531338226992 0.0326744655102864 0.010163749294184076
0 0.14219443323920936 0.23729531338226992 0.08874546187979024 0.010163749294184076
0 0.15328761597418314 0.2385657820440429 0.018152480839048003 0.002258610954263128
0 0.1591367486889875 0.23842461885940147 0.002016942315449778 0.0008469791078486731
0 0.2018959257765228 0.2385657820440429 0.04759983864461476 0.012140033879164314
0 0.23779749899152886 0.23955392433653303 0.04679306171843485 0.01101072840203275
0 0.2428398547801533 0.24153020892151328 0.007260992335619202 0.007340485601355167
0 0.26321097216619604 0.2388481084133258 0.020976200080677694 0.009599096555618294
0 0.29588543767648245 0.23870694522868435 0.042759177087535294 0.011575381140598532
0 0.3465106897942719 0.2429418407679277 0.08188785800726099 0.020045172219085264
0 0.35316659943525613 0.24280067758328627 0.005647438483259379 0.005081874647092038
0 0.3916901976603469 0.2419536984754376 0.058491327148043566 0.016092603049124788
0 0.4507866075030254 0.24209486166007904 0.10084711577248891 0.014680971202710334
0 0.09217426381605485 0.26566911349520045 0.045986284792254944 0.01383399209486166
0 0.13412666397741024 0.2641163184641446 0.050826946349334406 0.01383399209486166
0 0.16478418717224688 0.26312817617165446 0.0326744655102864 0.01101072840203275
0 0.20209762000806777 0.2670807453416149 0.051230334812424366 0.012987012987012988
0 0.22347720855183542 0.2662337662337662 0.019766034691407825 0.010163749294184076
0 0.24062121823315852 0.2636928289102202 0.013311819281968536 0.005081874647092038
0 0.2827753126260589 0.26651609260304915 0.06252521177894312 0.01693958215697346
0 0.3219039935457846 0.2672219085262564 0.053247277127874144 0.009881422924901186
0 0.34953610326744655 0.2649632975719932 0.03227107704719645 0.011857707509881422
0 0.373134328358209 0.2670807453416149 0.021379588543767647 0.018351214003387916
0 0.41629689390883423 0.26566911349520045 0.06010488100040339 0.015245623941276116
0 0.44574425171440096 0.2651044607566347 0.04356595401371521 0.01383399209486166
0 0.10669624848729327 0.2906549971767363 0.07220653489310205 0.014963297571993224
0 0.1381605486083098 0.2881140598531903 0.041145623235175476 0.009881422924901186
0 0.18233158531665994 0.2906549971767363 0.06212182331585317 0.014963297571993224
0 0.18596208148446955 0.28825522303783174 0.0028237192416296895 0.002258610954263128
