0 0.09721661960467931 0.1132128740824393 0.04679306171843485 0.034443817052512704
0 0.16982654296087132 0.11702428006775834 0.10165389269866881 0.032185206098249576
0 0.22347720855183542 0.11533032185206098 0.07462686567164178 0.03585544889892716
0 0.2692617991125454 0.12140033879164314 0.04759983864461476 0.029926595143986448
0 0.31988705123033484 0.11688311688311688 0.07139975796692215 0.03303218520609825
0 0.3465106897942719 0.11900056465273856 0.02501008471157725 0.026256352343308864
0 0.3755546591367487 0.11194240542066629 0.03428801936264623 0.026538678712591756
0 0.42053247277127875 0.11801242236024845 0.07422347720855184 0.03698475437605872
0 0.08572004840661557 0.13749294184076793 0.020572811617587738 0.026538678712591756
0 0.13795885437676483 0.13749294184076793 0.0653489310205728 0.023997741389045736
0 0.2408229124647035 0.1432806324110672 0.16659943525615167 0.03557312252964427
0 0.2698668818071803 0.13721061547148503 0.018152480839048003 0.017504234895539244
0 0.3283582089552239 0.13721061547148503 0.0754336425978217 0.025974025974025976
0 0.3781766841468334 0.13636363636363635 0.05808793868495361 0.02258610954263128
0 0.43243243243243246 0.14398644833427443 0.08672851956434045 0.035290796160361376
0 0.43686970552642196 0.13890457368718237 0.0028237192416296895 0.002540937323546019
0 0.09661153691004437 0.16106719367588934 0.04881000403388463 0.033314511575381144
0 0.14078257361839452 0.16149068322981366 0.051230334812424366 0.034161490683229816
0 0.18212989108511496 0.16092603049124787 0.053247277127874144 0.03077357425183512
0 0.21379588543767647 0.160643704121965 0.0318676885841065 0.025691699604743084
0 0.2505042355788624 0.16261998870694522 0.03953206938281565 0.029361942405420668
0 0.34610730133118195 0.1627611518915867 0.14239612747075434 0.031055900621118012
0 0.4058087938684954 0.17165443252399773 0.08874546187979024 0.04178430265386787
0 0.4310205728116176 0.16332580463015245 0.026623638563937072 0.024280067758328628
0 0.10629286002420331 0.1932523997741389 0.06897942718838242 0.035290796160361376
0 0.16599435256151673 0.19254658385093168 0.07704719645018153 0.032185206098249576
0 0.20693828156514724 0.18746470920383965 0.04195240016135539 0.012704686617730096
0 0.2488906817265026 0.1870412196499153 0.04154901169826543 0.026256352343308864
0 0.2843888664784187 0.1792772444946358 0.01008471157724889 0.004517221908526256
0 0.3071803146430012 0.1976284584980237 0.05163372327551432 0.04376058723884811
0 0.36385639370713996 0.19706380575945792 0.08430818878580072 0.04178430265386787
0 0.3717224687373941 0.18026538678712592 0.008471157724889069 0.006493506493506494
0 0.41488503428801937 0.18887634105025408 0.07503025413473174 0.011575381140598532
0 0.15933844292053248 0.21964991530208922 0.1653892698668818 0.04121964991530209
0 0.19140782573618395 0.21259175607001693 0.01653892698668818 0.018351214003387916
0 0.22972972972972974 0.2127329192546584 0.035498184751916094 0.027385657820440428
0 0.31141589350544574 0.2124505928853755 0.10286405808793868 0.026821005081874648
0 0.3953206938281565 0.22190852625635235 0.1371520774505849 0.04206662902315076
0 0.40399354578459057 0.21230942970073405 0.0024203307785397336 0.001411631846414455
0 0.436668011294877 0.21583850931677018 0.050826946349334406 0.023715415019762844
0 0.11254538120209762 0.24491812535290797 0.07382008874546188 0.04432523997741389
0 0.163574021782977 0.23729531338226992 0.060508269463493344 0.02766798418972332
0 0.1952400161355385 0.2381422924901186 0.022589753933037516 0.01101072840203275
0 0.2418313836224284 0.23729531338226992 0.04800322710770472 0.029361942405420668
0 0.3085921742638161 0.2453416149068323 0.09681323114158935 0.04432523997741389
0 0.3662767244856797 0.24082439299830605 0.06252521177894312 0.03190287972896669
0 0.3918918918918919 0.23927159796725014 0.030254134731746672 0.028232636928289104
0 0.4536103267446551 0.2468944099378882 0.11536910044372731 0.040372670807453416
0 0.08491327148043566 0.26228119706380576 0.021782977006857603 0.026538678712591756
0 0.13311819281968534 0.2636928289102202 0.060508269463493344 0.024844720496894408
0 0.17265026220250101 0.2639751552795031 0.020976200080677694 0.017504234895539244
0 0.21238402581686164 0.26256352343308864 0.03469140782573618 0.02766798418972332
0 0.263816054860831 0.2627046866177301 0.057684550221863654 0.024844720496894408
0 0.33057684550221866 0.27188029361942406 0.09802339653085922 0.03896103896103896
0 0.40742234772085517 0.27060982495765107 0.10125050423557887 0.039525691699604744
0 0.4481645824929407 0.26453980801806887 0.058491327148043566 0.032185206098249576
0 0.09842678499394918 0.288961038961039 0.053247277127874144 0.015527950310559006
0 0.15974183138362244 0.2929136081309994 0.08309802339653086 0.04121964991530209
0 0.209156918112142 0.2891022021456804 0.06292860024203308 0.032185206098249576
0 0.24263816054860832 0.2885375494071146 0.03791851553045583 0.012422360248447204
0 0.30395320693828154 0.29474872953133824 0.08350141185962082 0.025409373235460192
0 0.3436869705526422 0.2912196499153021 0.04921339249697459 0.03500846979107849
0 0.345502218636547 0.2898080180688876 0.003630496167809601 0.002258610954263128
