0 348.0264219443324 713.0122811970638 0.052843888664784185 0.02456239412761152
0 551.0546591367487 734.0111518915867 0.10931827349737798 0.022303783173348392
0 890.0185558693022 727.0110107284021 0.03711173860427592 0.0220214568040655
0 1012.0371117386043 720.0127046866178 0.07422347720855184 0.025409373235460192
0 1244.0520371117386 710.013410502541 0.10407422347720856 0.026821005081874648
0 1547.0352964905203 708.0142574816488 0.07059298104074223 0.028514963297571992
0 1769.0223880597016 704.0142574816488 0.04477611940298507 0.028514963297571992
0 1954.0516337232755 704.0151044607567 0.10326744655102864 0.03020892151326934
0 327.03428801936263 924.0067758328628 0.06857603872529246 0.01355166572557877
0 531.0127067365873 895.0100225861096 0.025413473174667203 0.020045172219085264
0 624.0272287212586 921.0166572557877 0.05445744251714401 0.033314511575381144
0 774.0352964905204 883.0131281761717 0.07059298104074223 0.026256352343308864
0 990.0294473578056 899.011434217956 0.05889471561113352 0.022868435911914172
0 1181.0891488503428 882.0156691134952 0.1782977006857604 0.031338226990400904
0 1698.0423557886245 898.0128458498024 0.08471157724889068 0.025691699604743084
0 1971.0379185155305 909.0111518915867 0.07583703106091166 0.022303783173348392
0 313.0703912868092 1246.0220214568042 0.14078257361839452 0.044042913608131
0 733.0599031867689 1262.0173630717109 0.11980637353771682 0.03472614342179559
0 1087.0276321097217 1290.0056465273856 0.05526421944332392 0.01129305477131564
0 1322.0623235175474 1247.0186335403728 0.12464703509479629 0.037267080745341616
0 1678.062928600242 1235.0217391304348 0.12585720048406615 0.043478260869565216
0 2055.0187575635337 1294.0067758328628 0.03751512706736587 0.01355166572557877
0 333.03025413473176 1420.012987012987 0.060508269463493344 0.025974025974025976
0 598.0552642194433 1421.0119988706945 0.11052843888664785 0.023997741389045736
0 913.0012101653892 1502.0009881422925 0.0024203307785397336 0.001976284584980237
0 995.0578862444534 1417.0155279503106 0.11577248890681727 0.031055900621118012
0 1362.02480839048 1430.0163749294184 0.04961678096006454 0.03274985883681536
0 1523.0683743444938 1422.0187747035573 0.13674868898749495 0.037549407114624504
0 1933.0592981040743 1417.0146809712028 0.11859620814844696 0.029361942405420668
0 322.01452198467126 1589.0142574816489 0.029043969342476807 0.028514963297571992
0 484.07422347720853 1591.020468661773 0.14844695441710368 0.0409373235460192
0 910.0348931020573 1596.0136928289103 0.06978620411456232 0.027385657820440428
0 1122.031867688584 1618.0112930547714 0.063735377168213 0.02258610954263128
0 1331.018152480839 1608.0117165443253 0.03630496167809601 0.023433088650479956
0 1494.0774505849133 1614.0158102766798 0.15490116982654295 0.03162055335968379
0 1870.0028237192416 1694.0050818746472 0.005647438483259379 0.010163749294184076
0 1914.0284388866478 1618.0114342179559 0.05687777329568374 0.022868435911914172
0 2088.032876159742 1619.0182100508187 0.06575231948366277 0.036420101637492944
0 319.05304558289635 1781.0220214568042 0.10609116579265833 0.044042913608131
0 677.1073013311819 1775.0134105025409 0.2146026623638564 0.026821005081874648
0 1267.0966115369101 1788.016939582157 0.19322307382008874 0.03387916431394692
0 1812.0415490116982 1787.0122811970639 0.08309802339653086 0.02456239412761152
0 2028.0016135538524 1867.0009881422925 0.003227107704719645 0.001976284584980237
0 354.05909640984265 1955.0128458498023 0.118192819685357 0.025691699604743084
0 757.0867285195643 1959.0135516657256 0.1734570391286809 0.02710333145115754
0 1189.0036304961677 2032.0073404856014 0.007260992335619202 0.014680971202710334
0 1279.0933844292053 1944.0159514398645 0.18676885841064947 0.03190287972896669
0 1791.0750302541348 1944.0203274985884 0.1500605082694635 0.040654997176736304
0 322.02218636546996 2148.0142574816487 0.04437273093989512 0.028514963297571992
0 487.03489310205725 2148.011010728402 0.06978620411456232 0.0220214568040655
0 756.0367083501412 2148.0117165443253 0.07341670028237192 0.023433088650479956
0 951.0036304961678 2212.0077639751553 0.007260992335619202 0.015527950310559006
0 1003.0486083098024 2157.0135516657256 0.09721661960467931 0.02710333145115754
0 1337.0839048003227 2153.0182100508187 0.16780960064542155 0.036420101637492944
0 1786.0183541750705 2166.011010728402 0.03670835014118596 0.0220214568040655
0 336.0058491327148 2375.0077639751553 0.011698265429608713 0.015527950310559006
0 443.06958450988304 2311.014116318464 0.13916901976603469 0.028232636928289104
0 842.0605082694635 2309.014963297572 0.12101653892698669 0.029926595143986448
0 1179.007059298104 2331.0056465273856 0.014118596208148447 0.01129305477131564
0 1290.0250100847115 2317.014116318464 0.0500201694231545 0.028232636928289104
0 1466.0290439693424 2320.013269339356 0.05808793868495361 0.026538678712591756
0 1682.0554659136749 2333.0115753811406 0.11093182734973779 0.023150762281197064
0 349.10084711577247 2476.016516092603 0.20169423154497781 0.03303218520609825
0 871.0014118596208 2567.001129305477 0.0028237192416296895 0.002258610954263128
