0 376.0167406212182 758.0101637492942 0.033481242436466316 0.020327498588368152
0 514.0550625252117 756.0105872388481 0.11012505042355789 0.021174477696216828
0 836.0356998789835 766.0101637492942 0.07139975796692215 0.020327498588368152
0 1057.0018152480839 824.0045172219085 0.003630496167809601 0.009034443817052512
0 1092.046187979024 768.0101637492942 0.09237595804759983 0.020327498588368152
0 1373.0237999193223 795.005928853755 0.04759983864461476 0.011857707509881422
0 1560.0361032674466 793.0062111801242 0.07220653489310205 0.012422360248447204
0 1806.013715207745 784.0073404856014 0.02743041549011698 0.014680971202710334
0 1932.0278338039532 762.0111518915867 0.055667607906413875 0.022303783173348392
0 377.05929810407423 934.0125635234331 0.11859620814844696 0.0251270468661773
0 733.0522388059702 931.0131281761717 0.1044776119402985 0.026256352343308864
0 1030.0018152480839 992.005505364201 0.003630496167809601 0.01101072840203275
0 1061.0209762000807 970.0077639751553 0.04195240016135539 0.015527950310559006
0 1216.0488100040338 934.0135516657256 0.09762000806776926 0.02710333145115754
0 1522.0223880597016 968.0088932806324 0.04477611940298507 0.017786561264822136
0 1698.015933844292 959.0100225861096 0.0318676885841065 0.020045172219085264
0 1845.0346914078257 949.0108695652174 0.06938281565147236 0.021739130434782608
0 2059.011899959661 954.0097402597403 0.02379991932230738 0.01948051948051948
0 354.0300524405002 1090.0203274985884 0.06010488100040339 0.040654997176736304
0 561.0244050020169 1150.0112930547714 0.04881000403388463 0.02258610954263128
0 729.0352964905204 1108.0153867871259 0.07059298104074223 0.03077357425183512
0 977.0143202904397 1141.008328627894 0.02864058087938685 0.016657255787690572
0 1049.0096813231141 1137.0093167701864 0.01936264622831787 0.018633540372670808
0 1122.09923356192 1130.0146809712028 0.19846712384025816 0.029361942405420668
0 1686.022589753933 1126.011010728402 0.04517950786607503 0.0220214568040655
0 1867.0586930213797 1114.0146809712028 0.11738604275917709 0.029361942405420668
0 2059.0010084711575 1131.0007058159233 0.002016942315449778 0.001411631846414455
0 342.00443727309397 1284.0069169960475 0.008874546187979023 0.01383399209486166
0 376.0215812827753 1300.0093167701864 0.043162565550625254 0.018633540372670808
0 558.0250100847115 1318.0076228119706 0.0500201694231545 0.015245623941276116
0 745.0324727712788 1298.0112930547714 0.06494554255748286 0.02258610954263128
0 985.0433642597822 1291.01185770751 0.08672851956434045 0.023715415019762844
0 1265.0330778539733 1284.0142574816489 0.06615570794675273 0.028514963297571992
0 1485.056272690601 1300.0114342179559 0.11254538120209762 0.022868435911914172
0 1805.0046389673255 1317.0052230378317 0.00927793465106898 0.010446075663466968
0 1838.0024203307785 1373.004658385093 0.004840661557079467 0.009316770186335404
0 1893.0153287615974 1304.0111518915867 0.03065752319483663 0.022303783173348392
0 2020.0413473174667 1319.0087521174478 0.0826946349334409 0.017504234895539244
0 2223.003227107705 1373.001976284585 0.00645421540943929 0.003952569169960474
0 349.0256151674062 1471.0095990965556 0.051230334812424366 0.019198193111236588
0 532.0756353368294 1471.0114342179559 0.15127067365873337 0.022868435911914172
0 981.0480032271078 1480.0114342179559 0.09600645421540945 0.022868435911914172
0 1274.0371117386044 1487.0095990965556 0.07422347720855184 0.019198193111236588
0 1484.0290439693424 1482.0104460756634 0.05808793868495361 0.020892151326933936
0 1711.040338846309 1499.008610954263 0.08067769261799113 0.017221908526256352
0 1964.06918112142 1482.0148221343873 0.1383622428398548 0.029644268774703556
0 348.05284388866477 1668.010304912479 0.10568777732956837 0.020609824957651044
0 673.0183541750706 1660.0153867871259 0.03670835014118596 0.03077357425183512
0 838.035901573215 1670.0160926030492 0.07180314643001211 0.032185206098249576
0 1108.0578862444534 1669.0101637492942 0.11577248890681727 0.020327498588368152
0 1423.0026220250102 1725.001552795031 0.0052440500201694235 0.003105590062111801
0 1533.0262202501008 1666.0095990965556 0.05244050020169423 0.019198193111236588
0 1720.0647438483259 1665.0148221343873 0.12948769665187576 0.029644268774703556
0 2149.0385235982253 1677.0091756070017 0.07704719645018153 0.018351214003387916
0 2341.0034288019365 1734.0057876905703 0.006857603872529245 0.011575381140598532
0 362.02985074626866 1833.01185770751 0.05970149253731343 0.023715415019762844
0 574.0570794675273 1842.0104460756634 0.11415893505445744 0.020892151326933936
0 933.0074626865671 1871.0060700169395 0.014925373134328358 0.012140033879164314
0 1059.0508269463494 1862.0081874647092 0.10165389269866881 0.01637492941840768
0 1404.0169423154498 1869.0062111801242 0.033884630899556276 0.012422360248447204
0 1534.0373134328358 1841.010304912479 0.07462686567164178 0.020609824957651044
0 1777.0488100040338 1833.0138339920948 0.09762000806776926 0.02766798418972332
0 2109.0183541750707 1878.0062111801242 0.03670835014118596 0.012422360248447204
0 359.0586930213796 2016.0162337662337 0.11738604275917709 0.032467532467532464
0 733.0034288019363 2076.004799548278 0.006857603872529245 0.009599096555618294
0 781.0393303751513 2014.01185770751 0.07866075030254134 0.023715415019762844
0 1035.0193626462283 2023.0131281761717 0.03872529245663574 0.026256352343308864
0 1198.0102864058088 2049.006775832863 0.020572811617587738 0.01355166572557877
0 1319.0592981040743 2008.014539808018 0.11859620814844696 0.029079616036137776
0 1705.0716014521984 2015.0115753811406 0.14320290439693426 0.023150762281197064
0 2137.0502218636548 2008.012563523433 0.10044372730939895 0.0251270468661773
0 379.05183541750705 2172.0128458498025 0.1036708350141186 0.025691699604743084
0 701.0280354981847 2192.0104460756634 0.056070996369503835 0.020892151326933936
0 933.0756353368294 2193.0162337662337 0.15127067365873337 0.032467532467532464
0 1360.0258168616378 2199.0104460756634 0.05163372327551432 0.020892151326933936
0 1554.0550625252117 2200.0108695652175 0.11012505042355789 0.021739130434782608
0 1902.0486083098024 2188.0124223602484 0.09721661960467931 0.024844720496894408
0 2173.003025413473 2259.002399774139 0.0060508269463493344 0.004799548277809147
