0 0.16296893908834206 0.27555053642010163 0.05405405405405406 0.030491247882552232
0 0.24263816054860832 0.2717391304347826 0.0391286809197257 0.017786561264822136
0 0.3697055264219443 0.2723037831733484 0.1617587736990722 0.020609824957651044
0 0.4883017345703913 0.2766798418972332 0.030254134731746672 0.011857707509881422
0 0.5582896329164986 0.2844438170525127 0.063735377168213 0.02456239412761152
0 0.663574021782977 0.2855731225296443 0.10326744655102864 0.022868435911914172
0 0.7587736990722065 0.27851496329757197 0.033884630899556276 0.023997741389045736
0 0.8251311012505043 0.275974025974026 0.05929810407422348 0.017786561264822136
0 0.1891891891891892 0.3269339356295878 0.12585720048406615 0.03162055335968379
0 0.25877369907220654 0.3300395256916996 0.0028237192416296895 0.0016939582156973462
0 0.2716821298910851 0.3166290231507623 0.0060508269463493344 0.004234895539243365
0 0.31968535699878986 0.33018068887634106 0.05929810407422348 0.03303218520609825
0 0.4015732150060508 0.325098814229249 0.05929810407422348 0.017786561264822136
0 0.47781363453005243 0.33229813664596275 0.04961678096006454 0.021456804065499716
0 0.5619201290843082 0.32523997741389044 0.07341670028237192 0.015245623941276116
0 0.6772892295280355 0.32891022021456806 0.1218233158531666 0.028797289666854884
0 0.7706736587333602 0.32382834556747603 0.021379588543767647 0.020327498588368152
0 0.8416700282371924 0.33046301524562394 0.09883017345703912 0.03359683794466403
0 0.13251311012505043 0.4212309429700734 0.012505042355788625 0.018633540372670808
0 0.17769261799112546 0.4253246753246753 0.030254134731746672 0.010446075663466968
0 0.2656313029447358 0.42264257481648787 0.10125050423557887 0.021456804065499716
0 0.38584106494554254 0.42843026538678713 0.09398951189995966 0.03303218520609825
0 0.44150867285195644 0.43054771315640883 0.004437273093989512 0.0016939582156973462
0 0.48608309802339655 0.42405420666290233 0.045986284792254944 0.021456804065499716
0 0.5540540540540541 0.4289949181253529 0.04719645018152481 0.010446075663466968
0 0.6159741831383623 0.4254658385093168 0.03711173860427592 0.018068887634105024
0 0.6655909640984268 0.4230660643704122 0.015328761597418314 0.017221908526256352
0 0.7025010084711577 0.4264539808018069 0.01734570391286809 0.011575381140598532
0 0.7797498991528842 0.4254658385093168 0.10488100040338846 0.020892151326933936
0 0.2073416700282372 0.4764257481648786 0.16780960064542155 0.03585544889892716
0 0.3358208955223881 0.4741671372106155 0.040742234772085516 0.01948051948051948
0 0.3666801129487697 0.48560135516657255 0.0024203307785397336 0.00564652738565782
0 0.40540540540540543 0.4782608695652174 0.016942315449778138 0.029361942405420668
0 0.46228317870108915 0.4826369282891022 0.05244050020169423 0.020609824957651044
0 0.5441710367083501 0.47571993224167136 0.05647438483259379 0.021456804065499716
0 0.581484469544171 0.4837662337662338 0.0028237192416296895 0.001976284584980237
0 0.5925776522791448 0.46950875211744775 0.005647438483259379 0.00564652738565782
0 0.6516740621218233 0.4738848108413326 0.07139975796692215 0.0251270468661773
0 0.7285195643404598 0.47501411631846413 0.03227107704719645 0.020045172219085264
0 0.8168616377571601 0.47473178994918125 0.0927793465106898 0.023997741389045736
0 0.1472367890278338 0.5262563523433089 0.04921339249697459 0.01637492941840768
0 0.263412666397741 0.5309147374364765 0.12263009277934651 0.03190287972896669
0 0.3358208955223881 0.5359966120835686 0.002016942315449778 0.004234895539243365
0 0.3773699072206535 0.5235742518351214 0.03993545784590561 0.020045172219085264
0 0.4616780960064542 0.5248447204968945 0.07139975796692215 0.0220214568040655
0 0.5675675675675675 0.5252682100508187 0.0935861234368697 0.02456239412761152
0 0.673053650665591 0.5247035573122529 0.050423557886244454 0.017221908526256352
0 0.736385639370714 0.5230095990965556 0.02864058087938685 0.020045172219085264
0 0.809197256958451 0.5324675324675324 0.0790641387656313 0.03557312252964427
0 0.14421137555465913 0.571005081874647 0.04961678096006454 0.022868435911914172
0 0.2035094796288826 0.5770750988142292 0.018959257765227916 0.01129305477131564
0 0.3098023396530859 0.5769339356295878 0.1371520774505849 0.03020892151326934
0 0.4977813634530052 0.5759457933370977 0.17587736990722067 0.0220214568040655
0 0.5945945945945946 0.5838509316770186 0.004033884630899556 0.0033879164313946925
