0 369.02097620008067 741.0070581592321 0.04195240016135539 0.014116318464144552
0 526.0163372327552 741.0091756070017 0.0326744655102864 0.018351214003387916
0 696.002218636547 741.0022586109543 0.004437273093989512 0.004517221908526256
0 718.0354981847519 761.005505364201 0.07099636950383219 0.01101072840203275
0 913.0028237192416 745.001976284585 0.005647438483259379 0.003952569169960474
0 1015.0296490520371 767.0043760587239 0.05929810407422348 0.008752117447769622
0 1238.0219846712384 749.0064935064935 0.043969342476805166 0.012987012987012988
0 1423.0072609923357 751.0057876905703 0.014521984671238403 0.011575381140598532
0 1507.0064542154093 760.0053642010164 0.01290843081887858 0.010728402032749858
0 1600.0219846712384 770.0073404856014 0.043969342476805166 0.014680971202710334
0 1768.0074626865671 757.0056465273857 0.014925373134328358 0.01129305477131564
0 1853.010689794272 766.0043760587239 0.021379588543767647 0.008752117447769622
0 1964.02480839048 779.0028232636928 0.04961678096006454 0.00564652738565782
0 366.0377168212989 930.0076228119707 0.0754336425978217 0.015245623941276116
0 616.0076643807987 929.005928853755 0.015328761597418314 0.011857707509881422
0 689.0304558289633 949.0047995482778 0.0609116579265833 0.009599096555618294
0 896.0060508269463 955.0022586109543 0.012101653892698669 0.004517221908526256
0 967.0221863654699 932.0064935064935 0.04437273093989512 0.012987012987012988
0 1126.010689794272 955.0038114059853 0.021379588543767647 0.007622811970638058
0 1230.0417507059299 936.0073404856014 0.08350141185962082 0.014680971202710334
0 1455.0010084711578 965.0011293054771 0.002016942315449778 0.002258610954263128
0 1529.0211778943121 930.0064935064935 0.04235578862444534 0.012987012987012988
0 1676.026623638564 934.0056465273857 0.053247277127874144 0.01129305477131564
0 1862.0179507866076 936.005928853755 0.035901573215006054 0.011857707509881422
0 2005.0100847115773 929.0062111801242 0.02016942315449778 0.012422360248447204
0 365.03549818475193 1096.0067758328628 0.07099636950383219 0.01355166572557877
0 608.0098830173457 1112.005505364201 0.019766034691407825 0.01101072840203275
0 720.0361032674466 1110.0088932806325 0.07220653489310205 0.017786561264822136
0 959.033279548205 1119.0073404856014 0.06655909640984267 0.014680971202710334
0 1167.045582896329 1117.0067758328628 0.09116579265832997 0.01355166572557877
0 1428.0018152480839 1151.0009881422925 0.003630496167809601 0.001976284584980237
0 1472.0242033077855 1115.0069169960475 0.048406615570794675 0.01383399209486166
0 1643.0056474384833 1118.0057876905703 0.011294876966518758 0.011575381140598532
0 1720.056272690601 1116.0060700169395 0.11254538120209762 0.012140033879164314
0 2042.0090762404195 1115.0053642010164 0.018152480839048003 0.010728402032749858
0 363.01452198467126 1275.006634669678 0.029043969342476807 0.013269339356295878
0 490.0330778539734 1291.0053642010164 0.06615570794675273 0.010728402032749858
0 722.0296490520371 1289.0050818746472 0.05929810407422348 0.010163749294184076
0 937.0294473578056 1289.0071993224167 0.05889471561113352 0.014398644833427442
0 1136.0256151674062 1291.0053642010164 0.051230334812424366 0.010728402032749858
0 1278.007059298104 1321.0011293054772 0.014118596208148447 0.002258610954263128
0 1389.0090762404195 1318.0014116318464 0.018152480839048003 0.00282326369282891
0 1458.031867688584 1293.0057876905703 0.063735377168213 0.011575381140598532
0 1669.0258168616378 1292.007058159232 0.05163372327551432 0.014116318464144552
0 1861.0217829770068 1291.0064935064936 0.04356595401371521 0.012987012987012988
0 2019.024405002017 1322.002682100508 0.04881000403388463 0.005364201016374929
0 367.0227914481646 1453.006352343309 0.045582896329164985 0.012704686617730096
0 557.0615167406212 1464.0076228119706 0.12303348124243646 0.015245623941276116
0 926.0092779346511 1473.007058159232 0.01855586930213796 0.014116318464144552
0 1013.0157321500606 1474.0053642010164 0.03146430012101654 0.010728402032749858
0 1146.0304558289633 1469.005928853755 0.0609116579265833 0.011857707509881422
0 1339.0320693828157 1496.006352343309 0.06413876563130294 0.012704686617730096
0 1568.0042355788623 1480.004376058724 0.008471157724889069 0.008752117447769622
0 1647.0185558693022 1488.0033879164314 0.03711173860427592 0.006775832862789385
0 1801.0286405808795 1478.007058159232 0.0572811617587737 0.014116318464144552
0 1988.0082694634934 1480.004658385093 0.01653892698668818 0.009316770186335404
0 2083.013311819282 1478.0060700169395 0.026623638563937072 0.012140033879164314
0 370.0240016135539 1618.0095990965556 0.04800322710770472 0.019198193111236588
0 529.0098830173457 1645.0060700169395 0.019766034691407825 0.012140033879164314
0 654.0286405808794 1655.007481648786 0.0572811617587737 0.014963297571993224
0 856.0328761597418 1654.0064935064936 0.06575231948366277 0.012987012987012988
0 1068.0205728116175 1645.0069169960475 0.041145623235175476 0.01383399209486166
0 1217.0153287615974 1649.006352343309 0.03065752319483663 0.012704686617730096
0 1347.0229931423962 1657.0060700169395 0.045986284792254944 0.012140033879164314
0 1503.008874546188 1661.007481648786 0.017749092375958047 0.014963297571993224
0 1594.0348931020574 1659.0087521174478 0.06978620411456232 0.017504234895539244
0 1783.0012101653892 1690.0009881422925 0.0024203307785397336 0.001976284584980237
