0 0.11799112545381202 0.11674195369847544 0.08753529649052037 0.026538678712591756
0 0.24808390480032272 0.11829474872953134 0.22670431625655507 0.025691699604743084
0 0.33965308592174265 0.11843591191417278 0.15046389673255345 0.026538678712591756
0 0.381605486083098 0.12154150197628459 0.05687777329568374 0.03613777526821005
0 0.427390076643808 0.11815358554488989 0.07099636950383219 0.02258610954263128
0 0.12928600242033078 0.14158667419536985 0.10810810810810811 0.02258610954263128
0 0.26845502218636547 0.1432806324110672 0.24647035094796288 0.025409373235460192
0 0.3491327148043566 0.14285714285714285 0.12424364663170634 0.0220214568040655
0 0.36405808793868494 0.13932806324110672 0.011698265429608713 0.002258610954263128
0 0.41508672851956435 0.14356295878035008 0.0782573618394514 0.020892151326933936
0 0.11254538120209762 0.16727837380011293 0.08309802339653086 0.023433088650479956
0 0.1444130697862041 0.17334839073969507 0.03872529245663574 0.03500846979107849
0 0.19443323920935862 0.16784302653867872 0.0782573618394514 0.017221908526256352
0 0.2482855990318677 0.16854884246188595 0.08753529649052037 0.0220214568040655
0 0.3646631706333199 0.16996047430830039 0.20572811617587736 0.02456239412761152
0 0.38221056877773296 0.16953698475437606 0.01734570391286809 0.024280067758328628
0 0.42698668818071805 0.16897233201581027 0.06857603872529246 0.0220214568040655
0 0.1290843081887858 0.1932523997741389 0.10891488503428802 0.023433088650479956
0 0.13533682936668012 0.19113495200451722 0.0024203307785397336 0.001411631846414455
0 0.18071803146430013 0.19282891022021456 0.07382008874546188 0.023715415019762844
0 0.23336022589753933 0.19409937888198758 0.07987091569181122 0.02258610954263128
0 0.3108108108108108 0.20045172219085264 0.1335215812827753 0.036420101637492944
0 0.35074626865671643 0.19311123658949747 0.05244050020169423 0.0220214568040655
0 0.42174263816054863 0.20228684359119142 0.11698265429608713 0.042631281761716544
0 0.09096409842678499 0.2183794466403162 0.0391286809197257 0.0251270468661773
0 0.11375554659136748 0.21781479390175043 0.022589753933037516 0.01355166572557877
0 0.19503832190399353 0.21922642574816487 0.1290843081887858 0.0220214568040655
0 0.35135135135135137 0.22092038396386224 0.28721258572004843 0.022868435911914172
0 0.35619201290843083 0.22077922077922077 0.002016942315449778 0.001976284584980237
0 0.40137152077450583 0.21979107848673066 0.08350141185962082 0.022868435911914172
0 0.43929003630496166 0.220214568040655 0.058491327148043566 0.014398644833427442
0 0.1754739814441307 0.24548277809147373 0.21298910851149658 0.022303783173348392
0 0.23396530859217426 0.24463579898362506 0.08592174263816055 0.016657255787690572
0 0.2890278338039532 0.24604743083003952 0.09035901573215006 0.023433088650479956
0 0.3291649858814038 0.2450592885375494 0.0500201694231545 0.020327498588368152
0 0.46329164985881405 0.25790513833992096 0.23880597014925373 0.04686617730095991
0 0.12565550625252117 0.26877470355731226 0.11133521581282775 0.021456804065499716
0 0.17688584106494554 0.27032749858836813 0.07018959257765228 0.02456239412761152
0 0.2400161355385236 0.2738565782044043 0.09802339653085922 0.023715415019762844
0 0.2864058087938685 0.27089215132693395 0.07301331181928197 0.021456804065499716
0 0.3993545784590561 0.2717391304347826 0.20855183541750705 0.023997741389045736
0 0.4312222670431626 0.27413890457368717 0.04235578862444534 0.018068887634105024
0 0.4584509883017346 0.2732919254658385 0.04154901169826543 0.015810276679841896
0 0.09177087535296491 0.2951722190852626 0.0536506655909641 0.023997741389045736
0 0.14864864864864866 0.29488989271597965 0.08229124647035095 0.0189158667419537
0 0.22751109318273496 0.2955957086391869 0.12101653892698669 0.021456804065499716
0 0.2648245260185559 0.29460756634669677 0.05405405405405406 0.019762845849802372
0 0.3126260588947156 0.2950310559006211 0.07059298104074223 0.022868435911914172
0 0.4118596208148447 0.29587803500846976 0.17386042759177087 0.0251270468661773
0 0.4164985881403792 0.2951722190852626 0.0016135538523598225 0.00282326369282891
0 0.10488100040338846 0.3201581027667984 0.0782573618394514 0.02456239412761152
0 0.1674062121823316 0.3201581027667984 0.08632513110125051 0.023433088650479956
0 0.1990722065348931 0.31959345002823264 0.03953206938281565 0.021174477696216828
0 0.24122630092779346 0.3207227555053642 0.0609116579265833 0.022303783173348392
0 0.3126260588947156 0.3210050818746471 0.10972166196046793 0.026256352343308864
0 0.3699072206534893 0.3210050818746471 0.0826946349334409 0.023150762281197064
0 0.40116982654296085 0.3245341614906832 0.03953206938281565 0.033314511575381144
0 0.42860024203307784 0.32086391869000563 0.04356595401371521 0.022303783173348392
