0 0.09580475998386447 0.11151891586674195 0.04679306171843485 0.026538678712591756
0 0.17144009681323114 0.11137775268210051 0.1073013311819282 0.024280067758328628
0 0.2382008874546188 0.11970638057594579 0.09842678499394918 0.045454545454545456
0 0.24405002016942315 0.11307171089779786 0.006857603872529245 0.006211180124223602
0 0.3263412666397741 0.11194240542066629 0.127470754336426 0.027950310559006212
0 0.3979427188382412 0.11815358554488989 0.11254538120209762 0.03585544889892716
0 0.08350141185962082 0.1380575945793337 0.022993142396127472 0.025974025974025976
0 0.1308995562726906 0.13819875776397517 0.04356595401371521 0.02710333145115754
0 0.20673658733360226 0.1442687747035573 0.0935861234368697 0.04121964991530209
0 0.21359419120613152 0.14045736871823827 0.004437273093989512 0.00564652738565782
0 0.2599838644614764 0.1383399209486166 0.055667607906413875 0.024844720496894408
0 0.3317870108914885 0.14469226425748166 0.1145623235175474 0.03557312252964427
0 0.38140379185155304 0.1367871259175607 0.06413876563130294 0.026256352343308864
0 0.4112545381202098 0.13763410502540938 0.04517950786607503 0.02456239412761152
0 0.14219443323920936 0.16360813099943536 0.13916901976603469 0.031338226990400904
0 0.18495361032674465 0.163184641445511 0.04921339249697459 0.023715415019762844
0 0.21883824122630094 0.1621964991530209 0.04195240016135539 0.021456804065499716
0 0.2591770875352965 0.16191417278373801 0.05445744251714401 0.026538678712591756
0 0.3473174667204518 0.16826651609260304 0.1355385235982251 0.03359683794466403
0 0.4235578862444534 0.16897233201581027 0.12384025816861638 0.03613777526821005
0 0.42860024203307784 0.16290231507622813 0.0024203307785397336 0.002258610954263128
0 0.08188785800726099 0.1932523997741389 0.04477611940298507 0.042348955392433656
0 0.13110125050423557 0.18817052512704688 0.05445744251714401 0.024280067758328628
0 0.15954013715207746 0.18817052512704688 0.023396530859217425 0.009881422924901186
0 0.19866881807180314 0.1876058723884811 0.03065752319483663 0.023433088650479956
0 0.27410246066962485 0.18774703557312253 0.10286405808793868 0.023433088650479956
0 0.31423961274707546 0.1880293619424054 0.04235578862444534 0.02456239412761152
0 0.3686970552642194 0.18817052512704688 0.0645421540943929 0.02456239412761152
0 0.4060104881000403 0.18746470920383965 0.0318676885841065 0.021456804065499716
0 0.09439290036304962 0.21725014116318464 0.06655909640984267 0.03472614342179559
0 0.1389673255344897 0.21287408243929984 0.04154901169826543 0.024280067758328628
0 0.23053650665590963 0.2124505928853755 0.12868091972569584 0.02456239412761152
0 0.28580072609923357 0.217673630717109 0.06776926179911255 0.03387916431394692
0 0.3118192819685357 0.21386222473178995 0.022589753933037516 0.024844720496894408
0 0.34630899556272693 0.21456804065499718 0.041145623235175476 0.0251270468661773
0 0.3592174263816055 0.21357989836250707 0.004033884630899556 0.002540937323546019
0 0.4005647438483259 0.21456804065499718 0.06655909640984267 0.027385657820440428
0 0.08471157724889068 0.23729531338226992 0.03751512706736587 0.01129305477131564
0 0.13614360629286001 0.2409655561829475 0.06696248487293263 0.03077357425183512
0 0.19584509883017345 0.24477696216826653 0.07583703106091166 0.03811405985319029
0 0.2418313836224284 0.2391304347826087 0.05203711173860428 0.02456239412761152
0 0.29588543767648245 0.24392998306041785 0.08229124647035095 0.03274985883681536
0 0.3489310205728116 0.23898927159796726 0.07099636950383219 0.023997741389045736
0 0.40439693424768053 0.23969508752117447 0.0782573618394514 0.026538678712591756
0 0.08108108108108109 0.262987012987013 0.01734570391286809 0.009881422924901186
0 0.136345300524405 0.2632693393562959 0.07624041952400161 0.02456239412761152
0 0.1964501815248084 0.2662337662337662 0.0826946349334409 0.030491247882552232
0 0.19483662767244858 0.2662337662337662 0.006857603872529245 0.006775832862789385
0 0.24505849132714805 0.264257481648786 0.06494554255748286 0.024280067758328628
0 0.27047196450181527 0.25818746470920384 0.011294876966518758 0.006775832862789385
0 0.3206938281565147 0.2704686617730096 0.10044372730939895 0.038396386222473176
0 0.3315853166599435 0.25663466967814796 0.007260992335619202 0.00564652738565782
0 0.3535699878983461 0.26242236024844723 0.022589753933037516 0.010728402032749858
0 0.38039532069382814 0.264257481648786 0.01855586930213796 0.010163749294184076
0 0.41851553045582895 0.26355166572557875 0.04679306171843485 0.010446075663466968
0 0.45320693828156516 0.2639751552795031 0.04759983864461476 0.010446075663466968
0 0.09237595804759983 0.2878317334839074 0.04719645018152481 0.023150762281197064
0 0.15974183138362244 0.2955957086391869 0.08753529649052037 0.04319593450028233
0 0.22388059701492538 0.2881140598531903 0.08067769261799113 0.025409373235460192
0 0.26865671641791045 0.28924336533032186 0.04477611940298507 0.02710333145115754
0 0.3170633319887051 0.28952569169960474 0.04759983864461476 0.026821005081874648
0 0.34328358208955223 0.28924336533032186 0.014521984671238403 0.010446075663466968
0 0.39027833803953205 0.28952569169960474 0.06655909640984267 0.026538678712591756
0 0.42617991125453814 0.28924336533032186 0.029043969342476807 0.021739130434782608
0 0.12767244856797097 0.3186053077357425 0.11375554659136748 0.0251270468661773
0 0.18313836224283986 0.3142292490118577 0.0500201694231545 0.02456239412761152
0 0.2208551835417507 0.320016939582157 0.04195240016135539 0.03387916431394692
0 0.2607906413876563 0.31437041219649914 0.03711173860427592 0.009599096555618294
0 0.3162565550625252 0.31945228684359117 0.08713190802743041 0.03500846979107849
0 0.3674868898749496 0.3145115753811406 0.05889471561113352 0.0251270468661773
0 0.4267849939491731 0.32298136645962733 0.09883017345703912 0.041501976284584984
0 0.09802339653085922 0.33977978543195936 0.057684550221863654 0.023997741389045736
0 0.10084711577248891 0.33794466403162055 0.0028237192416296895 0.0016939582156973462
