0 0.1218233158531666 0.11702428006775834 0.09923356192012908 0.029361942405420668
0 0.14158935054457442 0.11151891586674195 0.022993142396127472 0.018351214003387916
0 0.20310609116579265 0.11730660643704122 0.10609116579265833 0.028232636928289104
0 0.2843888664784187 0.11885940146809712 0.15127067365873337 0.027385657820440428
0 0.2890278338039532 0.11674195369847544 0.0060508269463493344 0.006775832862789385
0 0.31242436466317064 0.11335403726708075 0.030254134731746672 0.019762845849802372
0 0.3628479225494151 0.11363636363636363 0.08309802339653086 0.018633540372670808
0 0.4070189592577652 0.11335403726708075 0.07583703106091166 0.017504234895539244
0 0.43929003630496166 0.11377752682100509 0.06615570794675273 0.017504234895539244
0 0.11375554659136748 0.16290231507622813 0.0891488503428802 0.025974025974025976
0 0.1335215812827753 0.16840767927724448 0.026623638563937072 0.027385657820440428
0 0.1446147640177491 0.16304347826086957 0.024606696248487294 0.017221908526256352
0 0.18152480839048002 0.16304347826086957 0.05808793868495361 0.016092603049124788
0 0.19887051230334812 0.1702428006775833 0.031060911657926585 0.032467532467532464
0 0.2210568777732957 0.16290231507622813 0.04800322710770472 0.017221908526256352
0 0.2648245260185559 0.16897233201581027 0.07745058491327148 0.029644268774703556
0 0.27934651068979427 0.1634669678147939 0.015328761597418314 0.00846979107848673
0 0.3557886244453409 0.1686900056465274 0.13150463896732553 0.024844720496894408
0 0.38866478418717226 0.17038396386222474 0.06131504638967326 0.028514963297571992
0 0.3884630899556273 0.1686900056465274 0.008471157724889069 0.009034443817052512
0 0.3981444130697862 0.15796160361377753 0.00927793465106898 0.007622811970638058
0 0.4138765631302945 0.16516092603049123 0.02702702702702703 0.019198193111236588
0 0.1054860830980234 0.18774703557312253 0.06615570794675273 0.018633540372670808
0 0.13331988705123032 0.18817052512704688 0.05647438483259379 0.018633540372670808
0 0.13674868898749495 0.19057029926595143 0.003227107704719645 0.004517221908526256
0 0.16115369100443727 0.1873235460191982 0.016135538523598225 0.014116318464144552
0 0.22347720855183542 0.18887634105025408 0.1073013311819282 0.020892151326933936
0 0.24485679709560307 0.1895821569734613 0.026220250100847116 0.017221908526256352
0 0.27611940298507465 0.1895821569734613 0.04800322710770472 0.018351214003387916
0 0.3128277531262606 0.18929983060417843 0.056070996369503835 0.018633540372670808
0 0.34872932634126663 0.19000564652738566 0.06333198870512304 0.020609824957651044
0 0.39128680919725695 0.18788819875776397 0.06010488100040339 0.013269339356295878
0 0.4118596208148447 0.18831168831168832 0.03469140782573618 0.015245623941276116
0 0.13614360629286001 0.21964991530208922 0.1327148043565954 0.029926595143986448
0 0.15570794675272287 0.22219085262563523 0.025413473174667203 0.037267080745341616
0 0.1891891891891892 0.21725014116318464 0.06131504638967326 0.023997741389045736
0 0.23598225090762404 0.2137210615471485 0.07301331181928197 0.016657255787690572
0 0.2392093586123437 0.21386222473178995 0.004033884630899556 0.0016939582156973462
0 0.2747075433642598 0.2137210615471485 0.040742234772085516 0.018633540372670808
0 0.32755143202904397 0.21979107848673066 0.09519967728922953 0.03077357425183512
0 0.3358208955223881 0.21936758893280633 0.008471157724889069 0.010446075663466968
0 0.3610326744655103 0.21470920383963862 0.03146430012101654 0.020327498588368152
0 0.40096813231141587 0.21414455110107283 0.0653489310205728 0.021174477696216828
0 0.4015732150060508 0.21823828345567475 0.008067769261799113 0.007622811970638058
0 0.4352561516740621 0.21428571428571427 0.058491327148043566 0.014963297571993224
0 0.12141992739007665 0.2453416149068323 0.09681323114158935 0.029361942405420668
0 0.15510286405808793 0.24449463579898362 0.04881000403388463 0.023997741389045736
0 0.16115369100443727 0.23771880293619424 0.0028237192416296895 0.001411631846414455
0 0.1754739814441307 0.23404856013551667 0.009681323114158934 0.009599096555618294
0 0.2035094796288826 0.24378881987577639 0.057684550221863654 0.029926595143986448
0 0.24384832593787817 0.24308300395256918 0.06575231948366277 0.023997741389045736
0 0.2712787414279952 0.24167137210615472 0.04154901169826543 0.029361942405420668
0 0.2888261395724082 0.23983625070581593 0.023396530859217425 0.012140033879164314
0 0.32230738200887454 0.23997741389045738 0.05687777329568374 0.018068887634105024
0 0.35760387252924564 0.24054206662902314 0.057684550221863654 0.019762845849802372
0 0.3557886244453409 0.24322416713721062 0.007260992335619202 0.007340485601355167
0 0.4037918515530456 0.2468944099378882 0.08672851956434045 0.029644268774703556
0 0.4124647035094796 0.24280067758328627 0.005647438483259379 0.00818746470920384
0 0.4352561516740621 0.23955392433653303 0.031060911657926585 0.025409373235460192
0 0.10427591770875352 0.26538678712591757 0.07946752722872126 0.017786561264822136
0 0.15147236789027835 0.265527950310559 0.08027430415490117 0.018633540372670808
0 0.15207745058491326 0.2696216826651609 0.00927793465106898 0.01101072840203275
0 0.16518757563533684 0.26002258610954265 0.008874546187979023 0.00846979107848673
0 0.19120613150463897 0.2660926030491248 0.0391286809197257 0.020609824957651044
0 0.22710770471964503 0.264257481648786 0.060508269463493344 0.01693958215697346
0 0.23759580475998388 0.26383399209486164 0.020572811617587738 0.007622811970638058
0 0.24203307785397338 0.26383399209486164 0.003227107704719645 0.0016939582156973462
