0 373.05970149253733 905.012987012987 0.11940298507462686 0.025974025974025976
0 691.00262202501 956.003529079616 0.0052440500201694235 0.007058159232072276
0 762.0512303348124 905.0081874647092 0.10246066962484873 0.01637492941840768
0 1069.0538523598225 919.009457933371 0.10770471964501815 0.0189158667419537
0 1388.011093182735 912.0077639751553 0.02218636546994756 0.015527950310559006
0 1497.0217829770068 914.0073404856014 0.04356595401371521 0.014680971202710334
0 1668.0350947962888 906.0081874647092 0.07018959257765228 0.01637492941840768
0 1910.0550625252117 906.0097402597403 0.11012505042355789 0.01948051948051948
0 2177.0012101653892 983.001976284585 0.0024203307785397336 0.003952569169960474
0 381.0264219443324 1081.008328627894 0.052843888664784185 0.016657255787690572
0 582.0786607503026 1089.0131281761717 0.15732150060508268 0.026256352343308864
0 982.0036304961678 1141.0038114059853 0.007260992335619202 0.007622811970638058
0 1060.0260185558693 1122.003529079616 0.05203711173860428 0.007058159232072276
0 1249.0139169019767 1092.0077639751553 0.027833803953206938 0.015527950310559006
0 1370.0839048003227 1082.0093167701864 0.16780960064542155 0.018633540372670808
0 1832.0814844695442 1105.0062111801242 0.16296893908834206 0.012422360248447204
0 2251.002218636547 1138.001552795031 0.004437273093989512 0.003105590062111801
0 389.0175473981444 1264.0076228119706 0.03509479628882614 0.015245623941276116
0 544.0633319887052 1264.010304912479 0.12666397741024607 0.020609824957651044
0 944.0145219846712 1276.0069169960475 0.029043969342476807 0.01383399209486166
0 1112.0371117386044 1277.0121400338792 0.07422347720855184 0.024280067758328628
0 1379.011496571198 1264.008328627894 0.022993142396127472 0.016657255787690572
0 1494.0219846712384 1267.008610954263 0.043969342476805166 0.017221908526256352
0 1685.0849132714804 1264.0087521174478 0.16982654296087132 0.017504234895539244
0 395.0326744655103 1441.0077639751553 0.0653489310205728 0.015527950310559006
0 638.0157321500606 1452.0067758328628 0.03146430012101654 0.01355166572557877
0 785.0278338039532 1435.0088932806325 0.055667607906413875 0.017786561264822136
0 992.031060911658 1435.0080463015245 0.06212182331585317 0.016092603049124788
0 1187.0601048810004 1447.0132693393564 0.12020976200080678 0.026538678712591756
0 1559.0060508269464 1499.0031055900622 0.012101653892698669 0.006211180124223602
0 1624.0776522791448 1435.0094579333709 0.1553045582896329 0.0189158667419537
0 2059.0187575635337 1447.0076228119706 0.03751512706736587 0.015245623941276116
0 394.05970149253733 1621.0108695652175 0.11940298507462686 0.021739130434782608
0 707.0020169423154 1670.0014116318464 0.004033884630899556 0.00282326369282891
0 726.004437273094 1616.0016939582158 0.008874546187979023 0.0033879164313946925
0 820.0371117386043 1616.0095990965556 0.07422347720855184 0.019198193111236588
0 1082.0389269866882 1641.0060700169395 0.07785397337636143 0.012140033879164314
0 1370.0171440096813 1649.0036702428006 0.03428801936264623 0.007340485601355167
0 1537.0441710367083 1623.0081874647092 0.08834207341670028 0.01637492941840768
0 1847.0532472771279 1620.0088932806325 0.10649455425574829 0.017786561264822136
0 403.0147236789028 1787.0127046866178 0.02944735780556676 0.025409373235460192
0 546.031464300121 1802.0077639751553 0.06292860024203308 0.015527950310559006
0 787.0556676079065 1790.0153867871259 0.11133521581282775 0.03077357425183512
0 1088.0012101653892 1849.0009881422925 0.0024203307785397336 0.001976284584980237
0 1188.0264219443325 1808.008328627894 0.052843888664784185 0.016657255787690572
0 1374.0387252924565 1804.00790513834 0.07745058491327148 0.015810276679841896
0 1650.0286405808795 1842.0031055900622 0.0572811617587737 0.006211180124223602
0 1861.0475998386446 1825.0088932806325 0.09519967728922953 0.017786561264822136
0 386.0659540137152 1979.0084697910786 0.1319080274304155 0.01693958215697346
0 795.0167406212182 1977.0112930547714 0.033481242436466316 0.02258610954263128
0 955.0905607099637 1981.008328627894 0.1811214199273901 0.016657255787690572
0 1465.033682936668 1992.0069169960475 0.06736587333602259 0.01383399209486166
0 1700.0560709963695 1990.0071993224167 0.11214199273900767 0.014398644833427442
0 411.08511496571197 2162.0104460756634 0.17022993142396128 0.020892151326933936
0 842.0040338846309 2210.005081874647 0.008067769261799113 0.010163749294184076
0 924.0451795078661 2160.008610954263 0.09035901573215006 0.017221908526256352
0 1218.0324727712787 2156.0077639751553 0.06494554255748286 0.015527950310559006
0 1472.015933844292 2170.0060700169397 0.0318676885841065 0.012140033879164314
0 1647.0490116982655 2155.0088932806325 0.09802339653085922 0.017786561264822136
0 1932.0121016538926 2155.008610954263 0.024203307785397338 0.017221908526256352
0 2066.0252117789432 2160.00790513834 0.050423557886244454 0.015810276679841896
0 446.0542557482856 2329.0080463015247 0.10851149657119806 0.016092603049124788
0 807.0699878983461 2329.009457933371 0.1399757966922146 0.0189158667419537
0 1220.035901573215 2355.005505364201 0.07180314643001211 0.01101072840203275
0 1481.0157321500606 2371.0033879164316 0.03146430012101654 0.006775832862789385
0 1644.0837031060912 2337.0142574816487 0.1674062121823316 0.028514963297571992
0 2069.001411859621 2392.0009881422925 0.0028237192416296895 0.001976284584980237
