0 0.0945945945945946 0.14356295878035008 0.0572811617587737 0.034443817052512704
0 0.1427995159338443 0.13650479954827782 0.07382008874546188 0.020892151326933936
0 0.1674062121823316 0.1422924901185771 0.033884630899556276 0.021456804065499716
0 0.17043162565550626 0.13565782044042915 0.0016135538523598225 0.001411631846414455
0 0.20572811617587736 0.13706945228684358 0.045582896329164985 0.017786561264822136
0 0.2462686567164179 0.1352343308865048 0.05244050020169423 0.020327498588368152
0 0.29144816458249295 0.134669678147939 0.0754336425978217 0.01101072840203275
0 0.32008874546187976 0.14186900056465274 0.04154901169826543 0.03077357425183512
0 0.36062928600242034 0.13452851496329757 0.05526421944332392 0.018633540372670808
0 0.40762404195240015 0.14003387916431395 0.07946752722872126 0.029926595143986448
0 0.12242839854780153 0.16247882552230378 0.12464703509479629 0.019762845849802372
0 0.15066559096409843 0.16247882552230378 0.035901573215006054 0.018633540372670808
0 0.24384832593787817 0.16840767927724448 0.16377571601452198 0.03162055335968379
0 0.3194836627672449 0.16191417278373801 0.1327148043565954 0.020045172219085264
0 0.35054457442517145 0.16332580463015245 0.038321903993545785 0.023433088650479956
0 0.40964098426784995 0.16120835686053078 0.08753529649052037 0.015810276679841896
0 0.12968939088342074 0.19212309429700733 0.14118596208148446 0.028232636928289104
0 0.19866881807180314 0.18774703557312253 0.11294876966518758 0.0189158667419537
0 0.20693828156514724 0.18718238283455674 0.003630496167809601 0.00282326369282891
0 0.2769261799112545 0.19141727837380013 0.1262605889471561 0.026821005081874648
0 0.3098023396530859 0.18661773009599097 0.04235578862444534 0.018068887634105024
0 0.38241226300927794 0.189158667419537 0.12706736587333603 0.026821005081874648
0 0.454417103670835 0.1901468097120271 0.118192819685357 0.029644268774703556
0 0.08471157724889068 0.2171089779785432 0.04356595401371521 0.03077357425183512
0 0.12505042355788623 0.21146245059288538 0.051230334812424366 0.01693958215697346
0 0.24021782977006859 0.2134387351778656 0.21379588543767647 0.022303783173348392
0 0.28136345300524407 0.2180971202710333 0.058491327148043566 0.032467532467532464
0 0.31464300121016536 0.21146245059288538 0.050826946349334406 0.009881422924901186
0 0.39774102460669625 0.21823828345567475 0.13674868898749495 0.03303218520609825
0 0.43929003630496166 0.21626199887069453 0.060508269463493344 0.028514963297571992
0 0.08531665994352562 0.23828345567476003 0.04235578862444534 0.023150762281197064
0 0.14037918515530456 0.24280067758328627 0.08390480032271078 0.032185206098249576
0 0.1920129084308189 0.23729531338226992 0.08350141185962082 0.017786561264822136
0 0.200080677692618 0.2413890457368718 0.009681323114158934 0.009316770186335404
0 0.2198467123840258 0.2381422924901186 0.026220250100847116 0.017504234895539244
0 0.3136345300524405 0.24731789949181254 0.16498588140379186 0.035290796160361376
0 0.327349737797499 0.24025974025974026 0.012101653892698669 0.021739130434782608
0 0.39854780153287617 0.24520045172219085 0.1290843081887858 0.03359683794466403
0 0.11194029850746269 0.29390175042348954 0.09762000806776926 0.03020892151326934
0 0.16659943525615167 0.28952569169960474 0.08834207341670028 0.0189158667419537
0 0.20431625655506253 0.28825522303783174 0.05970149253731343 0.019198193111236588
0 0.3204921339249697 0.29107848673066067 0.20935861234368697 0.028232636928289104
0 0.3743444937474788 0.2898080180688876 0.09116579265832997 0.021174477696216828
0 0.4199273900766438 0.29390175042348954 0.06494554255748286 0.03020892151326934
0 0.11415893505445744 0.31804065499717676 0.10246066962484873 0.028232636928289104
0 0.1329164985881404 0.3132411067193676 0.020572811617587738 0.007905138339920948
0 0.2515127067365873 0.32156973461321287 0.19685356998789835 0.031055900621118012
0 0.3219039935457846 0.3147939017504235 0.12868091972569584 0.021739130434782608
0 0.3598225090762404 0.3147939017504235 0.05526421944332392 0.019762845849802372
0 0.45139169019766034 0.3142292490118577 0.16054860830980233 0.018351214003387916
0 0.09217426381605485 0.33893280632411066 0.05929810407422348 0.01383399209486166
0 0.19826542960871318 0.3447204968944099 0.18757563533682936 0.029079616036137776
0 0.2099636950383219 0.3382269904009034 0.004840661557079467 0.002258610954263128
