0 0.10326744655102864 0.10926030491247883 0.07260992335619201 0.019198193111236588
0 0.1417910447761194 0.11067193675889328 0.05970149253731343 0.008752117447769622
0 0.17486889874949577 0.11024844720496894 0.04800322710770472 0.018068887634105024
0 0.2208551835417507 0.11787125917560701 0.06776926179911255 0.03387916431394692
0 0.263614360629286 0.11589497459062677 0.07220653489310205 0.026821005081874648
0 0.30254134731746674 0.11166007905138339 0.06171843485276321 0.018351214003387916
0 0.336224283985478 0.11278938452851496 0.04800322710770472 0.021174477696216828
0 0.4572408229124647 0.11349520045172219 0.22146026623638565 0.025409373235460192
0 0.10286405808793868 0.1637492941840768 0.07139975796692215 0.020609824957651044
0 0.13392496974586526 0.16134952004517222 0.05203711173860428 0.009316770186335404
0 0.13957240822912464 0.163184641445511 0.008067769261799113 0.006211180124223602
0 0.17507059298104075 0.16247882552230378 0.060508269463493344 0.018068887634105024
0 0.2154094392900363 0.16332580463015245 0.06615570794675273 0.018351214003387916
0 0.25110931827349736 0.1627611518915867 0.05647438483259379 0.018351214003387916
0 0.2974989915288423 0.16205533596837945 0.07462686567164178 0.017221908526256352
0 0.3138362242839855 0.16177300959909655 0.01573215006050827 0.004799548277809147
0 0.39955627269060107 0.16699604743083005 0.14481645824929407 0.026821005081874648
0 0.42174263816054863 0.16191417278373801 0.020976200080677694 0.016092603049124788
0 0.4790237999193223 0.16191417278373801 0.09762000806776926 0.014680971202710334
0 0.48426784993949173 0.1627611518915867 0.004033884630899556 0.001976284584980237
0 0.08672851956434045 0.1873235460191982 0.0318676885841065 0.018633540372670808
0 0.10649455425574829 0.18605307735742518 0.03307785397337636 0.015245623941276116
0 0.14320290439693426 0.1880293619424054 0.050423557886244454 0.01693958215697346
0 0.1899959661153691 0.1907114624505929 0.08027430415490117 0.023433088650479956
0 0.23497377974989916 0.18746470920383965 0.07301331181928197 0.017504234895539244
0 0.2900363049616781 0.18718238283455674 0.08713190802743041 0.018068887634105024
0 0.35397337636143605 0.1932523997741389 0.10891488503428802 0.026256352343308864
0 0.38321903993545786 0.1885940146809712 0.0326744655102864 0.00846979107848673
0 0.40964098426784995 0.189158667419537 0.03428801936264623 0.018633540372670808
0 0.463695038321904 0.1935347261434218 0.09116579265832997 0.023433088650479956
0 0.4701492537313433 0.19184076792772445 0.010891488503428802 0.00818746470920384
0 0.11698265429608713 0.24167137210615472 0.09762000806776926 0.026821005081874648
0 0.12303348124243646 0.2375776397515528 0.0028237192416296895 0.0016939582156973462
0 0.15994352561516742 0.23870694522868435 0.050423557886244454 0.017786561264822136
0 0.21137555465913674 0.23898927159796726 0.07059298104074223 0.018068887634105024
0 0.2791448164582493 0.2440711462450593 0.11294876966518758 0.028797289666854884
0 0.29689390883420735 0.23828345567476003 0.020976200080677694 0.015810276679841896
0 0.33420734167002825 0.24209486166007904 0.06171843485276321 0.024844720496894408
0 0.38967325534489716 0.24364765669113495 0.08672851956434045 0.020045172219085264
0 0.4649052037111739 0.24209486166007904 0.12666397741024607 0.023433088650479956
0 0.12041145623235175 0.27117447769621683 0.11133521581282775 0.03274985883681536
0 0.1500605082694635 0.26355166572557875 0.035498184751916094 0.009034443817052512
0 0.23315853166599435 0.27060982495765107 0.14481645824929407 0.02766798418972332
0 0.30697862041145624 0.269339356295878 0.13110125050423557 0.030491247882552232
0 0.33501411859620817 0.27032749858836813 0.03791851553045583 0.03077357425183512
0 0.36486486486486486 0.2641163184641446 0.03993545784590561 0.01693958215697346
0 0.4344493747478822 0.2649632975719932 0.11577248890681727 0.018068887634105024
0 0.11940298507462686 0.2885375494071146 0.10891488503428802 0.020609824957651044
0 0.16397741024606696 0.2891022021456804 0.06494554255748286 0.015245623941276116
0 0.20209762000806777 0.2888198757763975 0.0572811617587737 0.018633540372670808
0 0.25332795482049214 0.2893845285149633 0.07624041952400161 0.01948051948051948
0 0.31464300121016536 0.2900903444381705 0.0927793465106898 0.021456804065499716
0 0.3408632513110125 0.2886787125917561 0.021379588543767647 0.019198193111236588
0 0.38140379185155304 0.288961038961039 0.05889471561113352 0.020609824957651044
0 0.4509883017345704 0.29361942405420666 0.10851149657119806 0.02766798418972332
0 0.45683743444937475 0.288961038961039 0.003630496167809601 0.0016939582156973462
