0 0.07503025413473174 0.11744776962168267 0.02702702702702703 0.026256352343308864
0 0.109116579265833 0.1206945228684359 0.056070996369503835 0.031338226990400904
0 0.17103670835014118 0.12210615471485037 0.10165389269866881 0.034443817052512704
0 0.21379588543767647 0.11871823828345568 0.05526421944332392 0.029079616036137776
0 0.25131101250504234 0.11928289102202146 0.05889471561113352 0.028232636928289104
0 0.3170633319887051 0.1212591756070017 0.09560306575231949 0.028232636928289104
0 0.35417507059298103 0.11744776962168267 0.04921339249697459 0.02710333145115754
0 0.39229528035498185 0.11688311688311688 0.058491327148043566 0.019762845849802372
0 0.4211375554659137 0.11744776962168267 0.04921339249697459 0.008752117447769622
0 0.08713190802743041 0.14342179559570864 0.0500201694231545 0.026821005081874648
0 0.11980637353771682 0.14313946922642576 0.02702702702702703 0.023715415019762844
0 0.14925373134328357 0.1427159796725014 0.0391286809197257 0.024844720496894408
0 0.17063331988705124 0.1432806324110672 0.02016942315449778 0.007905138339920948
0 0.22327551432029044 0.14285714285714285 0.06897942718838242 0.026821005081874648
0 0.2537313432835821 0.14568040654997177 0.03953206938281565 0.033314511575381144
0 0.2989108511496571 0.14313946922642576 0.06938281565147236 0.024280067758328628
0 0.33219039935457845 0.1432806324110672 0.060508269463493344 0.025974025974025976
0 0.37878176684146836 0.14285714285714285 0.0790641387656313 0.026538678712591756
0 0.4056070996369504 0.14525691699604742 0.040742234772085516 0.029644268774703556
0 0.09156918112141993 0.1686900056465274 0.05405405405405406 0.027950310559006212
0 0.10830980233965308 0.16741953698475437 0.015328761597418314 0.0189158667419537
0 0.13574021782977008 0.1681253529079616 0.03993545784590561 0.026256352343308864
0 0.18354175070592982 0.16770186335403728 0.06292860024203308 0.027385657820440428
0 0.21379588543767647 0.16883116883116883 0.042759177087535294 0.00846979107848673
0 0.2436466317063332 0.1712309429700734 0.041145623235175476 0.03500846979107849
0 0.291246470350948 0.16925465838509315 0.08067769261799113 0.029926595143986448
0 0.33219039935457845 0.17193675889328064 0.07583703106091166 0.036420101637492944
0 0.3382412263009278 0.16939582156973462 0.007260992335619202 0.007622811970638058
0 0.40439693424768053 0.1675607001693958 0.11052843888664785 0.029644268774703556
0 0.4398951189995966 0.1717955957086392 0.07018959257765228 0.032185206098249576
0 0.09479628882613957 0.19339356295878035 0.05970149253731343 0.029644268774703556
0 0.14784187172246874 0.192970073404856 0.10125050423557887 0.028797289666854884
0 0.17870108914885036 0.19833427442123094 0.052843888664784185 0.037549407114624504
0 0.18071803146430013 0.19367588932806323 0.002016942315449778 0.001411631846414455
0 0.2291246470350948 0.19424054206662902 0.07018959257765228 0.025691699604743084
0 0.25958047599838646 0.1935347261434218 0.052843888664784185 0.007905138339920948
0 0.3051633723275514 0.19311123658949747 0.07099636950383219 0.025409373235460192
0 0.3317870108914885 0.1960756634669678 0.04154901169826543 0.034161490683229816
0 0.36789027833803956 0.19649915302089216 0.07664380798709157 0.032467532467532464
0 0.4300121016538927 0.19847543760587238 0.12101653892698669 0.03613777526821005
0 0.09721661960467931 0.21852060982495766 0.0653489310205728 0.028514963297571992
0 0.11920129084308188 0.21823828345567475 0.02864058087938685 0.023715415019762844
0 0.17527228721258573 0.22134387351778656 0.09479628882613957 0.032185206098249576
0 0.20209762000806777 0.2186617730095991 0.0318676885841065 0.024844720496894408
0 0.23013311819281967 0.2183794466403162 0.03469140782573618 0.024844720496894408
0 0.2615974183138362 0.21936758893280633 0.033884630899556276 0.024844720496894408
0 0.2946752722872126 0.2186617730095991 0.0500201694231545 0.028797289666854884
0 0.3338039532069383 0.22402597402597402 0.06010488100040339 0.03500846979107849
0 0.38886647841871724 0.22289666854884246 0.09842678499394918 0.035290796160361376
0 0.4235578862444534 0.21979107848673066 0.05526421944332392 0.027950310559006212
0 0.10125050423557887 0.24378881987577639 0.07059298104074223 0.026256352343308864
0 0.12343686970552642 0.2425183512140034 0.023396530859217425 0.023150762281197064
0 0.15752319483662766 0.24477696216826653 0.045986284792254944 0.029079616036137776
0 0.21782977006857604 0.24576510446075664 0.09439290036304962 0.029644268774703556
0 0.22045179507866075 0.24421230942970074 0.0028237192416296895 0.001411631846414455
0 0.2615974183138362 0.24463579898362506 0.05163372327551432 0.02766798418972332
0 0.28680919725695847 0.24336533032185206 0.04195240016135539 0.007340485601355167
0 0.31787010891488504 0.24774138904573687 0.04033884630899556 0.03387916431394692
0 0.39874949576442115 0.24435347261434218 0.1383622428398548 0.027385657820440428
0 0.4290036304961678 0.24364765669113495 0.0572811617587737 0.024280067758328628
0 0.09217426381605485 0.2689158667419537 0.05687777329568374 0.029644268774703556
0 0.10851149657119806 0.2696216826651609 0.01290843081887858 0.008752117447769622
0 0.16498588140379186 0.2727272727272727 0.09640984267849939 0.04009034443817053
0 0.2281161758773699 0.2738565782044043 0.10326744655102864 0.037267080745341616
0 0.3055667607906414 0.27399774138904576 0.12666397741024607 0.034443817052512704
0 0.33682936668011293 0.2766798418972332 0.03993545784590561 0.022303783173348392
0 0.3717224687373941 0.27399774138904576 0.040742234772085516 0.029361942405420668
0 0.41488503428801937 0.26905702992659514 0.06615570794675273 0.023433088650479956
0 0.11254538120209762 0.29446640316205536 0.09560306575231949 0.022868435911914172
0 0.16256555062525213 0.29983060417843027 0.06131504638967326 0.036420101637492944
0 0.22710770471964503 0.29460756634669677 0.09076240419524001 0.021739130434782608
0 0.24021782977006859 0.2857142857142857 0.008471157724889069 0.00564652738565782
0 0.28297700685760385 0.29672501411631846 0.08592174263816055 0.03020892151326934
0 0.28963291649858813 0.2857142857142857 0.007260992335619202 0.004517221908526256
0 0.326946349334409 0.2941840767927724 0.06010488100040339 0.0251270468661773
0 0.4116579265832997 0.2950310559006211 0.13916901976603469 0.026538678712591756
0 0.09782170229931424 0.3197346132128741 0.06696248487293263 0.028232636928289104
0 0.14582492940701897 0.3207227555053642 0.0653489310205728 0.026538678712591756
0 0.14259782170229932 0.32142857142857145 0.002016942315449778 0.0016939582156973462
