0 0.0782573618394514 0.11857707509881422 0.03307785397337636 0.027950310559006212
0 0.09136748688987495 0.11730660643704122 0.02218636546994756 0.026821005081874648
0 0.16135538523598225 0.12436476566911349 0.11375554659136748 0.037549407114624504
0 0.19786204114562322 0.11744776962168267 0.03711173860427592 0.024844720496894408
0 0.23961274707543365 0.11815358554488989 0.06252521177894312 0.0251270468661773
0 0.3128277531262606 0.11758893280632411 0.11536910044372731 0.030491247882552232
0 0.3580072609923356 0.11758893280632411 0.06938281565147236 0.023433088650479956
0 0.3840258168616378 0.12309429700734048 0.045986284792254944 0.037267080745341616
0 0.42416296893908834 0.11674195369847544 0.06010488100040339 0.021739130434782608
0 0.10508269463493344 0.1429983060417843 0.08632513110125051 0.026538678712591756
0 0.1200080677692618 0.14384528514963296 0.021379588543767647 0.020609824957651044
0 0.15570794675272287 0.1422924901185771 0.03791851553045583 0.026821005081874648
0 0.22589753933037515 0.1470920383963862 0.11133521581282775 0.03303218520609825
0 0.2918515530455829 0.1427159796725014 0.09600645421540945 0.025974025974025976
0 0.28721258572004843 0.14342179559570864 0.0028237192416296895 0.001411631846414455
0 0.32412263009277936 0.1429983060417843 0.043969342476805166 0.022303783173348392
0 0.3382412263009278 0.1429983060417843 0.022589753933037516 0.01693958215697346
0 0.3761597418313836 0.14342179559570864 0.05526421944332392 0.025691699604743084
0 0.4223477208551835 0.1422924901185771 0.07382008874546188 0.024280067758328628
0 0.09378781766841468 0.16727837380011293 0.06494554255748286 0.02710333145115754
0 0.15772488906817264 0.17377188029361942 0.09439290036304962 0.03980801806888763
0 0.20028237192416296 0.17363071710897798 0.05163372327551432 0.020327498588368152
0 0.245461879790238 0.17038396386222474 0.06131504638967326 0.029361942405420668
0 0.3007260992335619 0.16883116883116883 0.08188785800726099 0.028514963297571992
0 0.327349737797499 0.16784302653867872 0.03872529245663574 0.02456239412761152
0 0.36385639370713996 0.17292490118577075 0.04961678096006454 0.018351214003387916
0 0.39330375151270675 0.16784302653867872 0.040742234772085516 0.02710333145115754
0 0.4227511093182735 0.16770186335403728 0.04517950786607503 0.019762845849802372
0 0.1218233158531666 0.19536984754376058 0.11617587736990723 0.032467532467532464
0 0.14481645824929407 0.19254658385093168 0.03509479628882614 0.025691699604743084
0 0.19342476805163372 0.19748729531338227 0.07946752722872126 0.036420101637492944
0 0.24647035094796288 0.1935347261434218 0.07059298104074223 0.009034443817052512
0 0.2498991528842275 0.19311123658949747 0.003227107704719645 0.001411631846414455
0 0.2876159741831384 0.19438170525127046 0.05526421944332392 0.027385657820440428
0 0.3688987494957644 0.19649915302089216 0.15328761597418314 0.030491247882552232
0 0.40338846308995563 0.1966403162055336 0.04961678096006454 0.033314511575381144
0 0.11778943122226704 0.22106154714850368 0.10568777732956837 0.031055900621118012
0 0.1262605889471561 0.22077922077922077 0.006857603872529245 0.007905138339920948
0 0.15409439290036306 0.22317899491812535 0.04477611940298507 0.03613777526821005
0 0.20572811617587736 0.22289666854884246 0.0754336425978217 0.03274985883681536
0 0.23497377974989916 0.2186617730095991 0.042759177087535294 0.02710333145115754
0 0.28580072609923357 0.21922642574816487 0.09076240419524001 0.02766798418972332
0 0.2825736183945139 0.22120271033314512 0.0060508269463493344 0.005364201016374929
0 0.3229124647035095 0.21880293619424054 0.0463896732553449 0.029361942405420668
0 0.4017749092375958 0.22120271033314512 0.12868091972569584 0.029361942405420668
0 0.43807987091569184 0.21795595708639187 0.06857603872529246 0.026538678712591756
0 0.10689794271883823 0.2456239412761152 0.07704719645018153 0.029644268774703556
0 0.15570794675272287 0.2468944099378882 0.08067769261799113 0.03303218520609825
0 0.22589753933037515 0.24392998306041785 0.10246066962484873 0.03190287972896669
0 0.2573618394513917 0.24491812535290797 0.042759177087535294 0.029644268774703556
0 0.3120209762000807 0.24378881987577639 0.10205728116175877 0.025974025974025976
0 0.33884630899556273 0.24449463579898362 0.03953206938281565 0.02258610954263128
0 0.3751512706736587 0.25056465273856576 0.05889471561113352 0.03557312252964427
0 0.39874949576442115 0.24336533032185206 0.03227107704719645 0.02456239412761152
0 0.4312222670431626 0.24308300395256918 0.05163372327551432 0.02710333145115754
0 0.14784187172246874 0.26877470355731226 0.16498588140379186 0.02766798418972332
0 0.15127067365873337 0.2683512140033879 0.0028237192416296895 0.001976284584980237
0 0.2198467123840258 0.26877470355731226 0.11698265429608713 0.023997741389045736
0 0.22670431625655507 0.26990400903444384 0.006857603872529245 0.006211180124223602
0 0.2563533682936668 0.26905702992659514 0.0326744655102864 0.025691699604743084
0 0.2918515530455829 0.27428006775832864 0.0572811617587737 0.0189158667419537
0 0.29790237999193225 0.27103331451157536 0.00645421540943929 0.007340485601355167
0 0.34227511093182733 0.26976284584980237 0.0681726502622025 0.025974025974025976
0 0.400161355385236 0.2694805194805195 0.09197256958450989 0.024280067758328628
0 0.4253731343283582 0.26905702992659514 0.050826946349334406 0.025691699604743084
0 0.10830980233965308 0.30039525691699603 0.08672851956434045 0.04121964991530209
0 0.14764017749092376 0.2937605872388481 0.05244050020169423 0.027385657820440428
0 0.19402985074626866 0.2937605872388481 0.06575231948366277 0.025409373235460192
0 0.24102460669624848 0.2981366459627329 0.07624041952400161 0.017221908526256352
0 0.327148043565954 0.2985601355166573 0.14360629286002422 0.037549407114624504
0 0.37494957644211374 0.29390175042348954 0.07503025413473174 0.025409373235460192
0 0.4037918515530456 0.29390175042348954 0.035901573215006054 0.025409373235460192
0 0.0954013715207745 0.3222755505364201 0.05929810407422348 0.031338226990400904
0 0.12928600242033078 0.3190287972896669 0.04477611940298507 0.008752117447769622
0 0.16821298910851148 0.31945228684359117 0.04961678096006454 0.007905138339920948
0 0.24243646631706334 0.31959345002823264 0.10972166196046793 0.023715415019762844
0 0.29043969342476805 0.31945228684359117 0.05929810407422348 0.020892151326933936
0 0.3358208955223881 0.31945228684359117 0.06252521177894312 0.027950310559006212
0 0.3412666397741025 0.3210050818746471 0.0028237192416296895 0.001411631846414455
