0 0.08713190802743041 0.11081309994353472 0.021379588543767647 0.018068887634105024
0 0.1518757563533683 0.11730660643704122 0.100040338846309 0.031055900621118012
0 0.2045179507866075 0.11420101637492942 0.07624041952400161 0.024844720496894408
0 0.245461879790238 0.11208356860530773 0.0500201694231545 0.018633540372670808
0 0.27329568374344493 0.11137775268210051 0.03428801936264623 0.01637492941840768
0 0.3400564743848326 0.11801242236024845 0.10851149657119806 0.029079616036137776
0 0.36849536103267444 0.11137775268210051 0.0326744655102864 0.017221908526256352
0 0.40399354578459057 0.11208356860530773 0.04881000403388463 0.01693958215697346
0 0.4203307785397338 0.11208356860530773 0.015328761597418314 0.010163749294184076
0 0.11778943122226704 0.1373517786561265 0.09560306575231949 0.017786561264822136
0 0.181726502622025 0.14525691699604742 0.0935861234368697 0.034161490683229816
0 0.22388059701492538 0.1380575945793337 0.06131504638967326 0.01637492941840768
0 0.25534489713594194 0.13706945228684358 0.041145623235175476 0.014680971202710334
0 0.2974989915288423 0.13706945228684358 0.07139975796692215 0.01637492941840768
0 0.3620411456232352 0.14568040654997177 0.11335215812827754 0.03387916431394692
0 0.4035901573215006 0.13763410502540938 0.05405405405405406 0.017221908526256352
0 0.10871319080274304 0.1621964991530209 0.07745058491327148 0.018633540372670808
0 0.13392496974586526 0.1621964991530209 0.02218636546994756 0.017504234895539244
0 0.1782977006857604 0.1627611518915867 0.05929810407422348 0.014680971202710334
0 0.21359419120613152 0.1616318464144551 0.03872529245663574 0.014398644833427442
0 0.2702702702702703 0.1621964991530209 0.08713190802743041 0.016092603049124788
0 0.3140379185155305 0.16840767927724448 0.05163372327551432 0.02258610954263128
0 0.3424768051633723 0.1647374364765669 0.0326744655102864 0.023150762281197064
0 0.38684953610326744 0.17010163749294185 0.07099636950383219 0.03274985883681536
0 0.417910447761194 0.16247882552230378 0.042759177087535294 0.01693958215697346
0 0.0845098830173457 0.18718238283455674 0.02944735780556676 0.016657255787690572
0 0.12968939088342074 0.1873235460191982 0.060508269463493344 0.020045172219085264
0 0.17527228721258573 0.18845285149632976 0.05929810407422348 0.015527950310559006
0 0.17789431222267044 0.18788819875776397 0.003227107704719645 0.002540937323546019
0 0.20169423154497781 0.1873235460191982 0.01936264622831787 0.014963297571993224
0 0.23981444130697863 0.1880293619424054 0.05405405405405406 0.015527950310559006
0 0.2656313029447358 0.1876058723884811 0.03670835014118596 0.015527950310559006
0 0.2944735780556676 0.18788819875776397 0.043162565550625254 0.015527950310559006
0 0.33400564743848327 0.1876058723884811 0.04961678096006454 0.018068887634105024
0 0.3719241629689391 0.18788819875776397 0.048406615570794675 0.01637492941840768
0 0.38967325534489716 0.18718238283455674 0.01371520774505849 0.007622811970638058
0 0.43848325937878174 0.1876058723884811 0.07341670028237192 0.017504234895539244
0 0.08067769261799113 0.21132128740824394 0.023396530859217425 0.016657255787690572
0 0.1399757966922146 0.2127329192546584 0.08471157724889068 0.017504234895539244
0 0.23053650665590963 0.21287408243929984 0.14804356595401372 0.016092603049124788
0 0.2678499394917305 0.2127329192546584 0.04719645018152481 0.015527950310559006
0 0.30052440500201694 0.21357989836250707 0.04356595401371521 0.015810276679841896
0 0.3390480032271077 0.2137210615471485 0.05526421944332392 0.014963297571993224
0 0.41044776119402987 0.2137210615471485 0.11415893505445744 0.01637492941840768
0 0.08955223880597014 0.23800112930547712 0.04195240016135539 0.017504234895539244
0 0.12222670431625655 0.24590626764539808 0.04356595401371521 0.034443817052512704
0 0.16216216216216217 0.2385657820440429 0.056070996369503835 0.017221908526256352
0 0.18697055264219442 0.2388481084133258 0.031060911657926585 0.01693958215697346
0 0.23880597014925373 0.24647092038396387 0.08067769261799113 0.029926595143986448
0 0.2648245260185559 0.24054206662902314 0.02218636546994756 0.015810276679841896
0 0.30576845502218636 0.23898927159796726 0.05526421944332392 0.017786561264822136
0 0.34187172246873737 0.2391304347826087 0.05163372327551432 0.009881422924901186
0 0.40237999193223073 0.24618859401468096 0.08793868495361033 0.031338226990400904
0 0.4298104074223477 0.2385657820440429 0.027833803953206938 0.020609824957651044
0 0.14158935054457442 0.264257481648786 0.14602662363856395 0.023433088650479956
0 0.20592981040742234 0.264257481648786 0.0935861234368697 0.01693958215697346
0 0.23497377974989916 0.26595143986448333 0.0318676885841065 0.021739130434782608
0 0.27511093182734975 0.2717391304347826 0.05486083098023396 0.03359683794466403
0 0.34066155707946755 0.2636928289102202 0.1073013311819282 0.017504234895539244
0 0.36486486486486486 0.2636928289102202 0.026623638563937072 0.010728402032749858
0 0.4417103670835014 0.264257481648786 0.12505042355788623 0.019762845849802372
0 0.4407018959257765 0.2649632975719932 0.0028237192416296895 0.0016939582156973462
