0 329.0391286809197 732.0086109542631 0.0782573618394514 0.017221908526256352
0 565.020371117386 735.0084697910785 0.040742234772085516 0.01693958215697346
0 674.002218636547 787.0042348955393 0.004437273093989512 0.00846979107848673
0 722.0377168212989 733.0090344438171 0.0754336425978217 0.018068887634105024
0 936.0526421944332 732.0146809712027 0.10528438886647842 0.029361942405420668
0 1225.0102864058088 751.0066346696782 0.020572811617587738 0.013269339356295878
0 1320.0471964501814 739.0124223602485 0.09439290036304962 0.024844720496894408
0 1569.0012101653892 782.0045172219085 0.0024203307785397336 0.009034443817052512
0 1603.0524405002018 741.0145398080181 0.10488100040338846 0.029079616036137776
0 1889.011496571198 755.0067758328628 0.022993142396127472 0.01355166572557877
0 1980.0312626058894 746.0084697910785 0.06252521177894312 0.01693958215697346
0 338.01895925776523 908.0079051383399 0.03791851553045583 0.015810276679841896
0 483.02985074626866 909.0105872388481 0.05970149253731343 0.021174477696216828
0 630.0042355788624 933.0077639751553 0.008471157724889069 0.015527950310559006
0 692.0453812020976 920.0080463015246 0.09076240419524001 0.016092603049124788
0 962.0197660346914 922.0069169960474 0.03953206938281565 0.01383399209486166
0 1081.002218636547 963.0046583850932 0.004437273093989512 0.009316770186335404
0 1159.0369100443727 911.0079051383399 0.07382008874546188 0.015810276679841896
0 1377.0494150867285 902.0152456239413 0.09883017345703912 0.030491247882552232
0 1673.0123033481243 924.0063523433089 0.024606696248487294 0.012704686617730096
0 1776.0322710770472 912.0132693393563 0.0645421540943929 0.026538678712591756
0 1940.0024203307785 959.0052230378317 0.004840661557079467 0.010446075663466968
0 2005.0302541347316 904.0088932806324 0.060508269463493344 0.017786561264822136
0 2169.0084711577247 899.0086109542631 0.016942315449778138 0.017221908526256352
0 350.02137958854377 1092.0115753811406 0.042759177087535294 0.023150762281197064
0 519.0439693424768 1093.01185770751 0.08793868495361033 0.023715415019762844
0 754.002218636547 1118.0064935064936 0.004437273093989512 0.012987012987012988
0 812.0090762404195 1087.0108695652175 0.018152480839048003 0.021739130434782608
0 920.0437676482453 1085.0091756070017 0.08753529649052037 0.018351214003387916
0 1184.0276321097217 1085.0084697910786 0.05526421944332392 0.01693958215697346
0 1350.037716821299 1089.009034443817 0.0754336425978217 0.018068887634105024
0 1577.0171440096813 1086.008610954263 0.03428801936264623 0.017221908526256352
0 1700.0441710367083 1087.0148221343873 0.08834207341670028 0.029644268774703556
0 343.05102864058085 1270.0127046866178 0.10205728116175877 0.025409373235460192
0 596.002218636547 1319.004658385093 0.004437273093989512 0.009316770186335404
0 668.0233965308593 1262.0095990965556 0.04679306171843485 0.019198193111236588
0 827.0086728519565 1271.0081874647092 0.01734570391286809 0.01637492941840768
0 908.0149253731344 1264.008328627894 0.029850746268656716 0.016657255787690572
0 1018.0231948366277 1256.0094579333709 0.0463896732553449 0.0189158667419537
0 1174.0298507462687 1254.009881422925 0.05970149253731343 0.019762845849802372
0 1359.0141185962082 1264.0080463015245 0.028237192416296894 0.016092603049124788
0 1477.0512303348123 1261.0143986448334 0.10246066962484873 0.028797289666854884
0 1768.0131101250504 1264.0135516657256 0.026220250100847116 0.02710333145115754
0 1865.0096813231141 1256.0104460756634 0.01936264622831787 0.020892151326933936
0 1918.0012101653892 1327.000423489554 0.0024203307785397336 0.0008469791078486731
0 1974.0078660750303 1268.0095990965556 0.01573215006050827 0.019198193111236588
0 2032.008471157725 1276.0084697910786 0.016942315449778138 0.01693958215697346
0 2088.007462686567 1286.006634669678 0.014925373134328358 0.013269339356295878
0 2138.0237999193223 1267.0143986448334 0.04759983864461476 0.028797289666854884
0 356.0215812827753 1442.0088932806325 0.043162565550625254 0.017786561264822136
0 531.0183541750706 1450.008328627894 0.03670835014118596 0.016657255787690572
0 681.074021782977 1442.0163749294184 0.14804356595401372 0.03274985883681536
0 1107.0451795078661 1448.0087521174478 0.09035901573215006 0.017504234895539244
0 1392.0235982250908 1459.00790513834 0.04719645018152481 0.015810276679841896
0 1564.026623638564 1449.0091756070017 0.053247277127874144 0.018351214003387916
0 1741.0264219443325 1449.0095990965556 0.052843888664784185 0.019198193111236588
0 1923.0171440096813 1443.010587238848 0.03428801936264623 0.021174477696216828
0 2055.0286405808793 1457.0155279503106 0.0572811617587737 0.031055900621118012
0 346.02803549818475 1615.014963297572 0.056070996369503835 0.029926595143986448
0 542.0217829770069 1627.0084697910786 0.04356595401371521 0.01693958215697346
0 692.0538523598225 1615.0143986448334 0.10770471964501815 0.028797289666854884
0 979.0012101653892 1667.0021174477697 0.0024203307785397336 0.004234895539243365
0 1045.0072609923357 1619.0100225861095 0.014521984671238403 0.020045172219085264
0 1154.0086728519564 1627.0100225861095 0.01734570391286809 0.020045172219085264
0 1223.0062525211779 1636.0069169960475 0.012505042355788625 0.01383399209486166
0 1323.0302541347316 1615.0177865612648 0.060508269463493344 0.03557312252964427
0 1504.0246066962484 1618.0136928289103 0.04921339249697459 0.027385657820440428
0 1680.024405002017 1626.0091756070017 0.04881000403388463 0.018351214003387916
0 1851.0177490923759 1622.009034443817 0.035498184751916094 0.018068887634105024
0 357.0703912868092 1795.0158102766798 0.14078257361839452 0.03162055335968379
0 730.0437676482453 1798.0108695652175 0.08753529649052037 0.021739130434782608
0 968.0229931423961 1802.0160926030492 0.045986284792254944 0.032185206098249576
0 1108.0177490923759 1805.0087521174478 0.035498184751916094 0.017504234895539244
0 1270.064340459863 1815.0135516657256 0.12868091972569584 0.02710333145115754
0 1616.0147236789028 1788.014963297572 0.02944735780556676 0.029926595143986448
0 1735.0647438483259 1803.016939582157 0.12948769665187576 0.03387916431394692
0 2063.003227107705 1863.0057876905703 0.00645421540943929 0.011575381140598532
0 2110.01956434046 1796.010587238848 0.0391286809197257 0.021174477696216828
0 363.01149657119805 1974.0091756070017 0.022993142396127472 0.018351214003387916
0 495.0143202904397 1983.0084697910786 0.02864058087938685 0.01693958215697346
0 624.0540540540541 1967.01185770751 0.10810810810810811 0.023715415019762844
0 993.065147236789 1985.0091756070017 0.13029447357805568 0.018351214003387916
0 1384.0903590157322 1985.0139751552795 0.18071803146430013 0.027950310559006212
0 1838.0038321903994 2048.0057876905703 0.007664380798709157 0.011575381140598532
0 1914.01956434046 1978.0095990965556 0.0391286809197257 0.019198193111236588
0 2067.0096813231144 1984.009881422925 0.01936264622831787 0.019762845849802372
0 352.01936264622833 2151.008610954263 0.03872529245663574 0.017221908526256352
0 528.0486083098024 2152.009175607002 0.09721661960467931 0.018351214003387916
0 859.0379185155305 2155.0097402597403 0.07583703106091166 0.01948051948051948
0 1105.0123033481243 2165.0080463015247 0.024606696248487294 0.016092603049124788
0 1244.0290439693424 2151.0101637492944 0.05808793868495361 0.020327498588368152
0 1449.0112948769665 2161.0084697910784 0.022589753933037516 0.01693958215697346
0 1563.0459862847922 2161.0135516657256 0.09197256958450989 0.02710333145115754
0 1800.0014118596207 2222.0009881422925 0.0028237192416296895 0.001976284584980237
