0 0.09056070996369504 0.11180124223602485 0.029850746268656716 0.021456804065499716
0 0.10871319080274304 0.11180124223602485 0.024203307785397338 0.021174477696216828
0 0.15248083904800322 0.11236589497459062 0.06776926179911255 0.022868435911914172
0 0.20371117386042759 0.11180124223602485 0.07704719645018153 0.024280067758328628
0 0.24707543364259782 0.11137775268210051 0.05486083098023396 0.020327498588368152
0 0.3259378781766841 0.11264822134387352 0.13916901976603469 0.017221908526256352
0 0.37918515530455826 0.11335403726708075 0.08148446954417103 0.0189158667419537
0 0.4219443323920936 0.11236589497459062 0.06736587333602259 0.020327498588368152
0 0.43848325937878174 0.11250705815923208 0.020976200080677694 0.017786561264822136
0 0.09177087535296491 0.13594014680971203 0.04154901169826543 0.0189158667419537
0 0.12202501008471157 0.13594014680971203 0.04881000403388463 0.0189158667419537
0 0.21500605082694635 0.13848108413325805 0.1617587736990722 0.020609824957651044
0 0.23134328358208955 0.13099943534726144 0.007664380798709157 0.010163749294184076
0 0.25958047599838646 0.13763410502540938 0.05526421944332392 0.012422360248447204
0 0.32432432432432434 0.1398927159796725 0.11335215812827754 0.030491247882552232
0 0.3755546591367487 0.13721061547148503 0.08430818878580072 0.01129305477131564
0 0.4100443727309399 0.1429983060417843 0.04679306171843485 0.022303783173348392
0 0.4223477208551835 0.13085827216262 0.008471157724889069 0.00846979107848673
0 0.4417103670835014 0.13763410502540938 0.031060911657926585 0.023997741389045736
0 0.09519967728922953 0.1616318464144551 0.056070996369503835 0.0251270468661773
0 0.23759580475998388 0.16290231507622813 0.26220250100847114 0.020609824957651044
0 0.2603872529245664 0.16516092603049123 0.0318676885841065 0.029361942405420668
0 0.3937071399757967 0.1691134952004517 0.2517144009681323 0.034443817052512704
0 0.4007664380798709 0.16247882552230378 0.002016942315449778 0.0016939582156973462
0 0.4431222267043163 0.16304347826086957 0.05970149253731343 0.020327498588368152
0 0.4485679709560307 0.1668548842461886 0.00645421540943929 0.009034443817052512
0 0.1464300121016539 0.1876058723884811 0.15127067365873337 0.03020892151326934
0 0.1510689794271884 0.18944099378881987 0.004437273093989512 0.007058159232072276
0 0.21480435659540137 0.1876058723884811 0.10609116579265833 0.014680971202710334
0 0.2373941105284389 0.1873235460191982 0.02218636546994756 0.010728402032749858
0 0.3007260992335619 0.1873235460191982 0.10770471964501815 0.025974025974025976
0 0.3259378781766841 0.19000564652738566 0.03791851553045583 0.029079616036137776
0 0.35599031867688585 0.18788819875776397 0.04477611940298507 0.025409373235460192
0 0.4709560306575232 0.1885940146809712 0.20411456232351755 0.019762845849802372
0 0.08693021379588543 0.21513269339356295 0.03670835014118596 0.032467532467532464
0 0.18414683340056473 0.220214568040655 0.1843485276321097 0.03698475437605872
0 0.190802743041549 0.2124505928853755 0.0028237192416296895 0.0016939582156973462
0 0.22751109318273496 0.21160361377752682 0.050826946349334406 0.021174477696216828
0 0.31787010891488504 0.2199322416713721 0.16659943525615167 0.03077357425183512
0 0.3860427591770875 0.2140033879164314 0.1073013311819282 0.02456239412761152
0 0.4409035901573215 0.21386222473178995 0.08229124647035095 0.009881422924901186
0 0.11234368697055264 0.23687182382834557 0.09035901573215006 0.017221908526256352
0 0.20149253731343283 0.23842461885940147 0.1581282775312626 0.015810276679841896
0 0.2265026220250101 0.23870694522868435 0.024606696248487294 0.020892151326933936
0 0.3315853166599435 0.23898927159796726 0.1827349737797499 0.02456239412761152
0 0.3618394513916902 0.24153020892151328 0.035901573215006054 0.029644268774703556
0 0.38563937071399756 0.2391304347826087 0.038321903993545785 0.01101072840203275
0 0.46026623638563935 0.24647092038396387 0.13674868898749495 0.038396386222473176
0 0.4663170633319887 0.24054206662902314 0.003227107704719645 0.001129305477131564
0 0.12706736587333603 0.2639751552795031 0.11778943122226704 0.023150762281197064
0 0.17668414683340056 0.262987012987013 0.08067769261799113 0.025974025974025976
0 0.22569584509883017 0.27103331451157536 0.07946752722872126 0.040654997176736304
0 0.2952803549818475 0.2639751552795031 0.11617587736990723 0.020327498588368152
0 0.36385639370713996 0.2701863354037267 0.12303348124243646 0.027950310559006212
0 0.4374747882210569 0.2727272727272727 0.12303348124243646 0.0409373235460192
0 0.08491327148043566 0.28726708074534163 0.028237192416296894 0.024844720496894408
0 0.11355385235982252 0.28839638622247316 0.035498184751916094 0.023997741389045736
0 0.1555062525211779 0.2951722190852626 0.07422347720855184 0.032467532467532464
0 0.200080677692618 0.2888198757763975 0.07059298104074223 0.021739130434782608
0 0.23396530859217426 0.29150197628458496 0.04759983864461476 0.031338226990400904
0 0.26401774909237596 0.28839638622247316 0.04800322710770472 0.026538678712591756
0 0.30919725695845096 0.2886787125917561 0.06938281565147236 0.018633540372670808
0 0.3390480032271077 0.29234895539243366 0.035901573215006054 0.03500846979107849
0 0.3983461073013312 0.2899491812535291 0.10165389269866881 0.024280067758328628
0 0.4219443323920936 0.2888198757763975 0.022993142396127472 0.019762845849802372
0 0.46591367486889873 0.288961038961039 0.07503025413473174 0.023150762281197064
0 0.10467930617184348 0.32128740824393 0.07785397337636143 0.03190287972896669
0 0.1799112545381202 0.314652738565782 0.12141992739007665 0.018068887634105024
0 0.23215006050826947 0.32058159232072275 0.07785397337636143 0.036420101637492944
0 0.2680516337232755 0.3147939017504235 0.050423557886244454 0.026538678712591756
0 0.3830173457039129 0.32171089779785433 0.2008874546187979 0.03613777526821005
0 0.46793061718434853 0.3169113495200452 0.14925373134328357 0.02456239412761152
0 0.13654699475594997 0.339356295878035 0.1290843081887858 0.026821005081874648
0 0.1782977006857604 0.33921513269339354 0.06252521177894312 0.020045172219085264
0 0.26058894715611136 0.3461321287408244 0.14199273900766438 0.03698475437605872
0 0.28721258572004843 0.33893280632411066 0.026220250100847116 0.026821005081874648
0 0.400161355385236 0.3414737436476567 0.1972569584509883 0.034161490683229816
0 0.4164985881403792 0.3404856013551666 0.01653892698668818 0.02710333145115754
