0 0.08572004840661557 0.10982495765104461 0.0391286809197257 0.01948051948051948
0 0.12303348124243646 0.10996612083568605 0.057684550221863654 0.021174477696216828
0 0.20613150463896732 0.11024844720496894 0.14602662363856395 0.022868435911914172
0 0.23477208551835418 0.10996612083568605 0.033884630899556276 0.012987012987012988
0 0.28035498184751917 0.12055335968379446 0.06938281565147236 0.045454545454545456
0 0.3299717628075837 0.10996612083568605 0.0790641387656313 0.017504234895539244
0 0.354376764824526 0.11843591191417278 0.022993142396127472 0.03670242800677583
0 0.3989511899959661 0.11928289102202146 0.07059298104074223 0.041501976284584984
0 0.11940298507462686 0.13537549407114624 0.1036708350141186 0.022303783173348392
0 0.1581282775312626 0.1429983060417843 0.0572811617587737 0.035290796160361376
0 0.18051633723275515 0.13565782044042915 0.021782977006857603 0.0220214568040655
0 0.21359419120613152 0.13551665725578768 0.04679306171843485 0.024280067758328628
0 0.27611940298507465 0.14539808018068887 0.0927793465106898 0.04291360813099943
0 0.2845905607099637 0.13551665725578768 0.0028237192416296895 0.001411631846414455
0 0.31968535699878986 0.1362224731789949 0.05203711173860428 0.023715415019762844
0 0.399959661153691 0.146386222473179 0.1335215812827753 0.04601919819311124
0 0.4255748285599032 0.13636363636363635 0.02864058087938685 0.025409373235460192
0 0.08350141185962082 0.16149068322981366 0.033481242436466316 0.023150762281197064
0 0.16337232755143202 0.1715132693393563 0.14199273900766438 0.04432523997741389
0 0.18495361032674465 0.1616318464144551 0.024203307785397338 0.0220214568040655
0 0.22125857200484067 0.16092603049124787 0.058491327148043566 0.023150762281197064
0 0.2382008874546188 0.16050254093732355 0.010891488503428802 0.014963297571993224
0 0.2708753529649052 0.1696781479390175 0.042759177087535294 0.040654997176736304
0 0.29487696651875756 0.1603613777526821 0.022589753933037516 0.012704686617730096
0 0.3565954013715208 0.16078486730660643 0.10246066962484873 0.022303783173348392
0 0.38120209762000806 0.15965556182947488 0.021782977006857603 0.0220214568040655
0 0.4112545381202098 0.16233766233766234 0.033884630899556276 0.027385657820440428
0 0.10830980233965308 0.19692264257481648 0.0826946349334409 0.047713156408808584
0 0.11355385235982252 0.18450028232636928 0.0028237192416296895 0.001411631846414455
0 0.20108914885034287 0.19480519480519481 0.15691811214199275 0.03896103896103896
0 0.22186365469947558 0.1857707509881423 0.026220250100847116 0.012704686617730096
0 0.2446551028640581 0.18619424054206662 0.02864058087938685 0.025974025974025976
0 0.28398547801532875 0.18534726143421795 0.06252521177894312 0.016657255787690572
0 0.2928600242033078 0.18746470920383965 0.002016942315449778 0.00818746470920384
0 0.3372327551432029 0.19480519480519481 0.06978620411456232 0.04206662902315076
0 0.345703912868092 0.18887634105025408 0.003227107704719645 0.008752117447769622
0 0.3761597418313836 0.18675889328063242 0.03307785397337636 0.02710333145115754
0 0.4017749092375958 0.1852060982495765 0.03509479628882614 0.024280067758328628
0 0.42295280354981846 0.18478260869565216 0.018959257765227916 0.009881422924901186
0 0.11335215812827754 0.21160361377752682 0.09439290036304962 0.0220214568040655
0 0.15711980637353773 0.21202710333145117 0.07099636950383219 0.018351214003387916
0 0.17849939491730538 0.21089779785431959 0.020572811617587738 0.016092603049124788
0 0.24667204517950786 0.22416713721061546 0.1254538120209762 0.05194805194805195
0 0.2763210972166196 0.22162619988706944 0.03227107704719645 0.04630152456239413
0 0.3017345703912868 0.21188594014680973 0.0318676885841065 0.0220214568040655
0 0.34388866478418717 0.2230378317334839 0.05929810407422348 0.039525691699604744
0 0.3483259378781767 0.2111801242236025 0.003227107704719645 0.023433088650479956
0 0.09600645421540945 0.24477696216826653 0.05647438483259379 0.039525691699604744
0 0.1381605486083098 0.2365894974590627 0.06736587333602259 0.020609824957651044
0 0.14663170633319886 0.23941276115189158 0.004033884630899556 0.009034443817052512
0 0.1899959661153691 0.2456239412761152 0.0645421540943929 0.04178430265386787
0 0.24405002016942315 0.237012987012987 0.09156918112141993 0.0220214568040655
0 0.25010084711577246 0.23785996612083568 0.002016942315449778 0.006775832862789385
0 0.29043969342476805 0.2365894974590627 0.06171843485276321 0.022868435911914172
0 0.3402581686163776 0.23955392433653303 0.08672851956434045 0.028514963297571992
0 0.3481242436466317 0.23560135516657255 0.0024203307785397336 0.001411631846414455
0 0.382008874546188 0.2360248447204969 0.04517950786607503 0.0220214568040655
0 0.4025816861637757 0.2453416149068323 0.024203307785397338 0.043478260869565216
0 0.09439290036304962 0.26228119706380576 0.0536506655909641 0.027950310559006212
0 0.1327148043565954 0.2621400338791643 0.05445744251714401 0.025974025974025976
0 0.1718434852763211 0.2621400338791643 0.0609116579265833 0.015810276679841896
0 0.20371117386042759 0.26101072840203277 0.03993545784590561 0.0251270468661773
0 0.22166196046793063 0.2611518915866742 0.018152480839048003 0.01101072840203275
0 0.2603872529245664 0.2619988706945229 0.05889471561113352 0.02710333145115754
0 0.299919322307382 0.26171654432524 0.05687777329568374 0.021456804065499716
0 0.3610326744655103 0.274703557312253 0.10326744655102864 0.04912478825522304
0 0.3709156918112142 0.2595990965556183 0.007260992335619202 0.0016939582156973462
0 0.4035901573215006 0.26129305477131565 0.04800322710770472 0.021174477696216828
0 0.09378781766841468 0.29446640316205536 0.05244050020169423 0.04517221908526256
0 0.15127067365873337 0.2995482778091474 0.10165389269866881 0.04121964991530209
0 0.18515530455828963 0.2886787125917561 0.052843888664784185 0.029644268774703556
0 0.22589753933037515 0.29446640316205536 0.057684550221863654 0.0378317334839074
0 0.23315853166599435 0.28585544889892717 0.0024203307785397336 0.002258610954263128
