0 0.21964501815248083 0.22713156408808582 0.1335215812827753 0.042631281761716544
0 0.3666801129487697 0.22713156408808582 0.11940298507462686 0.042631281761716544
0 0.4802339653085922 0.22275550536420102 0.050423557886244454 0.012422360248447204
0 0.5546591367486889 0.22444946357989837 0.05405405405405406 0.010163749294184076
0 0.6306978620411456 0.21922642574816487 0.0609116579265833 0.021174477696216828
0 0.7141992739007664 0.22275550536420102 0.04961678096006454 0.01129305477131564
0 0.7918515530455829 0.2267080745341615 0.06857603872529246 0.03500846979107849
0 0.8396530859217426 0.22811970638057594 0.003630496167809601 0.00282326369282891
0 0.2299314239612747 0.2779503105590062 0.13795885437676483 0.041501976284584984
0 0.3580072609923356 0.2790796160361378 0.05203711173860428 0.037549407114624504
0 0.4554255748285599 0.2725861095426313 0.08067769261799113 0.03020892151326934
0 0.5492133924969745 0.27343308865047994 0.04881000403388463 0.010446075663466968
0 0.5875352964905204 0.2748447204968944 0.0028237192416296895 0.003105590062111801
0 0.6325131101250504 0.2720214568040655 0.05970149253731343 0.020609824957651044
0 0.7123840258168617 0.2683512140033879 0.04679306171843485 0.01948051948051948
0 0.8093989511899959 0.2728684359119142 0.10931827349737798 0.03020892151326934
0 0.1920129084308189 0.3136645962732919 0.04921339249697459 0.0220214568040655
0 0.2573618394513917 0.3207227555053642 0.024203307785397338 0.015245623941276116
0 0.30899556272690604 0.3190287972896669 0.03146430012101654 0.020892151326933936
0 0.3854376764824526 0.32156973461321287 0.06655909640984267 0.018068887634105024
0 0.5215812827753126 0.33300395256917 0.1427995159338443 0.027385657820440428
0 0.6510689794271883 0.3272162619988707 0.06696248487293263 0.042348955392433656
0 0.7113755546591367 0.32029926595143987 0.019766034691407825 0.016657255787690572
0 0.7615974183138362 0.31959345002823264 0.048406615570794675 0.0220214568040655
0 0.2045179507866075 0.37704686617730093 0.11375554659136748 0.03698475437605872
0 0.33098023396530857 0.3800112930547713 0.08511496571198064 0.04009034443817053
0 0.41488503428801937 0.3694240542066629 0.03751512706736587 0.022303783173348392
0 0.5524405002016942 0.37676453980801805 0.19483662767244858 0.04206662902315076
0 0.7127874142799516 0.3708356860530774 0.07664380798709157 0.020609824957651044
0 0.7914481645824929 0.378317334839074 0.026623638563937072 0.03387916431394692
0 0.8525615167406212 0.37549407114624506 0.06897942718838242 0.03500846979107849
0 0.1990722065348931 0.4203839638622247 0.08430818878580072 0.019762845849802372
0 0.29931423961274706 0.4227837380011293 0.0572811617587737 0.01948051948051948
0 0.381605486083098 0.4222190852625635 0.05970149253731343 0.01948051948051948
0 0.4499798305768455 0.42871259175607 0.019766034691407825 0.009316770186335404
0 0.5500201694231545 0.42828910220214567 0.12222670431625655 0.033314511575381144
0 0.6845502218636547 0.42758328627893843 0.08955223880597014 0.027385657820440428
0 0.7672448567970956 0.42970073404856013 0.03307785397337636 0.032185206098249576
0 0.8424768051633723 0.4397233201581028 0.07704719645018153 0.03811405985319029
0 0.18414683340056473 0.5786278938452851 0.0754336425978217 0.042631281761716544
0 0.27309398951189995 0.5872388481084133 0.045986284792254944 0.034443817052512704
0 0.3481242436466317 0.5717108977978543 0.04517950786607503 0.020892151326933936
0 0.427390076643808 0.5780632411067194 0.05687777329568374 0.009881422924901186
0 0.5260185558693021 0.5815923207227555 0.08955223880597014 0.03896103896103896
0 0.6123436869705526 0.5722755505364201 0.03307785397337636 0.024280067758328628
0 0.6674062121823315 0.5732636928289102 0.045582896329164985 0.01948051948051948
0 0.754739814441307 0.5773574251835122 0.07422347720855184 0.012422360248447204
0 0.8338039532069382 0.572557876905703 0.02501008471157725 0.020892151326933936
0 0.2408229124647035 0.6216826651609261 0.15893505445744252 0.02258610954263128
0 0.36829366680112946 0.6216826651609261 0.045986284792254944 0.020892151326933936
0 0.4757966922146027 0.6352343308865048 0.118192819685357 0.03274985883681536
0 0.5784590560709963 0.6326933935629587 0.02581686163775716 0.03387916431394692
0 0.6423961274707544 0.6319875776397516 0.043162565550625254 0.03472614342179559
0 0.7210568777732956 0.61914172783738 0.06575231948366277 0.025974025974025976
0 0.7710770471964502 0.6315640880858272 0.0028237192416296895 0.0016939582156973462
