0 0.1464300121016539 0.11420101637492942 0.15772488906817264 0.02258610954263128
0 0.2146026623638564 0.11434217955957086 0.11738604275917709 0.018633540372670808
0 0.2434449374747882 0.11801242236024845 0.03953206938281565 0.024844720496894408
0 0.26502622025010086 0.11420101637492942 0.02743041549011698 0.020327498588368152
0 0.35518354175070593 0.11490683229813664 0.15611133521581283 0.020327498588368152
0 0.3775716014521985 0.1147656691134952 0.026220250100847116 0.009034443817052512
0 0.4164985881403792 0.11518915866741954 0.05687777329568374 0.020892151326933936
0 0.4211375554659137 0.11518915866741954 0.004437273093989512 0.003105590062111801
0 0.08329971762807584 0.13946922642574816 0.03227107704719645 0.019198193111236588
0 0.13876563130294473 0.14045736871823827 0.09519967728922953 0.018068887634105024
0 0.21238402581686164 0.1398927159796725 0.12706736587333603 0.018633540372670808
0 0.2644211375554659 0.14003387916431395 0.07866075030254134 0.019762845849802372
0 0.29931423961274706 0.14031620553359683 0.04517950786607503 0.020327498588368152
0 0.34187172246873737 0.14370412196499152 0.07180314643001211 0.020327498588368152
0 0.37131908027430416 0.14003387916431395 0.03953206938281565 0.017221908526256352
0 0.3963291649858814 0.1432806324110672 0.03953206938281565 0.019198193111236588
0 0.4118596208148447 0.13876341050254093 0.015328761597418314 0.01637492941840768
0 0.43243243243243246 0.13946922642574816 0.030254134731746672 0.016092603049124788
0 0.08672851956434045 0.1650197628458498 0.03953206938281565 0.020892151326933936
0 0.1218233158531666 0.16953698475437606 0.048406615570794675 0.018633540372670808
0 0.12888261395724082 0.16558441558441558 0.0052440500201694235 0.0036702428006775835
0 0.17648245260185558 0.16925465838509315 0.06938281565147236 0.026256352343308864
0 0.20713997579669222 0.16544325239977414 0.03953206938281565 0.018633540372670808
0 0.25131101250504234 0.16981931112365894 0.063735377168213 0.0251270468661773
0 0.3043565954013715 0.1653020892151327 0.08027430415490117 0.020327498588368152
0 0.3372327551432029 0.1650197628458498 0.04195240016135539 0.0189158667419537
0 0.3574021782977007 0.16572557876905702 0.02379991932230738 0.01637492941840768
0 0.41952400161355385 0.1691134952004517 0.09560306575231949 0.027385657820440428
0 0.07382008874546188 0.19057029926595143 0.01734570391286809 0.023715415019762844
0 0.13755546591367487 0.18986448334274422 0.10528438886647842 0.018633540372670808
0 0.17022993142396128 0.18972332015810275 0.04235578862444534 0.016092603049124788
0 0.21843485276321098 0.19057029926595143 0.07382008874546188 0.018633540372670808
0 0.245663574021783 0.19042913608130999 0.0326744655102864 0.018351214003387916
0 0.30496167809600644 0.19466403162055335 0.0935861234368697 0.02766798418972332
0 0.3118192819685357 0.19113495200451722 0.0024203307785397336 0.002258610954263128
0 0.3499394917305365 0.1935347261434218 0.0572811617587737 0.024280067758328628
0 0.37696651875756354 0.1895821569734613 0.03791851553045583 0.016657255787690572
0 0.4124647035094796 0.19438170525127046 0.05889471561113352 0.025974025974025976
0 0.07382008874546188 0.2134387351778656 0.02218636546994756 0.0220214568040655
0 0.09943525615167406 0.21513269339356295 0.03227107704719645 0.023150762281197064
0 0.14400968132311415 0.22092038396386224 0.07099636950383219 0.035290796160361376
0 0.200080677692618 0.21640316205533597 0.08793868495361033 0.023433088650479956
0 0.22730939895118998 0.2161208356860531 0.02702702702702703 0.018068887634105024
0 0.28176684146833403 0.22077922077922077 0.09156918112141993 0.029361942405420668
0 0.3511496571198064 0.21640316205533597 0.11778943122226704 0.023150762281197064
0 0.3620411456232352 0.21626199887069453 0.0052440500201694235 0.0036702428006775835
0 0.37918515530455826 0.21569734613212874 0.016942315449778138 0.017786561264822136
0 0.39209358612343687 0.21583850931677018 0.016942315449778138 0.01129305477131564
0 0.40782573618394513 0.21569734613212874 0.011294876966518758 0.00846979107848673
0 0.08652682533279549 0.24124788255223037 0.04759983864461476 0.021456804065499716
0 0.11597418313836225 0.24082439299830605 0.033884630899556276 0.018633540372670808
0 0.15207745058491326 0.24110671936758893 0.04437273093989512 0.020892151326933936
0 0.17688584106494554 0.2406832298136646 0.02218636546994756 0.019198193111236588
0 0.19866881807180314 0.2409655561829475 0.028237192416296894 0.01948051948051948
0 0.23295683743444937 0.24110671936758893 0.03791851553045583 0.018633540372670808
0 0.25776522791448164 0.24124788255223037 0.024606696248487294 0.019198193111236588
0 0.28963291649858813 0.24237718802936195 0.04437273093989512 0.021456804065499716
0 0.32775312626058895 0.2468944099378882 0.0609116579265833 0.020327498588368152
0 0.39511899959661156 0.24181253529079616 0.10689794271883823 0.021739130434782608
0 0.427390076643808 0.24110671936758893 0.03993545784590561 0.016657255787690572
0 0.10790641387656313 0.27032749858836813 0.09076240419524001 0.020609824957651044
0 0.14199273900766438 0.26665725578769056 0.03872529245663574 0.0189158667419537
0 0.17244856797095603 0.27117447769621683 0.04195240016135539 0.02258610954263128
0 0.19604679306171843 0.2663749294184077 0.022993142396127472 0.009599096555618294
0 0.2436466317063332 0.2720214568040655 0.07180314643001211 0.023715415019762844
0 0.25534489713594194 0.2662337662337662 0.004033884630899556 0.003105590062111801
