0 328.0242033077854 750.0084697910785 0.048406615570794675 0.01693958215697346
0 469.01109318273495 750.0115753811406 0.02218636546994756 0.023150762281197064
0 561.0078660750303 757.0071993224167 0.01573215006050827 0.014398644833427442
0 671.0308592174264 762.0121400338792 0.06171843485276321 0.024280067758328628
0 872.0116982654296 754.0076228119707 0.023396530859217425 0.015245623941276116
0 956.0423557886245 754.0112930547713 0.08471157724889068 0.02258610954263128
0 1210.0254134731747 753.0083286278939 0.050826946349334406 0.016657255787690572
0 1369.0264219443325 758.0112930547713 0.052843888664784185 0.02258610954263128
0 1544.0586930213797 745.0090344438171 0.11738604275917709 0.018068887634105024
0 1882.028842275111 773.0093167701864 0.057684550221863654 0.018633540372670808
0 2049.0280354981846 760.0070581592321 0.056070996369503835 0.014116318464144552
0 336.0139169019766 928.0084697910785 0.027833803953206938 0.01693958215697346
0 477.04275917708753 936.0097402597403 0.08551835417507059 0.01948051948051948
0 759.0268253327955 948.0060700169396 0.0536506655909641 0.012140033879164314
0 947.031464300121 935.0084697910785 0.06292860024203308 0.01693958215697346
0 1131.003025413473 989.0036702428007 0.0060508269463493344 0.007340485601355167
0 1191.0278338039532 944.0071993224167 0.055667607906413875 0.014398644833427442
0 1383.018152480839 933.0081874647092 0.03630496167809601 0.01637492941840768
0 1556.0312626058894 929.011434217956 0.06252521177894312 0.022868435911914172
0 1751.0010084711578 986.0008469791079 0.002016942315449778 0.0016939582156973462
0 1808.0197660346914 943.0079051383399 0.03953206938281565 0.015810276679841896
0 1943.022589753933 936.0077639751553 0.04517950786607503 0.015527950310559006
0 331.07018959257766 1102.0095990965556 0.14037918515530456 0.019198193111236588
0 732.0240016135539 1125.006352343309 0.04800322710770472 0.012704686617730096
0 906.0205728116176 1110.0080463015245 0.041145623235175476 0.016092603049124788
0 1059.056272690601 1118.0077639751553 0.11254538120209762 0.015527950310559006
0 1363.031867688584 1106.0091756070017 0.063735377168213 0.018351214003387916
0 1554.0076643807988 1131.0052230378317 0.015328761597418314 0.010446075663466968
0 1639.0143202904396 1137.0038114059853 0.02864058087938685 0.007622811970638058
0 1770.0322710770472 1110.0097402597403 0.0645421540943929 0.01948051948051948
0 1952.000806776926 1171.0008469791078 0.0016135538523598225 0.0016939582156973462
0 1993.0304558289633 1113.01185770751 0.0609116579265833 0.023715415019762844
0 319.0264219443324 1306.005505364201 0.052843888664784185 0.01101072840203275
0 521.0619201290843 1289.0117165443253 0.12384025816861638 0.023433088650479956
0 890.0544574425171 1289.0084697910786 0.10891488503428802 0.01693958215697346
0 1206.0395320693829 1310.0080463015245 0.0790641387656313 0.016092603049124788
0 1457.0304558289633 1289.0087521174478 0.0609116579265833 0.017504234895539244
0 1628.0012101653892 1343.0009881422925 0.0024203307785397336 0.001976284584980237
0 1684.0278338039532 1298.0076228119706 0.055667607906413875 0.015245623941276116
0 1890.0165389269866 1293.0108695652175 0.03307785397337636 0.021739130434782608
0 2011.013311819282 1306.0060700169395 0.026623638563937072 0.012140033879164314
0 322.0401371520775 1488.007481648786 0.08027430415490117 0.014963297571993224
0 578.019967728923 1473.0071993224167 0.03993545784590561 0.014398644833427442
0 739.0465913674869 1488.0080463015245 0.09318273497377975 0.016092603049124788
0 1008.0237999193223 1477.010587238848 0.04759983864461476 0.021174477696216828
0 1180.0211778943121 1473.00790513834 0.04235578862444534 0.015810276679841896
0 1334.0304558289633 1487.005928853755 0.0609116579265833 0.011857707509881422
0 1502.0010084711578 1525.0008469791078 0.002016942315449778 0.0016939582156973462
0 1555.0254134731747 1473.00790513834 0.050826946349334406 0.015810276679841896
0 1740.0217829770068 1486.005928853755 0.04356595401371521 0.011857707509881422
0 1899.0276321097217 1495.0080463015245 0.05526421944332392 0.016092603049124788
0 2068.02218636547 1473.007481648786 0.04437273093989512 0.014963297571993224
0 330.04296087131905 1636.0124223602484 0.08592174263816055 0.024844720496894408
0 576.0050423557886 1647.0094579333709 0.01008471157724889 0.0189158667419537
0 661.0280354981847 1653.0081874647092 0.056070996369503835 0.01637492941840768
0 864.0072609923357 1668.0052230378317 0.014521984671238403 0.010446075663466968
0 931.0187575635337 1655.0073404856014 0.03751512706736587 0.014680971202710334
0 1086.0465913674868 1652.0104460756634 0.09318273497377975 0.020892151326933936
0 1362.073618394514 1663.0081874647092 0.1472367890278338 0.01637492941840768
0 1765.0308592174263 1661.008328627894 0.06171843485276321 0.016657255787690572
0 1955.0185558693022 1684.0040937323547 0.03711173860427592 0.00818746470920384
0 320.0461879790238 1844.0097402597403 0.09237595804759983 0.01948051948051948
0 615.0554659136749 1831.007481648786 0.11093182734973779 0.014963297571993224
0 956.0389269866881 1852.0076228119706 0.07785397337636143 0.015245623941276116
0 1187.0566760790641 1836.0071993224167 0.11335215812827754 0.014398644833427442
0 1490.0010084711578 1881.0008469791078 0.002016942315449778 0.0016939582156973462
