0 367.0098830173457 639.013410502541 0.019766034691407825 0.026821005081874648
0 460.03065752319486 656.0112930547713 0.06131504638967326 0.02258610954263128
0 674.0116982654296 644.0124223602485 0.023396530859217425 0.024844720496894408
0 779.0471964501816 668.0090344438171 0.09439290036304962 0.018068887634105024
0 1063.015127067366 679.0131281761717 0.030254134731746672 0.026256352343308864
0 1198.012908430819 687.0060700169396 0.02581686163775716 0.012140033879164314
0 1303.0215812827753 659.0101637492942 0.043162565550625254 0.020327498588368152
0 1475.0348931020574 673.0076228119707 0.06978620411456232 0.015245623941276116
0 1704.0373134328358 650.0107284020328 0.07462686567164178 0.021456804065499716
0 1913.0018152480839 721.0009881422925 0.003630496167809601 0.001976284584980237
0 1979.0116982654297 650.0187747035573 0.023396530859217425 0.037549407114624504
0 354.01855586930213 829.0118577075099 0.03711173860427592 0.023715415019762844
0 497.01895925776523 831.0108695652174 0.03791851553045583 0.021739130434782608
0 654.0356998789835 834.0112930547713 0.07139975796692215 0.02258610954263128
0 874.0016135538524 907.0008469791079 0.003227107704719645 0.0016939582156973462
0 940.0237999193223 825.0112930547713 0.04759983864461476 0.02258610954263128
0 1117.035498184752 829.0213156408809 0.07099636950383219 0.042631281761716544
0 1336.022589753933 835.0098814229249 0.04517950786607503 0.019762845849802372
0 1493.0250100847115 838.0098814229249 0.0500201694231545 0.019762845849802372
0 1646.0012101653892 904.0012704686618 0.0024203307785397336 0.002540937323546019
0 1716.0304558289633 837.0100225861096 0.0609116579265833 0.020045172219085264
0 1936.0131101250504 839.0088932806324 0.026220250100847116 0.017786561264822136
0 369.06615570794673 993.0234330886504 0.13231141589350545 0.04686617730095991
0 760.0308592174264 1007.0115753811406 0.06171843485276321 0.023150762281197064
0 981.0183541750706 1000.0132693393563 0.03670835014118596 0.026538678712591756
0 1117.0312626058894 1002.020045172219 0.06252521177894312 0.04009034443817053
0 1329.0116982654297 1008.0213156408809 0.023396530859217425 0.042631281761716544
0 1424.0705929810408 993.0238565782045 0.14118596208148446 0.047713156408808584
0 1824.0102864058088 1014.0103049124788 0.020572811617587738 0.020609824957651044
0 1938.0413473174667 1001.0118577075099 0.0826946349334409 0.023715415019762844
0 362.01331181928197 1218.0064935064936 0.026623638563937072 0.012987012987012988
0 491.0478015328762 1166.0148221343873 0.09560306575231949 0.029644268774703556
0 783.0365066559096 1173.0238565782045 0.07301331181928197 0.047713156408808584
0 1038.037716821299 1212.008610954263 0.0754336425978217 0.017221908526256352
0 1249.0012101653892 1261.0005646527386 0.0024203307785397336 0.001129305477131564
0 1309.0597014925372 1186.0214568040656 0.11940298507462686 0.04291360813099943
0 1662.007059298104 1192.0095990965556 0.014118596208148447 0.019198193111236588
0 1751.0605082694635 1184.0114342179559 0.12101653892698669 0.022868435911914172
0 343.0322710770472 1363.0117165443253 0.0645421540943929 0.023433088650479956
0 558.0304558289633 1368.0107284020328 0.0609116579265833 0.021456804065499716
0 755.0494150867286 1353.023997741389 0.09883017345703912 0.04799548277809147
0 1042.0012101653892 1438.0005646527386 0.0024203307785397336 0.001129305477131564
0 1097.0121016538926 1355.0115753811406 0.024203307785397338 0.023150762281197064
0 1198.0064542154093 1380.0080463015245 0.01290843081887858 0.016092603049124788
0 1278.081081081081 1369.0218802936195 0.16216216216216217 0.04376058723884811
0 1732.0683743444938 1363.0179277244495 0.13674868898749495 0.03585544889892716
0 352.0135135135135 1580.006634669678 0.02702702702702703 0.013269339356295878
0 470.0304558289633 1571.00790513834 0.0609116579265833 0.015810276679841896
0 677.0699878983461 1532.020468661773 0.1399757966922146 0.0409373235460192
0 1073.004437273094 1605.0009881422925 0.008874546187979023 0.001976284584980237
0 1154.0237999193223 1556.0094579333709 0.04759983864461476 0.0189158667419537
0 1335.013715207745 1576.005928853755 0.02743041549011698 0.011857707509881422
0 1459.017345703913 1532.0115753811406 0.03469140782573618 0.023150762281197064
0 1601.0804759983864 1538.0128458498023 0.1609519967728923 0.025691699604743084
0 2068.010286405809 1548.0101637492942 0.020572811617587738 0.020327498588368152
0 356.04316256555063 1729.0186335403728 0.08632513110125051 0.037267080745341616
0 621.029245663574 1737.0087521174478 0.058491327148043566 0.017504234895539244
0 831.0096813231141 1714.0221626199886 0.01936264622831787 0.04432523997741389
0 946.0685760387253 1717.0225861095425 0.1371520774505849 0.04517221908526256
0 1345.0223880597016 1727.0100225861095 0.04477611940298507 0.020045172219085264
0 1521.0314643001211 1714.0124223602484 0.06292860024203308 0.024844720496894408
0 1707.0010084711578 1796.0008469791078 0.002016942315449778 0.0016939582156973462
