0 0.14058087938684954 0.11928289102202146 0.14320290439693426 0.029079616036137776
0 0.1617587736990722 0.11617730095990965 0.01936264622831787 0.016092603049124788
0 0.2117789431222267 0.11420101637492942 0.0790641387656313 0.011575381140598532
0 0.2571601452198467 0.11434217955957086 0.07462686567164178 0.01355166572557877
0 0.31565147236789026 0.11928289102202146 0.0935861234368697 0.029079616036137776
0 0.3963291649858814 0.11984754376058723 0.13594191206131503 0.022868435911914172
0 0.44372730939895116 0.11547148503670243 0.07341670028237192 0.008752117447769622
0 0.1809197256958451 0.14398644833427443 0.2291246470350948 0.023433088650479956
0 0.2382008874546188 0.14525691699604742 0.09721661960467931 0.024280067758328628
0 0.2779346510689794 0.13890457368718237 0.056070996369503835 0.014116318464144552
0 0.32977006857603874 0.14582156973461322 0.07745058491327148 0.019198193111236588
0 0.37031060911657926 0.13946922642574816 0.06736587333602259 0.015810276679841896
0 0.3894715611133522 0.13932806324110672 0.020572811617587738 0.012422360248447204
0 0.427390076643808 0.14059853190287974 0.05687777329568374 0.014680971202710334
0 0.436466317063332 0.14088085827216262 0.003227107704719645 0.002258610954263128
0 0.11617587736990723 0.16854884246188595 0.12020976200080678 0.023150762281197064
0 0.12303348124243646 0.16600790513833993 0.003227107704719645 0.0036702428006775835
0 0.17305365066559097 0.16741953698475437 0.08672851956434045 0.018633540372670808
0 0.27188382412263007 0.1647374364765669 0.1899959661153691 0.016657255787690572
0 0.28398547801532875 0.1634669678147939 0.00645421540943929 0.0220214568040655
0 0.31847519160952 0.1650197628458498 0.048406615570794675 0.0189158667419537
0 0.3691004437273094 0.16431394692264256 0.08188785800726099 0.015810276679841896
0 0.4112545381202098 0.16516092603049123 0.07139975796692215 0.013269339356295878
0 0.4290036304961678 0.16629023150762282 0.01734570391286809 0.007622811970638058
0 0.1306978620411456 0.1960756634669678 0.12868091972569584 0.028797289666854884
0 0.1990722065348931 0.19424054206662902 0.10810810810810811 0.020327498588368152
0 0.22125857200484067 0.1935347261434218 0.026623638563937072 0.020609824957651044
0 0.2692617991125454 0.1960756634669678 0.07180314643001211 0.027950310559006212
0 0.29386849536103266 0.18986448334274422 0.022589753933037516 0.014398644833427442
0 0.3578055667607906 0.18986448334274422 0.10528438886647842 0.011575381140598532
0 0.40096813231141587 0.1950875211744777 0.07382008874546188 0.026538678712591756
0 0.40863251311012505 0.19000564652738566 0.003227107704719645 0.0016939582156973462
0 0.09640984267849939 0.21485036702428006 0.0572811617587737 0.015245623941276116
0 0.1236385639370714 0.21541501976284586 0.033481242436466316 0.007058159232072276
0 0.1734570391286809 0.22162619988706944 0.07301331181928197 0.025691699604743084
0 0.20855183541750705 0.22120271033314512 0.048406615570794675 0.017221908526256352
0 0.2603872529245664 0.2161208356860531 0.08309802339653086 0.01693958215697346
0 0.29850746268656714 0.2204968944099379 0.055667607906413875 0.024844720496894408
0 0.345703912868092 0.21597967250141162 0.0754336425978217 0.008752117447769622
0 0.43586123436869706 0.22162619988706944 0.1617587736990722 0.026538678712591756
0 0.12343686970552642 0.24618859401468096 0.10246066962484873 0.019762845849802372
0 0.17769261799112546 0.24054206662902314 0.08834207341670028 0.015810276679841896
0 0.1845502218636547 0.24153020892151328 0.004437273093989512 0.005928853754940711
0 0.25857200484066156 0.24011857707509882 0.13150463896732553 0.014680971202710334
0 0.33965308592174265 0.24167137210615472 0.14602662363856395 0.017221908526256352
0 0.37474788221056876 0.24632975719932243 0.043162565550625254 0.026256352343308864
0 0.1619604679306172 0.2715979672501412 0.1827349737797499 0.0251270468661773
0 0.16700282371924163 0.26595143986448333 0.003630496167809601 0.004517221908526256
0 0.19302137958854376 0.2676453980801807 0.033884630899556276 0.015810276679841896
0 0.2236789027833804 0.265527950310559 0.043162565550625254 0.01637492941840768
0 0.2670431625655506 0.27103331451157536 0.06978620411456232 0.025409373235460192
0 0.2983057684550222 0.2658102766798419 0.04195240016135539 0.016092603049124788
0 0.345703912868092 0.2694805194805195 0.07583703106091166 0.024280067758328628
0 0.3676885841064946 0.27103331451157536 0.02864058087938685 0.02258610954263128
0 0.17022993142396128 0.2906549971767363 0.20048406615570794 0.015810276679841896
0 0.1782977006857604 0.29079616036137773 0.0028237192416296895 0.0016939582156973462
0 0.2382008874546188 0.2920666290231508 0.07422347720855184 0.01693958215697346
0 0.26200080677692617 0.2912196499153021 0.020572811617587738 0.012422360248447204
0 0.28862444534086323 0.29150197628458496 0.01855586930213796 0.01355166572557877
0 0.3598225090762404 0.29136081309994355 0.12263009277934651 0.014680971202710334
0 0.40681726502622023 0.2924901185770751 0.07139975796692215 0.01383399209486166
0 0.12202501008471157 0.32382834556747603 0.1073013311819282 0.02710333145115754
0 0.14844695441710368 0.3211462450592885 0.030254134731746672 0.016092603049124788
0 0.2146026623638564 0.3197346132128741 0.10407422347720856 0.018351214003387916
0 0.26643807987091567 0.322557876905703 0.07987091569181122 0.026821005081874648
0 0.3110125050423558 0.31648785996612083 0.07059298104074223 0.016092603049124788
0 0.34772085518354173 0.3167701863354037 0.05526421944332392 0.017221908526256352
0 0.42295280354981846 0.3241106719367589 0.13473174667204518 0.03190287972896669
0 0.4320290439693425 0.31719367588932806 0.003630496167809601 0.002258610954263128
