0 0.10467930617184348 0.11645962732919254 0.05526421944332392 0.04940711462450593
0 0.1389673255344897 0.10629587803500846 0.04235578862444534 0.029644268774703556
0 0.1926179911254538 0.11970638057594579 0.08027430415490117 0.05618294748729531
0 0.2373941105284389 0.10615471485036702 0.051230334812424366 0.028232636928289104
0 0.3083904800322711 0.10728402032749859 0.11496571198063735 0.029644268774703556
0 0.3509479628882614 0.10559006211180125 0.04800322710770472 0.031338226990400904
0 0.4035901573215006 0.11561264822134387 0.0790641387656313 0.0502540937323546
0 0.4136748688987495 0.1067193675889328 0.017749092375958047 0.028797289666854884
0 0.08027430415490117 0.1590909090909091 0.025413473174667203 0.00818746470920384
0 0.13594191206131503 0.1675607001693958 0.08350141185962082 0.05561829474872953
0 0.18031464300121017 0.15598531902879728 0.060508269463493344 0.012987012987012988
0 0.1855586930213796 0.15979672501411632 0.0028237192416296895 0.008752117447769622
0 0.22226704316256554 0.15654997176736307 0.04235578862444534 0.03613777526821005
0 0.2418313836224284 0.15457368718238285 0.024203307785397338 0.014680971202710334
0 0.2613957240822912 0.15386787125917561 0.017749092375958047 0.007340485601355167
0 0.3162565550625252 0.16459627329192547 0.09076240419524001 0.053924336533032184
0 0.34328358208955223 0.15612648221343872 0.03711173860427592 0.011857707509881422
0 0.35175473981444133 0.15542066629023152 0.0024203307785397336 0.002258610954263128
0 0.3898749495764421 0.15598531902879728 0.0536506655909641 0.025409373235460192
0 0.4390883420734167 0.15527950310559005 0.07099636950383219 0.029079616036137776
0 0.44493747478822104 0.15894974590626765 0.004033884630899556 0.03896103896103896
0 0.08188785800726099 0.23136645962732919 0.029850746268656716 0.016092603049124788
0 0.1127470754336426 0.2305194805194805 0.03791851553045583 0.007905138339920948
0 0.16377571601452198 0.23080180688876342 0.07301331181928197 0.02710333145115754
0 0.19846712384025816 0.2305194805194805 0.04679306171843485 0.0251270468661773
0 0.22287212585720048 0.2310841332580463 0.022993142396127472 0.009316770186335404
0 0.2658329971762808 0.23178994918125354 0.06171843485276321 0.023150762281197064
0 0.33501411859620817 0.24153020892151328 0.11415893505445744 0.03670242800677583
0 0.3408632513110125 0.2316487859966121 0.003630496167809601 0.0033879164313946925
0 0.37394110528438884 0.23094297007340486 0.043969342476805166 0.027385657820440428
0 0.4138765631302945 0.2453416149068323 0.05687777329568374 0.05307735742518351
0 0.45118999596611536 0.23150762281197063 0.05526421944332392 0.009316770186335404
0 0.08067769261799113 0.268068887634105 0.02702702702702703 0.03162055335968379
0 0.11436062928600242 0.256352343308865 0.03428801936264623 0.009034443817052512
0 0.17043162565550626 0.2574816487859966 0.07704719645018153 0.034443817052512704
0 0.17708753529649052 0.25691699604743085 0.0052440500201694235 0.004234895539243365
