0 0.12847922549415086 0.14313946922642576 0.12303348124243646 0.02710333145115754
0 0.13311819281968534 0.13763410502540938 0.002016942315449778 0.001976284584980237
0 0.1827349737797499 0.13876341050254093 0.07624041952400161 0.01637492941840768
0 0.2325534489713594 0.14568040654997177 0.07341670028237192 0.027950310559006212
0 0.2662363856393707 0.1401750423489554 0.03711173860427592 0.010728402032749858
0 0.29709560306575233 0.1482213438735178 0.03227107704719645 0.03387916431394692
0 0.3336022589753933 0.1401750423489554 0.04881000403388463 0.010163749294184076
0 0.4336425978217023 0.15090344438170525 0.1782977006857604 0.04517221908526256
0 0.10104881000403389 0.1627611518915867 0.0645421540943929 0.02258610954263128
0 0.1789027833803953 0.17433653303218521 0.11214199273900767 0.042348955392433656
0 0.22045179507866075 0.16516092603049123 0.05163372327551432 0.010728402032749858
0 0.24868898749495763 0.1650197628458498 0.03227107704719645 0.021456804065499716
0 0.2946752722872126 0.16544325239977414 0.07220653489310205 0.016657255787690572
0 0.33420734167002825 0.16586674195369847 0.05526421944332392 0.024280067758328628
0 0.38765631302944736 0.16897233201581027 0.07946752722872126 0.025409373235460192
0 0.40540540540540543 0.16614906832298137 0.019766034691407825 0.0189158667419537
0 0.43142396127470756 0.16614906832298137 0.03953206938281565 0.021174477696216828
0 0.10609116579265833 0.1895821569734613 0.07462686567164178 0.0189158667419537
0 0.14602662363856395 0.19847543760587238 0.053247277127874144 0.037549407114624504
0 0.181726502622025 0.19875776397515527 0.04517950786607503 0.036420101637492944
0 0.2008874546187979 0.1901468097120271 0.021782977006857603 0.015810276679841896
0 0.20794675272287214 0.19057029926595143 0.003227107704719645 0.002540937323546019
0 0.2529245663574022 0.18972332015810275 0.06978620411456232 0.014398644833427442
0 0.2771278741427995 0.1907114624505929 0.02218636546994756 0.00818746470920384
0 0.3336022589753933 0.2010163749294184 0.09035901573215006 0.029361942405420668
0 0.36042759177087536 0.19875776397515527 0.026220250100847116 0.031338226990400904
0 0.3874546187979024 0.19113495200451722 0.03227107704719645 0.017504234895539244
0 0.4290036304961678 0.19212309429700733 0.0572811617587737 0.021456804065499716
0 0.11032674465510287 0.22063805759457933 0.08067769261799113 0.03387916431394692
0 0.18354175070592982 0.22416713721061546 0.1189995966115369 0.03472614342179559
0 0.2382008874546188 0.21583850931677018 0.07583703106091166 0.018351214003387916
0 0.28943122226704315 0.2155561829474873 0.07624041952400161 0.01948051948051948
0 0.32977006857603874 0.21541501976284586 0.04921339249697459 0.01693958215697346
0 0.38342073416700284 0.2285431959345003 0.08148446954417103 0.03472614342179559
0 0.4265832997176281 0.2165443252399774 0.05929810407422348 0.023433088650479956
0 0.0845098830173457 0.26383399209486164 0.033884630899556276 0.020045172219085264
0 0.127269060104881 0.2658102766798419 0.06857603872529246 0.0189158667419537
0 0.15328761597418314 0.26595143986448333 0.020976200080677694 0.014116318464144552
0 0.20068576038725291 0.26566911349520045 0.07382008874546188 0.019198193111236588
0 0.23073820088745461 0.2724449463579898 0.028237192416296894 0.03190287972896669
0 0.27228721258572003 0.27442123094297005 0.057684550221863654 0.03190287972896669
0 0.30919725695845096 0.2658102766798419 0.05163372327551432 0.0189158667419537
0 0.3537716821298911 0.27526821005081875 0.06010488100040339 0.03867871259175607
0 0.40419524001613555 0.2748447204968944 0.07664380798709157 0.03867871259175607
0 0.4334409035901573 0.2651044607566347 0.03670835014118596 0.01355166572557877
0 0.08229124647035095 0.2896668548842462 0.026220250100847116 0.020327498588368152
0 0.10568777732956837 0.29037267080745344 0.02016942315449778 0.019762845849802372
0 0.11073013311819283 0.29037267080745344 0.003630496167809601 0.002258610954263128
