0 0.08854376764824526 0.11773009599096555 0.04679306171843485 0.028797289666854884
0 0.1254538120209762 0.11405985319028797 0.05970149253731343 0.023715415019762844
0 0.14400968132311415 0.11363636363636363 0.014521984671238403 0.021739130434782608
0 0.17022993142396128 0.11307171089779786 0.035498184751916094 0.020892151326933936
0 0.21581282775312627 0.1132128740824393 0.0790641387656313 0.0220214568040655
0 0.24405002016942315 0.11335403726708075 0.03469140782573618 0.01948051948051948
0 0.2983057684550222 0.11702428006775834 0.09237595804759983 0.026821005081874648
0 0.3190802743041549 0.11391869000564653 0.024606696248487294 0.018633540372670808
0 0.36849536103267444 0.11490683229813664 0.08390480032271078 0.021174477696216828
0 0.37777329568374346 0.1147656691134952 0.004033884630899556 0.003105590062111801
0 0.39511899959661156 0.1150479954827781 0.015328761597418314 0.019198193111236588
0 0.40883420734167003 0.1144833427442123 0.014925373134328358 0.011575381140598532
0 0.09318273497377975 0.13650479954827782 0.04759983864461476 0.021456804065499716
0 0.1389673255344897 0.14186900056465274 0.06655909640984267 0.03162055335968379
0 0.1881807180314643 0.14186900056465274 0.08027430415490117 0.030491247882552232
0 0.21742638160548608 0.1373517786561265 0.03227107704719645 0.02258610954263128
0 0.2767244856797096 0.13791643139469226 0.0891488503428802 0.021174477696216828
0 0.28479225494150867 0.1383399209486166 0.0024203307785397336 0.002540937323546019
0 0.31484469544171034 0.14313946922642576 0.045986284792254944 0.028797289666854884
0 0.3479225494150867 0.1422924901185771 0.052843888664784185 0.0251270468661773
0 0.36405808793868494 0.13848108413325805 0.01573215006050827 0.016092603049124788
0 0.39108511496571197 0.13876341050254093 0.042759177087535294 0.018351214003387916
0 0.40520371117386045 0.1380575945793337 0.014118596208148447 0.006493506493506494
0 0.10851149657119806 0.16854884246188595 0.08390480032271078 0.029926595143986448
0 0.14017749092375958 0.1637492941840768 0.045986284792254944 0.016092603049124788
0 0.14965711980637353 0.16403162055335968 0.004033884630899556 0.003105590062111801
0 0.17527228721258573 0.16417278373800112 0.03791851553045583 0.015527950310559006
0 0.22488906817265025 0.16431394692264256 0.08229124647035095 0.018633540372670808
0 0.27753126260588945 0.16417278373800112 0.08793868495361033 0.021174477696216828
0 0.29144816458249295 0.1634669678147939 0.01573215006050827 0.01129305477131564
0 0.32008874546187976 0.16784302653867872 0.04356595401371521 0.023433088650479956
0 0.327148043565954 0.16614906832298137 0.00645421540943929 0.01129305477131564
0 0.36829366680112946 0.16671372106154714 0.06655909640984267 0.022868435911914172
0 0.38967325534489716 0.16445511010728403 0.024203307785397338 0.018351214003387916
0 0.4209358612343687 0.163184641445511 0.045986284792254944 0.018068887634105024
0 0.4267849939491731 0.16431394692264256 0.004033884630899556 0.0036702428006775835
0 0.10871319080274304 0.19042913608130999 0.09237595804759983 0.02258610954263128
0 0.1508672851956434 0.18901750423489555 0.06494554255748286 0.0220214568040655
0 0.1700282371924163 0.18901750423489555 0.022589753933037516 0.01693958215697346
0 0.2254941508672852 0.18887634105025408 0.08390480032271078 0.020609824957651044
0 0.23436869705526422 0.18873517786561264 0.004437273093989512 0.002540937323546019
0 0.2646228317870109 0.18944099378881987 0.038321903993545785 0.020609824957651044
0 0.3011294876966519 0.19268774703557312 0.045582896329164985 0.025691699604743084
0 0.33219039935457845 0.18845285149632976 0.04033884630899556 0.0189158667419537
0 0.36264622831787013 0.1885940146809712 0.04477611940298507 0.017786561264822136
0 0.3775716014521985 0.18817052512704688 0.010891488503428802 0.007340485601355167
0 0.4060104881000403 0.18873517786561264 0.03953206938281565 0.017221908526256352
0 0.43303751512706734 0.18845285149632976 0.043162565550625254 0.011857707509881422
0 0.07200484066155707 0.21527385657820441 0.022993142396127472 0.017221908526256352
0 0.10286405808793868 0.2140033879164314 0.033884630899556276 0.016657255787690572
0 0.1536910044372731 0.21414455110107283 0.08430818878580072 0.018351214003387916
0 0.1899959661153691 0.21485036702428006 0.04759983864461476 0.018633540372670808
0 0.19786204114562322 0.21583850931677018 0.0052440500201694235 0.003105590062111801
0 0.23275514320290439 0.2137210615471485 0.04800322710770472 0.0189158667419537
0 0.2561516740621218 0.2140033879164314 0.02581686163775716 0.01948051948051948
0 0.29931423961274706 0.21795595708639187 0.05808793868495361 0.0251270468661773
0 0.3402581686163776 0.21485036702428006 0.05163372327551432 0.021174477696216828
0 0.34751916095199675 0.21640316205533597 0.00645421540943929 0.006775832862789385
0 0.40237999193223073 0.21823828345567475 0.08592174263816055 0.027950310559006212
0 0.40964098426784995 0.21640316205533597 0.006857603872529245 0.00564652738565782
0 0.08067769261799113 0.23997741389045738 0.0391286809197257 0.01129305477131564
0 0.13110125050423557 0.24025974025974026 0.06897942718838242 0.021739130434782608
0 0.14239612747075434 0.24124788255223037 0.007664380798709157 0.005081874647092038
0 0.1718434852763211 0.2388481084133258 0.038321903993545785 0.016657255787690572
0 0.21298910851149658 0.23941276115189158 0.052843888664784185 0.0189158667419537
0 0.25131101250504234 0.23941276115189158 0.04759983864461476 0.020045172219085264
0 0.2801532876159742 0.2391304347826087 0.03630496167809601 0.01948051948051948
0 0.291044776119403 0.23997741389045738 0.0052440500201694235 0.003105590062111801
