0 0.09197256958450989 0.11109542631281762 0.02581686163775716 0.014116318464144552
0 0.15671641791044777 0.11151891586674195 0.10649455425574829 0.016092603049124788
0 0.17769261799112546 0.11180124223602485 0.02743041549011698 0.01637492941840768
0 0.21339249697458654 0.11166007905138339 0.05405405405405406 0.016092603049124788
0 0.2716821298910851 0.1147656691134952 0.09600645421540945 0.020892151326933936
0 0.30576845502218636 0.11067193675889328 0.04477611940298507 0.01383399209486166
0 0.3239209358612344 0.11053077357425184 0.021782977006857603 0.006493506493506494
0 0.35941912061315046 0.11123658949745906 0.0572811617587737 0.012987012987012988
0 0.390883420734167 0.11137775268210051 0.04437273093989512 0.012704686617730096
0 0.09096409842678499 0.16149068322981366 0.03227107704719645 0.015245623941276116
0 0.1290843081887858 0.16233766233766234 0.05405405405405406 0.01355166572557877
0 0.15147236789027835 0.16149068322981366 0.021782977006857603 0.012422360248447204
0 0.1952400161355385 0.1668548842461886 0.06171843485276321 0.022303783173348392
0 0.20976200080677693 0.15951439864483344 0.01008471157724889 0.0016939582156973462
0 0.23658733360225898 0.16247882552230378 0.04437273093989512 0.01355166572557877
0 0.2710770471964502 0.16247882552230378 0.05445744251714401 0.01355166572557877
0 0.28499394917305365 0.16191417278373801 0.02218636546994756 0.011857707509881422
0 0.31766841468334006 0.16205533596837945 0.04356595401371521 0.01355166572557877
0 0.35316659943525613 0.16558441558441558 0.0645421540943929 0.014398644833427442
0 0.38241226300927794 0.1621964991530209 0.04437273093989512 0.011857707509881422
0 0.42718838241226303 0.16614906832298137 0.08188785800726099 0.023150762281197064
0 0.43263412666397744 0.16092603049124787 0.002016942315449778 0.001411631846414455
0 0.08652682533279549 0.1873235460191982 0.021782977006857603 0.012987012987012988
0 0.14037918515530456 0.19494635798983626 0.08793868495361033 0.025691699604743084
0 0.172851956434046 0.1932523997741389 0.0391286809197257 0.02456239412761152
0 0.2117789431222267 0.18746470920383965 0.05808793868495361 0.012704686617730096
0 0.23275514320290439 0.1885940146809712 0.022993142396127472 0.014398644833427442
0 0.2753126260588947 0.19155844155844157 0.07180314643001211 0.020327498588368152
0 0.2928600242033078 0.18718238283455674 0.01653892698668818 0.010163749294184076
0 0.3225090762404195 0.18788819875776397 0.038321903993545785 0.01383399209486166
0 0.3479225494150867 0.19339356295878035 0.035901573215006054 0.024280067758328628
0 0.3711173860427592 0.18675889328063242 0.02864058087938685 0.006211180124223602
0 0.399959661153691 0.18647656691134953 0.03953206938281565 0.012140033879164314
0 0.43303751512706734 0.18619424054206662 0.050826946349334406 0.012140033879164314
0 0.09701492537313433 0.21357989836250707 0.0463896732553449 0.012704686617730096
0 0.13432835820895522 0.2134387351778656 0.043969342476805166 0.012987012987012988
0 0.16478418717224688 0.21640316205533597 0.04517950786607503 0.021174477696216828
0 0.1762807583703106 0.21301524562394128 0.012505042355788625 0.006493506493506494
0 0.209156918112142 0.2137210615471485 0.04477611940298507 0.00846979107848673
0 0.2353771682129891 0.21668548842461885 0.02702702702702703 0.022303783173348392
0 0.30133118192819686 0.21795595708639187 0.12585720048406615 0.024844720496894408
0 0.3293666801129488 0.2124505928853755 0.040742234772085516 0.014398644833427442
0 0.3620411456232352 0.2121682665160926 0.04759983864461476 0.01383399209486166
0 0.4005647438483259 0.21230942970073405 0.055667607906413875 0.014116318464144552
0 0.42698668818071805 0.21174477696216826 0.033481242436466316 0.006775832862789385
0 0.09197256958450989 0.2388481084133258 0.0318676885841065 0.014398644833427442
0 0.12303348124243646 0.23800112930547712 0.04195240016135539 0.012140033879164314
0 0.1609519967728923 0.2388481084133258 0.0572811617587737 0.014963297571993224
0 0.1607503025413473 0.23800112930547712 0.002016942315449778 0.001411631846414455
