0 0.17426381605486083 0.21781479390175043 0.03711173860427592 0.021739130434782608
0 0.21399757966922145 0.21315640880858272 0.02702702702702703 0.012422360248447204
0 0.254538120209762 0.21442687747035574 0.017749092375958047 0.011575381140598532
0 0.3263412666397741 0.221485036702428 0.07180314643001211 0.0251270468661773
0 0.4025816861637757 0.21527385657820441 0.023396530859217425 0.01383399209486166
0 0.45240016135538524 0.21880293619424054 0.035901573215006054 0.006211180124223602
0 0.5112948769665188 0.2155561829474873 0.038321903993545785 0.01383399209486166
0 0.5705929810407422 0.2199322416713721 0.057684550221863654 0.02258610954263128
0 0.6298910851149657 0.2183794466403162 0.012505042355788625 0.005364201016374929
0 0.6879790237999194 0.22134387351778656 0.07382008874546188 0.023715415019762844
0 0.7900363049616781 0.21640316205533597 0.09560306575231949 0.01383399209486166
0 0.8826139572408229 0.2161208356860531 0.04517950786607503 0.01101072840203275
0 0.9070189592577652 0.2217673630717109 0.002016942315449778 0.001411631846414455
0 0.1964501815248084 0.26651609260304915 0.10649455425574829 0.015810276679841896
0 0.3138362242839855 0.26651609260304915 0.08874546187979024 0.01355166572557877
0 0.39330375151270675 0.2651044607566347 0.02501008471157725 0.014680971202710334
0 0.41528842275110933 0.26679841897233203 0.01653892698668818 0.012987012987012988
0 0.47519160951996775 0.26792772444946356 0.06131504638967326 0.012422360248447204
0 0.5375151270673659 0.2663749294184077 0.024606696248487294 0.012704686617730096
0 0.6417910447761194 0.2745623941276115 0.1290843081887858 0.025691699604743084
0 0.7730939895119 0.27004517221908525 0.09963695038321904 0.016092603049124788
0 0.8378378378378378 0.2732919254658385 0.02581686163775716 0.019198193111236588
0 0.8676885841064945 0.2715979672501412 0.026623638563937072 0.012987012987012988
0 0.1772892295280355 0.32156973461321287 0.07059298104074223 0.018633540372670808
0 0.2583703106091166 0.32142857142857145 0.04961678096006454 0.014963297571993224
0 0.29386849536103266 0.3269339356295878 0.002016942315449778 0.0016939582156973462
0 0.33844292053247277 0.3190287972896669 0.03872529245663574 0.012987012987012988
0 0.40540540540540543 0.3211462450592885 0.0653489310205728 0.01101072840203275
0 0.4838644614764018 0.31959345002823264 0.043162565550625254 0.01355166572557877
0 0.553852359822509 0.32735742518351213 0.07260992335619201 0.023997741389045736
0 0.6357402178297701 0.3197346132128741 0.042759177087535294 0.012704686617730096
0 0.6813231141589351 0.3201581027667984 0.01936264622831787 0.011857707509881422
0 0.7341670028237193 0.3235460191981931 0.035498184751916094 0.006775832862789385
0 0.781968535699879 0.326369282891022 0.038321903993545785 0.026538678712591756
0 0.8327954820492134 0.322557876905703 0.02379991932230738 0.005928853754940711
0 0.18757563533682936 0.3719649915302089 0.08067769261799113 0.022303783173348392
0 0.2615974183138362 0.37704686617730093 0.025413473174667203 0.01948051948051948
0 0.3053650665590964 0.3705533596837945 0.02016942315449778 0.011575381140598532
0 0.34288019362646227 0.3694240542066629 0.022589753933037516 0.013269339356295878
0 0.41327148043565953 0.36984754376058726 0.07462686567164178 0.01355166572557877
0 0.46692214602662363 0.3780350084697911 0.007664380798709157 0.00564652738565782
0 0.5050423557886244 0.3695652173913043 0.01936264622831787 0.01355166572557877
0 0.5516337232755143 0.37365894974590624 0.03670835014118596 0.007058159232072276
0 0.617789431222267 0.3719649915302089 0.06252521177894312 0.013269339356295878
0 0.6934247680516338 0.37111801242236025 0.04195240016135539 0.012140033879164314
0 0.7420330778539733 0.37549407114624506 0.05526421944332392 0.020892151326933936
0 0.7860024203307785 0.3759175607001694 0.02864058087938685 0.022868435911914172
0 0.8257361839451391 0.37012987012987014 0.02743041549011698 0.012987012987012988
0 0.1811214199273901 0.41883116883116883 0.0653489310205728 0.012704686617730096
0 0.2779346510689794 0.4212309429700734 0.08471157724889068 0.009034443817052512
0 0.3709156918112142 0.4181253529079616 0.0463896732553449 0.01355166572557877
0 0.42839854780153286 0.41869000564652736 0.035498184751916094 0.012987012987012988
0 0.47115772488906815 0.41869000564652736 0.022589753933037516 0.012422360248447204
0 0.5052440500201695 0.41854884246188595 0.02218636546994756 0.012704686617730096
0 0.5607099636950383 0.4201016374929418 0.0572811617587737 0.01355166572557877
0 0.6198063735377168 0.42264257481648787 0.026220250100847116 0.021456804065499716
0 0.6575231948366277 0.42080745341614906 0.029850746268656716 0.012140033879164314
0 0.7220653489310206 0.4202428006775833 0.06212182331585317 0.013269339356295878
0 0.790439693424768 0.423630717108978 0.045582896329164985 0.01948051948051948
0 0.8517547398144413 0.4225014116318464 0.03670835014118596 0.007622811970638058
