0 363.0490116982654 681.0175042348956 0.09802339653085922 0.03500846979107849
0 667.042557482856 700.0199040090345 0.08511496571198064 0.03980801806888763
0 922.018152480839 747.0056465273857 0.03630496167809601 0.01129305477131564
0 1056.0754336425978 695.0141163184642 0.1508672851956434 0.028232636928289104
0 1483.0127067365872 746.0070581592321 0.025413473174667203 0.014116318464144552
0 1593.0165389269866 762.0042348955393 0.03307785397337636 0.00846979107848673
0 1731.0742234772085 719.0124223602485 0.14844695441710368 0.024844720496894408
0 361.06897942718837 860.0199040090345 0.13795885437676483 0.03980801806888763
0 762.0189592577652 902.0097402597403 0.03791851553045583 0.01948051948051948
0 920.0657523194836 883.0190570299266 0.13150463896732553 0.03811405985319029
0 1315.0094796288827 928.0047995482778 0.018959257765227916 0.009599096555618294
0 1421.0405405405406 903.0122811970638 0.08108108108108109 0.02456239412761152
0 1668.0617184348528 922.0098814229249 0.12343686970552642 0.019762845849802372
0 2007.0118999596612 917.0086109542631 0.02379991932230738 0.017221908526256352
0 355.0082694634933 1108.0045172219086 0.01653892698668818 0.009034443817052512
0 461.05889471561113 1091.0076228119706 0.11778943122226704 0.015245623941276116
0 808.062928600242 1048.0180688876342 0.12585720048406615 0.03613777526821005
0 1121.002218636547 1141.004658385093 0.004437273093989512 0.009316770186335404
0 1201.0185558693022 1068.0117165443253 0.03711173860427592 0.023433088650479956
0 1335.0229931423962 1107.0056465273856 0.045986284792254944 0.01129305477131564
0 1481.0167406212183 1067.0111518915867 0.033481242436466316 0.022303783173348392
0 1609.078055667608 1080.0119988706945 0.15611133521581283 0.023997741389045736
0 342.0300524405002 1237.0177865612648 0.06010488100040339 0.03557312252964427
0 573.0096813231141 1289.0045172219086 0.01936264622831787 0.009034443817052512
0 661.0780556676079 1256.0139751552795 0.15611133521581283 0.027950310559006212
0 1119.0298507462687 1286.006352343309 0.05970149253731343 0.012704686617730096
0 1315.0227914481645 1244.016516092603 0.045582896329164985 0.03303218520609825
0 1498.0127067365872 1257.0080463015245 0.025413473174667203 0.016092603049124788
0 1607.0324727712787 1228.0128458498023 0.06494554255748286 0.025691699604743084
0 1825.0449778136344 1242.012563523433 0.0899556272690601 0.0251270468661773
0 339.0490116982654 1406.0141163184642 0.09802339653085922 0.028232636928289104
0 645.013311819282 1437.0101637492942 0.026623638563937072 0.020327498588368152
0 765.0471964501816 1441.0112930547714 0.09439290036304962 0.02258610954263128
0 1057.0197660346914 1447.009034443817 0.03953206938281565 0.018068887634105024
0 1216.0276321097217 1467.0108695652175 0.05526421944332392 0.021739130434782608
0 1417.00524405002 1419.004376058724 0.010488100040338847 0.008752117447769622
0 1450.089552238806 1430.0127046866178 0.1791044776119403 0.025409373235460192
0 338.04195240016134 1963.0112930547714 0.08390480032271078 0.02258610954263128
0 612.0354981847519 1960.0127046866178 0.07099636950383219 0.025409373235460192
0 819.0028237192416 2040.0047995482778 0.005647438483259379 0.009599096555618294
0 884.0365066559096 1960.0117165443253 0.07301331181928197 0.023433088650479956
0 1123.0254134731747 1975.0095990965556 0.050826946349334406 0.019198193111236588
0 1290.0615167406213 1973.0111518915867 0.12303348124243646 0.022303783173348392
0 1674.0669624848729 1960.0114342179559 0.13392496974586526 0.022868435911914172
0 333.0401371520775 2132.0111518915865 0.08027430415490117 0.022303783173348392
0 579.038120209762 2147.009457933371 0.07624041952400161 0.0189158667419537
0 813.0421540943929 2148.009457933371 0.08430818878580072 0.0189158667419537
0 1104.0701895925777 2155.0190570299264 0.14037918515530456 0.03811405985319029
0 1511.0175473981444 2132.0148221343875 0.03509479628882614 0.029644268774703556
0 1651.05223880597 2141.01185770751 0.1044776119402985 0.023715415019762844
0 1980.0498184751916 2142.0155279503106 0.09963695038321904 0.031055900621118012
0 347.0344897135942 2300.0135516657256 0.06897942718838242 0.02710333145115754
0 527.0024203307786 2379.001976284585 0.004840661557079467 0.003952569169960474
0 529.0030254134732 2296.0040937323547 0.0060508269463493344 0.00818746470920384
0 634.0356998789835 2300.0119988706947 0.07139975796692215 0.023997741389045736
0 860.0153287615974 2334.0057876905703 0.03065752319483663 0.011575381140598532
0 967.0018152480839 2380.004799548278 0.003630496167809601 0.009599096555618294
0 1041.0361032674466 2314.011293054771 0.07220653489310205 0.02258610954263128
0 1279.0590964098426 2313.014539808018 0.118192819685357 0.029079616036137776
0 1644.0954013715207 2314.016939582157 0.190802743041549 0.03387916431394692
0 2126.001815248084 2403.0016939582156 0.003630496167809601 0.0033879164313946925
