0 381.01189995966115 729.0063523433089 0.02379991932230738 0.012704686617730096
0 481.0237999193223 732.0090344438171 0.04759983864461476 0.018068887634105024
0 657.0597014925373 729.0110107284021 0.11940298507462686 0.0220214568040655
0 1001.0042355788624 729.0018351214003 0.008471157724889069 0.0036702428006775835
0 1009.0244050020169 735.0097402597403 0.04881000403388463 0.01948051948051948
0 1185.0102864058088 730.0066346696782 0.020572811617587738 0.013269339356295878
0 1263.02480839048 733.0108695652174 0.04961678096006454 0.021739130434782608
0 1409.0215812827753 732.0066346696782 0.043162565550625254 0.013269339356295878
0 1542.0131101250504 754.0097402597403 0.026220250100847116 0.01948051948051948
0 1619.054054054054 740.0112930547713 0.10810810810810811 0.02258610954263128
0 1941.02218636547 734.0073404856014 0.04437273093989512 0.014680971202710334
0 2055.0205728116175 741.0063523433089 0.041145623235175476 0.012704686617730096
0 355.02904396934247 912.0069169960474 0.05808793868495361 0.01383399209486166
0 552.0217829770069 918.0067758328628 0.04356595401371521 0.01355166572557877
0 700.0391286809197 915.0108695652174 0.0782573618394514 0.021739130434782608
0 939.0217829770069 919.0060700169396 0.04356595401371521 0.012140033879164314
0 1074.018152480839 914.0063523433089 0.03630496167809601 0.012704686617730096
0 1169.0350947962888 913.0091756070017 0.07018959257765228 0.018351214003387916
0 1380.035498184752 915.0131281761717 0.07099636950383219 0.026256352343308864
0 1577.0012101653892 950.0005646527386 0.0024203307785397336 0.001129305477131564
0 1621.0032271077048 909.0021174477696 0.00645421540943929 0.004234895539243365
0 1674.0135135135135 915.0069169960474 0.02702702702702703 0.01383399209486166
0 1769.0260185558693 912.0101637492942 0.05203711173860428 0.020327498588368152
0 1940.0205728116175 913.0063523433089 0.041145623235175476 0.012704686617730096
0 356.0330778539734 1088.007481648786 0.06615570794675273 0.014963297571993224
0 585.0272287212586 1092.007058159232 0.05445744251714401 0.014116318464144552
0 786.0211778943122 1088.0076228119706 0.04235578862444534 0.015245623941276116
0 945.0399354578459 1091.0073404856014 0.07987091569181122 0.014680971202710334
0 1188.0161355385235 1088.0067758328628 0.03227107704719645 0.01355166572557877
0 1326.027027027027 1090.0073404856014 0.05405405405405406 0.014680971202710334
0 1524.0258168616378 1092.0101637492942 0.05163372327551432 0.020327498588368152
0 1713.0139169019767 1092.0069169960475 0.027833803953206938 0.01383399209486166
0 1829.0475998386446 1095.0064935064936 0.09519967728922953 0.012987012987012988
0 373.02803549818475 1280.0107284020328 0.056070996369503835 0.021456804065499716
0 558.0020169423154 1284.0028232636928 0.004033884630899556 0.00564652738565782
0 616.0030254134732 1263.002399774139 0.0060508269463493344 0.004799548277809147
0 651.0098830173457 1276.005928853755 0.019766034691407825 0.011857707509881422
0 730.0108914885034 1298.0029644268775 0.021782977006857603 0.005928853754940711
0 834.0441710367083 1278.0073404856014 0.08834207341670028 0.014680971202710334
0 1086.0131101250504 1270.0101637492942 0.026220250100847116 0.020327498588368152
0 1169.0116982654297 1273.0064935064936 0.023396530859217425 0.012987012987012988
0 1286.028842275111 1277.006634669678 0.057684550221863654 0.013269339356295878
0 1461.0123033481243 1275.010304912479 0.024606696248487294 0.020609824957651044
0 1528.0175473981444 1273.0069169960475 0.03509479628882614 0.01383399209486166
0 1645.024405002017 1278.0094579333709 0.04881000403388463 0.0189158667419537
0 1791.0350947962888 1269.0101637492942 0.07018959257765228 0.020327498588368152
0 1984.000806776926 1310.0008469791078 0.0016135538523598225 0.0016939582156973462
0 2026.0046389673255 1263.0022586109542 0.00927793465106898 0.004517221908526256
0 371.0169423154498 1447.006634669678 0.033884630899556276 0.013269339356295878
0 514.0131101250504 1453.006634669678 0.026220250100847116 0.013269339356295878
0 606.0326744655102 1450.0115753811406 0.0653489310205728 0.023150762281197064
0 781.0042355788624 1491.0031055900622 0.008471157724889069 0.006211180124223602
0 844.0229931423961 1447.0076228119706 0.045986284792254944 0.015245623941276116
0 1001.0123033481242 1463.0049407114625 0.024606696248487294 0.009881422924901186
0 1093.0548608309803 1451.00790513834 0.10972166196046793 0.015810276679841896
0 1407.011496571198 1450.0069169960475 0.022993142396127472 0.01383399209486166
0 1507.0217829770068 1450.0067758328628 0.04356595401371521 0.01355166572557877
0 1635.0179507866076 1457.0108695652175 0.035901573215006054 0.021739130434782608
0 1747.004437273094 1486.0032467532467 0.008874546187979023 0.006493506493506494
0 1830.0393303751512 1456.005928853755 0.07866075030254134 0.011857707509881422
0 361.0235982250908 1638.0062111801242 0.04719645018152481 0.012422360248447204
0 503.002218636547 1648.002682100508 0.004437273093989512 0.005364201016374929
