0 0.1990722065348931 0.2532467532467532 0.10125050423557887 0.031055900621118012
0 0.336022589753933 0.26129305477131565 0.11536910044372731 0.03359683794466403
0 0.4265832997176281 0.26538678712591757 0.024606696248487294 0.012987012987012988
0 0.4943525615167406 0.2619988706945229 0.06978620411456232 0.020327498588368152
0 0.5843081887858007 0.26143421795595706 0.06252521177894312 0.024280067758328628
0 0.7014925373134329 0.26468097120271034 0.13311819281968534 0.021739130434782608
0 0.8434852763210973 0.26905702992659514 0.11214199273900767 0.014116318464144552
0 0.16034691407825735 0.30844155844155846 0.02379991932230738 0.016657255787690572
0 0.2607906413876563 0.3136645962732919 0.13432835820895522 0.023715415019762844
0 0.33743444937474787 0.3234048560135517 0.0060508269463493344 0.012704686617730096
0 0.37575635336829366 0.31648785996612083 0.02864058087938685 0.025974025974025976
0 0.4935457845905607 0.3167701863354037 0.15933844292053248 0.033314511575381144
0 0.6605486083098023 0.3197346132128741 0.11577248890681727 0.034161490683229816
0 0.7563533682936668 0.3170525127046866 0.03630496167809601 0.01637492941840768
0 0.8473174667204518 0.3169113495200452 0.09883017345703912 0.017221908526256352
0 0.2325534489713594 0.36490683229813664 0.17305365066559097 0.021739130434782608
0 0.35619201290843083 0.36900056465273856 0.029850746268656716 0.00846979107848673
0 0.42839854780153286 0.36278938452851495 0.0572811617587737 0.023150762281197064
0 0.490923759580476 0.3674477696216827 0.035498184751916094 0.017221908526256352
0 0.5437676482452601 0.36377752682100506 0.03065752319483663 0.020609824957651044
0 0.6075030254134732 0.36645962732919257 0.053247277127874144 0.018633540372670808
0 0.6690197660346914 0.3699887069452287 0.04881000403388463 0.025691699604743084
0 0.7700685760387252 0.36928289102202144 0.09600645421540945 0.0220214568040655
0 0.8588140379185155 0.36575381140598534 0.05647438483259379 0.0189158667419537
0 0.23396530859217426 0.4225014116318464 0.1661960467930617 0.03077357425183512
0 0.36304961678096004 0.41770186335403725 0.0500201694231545 0.017221908526256352
0 0.4594594594594595 0.4184076792772445 0.10407422347720856 0.024844720496894408
0 0.5264219443323921 0.42701863354037267 0.01855586930213796 0.020609824957651044
0 0.5867285195643405 0.4162902315076228 0.056070996369503835 0.01948051948051948
0 0.6946349334409035 0.4234895539243365 0.11778943122226704 0.03387916431394692
0 0.7886244453408633 0.42165443252399776 0.015328761597418314 0.008752117447769622
0 0.8658733360225898 0.41981931112365894 0.10528438886647842 0.030491247882552232
0 0.1964501815248084 0.4665443252399774 0.1073013311819282 0.022303783173348392
0 0.2690601048810004 0.47995482778091475 0.004840661557079467 0.010728402032749858
0 0.35518354175070593 0.4675324675324675 0.1262605889471561 0.020892151326933936
0 0.5195643404598629 0.4666854884246189 0.1565147236789028 0.025974025974025976
0 0.6337232755143203 0.4697910784867307 0.024203307785397338 0.015245623941276116
0 0.6845502218636547 0.4710615471485037 0.03307785397337636 0.009881422924901186
0 0.7527228721258572 0.4665443252399774 0.07099636950383219 0.01948051948051948
0 0.8297700685760387 0.4644268774703557 0.033884630899556276 0.021456804065499716
0 0.872529245663574 0.4662619988706945 0.048406615570794675 0.0251270468661773
0 0.9031867688584106 0.47501411631846413 0.003227107704719645 0.0036702428006775835
0 0.18152480839048002 0.5165160926030491 0.063735377168213 0.027950310559006212
0 0.2712787414279952 0.5197628458498024 0.06413876563130294 0.032185206098249576
0 0.354578459056071 0.5214568040654998 0.050826946349334406 0.010163749294184076
0 0.43404598628479224 0.5146809712027103 0.05889471561113352 0.02258610954263128
0 0.5131101250504235 0.5183512140033879 0.0645421540943929 0.012422360248447204
0 0.6165792658329972 0.5134105025409373 0.10044372730939895 0.0251270468661773
0 0.7317466720451795 0.5182100508187465 0.08309802339653086 0.017786561264822136
0 0.8164582492940702 0.5169395821569734 0.042759177087535294 0.0220214568040655
0 0.24162968939088342 0.5697346132128741 0.18313836224283986 0.028797289666854884
0 0.4193223073820089 0.5726990400903444 0.12384025816861638 0.029079616036137776
0 0.536304961678096 0.5758046301524562 0.06010488100040339 0.021174477696216828
0 0.654901169826543 0.57128740824393 0.11335215812827754 0.028514963297571992
0 0.745865268253328 0.567476002258611 0.028237192416296894 0.01693958215697346
0 0.8009277934651069 0.5666290231507622 0.04154901169826543 0.018633540372670808
0 0.863654699475595 0.5711462450592886 0.05486083098023396 0.014116318464144552
0 0.16922146026623638 0.6157538114059853 0.04800322710770472 0.020327498588368152
0 0.2325534489713594 0.6190005646527386 0.0318676885841065 0.029644268774703556
0 0.3130294473578056 0.6182947487295314 0.10246066962484873 0.019762845849802372
0 0.5030254134731746 0.6239412761151891 0.24041952400161357 0.03162055335968379
0 0.709156918112142 0.6253529079616036 0.13392496974586526 0.018633540372670808
0 0.8061718434852764 0.6212591756070017 0.026220250100847116 0.014963297571993224
0 0.8533682936668011 0.6242236024844721 0.05203711173860428 0.014116318464144552
0 0.19887051230334812 0.6634669678147939 0.09923356192012908 0.024280067758328628
0 0.299717628075837 0.6620553359683794 0.04921339249697459 0.021456804065499716
0 0.3299717628075837 0.6815358554488989 0.008067769261799113 0.012987012987012988
0 0.3654699475594998 0.6715132693393563 0.03307785397337636 0.03077357425183512
0 0.43949173053650664 0.672077922077922 0.0754336425978217 0.034161490683229816
0 0.5375151270673659 0.6754658385093167 0.07866075030254134 0.022868435911914172
0 0.6530859217426381 0.6679841897233202 0.11617587736990723 0.019198193111236588
0 0.7478822105687777 0.6675607001693958 0.028237192416296894 0.0251270468661773
0 0.7952803549818476 0.6693958215697347 0.052843888664784185 0.018633540372670808
0 0.8620411456232352 0.6737718802936195 0.0572811617587737 0.012140033879164314
