0 337.0153287615974 738.0083286278939 0.03065752319483663 0.016657255787690572
0 479.074021782977 744.0103049124788 0.14804356595401372 0.020609824957651044
0 907.0371117386043 757.0056465273857 0.07422347720855184 0.01129305477131564
0 1071.0028237192416 789.0036702428007 0.005647438483259379 0.007340485601355167
0 1144.0324727712787 725.0100225861096 0.06494554255748286 0.020045172219085264
0 1372.0475998386446 729.0095990965556 0.09519967728922953 0.019198193111236588
0 1657.0798709156918 730.0127046866178 0.15974183138362244 0.025409373235460192
0 330.04638967325536 905.0098814229249 0.0927793465106898 0.019762845849802372
0 571.0016135538524 962.0040937323546 0.003227107704719645 0.00818746470920384
0 647.0919725695845 921.0101637492942 0.18394513916901978 0.020327498588368152
0 1164.0276321097217 907.0101637492942 0.05526421944332392 0.020327498588368152
0 1356.067365873336 918.0108695652174 0.13473174667204518 0.021739130434782608
0 1744.0338846308996 905.0115753811406 0.06776926179911255 0.023150762281197064
0 1962.0437676482452 907.0156691134952 0.08753529649052037 0.031338226990400904
0 331.0780556676079 1080.0146809712028 0.15611133521581283 0.029361942405420668
0 788.0623235175474 1104.0076228119706 0.12464703509479629 0.015245623941276116
0 1158.060306575232 1071.0136928289103 0.12061315046389673 0.027385657820440428
0 1494.0042355788623 1066.0142574816489 0.008471157724889069 0.028514963297571992
0 1540.068172650262 1095.009034443817 0.136345300524405 0.018068887634105024
0 1924.042960871319 1093.009034443817 0.08592174263816055 0.018068887634105024
0 343.05405405405406 1457.0081874647092 0.10810810810810811 0.01637492941840768
0 672.0290439693425 1456.0084697910786 0.05808793868495361 0.01693958215697346
0 868.047398144413 1474.0053642010164 0.09479628882613957 0.010728402032749858
0 1177.0796692214603 1441.0107284020328 0.15933844292053248 0.021456804065499716
0 1632.0808793868496 1444.0119988706945 0.1617587736990722 0.023997741389045736
0 2038.0026220250102 1506.001552795031 0.0052440500201694235 0.003105590062111801
0 342.0175473981444 1624.009881422925 0.03509479628882614 0.019762845849802372
0 499.0296490520371 1622.0101637492942 0.05929810407422348 0.020327498588368152
0 695.0453812020976 1627.012563523433 0.09076240419524001 0.0251270468661773
0 974.0427591770875 1654.0104460756634 0.08551835417507059 0.020892151326933936
0 1245.0488100040338 1623.010587238848 0.09762000806776926 0.021174477696216828
0 1543.0966115369101 1619.0151044607567 0.19322307382008874 0.03020892151326934
0 339.03610326744655 1806.0094579333709 0.07220653489310205 0.0189158667419537
0 591.0863251311013 1816.0081874647092 0.17265026220250101 0.01637492941840768
0 1096.1198063735378 1811.0127046866178 0.23961274707543365 0.025409373235460192
0 1748.0356998789835 1800.0139751552795 0.07139975796692215 0.027950310559006212
0 339.09156918112143 2161.0142574816487 0.18313836224283986 0.028514963297571992
0 799.0016135538524 2220.001129305477 0.003227107704719645 0.002258610954263128
0 835.0540540540541 2157.0124223602484 0.10810810810810811 0.024844720496894408
0 1161.0582896329165 2162.0100225861097 0.11657926583299717 0.020045172219085264
0 1532.1125453812022 2167.0139751552797 0.22509076240419523 0.027950310559006212
0 350.02884227511095 2338.0108695652175 0.057684550221863654 0.021739130434782608
0 602.0726099233561 2339.0101637492944 0.14521984671238403 0.020327498588368152
0 1056.1361436062928 2346.014680971203 0.27228721258572003 0.029361942405420668
0 1825.0308592174263 2338.0104460756634 0.06171843485276321 0.020892151326933936
0 351.0653489310206 2536.0122811970637 0.1306978620411456 0.02456239412761152
0 745.0185558693022 2524.009881422925 0.03711173860427592 0.019762845849802372
0 892.0453812020976 2534.012987012987 0.09076240419524001 0.025974025974025976
0 1176.0830980233966 2520.010587238848 0.1661960467930617 0.021174477696216828
0 1638.0046389673255 2513.003529079616 0.00927793465106898 0.007058159232072276
0 1681.0875352964906 2510.016092603049 0.17507059298104075 0.032185206098249576
0 2125.004437273094 2512.00395256917 0.008874546187979023 0.007905138339920948
