0 0.09197256958450989 0.11024844720496894 0.045986284792254944 0.026538678712591756
0 0.12888261395724082 0.10954263128176171 0.05244050020169423 0.0251270468661773
0 0.16599435256151673 0.11137775268210051 0.04921339249697459 0.025974025974025976
0 0.2127874142799516 0.11109542631281762 0.06333198870512304 0.02456239412761152
0 0.2876159741831384 0.11137775268210051 0.11173860427591771 0.023433088650479956
0 0.35518354175070593 0.11829474872953134 0.12141992739007665 0.04206662902315076
0 0.39693424768051633 0.11208356860530773 0.06776926179911255 0.02710333145115754
0 0.4386849536103267 0.11250705815923208 0.07099636950383219 0.020892151326933936
0 0.12162162162162163 0.13664596273291926 0.11375554659136748 0.025974025974025976
0 0.19927390076643808 0.13918690005646528 0.12343686970552642 0.03077357425183512
0 0.20330778539733763 0.1383399209486166 0.0016135538523598225 0.001129305477131564
0 0.2472771278741428 0.1380575945793337 0.05445744251714401 0.025974025974025976
0 0.2601855586930214 0.13721061547148503 0.015328761597418314 0.009034443817052512
0 0.299717628075837 0.14215132693393562 0.04800322710770472 0.034443817052512704
0 0.33945139169019767 0.13706945228684358 0.053247277127874144 0.023433088650479956
0 0.36809197256958454 0.13721061547148503 0.04921339249697459 0.022303783173348392
0 0.41044776119402987 0.13721061547148503 0.0653489310205728 0.020327498588368152
0 0.10508269463493344 0.1675607001693958 0.08229124647035095 0.034161490683229816
0 0.14481645824929407 0.16191417278373801 0.04679306171843485 0.021174477696216828
0 0.1865671641791045 0.16741953698475437 0.05445744251714401 0.032185206098249576
0 0.21682129891085114 0.16784302653867872 0.028237192416296894 0.03557312252964427
0 0.2488906817265026 0.16050254093732355 0.045986284792254944 0.0220214568040655
0 0.31887858007260994 0.16205533596837945 0.11214199273900767 0.030491247882552232
0 0.4080274304154901 0.16572557876905702 0.1609519967728923 0.031338226990400904
0 0.4427188382412263 0.1634669678147939 0.0653489310205728 0.025409373235460192
0 0.0845098830173457 0.19621682665160925 0.03751512706736587 0.04601919819311124
0 0.1809197256958451 0.19339356295878035 0.1565147236789028 0.0471485036702428
0 0.2345703912868092 0.18788819875776397 0.08551835417507059 0.027385657820440428
0 0.2535296490520371 0.18817052512704688 0.021379588543767647 0.017504234895539244
0 0.29507866075030253 0.1880293619424054 0.0645421540943929 0.029361942405420668
0 0.35034288019362647 0.19339356295878035 0.0935861234368697 0.03387916431394692
0 0.35135135135135137 0.18901750423489555 0.002016942315449778 0.0016939582156973462
0 0.3947156111335216 0.19311123658949747 0.06575231948366277 0.03867871259175607
0 0.42718838241226303 0.18788819875776397 0.055667607906413875 0.02456239412761152
0 0.10931827349737798 0.21470920383963862 0.08793868495361033 0.03020892151326934
0 0.15510286405808793 0.21259175607001693 0.0782573618394514 0.027950310559006212
0 0.18051633723275515 0.21682665160926032 0.02702702702702703 0.018633540372670808
0 0.2198467123840258 0.21202710333145117 0.0609116579265833 0.027950310559006212
0 0.25958047599838646 0.21287408243929984 0.063735377168213 0.025409373235460192
0 0.2987091569181121 0.2137210615471485 0.06292860024203308 0.010163749294184076
0 0.3662767244856797 0.2127329192546584 0.11133521581282775 0.025691699604743084
0 0.4310205728116176 0.21964991530208922 0.11617587736990723 0.03670242800677583
0 0.43303751512706734 0.21781479390175043 0.009681323114158934 0.006211180124223602
0 0.0808793868495361 0.23630717108977978 0.022589753933037516 0.0220214568040655
0 0.1446147640177491 0.2404009034443817 0.09681323114158935 0.029079616036137776
0 0.1837434449374748 0.2419536984754376 0.04759983864461476 0.03387916431394692
0 0.2208551835417507 0.23673066064370413 0.04800322710770472 0.023433088650479956
0 0.2561516740621218 0.2375776397515528 0.055667607906413875 0.023715415019762844
0 0.3219039935457846 0.2413890457368718 0.10649455425574829 0.031338226990400904
0 0.42154094392900365 0.23870694522868435 0.17386042759177087 0.019762845849802372
0 0.10488100040338846 0.2720214568040655 0.08390480032271078 0.03811405985319029
0 0.16821298910851148 0.2636928289102202 0.09035901573215006 0.026538678712591756
0 0.25131101250504234 0.2686335403726708 0.1319080274304155 0.036420101637492944
0 0.31444130697862044 0.26341050254093734 0.10488100040338846 0.025974025974025976
0 0.3334005647438483 0.26341050254093734 0.021782977006857603 0.020892151326933936
0 0.3805970149253731 0.26651609260304915 0.07422347720855184 0.027385657820440428
0 0.3799919322307382 0.26439864483342745 0.0024203307785397336 0.001976284584980237
