0 0.10508269463493344 0.13975155279503104 0.0653489310205728 0.022868435911914172
0 0.24526018555869303 0.14356295878035008 0.2400161355385236 0.028514963297571992
0 0.3118192819685357 0.13876341050254093 0.100040338846309 0.02258610954263128
0 0.3446954417103671 0.1417278373800113 0.040742234772085516 0.0220214568040655
0 0.4429205324727713 0.14440993788819875 0.17144009681323114 0.027950310559006212
0 0.44876966518757566 0.14215132693393562 0.00645421540943929 0.009316770186335404
0 0.13755546591367487 0.1671372106154715 0.1355385235982251 0.023433088650479956
0 0.1674062121823316 0.16290231507622813 0.024606696248487294 0.01129305477131564
0 0.21883824122630094 0.16614906832298137 0.0782573618394514 0.023715415019762844
0 0.31665994352561516 0.16417278373800112 0.16982654296087132 0.020327498588368152
0 0.3870512303348124 0.16953698475437606 0.10770471964501815 0.026256352343308864
0 0.472771278741428 0.16516092603049123 0.15611133521581283 0.018633540372670808
0 0.48083904800322713 0.1668548842461886 0.003227107704719645 0.006211180124223602
0 0.10165389269866881 0.18944099378881987 0.05889471561113352 0.020892151326933936
0 0.15308592174263816 0.18845285149632976 0.055667607906413875 0.015810276679841896
0 0.2198467123840258 0.19268774703557312 0.08309802339653086 0.020609824957651044
0 0.25010084711577246 0.19000564652738566 0.03872529245663574 0.010728402032749858
0 0.33682936668011293 0.19184076792772445 0.13513513513513514 0.0189158667419537
0 0.37353771682129894 0.19367588932806323 0.03711173860427592 0.021174477696216828
0 0.4116579265832997 0.18972332015810275 0.05647438483259379 0.015810276679841896
0 0.14683340056474384 0.21541501976284586 0.1565147236789028 0.0251270468661773
0 0.24667204517950786 0.21513269339356295 0.1536910044372731 0.020045172219085264
0 0.2613957240822912 0.21386222473178995 0.007664380798709157 0.0016939582156973462
0 0.3130294473578056 0.21428571428571427 0.05929810407422348 0.016657255787690572
0 0.34328358208955223 0.2183794466403162 0.03469140782573618 0.021456804065499716
0 0.3795885437676482 0.21668548842461885 0.05445744251714401 0.018068887634105024
0 0.45966115369100446 0.21485036702428006 0.11698265429608713 0.017786561264822136
0 0.12101653892698669 0.24618859401468096 0.10689794271883823 0.02456239412761152
0 0.20229931423961275 0.2450592885375494 0.11738604275917709 0.029079616036137776
0 0.2646228317870109 0.2453416149068323 0.0826946349334409 0.023715415019762844
0 0.3382412263009278 0.2419536984754376 0.11254538120209762 0.0189158667419537
0 0.4102460669624849 0.24520045172219085 0.12827753126260588 0.029361942405420668
0 0.10750302541347317 0.29079616036137773 0.08067769261799113 0.018633540372670808
0 0.16438079870915692 0.2899491812535291 0.057684550221863654 0.017786561264822136
0 0.2617991125453812 0.2922077922077922 0.1581282775312626 0.021456804065499716
0 0.3215006050826946 0.29107848673066067 0.0790641387656313 0.01355166572557877
0 0.33198870512303347 0.2891022021456804 0.003227107704719645 0.001976284584980237
0 0.37797498991528844 0.2919254658385093 0.063735377168213 0.020892151326933936
0 0.4334409035901573 0.2964426877470356 0.09640984267849939 0.0189158667419537
0 0.1319080274304155 0.31959345002823264 0.12989108511496572 0.028232636928289104
0 0.1734570391286809 0.314652738565782 0.029850746268656716 0.017786561264822136
0 0.27148043565954016 0.3188876341050254 0.17507059298104075 0.020327498588368152
0 0.29931423961274706 0.3160643704121965 0.027833803953206938 0.015245623941276116
0 0.3674868898749496 0.3166290231507623 0.100040338846309 0.017786561264822136
0 0.39511899959661156 0.31493506493506496 0.030254134731746672 0.014116318464144552
0 0.4279951593384429 0.3176171654432524 0.04477611940298507 0.016657255787690572
0 0.10830980233965308 0.3416149068322981 0.08430818878580072 0.017504234895539244
0 0.1799112545381202 0.34415584415584416 0.09237595804759983 0.01948051948051948
0 0.18495361032674465 0.3402032749858837 0.004437273093989512 0.00282326369282891
0 0.236385639370714 0.34189723320158105 0.07664380798709157 0.020327498588368152
0 0.30597014925373134 0.34316770186335405 0.0891488503428802 0.022868435911914172
0 0.31968535699878986 0.34316770186335405 0.004840661557079467 0.00846979107848673
0 0.4007664380798709 0.3447204968944099 0.14037918515530456 0.022868435911914172
0 0.14259782170229932 0.3705533596837945 0.15409439290036306 0.025691699604743084
0 0.20169423154497781 0.3699887069452287 0.09076240419524001 0.026256352343308864
0 0.3164582492940702 0.37012987012987014 0.18878580072609924 0.019762845849802372
0 0.3334005647438483 0.3687182382834557 0.0052440500201694235 0.007340485601355167
0 0.3945139169019766 0.367871259175607 0.11214199273900767 0.018068887634105024
0 0.4082291246470351 0.366600790513834 0.004840661557079467 0.007622811970638058
