0 344.02016942315447 700.012987012987 0.04033884630899556 0.025974025974025976
0 490.0092779346511 698.012987012987 0.01855586930213796 0.025974025974025976
0 638.0590964098427 705.014963297572 0.118192819685357 0.029926595143986448
0 1054.026623638564 697.0159514398645 0.053247277127874144 0.03190287972896669
0 1245.0578862444534 709.0124223602485 0.11577248890681727 0.024844720496894408
0 1588.0252117789432 759.0057876905703 0.050423557886244454 0.011575381140598532
0 1737.0475998386446 699.0177865612649 0.09519967728922953 0.03557312252964427
0 2021.038523598225 708.0128458498024 0.07704719645018153 0.025691699604743084
0 342.02823719241627 892.0132693393563 0.05647438483259379 0.026538678712591756
0 537.0189592577652 870.0138339920949 0.03791851553045583 0.02766798418972332
0 739.0338846308996 864.0153867871259 0.06776926179911255 0.03077357425183512
0 992.0225897539331 876.0115753811406 0.04517950786607503 0.023150762281197064
0 1165.0625252117788 898.0110107284021 0.12505042355788623 0.0220214568040655
0 1533.0121016538926 939.005505364201 0.024203307785397338 0.01101072840203275
0 1663.0240016135538 896.0110107284021 0.04800322710770472 0.0220214568040655
0 1847.0556676079063 876.0160926030492 0.11133521581282775 0.032185206098249576
0 336.04558289632917 1051.0142574816489 0.09116579265832997 0.028514963297571992
0 643.0207745058491 1110.004658385093 0.04154901169826543 0.009316770186335404
0 833.029245663574 1070.0115753811406 0.058491327148043566 0.023150762281197064
0 1019.0262202501009 1077.0170807453417 0.05244050020169423 0.034161490683229816
0 1222.0104881000404 1091.0094579333709 0.020976200080677694 0.0189158667419537
0 1352.0471964501814 1060.0152456239414 0.09439290036304962 0.030491247882552232
0 1637.0213795885438 1069.0167984189723 0.042759177087535294 0.03359683794466403
0 1807.0649455425576 1073.0117165443253 0.12989108511496572 0.023433088650479956
0 341.0310609116579 1236.0143986448334 0.06212182331585317 0.028797289666854884
0 499.00322710770473 1323.0040937323547 0.00645421540943929 0.00818746470920384
0 589.0276321097217 1245.01185770751 0.05526421944332392 0.023715415019762844
0 793.0191609519968 1293.0056465273856 0.038321903993545785 0.01129305477131564
0 943.0098830173457 1252.0111518915867 0.019766034691407825 0.022303783173348392
0 1063.0488100040338 1244.0151044607567 0.09762000806776926 0.03020892151326934
0 1340.0217829770068 1244.0148221343873 0.04356595401371521 0.029644268774703556
0 1466.0439693424769 1249.0155279503106 0.08793868495361033 0.031055900621118012
0 1746.0352964905203 1249.0108695652175 0.07059298104074223 0.021739130434782608
0 1964.0350947962888 1246.0122811970639 0.07018959257765228 0.02456239412761152
0 334.03610326744655 1413.0160926030492 0.07220653489310205 0.032185206098249576
0 615.033682936668 1418.018915866742 0.06736587333602259 0.0378317334839074
0 853.0556676079065 1412.0152456239414 0.11133521581282775 0.030491247882552232
0 1167.013715207745 1490.004376058724 0.02743041549011698 0.008752117447769622
0 1344.0542557482856 1405.0162337662337 0.10851149657119806 0.032467532467532464
0 1672.0314643001211 1426.0119988706945 0.06292860024203308 0.023997741389045736
0 1794.000806776926 1505.0007058159233 0.0016135538523598225 0.001411631846414455
0 1883.0254134731747 1417.0135516657256 0.050826946349334406 0.02710333145115754
0 2032.0252117789432 1490.0050818746472 0.050423557886244454 0.010163749294184076
0 343.0377168212989 1575.018492377188 0.0754336425978217 0.03698475437605872
0 566.0574828559903 1583.0138339920948 0.11496571198063735 0.02766798418972332
0 839.0036304961678 1679.0028232636928 0.007260992335619202 0.00564652738565782
0 939.0350947962888 1599.0117165443253 0.07018959257765228 0.023433088650479956
0 1183.058087938685 1597.0190570299267 0.11617587736990723 0.03811405985319029
0 1525.0395320693829 1589.0143986448334 0.0790641387656313 0.028797289666854884
0 1747.0480032271078 1607.0128458498023 0.09600645421540945 0.025691699604743084
0 2038.02743041549 1656.005505364201 0.05486083098023396 0.01101072840203275
0 349.0252117789431 1776.0122811970639 0.050423557886244454 0.02456239412761152
0 564.0363049616781 1806.0093167701864 0.07260992335619201 0.018633540372670808
0 792.0167406212182 1836.005505364201 0.033481242436466316 0.01101072840203275
0 976.0758370310609 1788.0142574816489 0.15167406212182333 0.028514963297571992
0 1437.0435659540137 1777.0131281761717 0.08713190802743041 0.026256352343308864
0 1692.035901573215 1766.0142574816489 0.07180314643001211 0.028514963297571992
0 1847.004437273094 1884.0025409373236 0.008874546187979023 0.005081874647092038
0 1921.0284388866478 1849.0049407114625 0.05687777329568374 0.009881422924901186
0 338.0546591367487 1961.0141163184642 0.10931827349737798 0.028232636928289104
0 649.027027027027 1961.012563523433 0.05405405405405406 0.0251270468661773
0 870.0417507059298 1967.0167984189723 0.08350141185962082 0.03359683794466403
0 1161.019967728923 1970.0131281761717 0.03993545784590561 0.026256352343308864
0 1357.0564743848327 1961.018915866742 0.11294876966518758 0.0378317334839074
0 1712.017345703913 2019.003529079616 0.03469140782573618 0.007058159232072276
0 1864.0552642194434 1974.0127046866178 0.11052843888664785 0.025409373235460192
0 349.04235578862443 2143.0128458498025 0.08471157724889068 0.025691699604743084
0 625.0415490116983 2183.008752117448 0.08309802339653086 0.017504234895539244
0 907.0308592174264 2162.009881422925 0.06171843485276321 0.019762845849802372
0 1124.0262202501008 2142.010728402033 0.05244050020169423 0.021456804065499716
0 1310.0724082291247 2142.0124223602484 0.14481645824929407 0.024844720496894408
0 1622.0056474384833 2233.003529079616 0.011294876966518758 0.007058159232072276
0 1711.0520371117386 2166.0176453980803 0.10407422347720856 0.035290796160361376
0 364.0407422347721 2301.012563523433 0.08148446954417103 0.0251270468661773
0 675.0108914885034 2324.0095990965556 0.021782977006857603 0.019198193111236588
0 791.0163372327552 2370.004799548278 0.0326744655102864 0.009599096555618294
0 984.0262202501009 2366.007058159232 0.05244050020169423 0.014116318464144552
0 1202.0254134731747 2384.004658385093 0.050826946349334406 0.009316770186335404
0 1411.0667607906414 2339.015245623941 0.1335215812827753 0.030491247882552232
0 1783.059903186769 2338.014116318464 0.11980637353771682 0.028232636928289104
0 2093.0010084711575 2422.000846979108 0.002016942315449778 0.0016939582156973462
