0 358.07664380798707 720.0122811970638 0.15328761597418314 0.02456239412761152
0 864.035901573215 743.0081874647092 0.07180314643001211 0.01637492941840768
0 1152.0449778136344 748.0073404856014 0.0899556272690601 0.014680971202710334
0 1447.0556676079063 730.0095990965556 0.11133521581282775 0.019198193111236588
0 1825.0413473174667 734.011434217956 0.0826946349334409 0.022868435911914172
0 2059.001815248084 781.0009881422925 0.003630496167809601 0.001976284584980237
0 364.0139169019766 902.0091756070017 0.027833803953206938 0.018351214003387916
0 499.0552642194433 903.0088932806324 0.11052843888664785 0.017786561264822136
0 881.0580879386849 930.007481648786 0.11617587736990723 0.014963297571993224
0 1229.0328761597418 924.0077639751553 0.06575231948366277 0.015527950310559006
0 1463.06918112142 928.0080463015246 0.1383622428398548 0.016092603049124788
0 1898.0548608309803 924.0076228119707 0.10972166196046793 0.015245623941276116
0 363.055869302138 1105.0069169960475 0.11173860427591771 0.01383399209486166
0 711.0808793868496 1088.0108695652175 0.1617587736990722 0.021739130434782608
0 1131.0020169423155 1129.004658385093 0.004033884630899556 0.009316770186335404
0 1191.046187979024 1089.0094579333709 0.09237595804759983 0.0189158667419537
0 1467.05223880597 1090.0119988706945 0.1044776119402985 0.023997741389045736
0 1772.0574828559904 1088.0100225861095 0.11496571198063735 0.020045172219085264
0 2100.0082694634934 1126.0011293054772 0.01653892698668818 0.002258610954263128
0 349.0219846712384 1288.007058159232 0.043969342476805166 0.014116318464144552
0 513.0233965308593 1307.004658385093 0.04679306171843485 0.009316770186335404
0 722.0554659136749 1280.0071993224167 0.11093182734973779 0.014398644833427442
0 1072.0072609923357 1303.0012704686617 0.014521984671238403 0.002540937323546019
0 1157.0435659540137 1279.006634669678 0.08713190802743041 0.013269339356295878
0 1416.0911657926583 1272.012987012987 0.18233158531665994 0.025974025974025976
0 1924.0641387656312 1271.010304912479 0.12827753126260588 0.020609824957651044
0 2245.001815248084 1322.0009881422925 0.003630496167809601 0.001976284584980237
0 328.0395320693828 1445.010587238848 0.0790641387656313 0.021174477696216828
0 642.00262202501 1489.0040937323547 0.0052440500201694235 0.00818746470920384
0 684.0346914078258 1445.0088932806325 0.06938281565147236 0.017786561264822136
0 939.0304558289633 1456.0080463015245 0.0609116579265833 0.016092603049124788
0 1201.0697862041145 1448.0080463015245 0.13957240822912464 0.016092603049124788
0 1629.020371117386 1445.0114342179559 0.040742234772085516 0.022868435911914172
0 1831.0516337232755 1452.0084697910786 0.10326744655102864 0.01693958215697346
0 347.0542557482856 1617.009881422925 0.10851149657119806 0.019762845849802372
0 732.0373134328358 1630.0088932806325 0.07462686567164178 0.017786561264822136
0 996.031060911658 1650.0053642010164 0.06212182331585317 0.010728402032749858
0 1210.0782573618394 1614.016516092603 0.1565147236789028 0.03303218520609825
0 1638.0183541750705 1624.007058159232 0.03670835014118596 0.014116318464144552
0 1808.0835014118595 1614.009034443817 0.16700282371924163 0.018068887634105024
0 354.04457442517145 1803.0094579333709 0.0891488503428802 0.0189158667419537
0 611.0369100443727 1800.0091756070017 0.07382008874546188 0.018351214003387916
0 931.0427591770875 1797.012987012987 0.08551835417507059 0.025974025974025976
0 1210.0260185558693 1797.0094579333709 0.05203711173860428 0.0189158667419537
0 1427.0387252924565 1805.0107284020328 0.07745058491327148 0.021456804065499716
0 1728.0391286809197 1835.0064935064936 0.0782573618394514 0.012987012987012988
0 1941.0488100040338 1815.0087521174478 0.09762000806776926 0.017504234895539244
0 2229.001613553852 1840.0062111801242 0.003227107704719645 0.012422360248447204
0 368.07543364259783 1990.0132693393564 0.1508672851956434 0.026538678712591756
0 812.0129084308189 2013.0052230378317 0.02581686163775716 0.010446075663466968
0 937.0538523598225 1992.0139751552795 0.10770471964501815 0.027950310559006212
0 1277.0024203307785 2034.0036702428006 0.004840661557079467 0.007340485601355167
0 1326.0994352561518 1999.0091756070017 0.19887051230334812 0.018351214003387916
0 1936.0441710367083 2021.00790513834 0.08834207341670028 0.015810276679841896
0 374.0229931423961 2171.0104460756634 0.045986284792254944 0.020892151326933936
0 545.013311819282 2199.0056465273856 0.026623638563937072 0.01129305477131564
0 683.0845098830173 2198.0103049124787 0.1690197660346914 0.020609824957651044
0 1184.0637353771683 2197.009034443817 0.127470754336426 0.018068887634105024
0 1586.0506252521177 2195.007058159232 0.10125050423557887 0.014116318464144552
0 1911.0383219039936 2197.0103049124787 0.07664380798709157 0.020609824957651044
0 360.0722065348931 2349.010728402033 0.1444130697862041 0.021456804065499716
0 798.0724082291247 2342.0131281761714 0.14481645824929407 0.026256352343308864
0 1245.0020169423155 2400.0018351214003 0.004033884630899556 0.0036702428006775835
0 1275.0348931020574 2372.0069169960475 0.06978620411456232 0.01383399209486166
0 1561.0256151674062 2352.012140033879 0.051230334812424366 0.024280067758328628
0 1805.0143202904396 2388.0042348955394 0.02864058087938685 0.00846979107848673
0 1936.078055667608 2368.0100225861097 0.15611133521581283 0.020045172219085264
0 386.05405405405406 2533.0111518915865 0.10810810810810811 0.022303783173348392
0 820.0588947156111 2533.014680971203 0.11778943122226704 0.029361942405420668
0 1115.0056474384833 2586.0029644268775 0.011294876966518758 0.005928853754940711
