0 0.08652682533279549 0.11081309994353472 0.03791851553045583 0.018068887634105024
0 0.10851149657119806 0.11137775268210051 0.035901573215006054 0.018633540372670808
0 0.1446147640177491 0.11109542631281762 0.06171843485276321 0.019198193111236588
0 0.16014521984671237 0.1101072840203275 0.02218636546994756 0.018633540372670808
0 0.19866881807180314 0.11829474872953134 0.06615570794675273 0.02766798418972332
0 0.23719241629689392 0.11109542631281762 0.06212182331585317 0.020892151326933936
0 0.2569584509883017 0.11109542631281762 0.02864058087938685 0.0189158667419537
0 0.30354981847519164 0.11518915866741954 0.08309802339653086 0.028797289666854884
0 0.33642597821702297 0.11024844720496894 0.04921339249697459 0.020609824957651044
0 0.37676482452601856 0.11843591191417278 0.06655909640984267 0.025409373235460192
0 0.42839854780153286 0.11561264822134387 0.08148446954417103 0.031338226990400904
0 0.10306575231948366 0.14088085827216262 0.07059298104074223 0.03557312252964427
0 0.1661960467930617 0.13763410502540938 0.1073013311819282 0.023715415019762844
0 0.19483662767244858 0.13975155279503104 0.04477611940298507 0.02710333145115754
0 0.20028237192416296 0.13594014680971203 0.0060508269463493344 0.002258610954263128
0 0.2624041952400161 0.13692828910220214 0.10246066962484873 0.021456804065499716
0 0.318273497377975 0.13664596273291926 0.09318273497377975 0.021739130434782608
0 0.35417507059298103 0.13636363636363635 0.04719645018152481 0.018633540372670808
0 0.38463089955627267 0.13650479954827782 0.0500201694231545 0.021456804065499716
0 0.4352561516740621 0.14695087521174477 0.08874546187979024 0.042631281761716544
0 0.08491327148043566 0.16134952004517222 0.033481242436466316 0.010728402032749858
0 0.1317063331988705 0.16149068322981366 0.07946752722872126 0.021174477696216828
0 0.14885034288019364 0.16106719367588934 0.018152480839048003 0.020327498588368152
0 0.15328761597418314 0.16290231507622813 0.004437273093989512 0.003952569169960474
0 0.18797902379991932 0.1621964991530209 0.050826946349334406 0.01948051948051948
0 0.21621621621621623 0.1621964991530209 0.0463896732553449 0.012987012987012988
0 0.28943122226704315 0.1686900056465274 0.1262605889471561 0.038396386222473176
0 0.33319887051230335 0.16092603049124787 0.07139975796692215 0.01948051948051948
0 0.3537716821298911 0.16134952004517222 0.02218636546994756 0.017504234895539244
0 0.39128680919725695 0.16149068322981366 0.056070996369503835 0.01948051948051948
0 0.10064542154094393 0.19099378881987578 0.06938281565147236 0.03359683794466403
0 0.12989108511496572 0.1880293619424054 0.03872529245663574 0.020609824957651044
0 0.1672045179507866 0.18986448334274422 0.057684550221863654 0.032185206098249576
0 0.2710770471964502 0.1907114624505929 0.18757563533682936 0.028514963297571992
0 0.3027430415490117 0.18690005646527386 0.03872529245663574 0.01693958215697346
0 0.35861234368697054 0.18718238283455674 0.09439290036304962 0.023715415019762844
0 0.3949173053650666 0.1852060982495765 0.04759983864461476 0.017504234895539244
0 0.13432835820895522 0.21795595708639187 0.1399757966922146 0.031055900621118012
0 0.13674868898749495 0.21852060982495766 0.004033884630899556 0.011857707509881422
0 0.1619604679306172 0.21583850931677018 0.02944735780556676 0.032185206098249576
0 0.2035094796288826 0.21386222473178995 0.07785397337636143 0.022868435911914172
0 0.23941105284388867 0.2140033879164314 0.04921339249697459 0.019198193111236588
0 0.27591770875352967 0.2127329192546584 0.05405405405405406 0.012704686617730096
0 0.3481242436466317 0.2121682665160926 0.1218233158531666 0.023150762281197064
0 0.4005647438483259 0.21259175607001693 0.08592174263816055 0.02258610954263128
0 0.4243646631706333 0.2171089779785432 0.03065752319483663 0.027950310559006212
0 0.08733360225897539 0.23785996612083568 0.04679306171843485 0.021174477696216828
0 0.12847922549415086 0.23785996612083568 0.06575231948366277 0.020327498588368152
0 0.1335215812827753 0.23743647656691136 0.0028237192416296895 0.0036702428006775835
0 0.1789027833803953 0.2381422924901186 0.08592174263816055 0.019762845849802372
0 0.2154094392900363 0.23771880293619424 0.06212182331585317 0.012987012987012988
0 0.25110931827349736 0.24265951439864483 0.05405405405405406 0.03020892151326934
0 0.2779346510689794 0.23715415019762845 0.03428801936264623 0.020327498588368152
0 0.345703912868092 0.23785996612083568 0.12222670431625655 0.021456804065499716
0 0.3763614360629286 0.23983625070581593 0.033481242436466316 0.029644268774703556
0 0.4056070996369504 0.23828345567476003 0.04195240016135539 0.023150762281197064
0 0.4253731343283582 0.2365894974590627 0.030254134731746672 0.017504234895539244
0 0.09943525615167406 0.268068887634105 0.06212182331585317 0.03190287972896669
0 0.14138765631302944 0.26355166572557875 0.05687777329568374 0.021174477696216828
0 0.1853569987898346 0.26693958215697344 0.07341670028237192 0.027950310559006212
0 0.21863654699475596 0.2651044607566347 0.04800322710770472 0.02456239412761152
0 0.29790237999193225 0.26990400903444384 0.13432835820895522 0.03472614342179559
0 0.3533682936668011 0.26242236024844723 0.08713190802743041 0.012704686617730096
0 0.3799919322307382 0.26439864483342745 0.03509479628882614 0.028797289666854884
0 0.43283582089552236 0.2676453980801807 0.08672851956434045 0.028797289666854884
0 0.1244453408632513 0.2941840767927724 0.11657926583299717 0.03020892151326934
0 0.1609519967728923 0.28924336533032186 0.04921339249697459 0.019198193111236588
0 0.1964501815248084 0.2937605872388481 0.050826946349334406 0.023433088650479956
0 0.20068576038725291 0.2875494071146245 0.003227107704719645 0.0016939582156973462
