0 0.11879790237999194 0.1380575945793337 0.09197256958450989 0.039243365330321855
0 0.1980637353771682 0.1373517786561265 0.12948769665187576 0.03698475437605872
0 0.2569584509883017 0.13890457368718237 0.08390480032271078 0.045736871823828344
0 0.35861234368697054 0.15344438170525126 0.16054860830980233 0.061829474872953136
0 0.4080274304154901 0.1383399209486166 0.06333198870512304 0.02766798418972332
0 0.15409439290036306 0.16939582156973462 0.16942315449778136 0.04997176736307171
0 0.19766034691407824 0.16191417278373801 0.033481242436466316 0.03585544889892716
0 0.2335619201290843 0.16233766233766234 0.04235578862444534 0.03670242800677583
0 0.3491327148043566 0.17094861660079053 0.19039935457845905 0.053924336533032184
0 0.4354578459056071 0.16290231507622813 0.13311819281968534 0.0378317334839074
0 0.11012505042355789 0.2648221343873518 0.06897942718838242 0.040372670807453416
0 0.2156111335215813 0.2670807453416149 0.16659943525615167 0.04432523997741389
0 0.2781363453005244 0.2639751552795031 0.08672851956434045 0.039243365330321855
0 0.3317870108914885 0.2689158667419537 0.07624041952400161 0.04940711462450593
0 0.4128680919725696 0.27625635234330886 0.13594191206131503 0.06437041219649915
0 0.17103670835014118 0.3512140033879164 0.19887051230334812 0.058723884810841336
0 0.1754739814441307 0.34726143421795597 0.005647438483259379 0.020327498588368152
0 0.23235175473981445 0.34105025409373235 0.05405405405405406 0.03811405985319029
0 0.2898346107301331 0.3409090909090909 0.08511496571198064 0.025974025974025976
0 0.3400564743848326 0.3402032749858837 0.06897942718838242 0.03670242800677583
0 0.4342476805163372 0.34105025409373235 0.15127067365873337 0.034443817052512704
0 0.08955223880597014 0.36688311688311687 0.029043969342476807 0.022868435911914172
0 0.1690197660346914 0.3824110671936759 0.127470754336426 0.0660643704121965
0 0.3164582492940702 0.3675889328063241 0.25010084711577246 0.045736871823828344
0 0.37676482452601856 0.36773009599096557 0.08430818878580072 0.0409373235460192
0 0.48870512303348124 0.36645962732919257 0.19846712384025816 0.040372670807453416
