0 0.08430818878580072 0.11420101637492942 0.022589753933037516 0.021174477696216828
0 0.1498588140379185 0.12267080745341614 0.10851149657119806 0.033314511575381144
0 0.2063331988705123 0.11420101637492942 0.09076240419524001 0.01948051948051948
0 0.27289229528035497 0.11420101637492942 0.11738604275917709 0.018633540372670808
0 0.3174667204517951 0.1144833427442123 0.06857603872529246 0.018351214003387916
0 0.39108511496571197 0.11970638057594579 0.12989108511496572 0.029079616036137776
0 0.1472367890278338 0.13932806324110672 0.15893505445744252 0.017786561264822136
0 0.1853569987898346 0.1396103896103896 0.05687777329568374 0.018351214003387916
0 0.23033481242436465 0.13946922642574816 0.07059298104074223 0.01948051948051948
0 0.2680516337232755 0.13975155279503104 0.0645421540943929 0.0189158667419537
0 0.32129891085114964 0.14003387916431395 0.09802339653085922 0.016657255787690572
0 0.42174263816054863 0.14356295878035008 0.18354175070592982 0.025691699604743084
0 0.10205728116175877 0.16389045736871824 0.06736587333602259 0.01948051948051948
0 0.14017749092375958 0.16431394692264256 0.05808793868495361 0.018351214003387916
0 0.20068576038725291 0.16516092603049123 0.10891488503428802 0.019762845849802372
0 0.25231948366276724 0.16487859966120835 0.09076240419524001 0.020045172219085264
0 0.2880193626462283 0.1650197628458498 0.05687777329568374 0.014116318464144552
0 0.3662767244856797 0.16840767927724448 0.13957240822912464 0.025409373235460192
0 0.4352561516740621 0.16558441558441558 0.12827753126260588 0.01948051948051948
0 0.13795885437676483 0.19579333709768493 0.14199273900766438 0.03020892151326934
0 0.17668414683340056 0.19000564652738566 0.05647438483259379 0.017221908526256352
0 0.21782977006857604 0.19042913608130999 0.06696248487293263 0.017786561264822136
0 0.24324324324324326 0.19438170525127046 0.03993545784590561 0.02766798418972332
0 0.2763210972166196 0.19085262563523434 0.0536506655909641 0.018068887634105024
0 0.31867688584106496 0.19028797289666854 0.06171843485276321 0.01948051948051948
0 0.3235175473981444 0.19000564652738566 0.003227107704719645 0.001976284584980237
0 0.4322307382008875 0.19847543760587238 0.20330778539733763 0.03585544889892716
0 0.18212989108511496 0.2224731789949181 0.23396530859217426 0.03387916431394692
0 0.18515530455828963 0.21922642574816487 0.007664380798709157 0.012422360248447204
0 0.2569584509883017 0.22261434217955958 0.11657926583299717 0.03190287972896669
0 0.2801532876159742 0.21569734613212874 0.033884630899556276 0.017504234895539244
0 0.3110125050423558 0.21597967250141162 0.04881000403388463 0.019198193111236588
0 0.3894715611133522 0.21979107848673066 0.14683340056474384 0.026256352343308864
0 0.4417103670835014 0.2199322416713721 0.09681323114158935 0.020045172219085264
0 0.10972166196046793 0.26538678712591757 0.09721661960467931 0.0189158667419537
0 0.17507059298104075 0.2670807453416149 0.11254538120209762 0.0189158667419537
0 0.1801129487696652 0.27032749858836813 0.0060508269463493344 0.009034443817052512
0 0.21117386042759176 0.27060982495765107 0.051230334812424366 0.026538678712591756
0 0.21198063735377168 0.26905702992659514 0.0052440500201694235 0.010163749294184076
0 0.24142799515933844 0.2658102766798419 0.04033884630899556 0.012704686617730096
0 0.327148043565954 0.2689158667419537 0.16014521984671237 0.02456239412761152
0 0.3535699878983461 0.2694805194805195 0.04154901169826543 0.02710333145115754
0 0.3654699475594998 0.2663749294184077 0.021782977006857603 0.012422360248447204
0 0.41770875352964904 0.26665725578769056 0.09076240419524001 0.018351214003387916
0 0.10669624848729327 0.2900903444381705 0.08834207341670028 0.017786561264822136
0 0.1762807583703106 0.2963015245623941 0.11254538120209762 0.03020892151326934
0 0.20471964501815249 0.2950310559006211 0.050423557886244454 0.025974025974025976
0 0.24142799515933844 0.2909373235460192 0.06171843485276321 0.016657255787690572
0 0.27833803953206937 0.29234895539243366 0.0653489310205728 0.020609824957651044
0 0.34187172246873737 0.29150197628458496 0.11093182734973779 0.01693958215697346
0 0.36829366680112946 0.29164313946922643 0.0391286809197257 0.014116318464144552
0 0.4056070996369504 0.29178430265386784 0.05486083098023396 0.018068887634105024
0 0.11496571198063735 0.3222755505364201 0.1044776119402985 0.031055900621118012
0 0.2045179507866075 0.3166290231507623 0.15611133521581283 0.019762845849802372
0 0.30697862041145624 0.3166290231507623 0.18959257765227913 0.019762845849802372
0 0.3325937878176684 0.3167701863354037 0.03791851553045583 0.015810276679841896
0 0.3610326744655103 0.3177583286278938 0.051230334812424366 0.018068887634105024
0 0.41952400161355385 0.3170525127046866 0.10246066962484873 0.01693958215697346
0 0.13412666397741024 0.3474025974025974 0.14239612747075434 0.029361942405420668
0 0.20270270270270271 0.3417560700169396 0.11698265429608713 0.018351214003387916
0 0.25514320290439696 0.34726143421795597 0.08753529649052037 0.029644268774703556
0 0.3602258975393304 0.34542631281761715 0.19402985074626866 0.025974025974025976
0 0.382008874546188 0.34316770186335405 0.03065752319483663 0.017786561264822136
0 0.4136748688987495 0.3430265386787126 0.0572811617587737 0.012704686617730096
0 0.13392496974586526 0.37027103331451156 0.14804356595401372 0.02456239412761152
0 0.16014521984671237 0.36688311688311687 0.0391286809197257 0.017786561264822136
0 0.19866881807180314 0.36716544325239975 0.055667607906413875 0.017786561264822136
0 0.29507866075030253 0.36702428006775834 0.17668414683340056 0.018068887634105024
0 0.31807180314643 0.3705533596837945 0.03993545784590561 0.0251270468661773
0 0.35074626865671643 0.36801242236024845 0.05929810407422348 0.018351214003387916
0 0.42617991125453814 0.36801242236024845 0.13473174667204518 0.01948051948051948
