0 0.16397741024606696 0.21569734613212874 0.04719645018152481 0.0220214568040655
0 0.27934651068979427 0.21188594014680973 0.15127067365873337 0.026821005081874648
0 0.38563937071399756 0.21597967250141162 0.042759177087535294 0.03500846979107849
0 0.4626865671641791 0.2217673630717109 0.09116579265832997 0.04488989271597967
0 0.5478015328761597 0.21470920383963862 0.06212182331585317 0.022868435911914172
0 0.6498588140379186 0.2149915302089215 0.13392496974586526 0.026821005081874648
0 0.7460669624848729 0.21301524562394128 0.038321903993545785 0.0251270468661773
0 0.790439693424768 0.21852060982495766 0.038321903993545785 0.012987012987012988
0 0.1964501815248084 0.26566911349520045 0.12101653892698669 0.040654997176736304
0 0.2747075433642598 0.26256352343308864 0.03953206938281565 0.030491247882552232
0 0.36062928600242034 0.26693958215697344 0.1306978620411456 0.037549407114624504
0 0.46228317870108915 0.2619988706945229 0.024203307785397338 0.026538678712591756
0 0.5155304558289633 0.26171654432524 0.03469140782573618 0.028797289666854884
0 0.5724082291246471 0.2672219085262564 0.050826946349334406 0.014963297571993224
0 0.6583299717628076 0.2628458498023715 0.09762000806776926 0.043478260869565216
0 0.7944735780556677 0.26044607566346695 0.1609519967728923 0.03020892151326934
0 0.8783783783783784 0.2728684359119142 0.003630496167809601 0.005364201016374929
0 0.17426381605486083 0.32396950875211744 0.07018959257765228 0.042631281761716544
0 0.2743041549011698 0.31832298136645965 0.09923356192012908 0.031338226990400904
0 0.39774102460669625 0.3123941276115189 0.12827753126260588 0.029644268774703556
0 0.5429608713190803 0.31521739130434784 0.11294876966518758 0.025691699604743084
0 0.6498588140379186 0.31070016939582157 0.07987091569181122 0.028514963297571992
0 0.6883824122630092 0.32891022021456806 0.020572811617587738 0.018633540372670808
0 0.7472771278741428 0.31521739130434784 0.07220653489310205 0.022303783173348392
0 0.8202904396934247 0.31281761716544326 0.06575231948366277 0.023150762281197064
0 0.1653892698668818 0.3632128740824393 0.03953206938281565 0.026821005081874648
0 0.22488906817265025 0.3685770750988142 0.043969342476805166 0.016092603049124788
0 0.2900363049616781 0.3694240542066629 0.05970149253731343 0.04206662902315076
0 0.3612343686970553 0.36490683229813664 0.10044372730939895 0.020045172219085264
0 0.4794271883824123 0.3725296442687747 0.12141992739007665 0.0251270468661773
0 0.5835014118596208 0.36561264822134387 0.06413876563130294 0.021456804065499716
0 0.6718434852763211 0.36335403726708076 0.1036708350141186 0.023150762281197064
0 0.7884227511093183 0.37012987012987014 0.12061315046389673 0.043478260869565216
0 0.18676885841064947 0.41459627329192544 0.09116579265832997 0.03077357425183512
0 0.2613957240822912 0.4225014116318464 0.07664380798709157 0.015527950310559006
0 0.3628479225494151 0.4178430265386787 0.09802339653085922 0.044042913608131
0 0.46591367486889873 0.4126199887069452 0.06938281565147236 0.029079616036137776
0 0.5104881000403388 0.42320722755505363 0.002016942315449778 0.002258610954263128
0 0.5675675675675675 0.42419536984754375 0.07180314643001211 0.05110107284020327
0 0.6665994352561517 0.4117730095990966 0.09076240419524001 0.028514963297571992
0 0.7529245663574021 0.4095143986448334 0.040742234772085516 0.028514963297571992
0 0.8210972166196047 0.4192546583850932 0.10125050423557887 0.03274985883681536
0 0.1563130294473578 0.47007340485601357 0.04719645018152481 0.04630152456239413
0 0.2434449374747882 0.46160361377752684 0.06897942718838242 0.028797289666854884
0 0.3281565147236789 0.4618859401468097 0.06655909640984267 0.029926595143986448
0 0.3949173053650666 0.467673630717109 0.05163372327551432 0.041501976284584984
0 0.4868898749495764 0.46809712027103334 0.1371520774505849 0.03670242800677583
0 0.5964098426784994 0.46597967250141165 0.06575231948366277 0.022868435911914172
0 0.7039128680919726 0.46386222473178995 0.13150463896732553 0.028232636928289104
0 0.8440903590157322 0.46513269339356295 0.10609116579265833 0.026821005081874648
0 0.1653892698668818 0.5190570299265952 0.04679306171843485 0.040372670807453416
0 0.22791448164582492 0.5135516657255788 0.0790641387656313 0.031055900621118012
0 0.27410246066962485 0.5248447204968945 0.0052440500201694235 0.006775832862789385
0 0.32210568777732956 0.5201863354037267 0.050423557886244454 0.022868435911914172
0 0.42960871319080274 0.5239977413890458 0.13311819281968534 0.05251270468661773
0 0.5421540943929004 0.512987012987013 0.05244050020169423 0.028797289666854884
0 0.6123436869705526 0.5172219085262564 0.07583703106091166 0.024844720496894408
0 0.6869705526421944 0.515527950310559 0.060508269463493344 0.030491247882552232
0 0.7710770471964502 0.525974025974026 0.13513513513513514 0.05194805194805195
0 0.172851956434046 0.5673348390739695 0.07220653489310205 0.026256352343308864
0 0.2517144009681323 0.5656408808582721 0.06131504638967326 0.027385657820440428
0 0.36304961678096004 0.5676171654432524 0.11940298507462686 0.023997741389045736
0 0.4592577652279145 0.5667701863354038 0.04235578862444534 0.029079616036137776
0 0.5659540137152077 0.5645115753811406 0.12020976200080678 0.029644268774703556
0 0.7160145219846712 0.5660643704121965 0.12585720048406615 0.028232636928289104
0 0.7648245260185559 0.5859683794466403 0.02501008471157725 0.020609824957651044
0 0.8223073820088745 0.568746470920384 0.07139975796692215 0.02456239412761152
