0 346.04296087131905 892.0125635234331 0.08592174263816055 0.0251270468661773
0 618.1020572811617 900.0180688876341 0.20411456232351755 0.03613777526821005
0 1178.058087938685 907.0090344438171 0.11617587736990723 0.018068887634105024
0 1502.0312626058894 933.0062111801242 0.06252521177894312 0.012422360248447204
0 1690.0369100443727 900.0152456239413 0.07382008874546188 0.030491247882552232
0 1910.018152480839 904.0122811970638 0.03630496167809601 0.02456239412761152
0 2043.0342880193627 909.009457933371 0.06857603872529246 0.0189158667419537
0 336.0223880597015 1104.007481648786 0.04477611940298507 0.014963297571993224
0 496.03832190399356 1116.0060700169395 0.07664380798709157 0.012140033879164314
0 736.0661557079468 1083.0159514398645 0.13231141589350545 0.03190287972896669
0 1120.0703912868091 1074.0172219085262 0.14078257361839452 0.034443817052512704
0 1495.0012101653892 1141.003529079616 0.0024203307785397336 0.007058159232072276
0 1527.035901573215 1103.0062111801242 0.07180314643001211 0.012422360248447204
0 1753.0175473981444 1105.005928853755 0.03509479628882614 0.011857707509881422
0 1879.067365873336 1075.0114342179559 0.13473174667204518 0.022868435911914172
0 322.02258975393306 1248.0111518915867 0.04517950786607503 0.022303783173348392
0 483.09358612343686 1256.0111518915867 0.1871722468737394 0.022303783173348392
0 984.0308592174264 1258.011010728402 0.06171843485276321 0.0220214568040655
0 1191.0365066559095 1260.010587238848 0.07301331181928197 0.021174477696216828
0 1418.0260185558693 1256.0155279503106 0.05203711173860428 0.031055900621118012
0 1596.0526421944332 1251.0166572557878 0.10528438886647842 0.033314511575381144
0 1897.0191609519968 1247.010304912479 0.038321903993545785 0.020609824957651044
0 2016.0233965308591 1242.0119988706945 0.04679306171843485 0.023997741389045736
0 335.0744251714401 1443.009881422925 0.14885034288019364 0.019762845849802372
0 722.002218636547 1500.0053642010164 0.004437273093989512 0.010728402032749858
0 793.0449778136345 1433.0111518915867 0.0899556272690601 0.022303783173348392
0 1066.0272287212586 1433.0111518915867 0.05445744251714401 0.022303783173348392
0 1244.031867688584 1433.0111518915867 0.063735377168213 0.022303783173348392
0 1445.055869302138 1433.0111518915867 0.11173860427591771 0.022303783173348392
0 1761.0118999596612 1462.0053642010164 0.02379991932230738 0.010728402032749858
0 1856.0611133521581 1445.0155279503106 0.12222670431625655 0.031055900621118012
0 331.07644211375555 1614.011010728402 0.15288422751109318 0.0220214568040655
0 723.0008067769262 1690.0021174477697 0.0016135538523598225 0.004234895539243365
0 764.0776522791448 1623.0176453980803 0.1553045582896329 0.035290796160361376
0 1160.0018152480839 1690.0049407114625 0.003630496167809601 0.009881422924901186
0 1205.0804759983864 1616.0117165443253 0.1609519967728923 0.023433088650479956
0 1638.029245663574 1618.009881422925 0.058491327148043566 0.019762845849802372
0 1816.0927793465107 1612.0127046866178 0.1855586930213796 0.025409373235460192
0 351.0889471561113 1807.0094579333709 0.17789431222267044 0.0189158667419537
0 839.0471964501816 1801.0152456239414 0.09439290036304962 0.030491247882552232
0 1087.0014118596207 1864.0011293054772 0.0028237192416296895 0.002258610954263128
0 1140.045582896329 1799.014539808018 0.09116579265832997 0.029079616036137776
0 1414.0373134328358 1823.0071993224167 0.07462686567164178 0.014398644833427442
0 1637.0211778943121 1823.0071993224167 0.04235578862444534 0.014398644833427442
0 1783.026623638564 1825.006634669678 0.053247277127874144 0.013269339356295878
0 1949.0379185155305 1825.0062111801242 0.07583703106091166 0.012422360248447204
0 2170.0145219846713 1826.0060700169395 0.029043969342476807 0.012140033879164314
0 352.08329971762805 1985.0139751552795 0.16659943525615167 0.027950310559006212
0 806.019967728923 1973.0139751552795 0.03993545784590561 0.027950310559006212
0 937.0455828963292 1982.0156691134953 0.09116579265832997 0.031338226990400904
0 1215.067365873336 1975.016939582157 0.13473174667204518 0.03387916431394692
0 1593.0490116982655 1973.0121400338792 0.09802339653085922 0.024280067758328628
0 1872.0223880597016 2004.005928853755 0.04477611940298507 0.011857707509881422
0 2008.0752319483663 1982.0095990965556 0.15046389673255345 0.019198193111236588
0 358.0326744655103 2163.0101637492944 0.0653489310205728 0.020327498588368152
0 567.0183541750706 2152.0135516657256 0.03670835014118596 0.02710333145115754
0 701.0800726099234 2147.014680971203 0.16014521984671237 0.029361942405420668
0 1149.0338846308996 2154.0103049124787 0.06776926179911255 0.020609824957651044
0 1347.0254134731747 2156.010728402033 0.050826946349334406 0.021456804065499716
0 1519.0556676079063 2147.011434217956 0.11133521581282775 0.022868435911914172
0 1802.0012101653892 2226.0005646527384 0.0024203307785397336 0.001129305477131564
0 1857.0348931020574 2147.0163749294184 0.06978620411456232 0.03274985883681536
0 2075.0582896329165 2150.0104460756634 0.11657926583299717 0.020892151326933936
0 363.0905607099637 2339.010728402033 0.1811214199273901 0.021456804065499716
0 865.0322710770472 2329.0111518915865 0.0645421540943929 0.022303783173348392
0 1064.0237999193223 2328.011434217956 0.04759983864461476 0.022868435911914172
0 1228.139169019766 2328.0119988706947 0.27833803953206937 0.023997741389045736
0 1965.0679709560306 2329.0163749294184 0.13594191206131503 0.03274985883681536
0 361.015530455829 2515.012563523433 0.031060911657926585 0.0251270468661773
0 493.02178297700686 2512.011010728402 0.04356595401371521 0.0220214568040655
0 660.0391286809197 2531.009034443817 0.0782573618394514 0.018068887634105024
0 901.0512303348124 2525.009175607002 0.10246066962484873 0.018351214003387916
0 1207.0631302944735 2506.0124223602484 0.1262605889471561 0.024844720496894408
0 1561.0473981444131 2528.008752117448 0.09479628882613957 0.017504234895539244
0 1838.0123033481243 2521.0100225861097 0.024606696248487294 0.020045172219085264
0 1936.0240016135538 2503.01185770751 0.04800322710770472 0.023715415019762844
0 2100.0570794675273 2518.0103049124787 0.11415893505445744 0.020609824957651044
