0 352.01331181928197 720.0093167701864 0.026623638563937072 0.018633540372670808
0 466.03751512706737 725.0101637492942 0.07503025413473174 0.020327498588368152
0 747.0415490116983 717.0118577075099 0.08309802339653086 0.023715415019762844
0 1056.0278338039532 760.0128458498024 0.055667607906413875 0.025691699604743084
0 1280.0143202904396 722.0105872388481 0.02864058087938685 0.021174477696216828
0 1450.0393303751512 724.0107284020328 0.07866075030254134 0.021456804065499716
0 1738.0498184751916 721.0153867871259 0.09963695038321904 0.03077357425183512
0 2027.028842275111 726.011434217956 0.057684550221863654 0.022868435911914172
0 316.0169423154498 869.0146809712027 0.033884630899556276 0.029361942405420668
0 468.0461879790238 901.0128458498024 0.09237595804759983 0.025691699604743084
0 721.0008067769262 976.0005646527386 0.0016135538523598225 0.001129305477131564
0 779.028842275111 901.0111518915867 0.057684550221863654 0.022303783173348392
0 978.0262202501009 897.0175042348956 0.05244050020169423 0.03500846979107849
0 1116.003025413473 974.0029644268775 0.0060508269463493344 0.005928853754940711
0 1187.0542557482856 910.0101637492942 0.10851149657119806 0.020327498588368152
0 1507.0207745058492 883.0131281761717 0.04154901169826543 0.026256352343308864
0 1696.0316659943526 894.0108695652174 0.06333198870512304 0.021739130434782608
0 1911.0217829770068 948.0040937323546 0.04356595401371521 0.00818746470920384
0 2050.0324727712787 880.0176453980802 0.06494554255748286 0.035290796160361376
0 315.04275917708753 1067.0175042348956 0.08551835417507059 0.03500846979107849
0 530.0028237192416 1152.0040937323547 0.005647438483259379 0.00818746470920384
0 593.0423557886245 1058.0136928289103 0.08471157724889068 0.027385657820440428
0 893.0205728116176 1061.0182100508187 0.041145623235175476 0.036420101637492944
0 1049.020371117386 1077.011010728402 0.040742234772085516 0.0220214568040655
0 1221.0568777732956 1082.0114342179559 0.11375554659136748 0.022868435911914172
0 1567.0711980637354 1058.0175042348956 0.14239612747075434 0.03500846979107849
0 1912.0300524405002 1063.0141163184642 0.06010488100040339 0.028232636928289104
0 322.05143202904395 1249.016939582157 0.10286405808793868 0.03387916431394692
0 639.0457845905607 1240.0138339920948 0.09156918112141993 0.02766798418972332
0 868.0010084711578 1328.0009881422925 0.002016942315449778 0.001976284584980237
0 947.0342880193626 1246.0194805194806 0.06857603872529246 0.03896103896103896
0 1195.034086325131 1240.012987012987 0.0681726502622025 0.025974025974025976
0 1464.0252117789432 1248.0128458498023 0.050423557886244454 0.025691699604743084
0 1685.0350947962888 1274.008610954263 0.07018959257765228 0.017221908526256352
0 1938.0276321097217 1301.0062111801242 0.05526421944332392 0.012422360248447204
0 334.04296087131905 1427.0153867871259 0.08592174263816055 0.03077357425183512
0 610.0151270673658 1477.0047995482778 0.030254134731746672 0.009599096555618294
0 768.0141185962082 1483.004658385093 0.028237192416296894 0.009316770186335404
0 891.0187575635337 1427.012987012987 0.03751512706736587 0.025974025974025976
0 1088.0320693828157 1480.0050818746472 0.06413876563130294 0.010163749294184076
0 1340.0482049213392 1414.0136928289103 0.09640984267849939 0.027385657820440428
0 1612.028842275111 1434.0114342179559 0.057684550221863654 0.022868435911914172
0 1805.058491327148 1424.0148221343873 0.11698265429608713 0.029644268774703556
0 336.06091165792657 1781.0135516657256 0.1218233158531666 0.02710333145115754
0 735.0530455828963 1779.0158102766798 0.10609116579265833 0.03162055335968379
0 1104.0330778539733 1780.0132693393564 0.06615570794675273 0.026538678712591756
0 1333.0242033077855 1784.0121400338792 0.048406615570794675 0.024280067758328628
0 1525.0350947962888 1777.016939582157 0.07018959257765228 0.03387916431394692
0 1748.0395320693829 1777.0136928289103 0.0790641387656313 0.027385657820440428
0 1968.0215812827753 1778.012563523433 0.043162565550625254 0.0251270468661773
0 319.0344897135942 1938.0155279503106 0.06897942718838242 0.031055900621118012
0 570.0586930213796 1962.012563523433 0.11738604275917709 0.0251270468661773
0 908.0135135135135 1971.010304912479 0.02702702702702703 0.020609824957651044
0 1045.0365066559095 1959.0136928289103 0.07301331181928197 0.027385657820440428
0 1285.0661557079468 1985.0170807453417 0.13231141589350545 0.034161490683229816
0 1672.0365066559095 1959.0148221343873 0.07301331181928197 0.029644268774703556
0 1843.042557482856 1968.0142574816489 0.08511496571198064 0.028514963297571992
0 331.0758370310609 2138.0136928289103 0.15167406212182333 0.027385657820440428
0 807.020371117386 2146.013833992095 0.040742234772085516 0.02766798418972332
0 972.0219846712384 2154.0103049124787 0.043969342476805166 0.020609824957651044
0 1189.0346914078257 2144.0122811970637 0.06938281565147236 0.02456239412761152
0 1472.0223880597016 2195.005364201016 0.04477611940298507 0.010728402032749858
0 1654.0389269866882 2156.016939582157 0.07785397337636143 0.03387916431394692
0 1948.0104881000404 2198.0057876905703 0.020976200080677694 0.011575381140598532
0 328.0574828559903 2330.01581027668 0.11496571198063735 0.03162055335968379
0 699.0183541750706 2324.010587238848 0.03670835014118596 0.021174477696216828
0 864.011093182735 2341.009457933371 0.02218636546994756 0.0189158667419537
0 973.0427591770875 2368.0057876905703 0.08551835417507059 0.011575381140598532
0 1258.02480839048 2327.0115753811406 0.04961678096006454 0.023150762281197064
0 1499.096208148447 2329.016092603049 0.19241629689390882 0.032185206098249576
