0 0.09883017345703912 0.11787125917560701 0.043969342476805166 0.019198193111236588
0 0.14037918515530456 0.11843591191417278 0.0681726502622025 0.020609824957651044
0 0.17930617184348527 0.11801242236024845 0.06131504638967326 0.019198193111236588
0 0.23073820088745461 0.12210615471485037 0.07987091569181122 0.027385657820440428
0 0.27289229528035497 0.11758893280632411 0.05647438483259379 0.018351214003387916
0 0.34953610326744655 0.12055335968379446 0.1306978620411456 0.025691699604743084
0 0.40217829770068575 0.11744776962168267 0.08511496571198064 0.020045172219085264
0 0.43707139975796694 0.12012987012987013 0.06010488100040339 0.026821005081874648
0 0.10488100040338846 0.14370412196499152 0.06736587333602259 0.023433088650479956
0 0.11073013311819283 0.14652738565782045 0.01008471157724889 0.008752117447769622
0 0.15873336022589754 0.14370412196499152 0.06978620411456232 0.017221908526256352
0 0.1881807180314643 0.14384528514963296 0.04961678096006454 0.012422360248447204
0 0.23215006050826947 0.14342179559570864 0.06857603872529246 0.012704686617730096
0 0.3338039532069383 0.14356295878035008 0.18031464300121017 0.021739130434782608
0 0.3590157321500605 0.14793901750423488 0.042759177087535294 0.03020892151326934
0 0.3914885034288019 0.14215132693393562 0.040742234772085516 0.018633540372670808
0 0.14320290439693426 0.17108977978543197 0.1427995159338443 0.024280067758328628
0 0.23598225090762404 0.17207792207792208 0.17466720451795079 0.026256352343308864
0 0.2593787817668415 0.1730660643704122 0.03953206938281565 0.028232636928289104
0 0.3174667204517951 0.16854884246188595 0.09762000806776926 0.019198193111236588
0 0.36345300524405 0.1717955957086392 0.0782573618394514 0.01948051948051948
0 0.4247680516337233 0.17038396386222474 0.10407422347720856 0.017221908526256352
0 0.10104881000403389 0.1932523997741389 0.05526421944332392 0.019762845849802372
0 0.1444130697862041 0.19409937888198758 0.06897942718838242 0.019762845849802372
0 0.18697055264219442 0.19424054206662902 0.07018959257765228 0.017786561264822136
0 0.2317466720451795 0.19395821569734614 0.06696248487293263 0.01948051948051948
0 0.25554659136748686 0.19409937888198758 0.02743041549011698 0.020045172219085264
0 0.300121016538927 0.19339356295878035 0.07018959257765228 0.019198193111236588
0 0.3055667607906414 0.19282891022021456 0.003630496167809601 0.00282326369282891
0 0.3315853166599435 0.19212309429700733 0.02743041549011698 0.0189158667419537
0 0.39653085921742637 0.1966403162055336 0.10851149657119806 0.0251270468661773
0 0.436466317063332 0.1935347261434218 0.05970149253731343 0.013269339356295878
0 0.09661153691004437 0.21922642574816487 0.04033884630899556 0.018633540372670808
0 0.15308592174263816 0.21936758893280633 0.09318273497377975 0.019762845849802372
0 0.20713997579669222 0.21852060982495766 0.07583703106091166 0.019762845849802372
0 0.27228721258572003 0.2245906267645398 0.11698265429608713 0.03077357425183512
0 0.3291649858814038 0.21894409937888198 0.0899556272690601 0.020609824957651044
0 0.36849536103267444 0.2183794466403162 0.06131504638967326 0.01948051948051948
0 0.44574425171440096 0.22289666854884246 0.13392496974586526 0.028232636928289104
0 0.08713190802743041 0.24491812535290797 0.02218636546994756 0.01948051948051948
0 0.14521984671238403 0.24872953133822698 0.09681323114158935 0.029926595143986448
0 0.16135538523598225 0.24421230942970074 0.018152480839048003 0.011575381140598532
0 0.21319080274304156 0.24816487859966121 0.08511496571198064 0.024844720496894408
0 0.2591770875352965 0.24392998306041785 0.07704719645018153 0.0189158667419537
0 0.28701089148850345 0.24703557312252963 0.03953206938281565 0.02456239412761152
0 0.3945139169019766 0.2453416149068323 0.20129084308188785 0.023150762281197064
0 0.15772488906817264 0.27060982495765107 0.17103670835014118 0.022303783173348392
0 0.19947559499798306 0.2694805194805195 0.06494554255748286 0.016657255787690572
0 0.21742638160548608 0.269339356295878 0.020572811617587738 0.012422360248447204
0 0.28176684146833403 0.26990400903444384 0.10568777732956837 0.01948051948051948
0 0.31766841468334006 0.27300959909655564 0.04356595401371521 0.026538678712591756
0 0.4124647035094796 0.2724449463579898 0.1791044776119403 0.025974025974025976
0 0.1317063331988705 0.30011293054771315 0.11294876966518758 0.029079616036137776
0 0.24505849132714805 0.29799548277809146 0.20169423154497781 0.023150762281197064
0 0.282170229931424 0.2961603613777527 0.04033884630899556 0.023433088650479956
0 0.3136345300524405 0.2941840767927724 0.04679306171843485 0.01948051948051948
0 0.4025816861637757 0.29460756634669677 0.15490116982654295 0.019198193111236588
0 0.12605889471561113 0.3201581027667984 0.10609116579265833 0.022303783173348392
0 0.1672045179507866 0.3201581027667984 0.053247277127874144 0.01693958215697346
0 0.1990722065348931 0.3198757763975155 0.04235578862444534 0.018633540372670808
0 0.2561516740621218 0.3265104460756635 0.08834207341670028 0.03162055335968379
0 0.32230738200887454 0.3197346132128741 0.09076240419524001 0.021456804065499716
0 0.3935054457442517 0.3255223037831734 0.11294876966518758 0.03190287972896669
0 0.4554255748285599 0.320016939582157 0.09479628882613957 0.01948051948051948
0 0.12384025816861638 0.34528514963297574 0.10246066962484873 0.020327498588368152
0 0.1680112948769665 0.3445793337097685 0.052843888664784185 0.012140033879164314
0 0.19060104881000403 0.3455674760022586 0.016942315449778138 0.012140033879164314
0 0.24808390480032272 0.34570863918690004 0.08350141185962082 0.021456804065499716
0 0.35135135135135137 0.34599096555618297 0.17063331988705124 0.02258610954263128
0 0.363251311012505 0.3445793337097685 0.004840661557079467 0.00564652738565782
