0 352.035901573215 939.012987012987 0.07180314643001211 0.025974025974025976
0 566.0956030657524 946.0124223602485 0.19120613150463897 0.024844720496894408
0 1084.0389269866882 939.0086109542631 0.07785397337636143 0.017221908526256352
0 1306.0036304961677 990.0049407114625 0.007260992335619202 0.009881422924901186
0 1360.0153287615974 951.0076228119707 0.03065752319483663 0.015245623941276116
0 1495.0897539330376 940.0125635234331 0.17950786607503025 0.0251270468661773
0 1985.031060911658 942.0086109542631 0.06212182331585317 0.017221908526256352
0 346.0724082291246 1122.0142574816489 0.14481645824929407 0.028514963297571992
0 757.0334812424364 1118.008328627894 0.06696248487293263 0.016657255787690572
0 976.0167406212182 1124.0069169960475 0.033481242436466316 0.01383399209486166
0 1099.0748285599032 1118.008610954263 0.14965711980637353 0.017221908526256352
0 1505.0010084711578 1165.0011293054772 0.002016942315449778 0.002258610954263128
0 1549.0179507866076 1126.0076228119706 0.035901573215006054 0.015245623941276116
0 1683.0348931020574 1124.0077639751553 0.06978620411456232 0.015527950310559006
0 1906.0254134731747 1127.0077639751553 0.050826946349334406 0.015527950310559006
0 349.03065752319486 1304.0073404856014 0.06131504638967326 0.014680971202710334
0 535.0276321097217 1299.0076228119706 0.05526421944332392 0.015245623941276116
0 730.069584509883 1310.0111518915867 0.13916901976603469 0.022303783173348392
0 1133.0143202904396 1299.0121400338792 0.02864058087938685 0.024280067758328628
0 1246.012908430819 1310.0057876905703 0.02581686163775716 0.011575381140598532
0 1350.0473981444131 1307.0114342179559 0.09479628882613957 0.022868435911914172
0 1627.09923356192 1304.0163749294184 0.19846712384025816 0.03274985883681536
0 2121.004840661557 1343.005505364201 0.009681323114158934 0.01101072840203275
0 349.0260185558693 1476.009034443817 0.05203711173860428 0.018068887634105024
0 522.0441710367083 1483.007481648786 0.08834207341670028 0.014963297571993224
0 797.0179507866075 1479.007481648786 0.035901573215006054 0.014963297571993224
0 917.0421540943929 1483.0084697910786 0.08430818878580072 0.01693958215697346
0 1153.0177490923759 1490.0069169960475 0.035498184751916094 0.01383399209486166
0 1280.0389269866882 1486.0073404856014 0.07785397337636143 0.014680971202710334
0 1491.029649052037 1488.007481648786 0.05929810407422348 0.014963297571993224
0 1672.0556676079063 1481.00790513834 0.11133521581282775 0.015810276679841896
0 1994.0153287615974 1465.0112930547714 0.03065752319483663 0.02258610954263128
0 342.03872529245666 1675.012987012987 0.07745058491327148 0.025974025974025976
0 587.0508269463494 1654.0084697910786 0.10165389269866881 0.01693958215697346
0 856.0014118596208 1705.0012704686617 0.0028237192416296895 0.002540937323546019
0 878.0040338846309 1654.0022586109542 0.008067769261799113 0.004517221908526256
0 913.0302541347318 1660.008328627894 0.060508269463493344 0.016657255787690572
0 1096.053650665591 1660.0163749294184 0.1073013311819282 0.03274985883681536
0 1420.0439693424769 1661.0076228119706 0.08793868495361033 0.015245623941276116
0 1698.0147236789028 1660.0131281761717 0.02944735780556676 0.026256352343308864
0 1828.0054457442518 1660.0033879164314 0.010891488503428802 0.006775832862789385
0 1870.047801532876 1665.0081874647092 0.09560306575231949 0.01637492941840768
0 348.0397337636144 1830.0088932806325 0.07946752722872126 0.017786561264822136
0 551.0034288019363 1832.0028232636928 0.006857603872529245 0.00564652738565782
0 624.0112948769665 1842.0076228119706 0.022589753933037516 0.015245623941276116
0 715.033279548205 1846.0069169960475 0.06655909640984267 0.01383399209486166
0 939.0165389269866 1853.0064935064936 0.03307785397337636 0.012987012987012988
0 1078.0445744251715 1844.0071993224167 0.0891488503428802 0.014398644833427442
0 1311.0189592577651 1853.0062111801242 0.03791851553045583 0.012422360248447204
0 1474.0375151270673 1836.0081874647092 0.07503025413473174 0.01637492941840768
0 1716.02743041549 1845.0076228119706 0.05486083098023396 0.015245623941276116
0 1892.0484066155707 1841.0122811970639 0.09681323114158935 0.02456239412761152
0 337.0578862444534 2022.0141163184642 0.11577248890681727 0.028232636928289104
0 679.017749092376 2022.0067758328628 0.035498184751916094 0.01355166572557877
0 797.015933844292 2023.007058159232 0.0318676885841065 0.014116318464144552
0 924.0417507059298 2016.00790513834 0.08350141185962082 0.015810276679841896
0 1170.0272287212586 2016.0080463015245 0.05445744251714401 0.016092603049124788
0 1346.058087938685 2015.0088932806325 0.11617587736990723 0.017786561264822136
0 1665.0012101653892 2069.001129305477 0.0024203307785397336 0.002258610954263128
0 1698.0254134731747 2014.008610954263 0.050826946349334406 0.017221908526256352
0 1861.0506252521177 2018.0088932806325 0.10125050423557887 0.017786561264822136
0 329.0256151674062 2373.00790513834 0.051230334812424366 0.015810276679841896
0 509.0334812424365 2374.0080463015247 0.06696248487293263 0.016092603049124788
0 693.0302541347318 2377.0076228119706 0.060508269463493344 0.015245623941276116
0 882.0586930213796 2373.0083286278937 0.11738604275917709 0.016657255787690572
0 1231.0439693424769 2389.0063523433087 0.08793868495361033 0.012704686617730096
0 1495.0278338039532 2382.0077639751553 0.055667607906413875 0.015527950310559006
0 1666.0145219846713 2373.0135516657256 0.029043969342476807 0.02710333145115754
0 1755.0272287212586 2373.0076228119706 0.05445744251714401 0.015245623941276116
0 1941.037716821299 2374.008752117448 0.0754336425978217 0.017504234895539244
0 354.01452198467126 2551.013833992095 0.029043969342476807 0.02766798418972332
0 477.05042355788623 2552.0142574816487 0.10084711577248891 0.028514963297571992
0 786.0258168616377 2551.0084697910784 0.05163372327551432 0.01693958215697346
0 966.0185558693022 2563.0060700169397 0.03711173860427592 0.012140033879164314
0 1102.0211778943121 2551.014539808018 0.04235578862444534 0.029079616036137776
0 1266.1004437273093 2554.0124223602484 0.2008874546187979 0.024844720496894408
0 1831.0661557079468 2563.0080463015247 0.13231141589350545 0.016092603049124788
