0 0.08471157724889068 0.11787125917560701 0.020976200080677694 0.020892151326933936
0 0.13432835820895522 0.11589497459062677 0.06655909640984267 0.015245623941276116
0 0.16397741024606696 0.11533032185206098 0.029850746268656716 0.012140033879164314
0 0.2146026623638564 0.12238848108413326 0.07503025413473174 0.026538678712591756
0 0.2400161355385236 0.11716544325239978 0.024606696248487294 0.01948051948051948
0 0.2855990318676886 0.11787125917560701 0.06333198870512304 0.01948051948051948
0 0.37575635336829366 0.12055335968379446 0.14158935054457442 0.0251270468661773
0 0.4080274304154901 0.11688311688311688 0.033481242436466316 0.01693958215697346
0 0.10205728116175877 0.1513269339356296 0.06131504638967326 0.03557312252964427
0 0.12686567164179105 0.1422924901185771 0.022589753933037516 0.016092603049124788
0 0.19281968535699878 0.15005646527385658 0.10770471964501815 0.032467532467532464
0 0.2373941105284389 0.14088085827216262 0.05163372327551432 0.01693958215697346
0 0.28156514723678905 0.14215132693393562 0.053247277127874144 0.016657255787690572
0 0.30475998386446146 0.1417278373800113 0.020976200080677694 0.018068887634105024
0 0.3582089552238806 0.14412761151891587 0.07785397337636143 0.023433088650479956
0 0.3961274707543364 0.14144551101072841 0.05163372327551432 0.017221908526256352
0 0.1327148043565954 0.16784302653867872 0.11940298507462686 0.020045172219085264
0 0.14219443323920936 0.1671372106154715 0.003630496167809601 0.002540937323546019
0 0.17789431222267044 0.1668548842461886 0.040742234772085516 0.017221908526256352
0 0.2654296087131908 0.16798418972332016 0.1427995159338443 0.020892151326933936
0 0.2902379991932231 0.16741953698475437 0.021379588543767647 0.020892151326933936
0 0.3315853166599435 0.16854884246188595 0.06857603872529246 0.018633540372670808
0 0.3797902379991932 0.1668548842461886 0.06736587333602259 0.015810276679841896
0 0.4279951593384429 0.16770186335403728 0.06696248487293263 0.021456804065499716
0 0.08289632916498588 0.19212309429700733 0.02016942315449778 0.017504234895539244
0 0.118192819685357 0.19254658385093168 0.050826946349334406 0.009599096555618294
0 0.1417910447761194 0.19311123658949747 0.018959257765227916 0.01693958215697346
0 0.18313836224283986 0.19268774703557312 0.05808793868495361 0.01637492941840768
0 0.19665187575635337 0.19268774703557312 0.0052440500201694235 0.014398644833427442
0 0.20572811617587736 0.19282891022021456 0.01573215006050827 0.007622811970638058
0 0.26300927793465106 0.1935347261434218 0.08713190802743041 0.020892151326933936
0 0.318273497377975 0.19918125352907962 0.08027430415490117 0.028797289666854884
0 0.3416700282371924 0.19113495200451722 0.020976200080677694 0.015810276679841896
0 0.390883420734167 0.1922642574816488 0.06010488100040339 0.016092603049124788
0 0.4292053247277128 0.19480519480519481 0.045582896329164985 0.014398644833427442
0 0.1329164985881404 0.24929418407679277 0.12303348124243646 0.028232636928289104
0 0.17244856797095603 0.24336533032185206 0.05405405405405406 0.018068887634105024
0 0.22791448164582492 0.2435064935064935 0.08713190802743041 0.016657255787690572
0 0.2373941105284389 0.24590626764539808 0.003630496167809601 0.007905138339920948
0 0.28721258572004843 0.24322416713721062 0.07866075030254134 0.01383399209486166
0 0.2928600242033078 0.2425183512140034 0.0060508269463493344 0.00846979107848673
0 0.31847519160952 0.23673066064370413 0.014118596208148447 0.005081874647092038
0 0.37051230334812424 0.24237718802936195 0.10044372730939895 0.01637492941840768
0 0.4292053247277128 0.24378881987577639 0.08390480032271078 0.018351214003387916
0 0.09842678499394918 0.2689158667419537 0.058491327148043566 0.015810276679841896
0 0.14421137555465913 0.2751270468661773 0.06897942718838242 0.023997741389045736
0 0.17970956030657523 0.2683512140033879 0.03953206938281565 0.010728402032749858
0 0.20774505849132716 0.2682100508187465 0.03428801936264623 0.016657255787690572
0 0.2507059298104074 0.277244494635799 0.06252521177894312 0.035290796160361376
0 0.28963291649858813 0.2682100508187465 0.048406615570794675 0.014963297571993224
0 0.3553852359822509 0.2686335403726708 0.1044776119402985 0.017504234895539244
0 0.37898346107301334 0.2683512140033879 0.024606696248487294 0.022303783173348392
0 0.41528842275110933 0.268068887634105 0.050423557886244454 0.0189158667419537
0 0.14300121016538928 0.3190287972896669 0.14521984671238403 0.023715415019762844
0 0.20754336425978218 0.3204404291360813 0.0935861234368697 0.013269339356295878
0 0.24102460669624848 0.3201581027667984 0.03307785397337636 0.02456239412761152
0 0.34489713594191207 0.3207227555053642 0.1661960467930617 0.020892151326933936
0 0.34953610326744655 0.31945228684359117 0.0052440500201694235 0.002540937323546019
