0 349.038120209762 770.0080463015246 0.07624041952400161 0.016092603049124788
0 590.0090762404195 780.0063523433089 0.018152480839048003 0.012704686617730096
0 672.062928600242 776.0073404856014 0.12585720048406615 0.014680971202710334
0 1020.0482049213392 766.0148221343874 0.09640984267849939 0.029644268774703556
0 1303.020371117386 790.0101637492942 0.040742234772085516 0.020327498588368152
0 1444.02218636547 786.0057876905703 0.04437273093989512 0.011575381140598532
0 1591.02218636547 768.0084697910785 0.04437273093989512 0.01693958215697346
0 1744.0352964905203 774.0145398080181 0.07059298104074223 0.029079616036137776
0 1983.0127067365872 775.0136928289102 0.025413473174667203 0.027385657820440428
0 350.0219846712384 947.0083286278939 0.043969342476805166 0.016657255787690572
0 493.05949979830575 951.0151044607567 0.1189995966115369 0.03020892151326934
0 830.0657523194836 948.0146809712027 0.13150463896732553 0.029361942405420668
0 1193.0012101653892 990.0015527950311 0.0024203307785397336 0.003105590062111801
0 1215.027027027027 951.0076228119707 0.05405405405405406 0.015245623941276116
0 1396.0548608309803 945.0090344438171 0.10972166196046793 0.018068887634105024
0 1711.0550625252117 949.0084697910785 0.11012505042355789 0.01693958215697346
0 2037.0227914481645 948.0081874647092 0.045582896329164985 0.01637492941840768
0 351.0300524405002 1140.011010728402 0.06010488100040339 0.0220214568040655
0 557.0407422347721 1134.0069169960475 0.08148446954417103 0.01383399209486166
0 811.0205728116176 1121.0138339920948 0.041145623235175476 0.02766798418972332
0 953.0252117789431 1123.0087521174478 0.050423557886244454 0.017504234895539244
0 1123.0645421540944 1130.0073404856014 0.1290843081887858 0.014680971202710334
0 1478.0032271077048 1173.0053642010164 0.00645421540943929 0.010728402032749858
0 1538.0278338039532 1136.0067758328628 0.055667607906413875 0.01355166572557877
0 1713.0167406212183 1140.0060700169395 0.033481242436466316 0.012140033879164314
0 1881.0123033481243 1143.0053642010164 0.024606696248487294 0.010728402032749858
0 356.0649455425575 1305.014539808018 0.12989108511496572 0.029079616036137776
0 744.0730133118193 1309.0132693393564 0.14602662363856395 0.026538678712591756
0 1169.0235982250908 1302.008610954263 0.04719645018152481 0.017221908526256352
0 1348.042557482856 1296.0203274985884 0.08511496571198064 0.040654997176736304
0 1609.0375151270673 1301.008610954263 0.07503025413473174 0.017221908526256352
0 1864.0098830173456 1298.0094579333709 0.019766034691407825 0.0189158667419537
0 346.0465913674869 1466.0213156408809 0.09318273497377975 0.042631281761716544
0 654.0114965711981 1495.005928853755 0.022993142396127472 0.011857707509881422
0 772.0375151270674 1485.0146809712028 0.07503025413473174 0.029361942405420668
0 1030.0508269463494 1479.0156691134953 0.10165389269866881 0.031338226990400904
0 1361.0853166599436 1489.0160926030492 0.17063331988705124 0.032185206098249576
0 1860.0207745058492 1501.0057876905703 0.04154901169826543 0.011575381140598532
0 2004.0205728116175 1487.0076228119706 0.041145623235175476 0.015245623941276116
0 357.0484066155708 1657.0091756070017 0.09681323114158935 0.018351214003387916
0 626.0014118596208 1713.0011293054772 0.0028237192416296895 0.002258610954263128
0 648.0506252521178 1661.0093167701864 0.10125050423557887 0.018633540372670808
0 963.0804759983864 1657.0093167701864 0.1609519967728923 0.018633540372670808
0 1413.0278338039532 1671.0138339920948 0.055667607906413875 0.02766798418972332
0 1592.0149253731342 1667.008328627894 0.029850746268656716 0.016657255787690572
0 1719.0207745058492 1659.0094579333709 0.04154901169826543 0.0189158667419537
0 1876.0556676079063 1657.0097402597403 0.11133521581282775 0.01948051948051948
0 2153.00786607503 1702.006352343309 0.01573215006050827 0.012704686617730096
0 346.04699475595 1853.0162337662337 0.09398951189995966 0.032467532467532464
0 591.0050423557886 1887.0057876905703 0.01008471157724889 0.011575381140598532
0 654.0377168212989 1842.0081874647092 0.0754336425978217 0.01637492941840768
0 881.0175473981444 1841.0080463015245 0.03509479628882614 0.016092603049124788
0 1013.013311819282 1860.005505364201 0.026623638563937072 0.01101072840203275
0 1125.050020169423 1844.0077639751553 0.100040338846309 0.015527950310559006
0 1439.0709963695037 1837.0095990965556 0.14199273900766438 0.019198193111236588
0 1857.029649052037 1845.0077639751553 0.05929810407422348 0.015527950310559006
0 357.0417507059298 2020.0156691134953 0.08350141185962082 0.031338226990400904
0 612.0369100443727 2014.009034443817 0.07382008874546188 0.018068887634105024
0 856.0096813231141 2012.0095990965556 0.01936264622831787 0.019198193111236588
0 955.0703912868092 2023.012563523433 0.14078257361839452 0.0251270468661773
0 1358.0131101250504 2022.0084697910786 0.026220250100847116 0.01693958215697346
0 1460.0201694231546 2009.0101637492942 0.04033884630899556 0.020327498588368152
0 1614.075837031061 2020.0167984189723 0.15167406212182333 0.03359683794466403
0 353.04961678096004 2199.01976284585 0.09923356192012908 0.039525691699604744
0 613.0018152480839 2250.001976284585 0.003630496167809601 0.003952569169960474
