0 0.09640984267849939 0.11984754376058723 0.0463896732553449 0.020609824957651044
0 0.15853166599435256 0.12041219649915302 0.11052843888664785 0.0251270468661773
0 0.21056877773295685 0.11970638057594579 0.08551835417507059 0.023997741389045736
0 0.22025010084711577 0.11885940146809712 0.009681323114158934 0.020045172219085264
0 0.26200080677692617 0.11928289102202146 0.07745058491327148 0.023150762281197064
0 0.2690601048810004 0.1206945228684359 0.011294876966518758 0.028514963297571992
0 0.2876159741831384 0.11984754376058723 0.024606696248487294 0.024280067758328628
0 0.35316659943525613 0.12464709203839638 0.10488100040338846 0.03613777526821005
0 0.4267849939491731 0.11857707509881422 0.11536910044372731 0.023433088650479956
0 0.10891488503428802 0.15090344438170525 0.07301331181928197 0.035290796160361376
0 0.18495361032674465 0.1523150762281197 0.11496571198063735 0.037549407114624504
0 0.19241629689390882 0.14949181253529079 0.003630496167809601 0.01355166572557877
0 0.23578055667607906 0.1448334274421231 0.0609116579265833 0.023997741389045736
0 0.28943122226704315 0.14553924336533033 0.08551835417507059 0.026256352343308864
0 0.33057684550221866 0.14398644833427443 0.0609116579265833 0.02456239412761152
0 0.36486486486486486 0.14313946922642576 0.04235578862444534 0.02258610954263128
0 0.40419524001613555 0.14342179559570864 0.06252521177894312 0.024280067758328628
0 0.40964098426784995 0.14652738565782045 0.0060508269463493344 0.012704686617730096
0 0.1262605889471561 0.17588932806324112 0.11093182734973779 0.03472614342179559
0 0.18898749495764422 0.17546583850931677 0.0927793465106898 0.03585544889892716
0 0.2771278741427995 0.17758328627893846 0.14521984671238403 0.040372670807453416
0 0.28479225494150867 0.17221908526256352 0.002016942315449778 0.010163749294184076
0 0.3116175877369907 0.16840767927724448 0.04154901169826543 0.019198193111236588
0 0.36930213795885436 0.1702428006775833 0.09076240419524001 0.026538678712591756
0 0.436466317063332 0.17052512704686618 0.11052843888664785 0.025974025974025976
0 0.4417103670835014 0.17574816487859965 0.005647438483259379 0.010728402032749858
0 0.0845098830173457 0.19593450028232637 0.035498184751916094 0.02456239412761152
0 0.14400968132311415 0.1966403162055336 0.08188785800726099 0.027385657820440428
0 0.15409439290036306 0.1997459062676454 0.003227107704719645 0.012987012987012988
0 0.2144009681323114 0.20299265951439865 0.10488100040338846 0.035290796160361376
0 0.29850746268656714 0.20045172219085264 0.136345300524405 0.03500846979107849
0 0.37232755143202906 0.19579333709768493 0.12020976200080678 0.025691699604743084
0 0.4017749092375958 0.20031055900621117 0.035901573215006054 0.03472614342179559
0 0.4312222670431626 0.19494635798983626 0.03751512706736587 0.0220214568040655
0 0.10891488503428802 0.22190852625635235 0.08350141185962082 0.026538678712591756
0 0.12242839854780153 0.22571993224167136 0.0024203307785397336 0.01355166572557877
0 0.1563130294473578 0.22106154714850368 0.05405405405405406 0.020045172219085264
0 0.18939088342073418 0.22077922077922077 0.045582896329164985 0.020892151326933936
0 0.25211778943122226 0.22557876905702992 0.10205728116175877 0.036420101637492944
0 0.3229124647035095 0.2199322416713721 0.12505042355788623 0.025409373235460192
0 0.3281565147236789 0.22402597402597402 0.002016942315449778 0.012140033879164314
0 0.35316659943525613 0.2199322416713721 0.035498184751916094 0.02456239412761152
0 0.43707139975796694 0.21979107848673066 0.14521984671238403 0.023433088650479956
0 0.09237595804759983 0.24647092038396387 0.05405405405405406 0.023997741389045736
0 0.1054860830980234 0.2502823263692829 0.003630496167809601 0.01355166572557877
0 0.16700282371924163 0.2521174477696217 0.10689794271883823 0.034161490683229816
0 0.254739814441307 0.2523997741389046 0.14804356595401372 0.03387916431394692
0 0.33299717628075837 0.2511293054771316 0.12868091972569584 0.034443817052512704
0 0.33783783783783783 0.25070581592320723 0.004437273093989512 0.02456239412761152
0 0.3741427995159338 0.2521174477696217 0.0572811617587737 0.034443817052512704
0 0.417910447761194 0.24604743083003952 0.06655909640984267 0.014680971202710334
0 0.08612343686970553 0.2715979672501412 0.038321903993545785 0.021174477696216828
0 0.14259782170229932 0.2714568040654997 0.07664380798709157 0.022868435911914172
0 0.17587736990722067 0.27089215132693395 0.02864058087938685 0.023997741389045736
0 0.2563533682936668 0.2723037831733484 0.13150463896732553 0.025409373235460192
0 0.3083904800322711 0.27060982495765107 0.07018959257765228 0.025691699604743084
0 0.3481242436466317 0.27103331451157536 0.058491327148043566 0.023997741389045736
0 0.3830173457039129 0.27188029361942406 0.040742234772085516 0.02258610954263128
0 0.43929003630496166 0.26976284584980237 0.08874546187979024 0.023433088650479956
0 0.09056070996369504 0.322557876905703 0.03751512706736587 0.0251270468661773
0 0.13533682936668012 0.32241671372106157 0.05970149253731343 0.015810276679841896
0 0.16841468334005646 0.3219932241671372 0.03307785397337636 0.0251270468661773
0 0.20653489310205728 0.3221343873517787 0.0463896732553449 0.018633540372670808
0 0.28035498184751917 0.322557876905703 0.1306978620411456 0.028232636928289104
0 0.28862444534086323 0.32679277244494637 0.0024203307785397336 0.010163749294184076
0 0.33057684550221866 0.32269904009034445 0.07139975796692215 0.024844720496894408
0 0.3884630899556273 0.32171089779785433 0.0891488503428802 0.026821005081874648
0 0.4279951593384429 0.3222755505364201 0.05163372327551432 0.01948051948051948
0 0.13210972166196047 0.3534726143421796 0.11577248890681727 0.03613777526821005
0 0.19947559499798306 0.3533314511575381 0.09721661960467931 0.03557312252964427
0 0.263412666397741 0.34782608695652173 0.09479628882613957 0.025409373235460192
0 0.2682533279548205 0.34627329192546585 0.002016942315449778 0.002258610954263128
