0 0.08430818878580072 0.11956521739130435 0.03670835014118596 0.023433088650479956
0 0.13574021782977008 0.11984754376058723 0.09398951189995966 0.023715415019762844
0 0.13412666397741024 0.12111801242236025 0.006857603872529245 0.005928853754940711
0 0.19483662767244858 0.12450592885375494 0.10609116579265833 0.03020892151326934
0 0.20250100847115773 0.12012987012987013 0.004437273093989512 0.005364201016374929
0 0.2390076643807987 0.11914172783738002 0.06292860024203308 0.010163749294184076
0 0.31121419927390076 0.12041219649915302 0.12585720048406615 0.020045172219085264
0 0.38039532069382814 0.12535290796160362 0.1218233158531666 0.03190287972896669
0 0.4211375554659137 0.11885940146809712 0.07704719645018153 0.018068887634105024
0 0.145421540943929 0.14469226425748166 0.15893505445744252 0.02258610954263128
0 0.17507059298104075 0.146386222473179 0.03791851553045583 0.025409373235460192
0 0.20209762000806777 0.14525691699604742 0.04679306171843485 0.024280067758328628
0 0.2743041549011698 0.14836250705815923 0.13110125050423557 0.035290796160361376
0 0.3019362646228318 0.1482213438735178 0.04719645018152481 0.029361942405420668
0 0.40137152077450583 0.1497741389045737 0.18192819685356998 0.03274985883681536
0 0.4257765227914482 0.14412761151891587 0.03307785397337636 0.0189158667419537
0 0.12767244856797097 0.1751835121400339 0.12222670431625655 0.033314511575381144
0 0.14622831787010893 0.16925465838509315 0.01936264622831787 0.00818746470920384
0 0.2583703106091166 0.1702428006775833 0.2117789431222267 0.022868435911914172
0 0.3697055264219443 0.17447769621682666 0.20411456232351755 0.028797289666854884
0 0.4124647035094796 0.16925465838509315 0.07704719645018153 0.022303783173348392
0 0.09883017345703912 0.1976284584980237 0.06575231948366277 0.027385657820440428
0 0.11859620814844696 0.1950875211744777 0.035901573215006054 0.0189158667419537
0 0.18616377571601453 0.1956521739130435 0.11859620814844696 0.022303783173348392
0 0.2589753933037515 0.19522868435911914 0.14118596208148446 0.019762845849802372
0 0.2989108511496571 0.19593450028232637 0.06615570794675273 0.020045172219085264
0 0.3229124647035095 0.19579333709768493 0.043969342476805166 0.019198193111236588
0 0.38664784187172246 0.19579333709768493 0.10972166196046793 0.020327498588368152
0 0.1228317870108915 0.22190852625635235 0.11012505042355789 0.022303783173348392
0 0.15570794675272287 0.22106154714850368 0.05203711173860428 0.022868435911914172
0 0.18051633723275515 0.22035573122529645 0.03146430012101654 0.020045172219085264
0 0.2498991528842275 0.2245906267645398 0.12464703509479629 0.029079616036137776
0 0.2591770875352965 0.22092038396386224 0.005647438483259379 0.00564652738565782
0 0.3743444937474788 0.22077922077922077 0.21944332392093585 0.020609824957651044
0 0.45118999596611536 0.22092038396386224 0.13110125050423557 0.02258610954263128
0 0.45562726906010487 0.22120271033314512 0.0024203307785397336 0.003105590062111801
0 0.0881403791851553 0.24604743083003952 0.042759177087535294 0.023150762281197064
0 0.13574021782977008 0.24576510446075664 0.08511496571198064 0.021456804065499716
0 0.14118596208148446 0.24703557312252963 0.005647438483259379 0.005081874647092038
0 0.2008874546187979 0.2528232636928289 0.11415893505445744 0.034443817052512704
0 0.20794675272287214 0.2466120835686053 0.0060508269463493344 0.005364201016374929
0 0.2408229124647035 0.25381140598531904 0.05405405405405406 0.024280067758328628
0 0.2932634126663977 0.24590626764539808 0.09197256958450989 0.0220214568040655
0 0.3160548608309802 0.24590626764539808 0.029850746268656716 0.007058159232072276
0 0.3567970956030658 0.24590626764539808 0.06494554255748286 0.020045172219085264
0 0.37898346107301334 0.24576510446075664 0.043162565550625254 0.019198193111236588
0 0.4530052440500202 0.2522586109542631 0.13473174667204518 0.032467532467532464
0 0.09096409842678499 0.32269904009034445 0.04477611940298507 0.020609824957651044
0 0.17769261799112546 0.32269904009034445 0.15490116982654295 0.022303783173348392
0 0.1843485276321097 0.32269904009034445 0.0028237192416296895 0.001411631846414455
