0 0.11355385235982252 0.12436476566911349 0.07382008874546188 0.03303218520609825
0 0.15127067365873337 0.11787125917560701 0.04881000403388463 0.0189158667419537
0 0.21782977006857604 0.11815358554488989 0.11577248890681727 0.0189158667419537
0 0.2799515933844292 0.11829474872953134 0.10649455425574829 0.017786561264822136
0 0.28499394917305365 0.12196499153020893 0.01290843081887858 0.009316770186335404
0 0.3525615167406212 0.12168266516092603 0.11536910044372731 0.0251270468661773
0 0.3590157321500605 0.12083568605307736 0.01008471157724889 0.006493506493506494
0 0.40520371117386045 0.11815358554488989 0.07624041952400161 0.014116318464144552
0 0.1591367486889875 0.14949181253529079 0.17103670835014118 0.030491247882552232
0 0.20471964501815249 0.14963297571993225 0.07180314643001211 0.027950310559006212
0 0.300121016538927 0.14878599661208358 0.16821298910851148 0.02710333145115754
0 0.3741427995159338 0.14370412196499152 0.11657926583299717 0.017221908526256352
0 0.3781766841468334 0.14285714285714285 0.0028237192416296895 0.001976284584980237
0 0.4116579265832997 0.14412761151891587 0.043162565550625254 0.01693958215697346
0 0.10306575231948366 0.16897233201581027 0.0609116579265833 0.018351214003387916
0 0.10951996772892296 0.1702428006775833 0.005647438483259379 0.005081874647092038
0 0.14037918515530456 0.16854884246188595 0.043969342476805166 0.01129305477131564
0 0.18757563533682936 0.1725014116318464 0.07301331181928197 0.023433088650479956
0 0.19342476805163372 0.17292490118577075 0.01008471157724889 0.00846979107848673
0 0.23578055667607906 0.16840767927724448 0.0645421540943929 0.012704686617730096
0 0.29588543767648245 0.1696781479390175 0.09963695038321904 0.017221908526256352
0 0.3283582089552239 0.16784302653867872 0.03993545784590561 0.014680971202710334
0 0.4035901573215006 0.17137210615471485 0.12706736587333603 0.023150762281197064
0 0.11234368697055264 0.19409937888198758 0.08229124647035095 0.017504234895539244
0 0.14663170633319886 0.2015810276679842 0.04437273093989512 0.031338226990400904
0 0.1827349737797499 0.1932523997741389 0.04195240016135539 0.014116318464144552
0 0.2509076240419524 0.19424054206662902 0.10568777732956837 0.017221908526256352
0 0.2791448164582493 0.19409937888198758 0.033481242436466316 0.014398644833427442
0 0.3259378781766841 0.1997459062676454 0.07180314643001211 0.02766798418972332
0 0.3574021782977007 0.1972049689440994 0.031060911657926585 0.023150762281197064
0 0.39229528035498185 0.19339356295878035 0.050423557886244454 0.018068887634105024
0 0.17527228721258573 0.22600225861095427 0.21419927390076643 0.031338226990400904
0 0.2291246470350948 0.22063805759457933 0.07382008874546188 0.017504234895539244
0 0.28842275110931825 0.21964991530208922 0.09479628882613957 0.01637492941840768
0 0.3190802743041549 0.21950875211744778 0.03711173860427592 0.01383399209486166
0 0.3620411456232352 0.21922642574816487 0.06938281565147236 0.016092603049124788
0 0.4398951189995966 0.21894409937888198 0.13473174667204518 0.017221908526256352
0 0.1044776119402985 0.24477696216826653 0.07059298104074223 0.017221908526256352
0 0.109116579265833 0.24449463579898362 0.0028237192416296895 0.001976284584980237
0 0.14764017749092376 0.24520045172219085 0.04759983864461476 0.014680971202710334
0 0.20371117386042759 0.24985883681535856 0.08955223880597014 0.025974025974025976
0 0.2519160951996773 0.24520045172219085 0.07099636950383219 0.017504234895539244
0 0.2769261799112545 0.24435347261434218 0.038321903993545785 0.014680971202710334
0 0.3037515127067366 0.24463579898362506 0.035498184751916094 0.015527950310559006
0 0.34308188785800725 0.2450592885375494 0.06010488100040339 0.015527950310559006
0 0.40217829770068575 0.2494353472614342 0.1036708350141186 0.02710333145115754
0 0.0881403791851553 0.27032749858836813 0.03953206938281565 0.011857707509881422
0 0.11637757160145219 0.27060982495765107 0.035901573215006054 0.01637492941840768
0 0.1791044776119403 0.27032749858836813 0.10609116579265833 0.015527950310559006
0 0.22468737394110527 0.27117447769621683 0.07139975796692215 0.018351214003387916
0 0.22690601048810005 0.27343308865047994 0.006857603872529245 0.00564652738565782
0 0.2991125453812021 0.2701863354037267 0.1262605889471561 0.01693958215697346
0 0.33098023396530857 0.27343308865047994 0.035901573215006054 0.023150762281197064
0 0.3807987091569181 0.27032749858836813 0.08148446954417103 0.015527950310559006
0 0.42295280354981846 0.26976284584980237 0.06252521177894312 0.018068887634105024
0 0.1252521177894312 0.29601919819311123 0.10528438886647842 0.01693958215697346
0 0.13654699475594997 0.2994071146245059 0.01008471157724889 0.009316770186335404
0 0.18354175070592982 0.30194805194805197 0.07624041952400161 0.028232636928289104
0 0.2254941508672852 0.2961603613777527 0.05647438483259379 0.017504234895539244
0 0.2874142799515934 0.3018068887634105 0.10165389269866881 0.03020892151326934
0 0.32977006857603874 0.2950310559006211 0.05687777329568374 0.01637492941840768
0 0.36809197256958454 0.2951722190852626 0.051230334812424366 0.01693958215697346
0 0.4247680516337233 0.3005364201016375 0.08753529649052037 0.021456804065499716
0 0.1417910447761194 0.32891022021456806 0.14078257361839452 0.03274985883681536
0 0.17164179104477612 0.325098814229249 0.030254134731746672 0.023997741389045736
0 0.245663574021783 0.3232636928289102 0.13311819281968534 0.019198193111236588
0 0.2509076240419524 0.32029926595143987 0.002016942315449778 0.0016939582156973462
