0 0.09056070996369504 0.13452851496329757 0.043162565550625254 0.018351214003387916
0 0.15893505445744252 0.13452851496329757 0.11375554659136748 0.01948051948051948
0 0.21399757966922145 0.13481084133258045 0.09116579265832997 0.01948051948051948
0 0.23154497781363453 0.1342461885940147 0.014118596208148447 0.01948051948051948
0 0.2789431222267043 0.13495200451722192 0.09116579265832997 0.0189158667419537
0 0.2843888664784187 0.13481084133258045 0.011294876966518758 0.018633540372670808
0 0.3075837031060912 0.13509316770186336 0.02864058087938685 0.018351214003387916
0 0.37031060911657926 0.1401750423489554 0.1145623235175474 0.028797289666854884
0 0.4332392093586123 0.1352343308865048 0.11778943122226704 0.018633540372670808
0 0.11496571198063735 0.1650197628458498 0.0899556272690601 0.02766798418972332
0 0.18939088342073418 0.16770186335403728 0.13876563130294473 0.03359683794466403
0 0.19160951996772893 0.1627611518915867 0.007664380798709157 0.007058159232072276
0 0.23416700282371924 0.16050254093732355 0.07422347720855184 0.0189158667419537
0 0.29225494150867287 0.16050254093732355 0.09923356192012908 0.0189158667419537
0 0.3344090359015732 0.16050254093732355 0.07382008874546188 0.019762845849802372
0 0.36607503025413474 0.16050254093732355 0.04881000403388463 0.018068887634105024
0 0.40883420734167003 0.163184641445511 0.06897942718838242 0.028514963297571992
0 0.41427995159338443 0.16247882552230378 0.004437273093989512 0.006493506493506494
0 0.12686567164179105 0.1901468097120271 0.11496571198063735 0.029079616036137776
0 0.1881807180314643 0.19085262563523434 0.10810810810810811 0.030491247882552232
0 0.27228721258572003 0.19127611518915866 0.16014521984671237 0.029361942405420668
0 0.2767244856797096 0.18788819875776397 0.0060508269463493344 0.007058159232072276
0 0.3043565954013715 0.18534726143421795 0.04477611940298507 0.0189158667419537
0 0.3691004437273094 0.18534726143421795 0.10972166196046793 0.0189158667419537
0 0.436668011294877 0.1854884246188594 0.12343686970552642 0.0189158667419537
0 0.44050020169423154 0.1876058723884811 0.004033884630899556 0.006775832862789385
0 0.09560306575231949 0.21047430830039526 0.04759983864461476 0.017221908526256352
0 0.1510689794271884 0.21047430830039526 0.09116579265832997 0.018633540372670808
0 0.15752319483662766 0.2127329192546584 0.004840661557079467 0.007058159232072276
0 0.22509076240419523 0.21668548842461885 0.11859620814844696 0.031338226990400904
0 0.3083904800322711 0.2161208356860531 0.14844695441710368 0.03020892151326934
0 0.3872529245663574 0.21075663466967814 0.14320290439693426 0.019198193111236588
0 0.42295280354981846 0.2161208356860531 0.04881000403388463 0.028797289666854884
0 0.18737394110528438 0.2639751552795031 0.22146026623638565 0.025409373235460192
0 0.19241629689390882 0.2641163184641446 0.0052440500201694235 0.006775832862789385
0 0.2589753933037515 0.26693958215697344 0.12061315046389673 0.031055900621118012
0 0.3400564743848326 0.26651609260304915 0.14602662363856395 0.03020892151326934
0 0.42597821702299316 0.26595143986448333 0.1617587736990722 0.028232636928289104
0 0.4342476805163372 0.2651044607566347 0.006857603872529245 0.014680971202710334
0 0.11536910044372731 0.2906549971767363 0.07422347720855184 0.02766798418972332
0 0.16337232755143202 0.2862789384528515 0.08390480032271078 0.010446075663466968
0 0.1952400161355385 0.2862789384528515 0.04881000403388463 0.018068887634105024
0 0.25433642597821704 0.2862789384528515 0.10165389269866881 0.018351214003387916
0 0.27934651068979427 0.2862789384528515 0.03307785397337636 0.015527950310559006
0 0.3656716417910448 0.28642010163749293 0.15933844292053248 0.017786561264822136
0 0.41064945542557485 0.2893845285149633 0.07341670028237192 0.025409373235460192
0 0.11335215812827754 0.31154714850367027 0.06857603872529246 0.01948051948051948
0 0.15127067365873337 0.3116883116883117 0.05486083098023396 0.019762845849802372
0 0.22025010084711577 0.3116883116883117 0.11536910044372731 0.01693958215697346
0 0.2569584509883017 0.3116883116883117 0.055667607906413875 0.019198193111236588
0 0.32553448971359417 0.31832298136645965 0.1189995966115369 0.031055900621118012
0 0.3674868898749496 0.31197063805759456 0.06615570794675273 0.019762845849802372
0 0.427390076643808 0.31535855448898925 0.10891488503428802 0.020045172219085264
0 0.16337232755143202 0.34217955957086393 0.17022993142396128 0.03190287972896669
0 0.20330778539733763 0.33695652173913043 0.06615570794675273 0.0189158667419537
0 0.208955223880597 0.3396386222473179 0.0052440500201694235 0.007340485601355167
0 0.22831787010891488 0.33695652173913043 0.02864058087938685 0.017504234895539244
0 0.2603872529245664 0.33695652173913043 0.05526421944332392 0.018351214003387916
0 0.31141589350544574 0.3370976849237719 0.08027430415490117 0.010728402032749858
0 0.33682936668011293 0.3394974590626765 0.03469140782573618 0.025691699604743084
0 0.3686970552642194 0.3370976849237719 0.043162565550625254 0.0189158667419537
0 0.44493747478822104 0.3370976849237719 0.145623235175474 0.020892151326933936
0 0.44937474788221055 0.3403444381705251 0.005647438483259379 0.006775832862789385
0 0.11234368697055264 0.36236589497459065 0.06776926179911255 0.018633540372670808
0 0.17426381605486083 0.36236589497459065 0.09923356192012908 0.018068887634105024
0 0.2156111335215813 0.36236589497459065 0.06252521177894312 0.017221908526256352
0 0.290843081887858 0.3684359119141728 0.1306978620411456 0.03162055335968379
0 0.35518354175070593 0.3695652173913043 0.1145623235175474 0.032185206098249576
0 0.4118596208148447 0.3622247317899492 0.09681323114158935 0.0189158667419537
0 0.41306978620411455 0.3620835686053077 0.0028237192416296895 0.001411631846414455
