0 0.0954013715207745 0.13537549407114624 0.06494554255748286 0.0189158667419537
0 0.13331988705123032 0.13848108413325805 0.056070996369503835 0.030491247882552232
0 0.20229931423961275 0.13509316770186336 0.1218233158531666 0.01948051948051948
0 0.22932634126663978 0.1373517786561265 0.03670835014118596 0.02710333145115754
0 0.2763210972166196 0.13452851496329757 0.07301331181928197 0.018068887634105024
0 0.3509479628882614 0.1398927159796725 0.13674868898749495 0.028797289666854884
0 0.4411052843888665 0.1401750423489554 0.17144009681323114 0.03303218520609825
0 0.10790641387656313 0.16572557876905702 0.08390480032271078 0.028514963297571992
0 0.127269060104881 0.16078486730660643 0.030254134731746672 0.019198193111236588
0 0.1855586930213796 0.16092603049124787 0.10528438886647842 0.020045172219085264
0 0.2127874142799516 0.16332580463015245 0.03670835014118596 0.027385657820440428
0 0.27974989915288423 0.16516092603049123 0.11294876966518758 0.027950310559006212
0 0.3370310609116579 0.163184641445511 0.10609116579265833 0.017786561264822136
0 0.3608309802339653 0.15965556182947488 0.033884630899556276 0.020327498588368152
0 0.39592577652279143 0.15937323546019197 0.05486083098023396 0.0189158667419537
0 0.14501815248083905 0.18647656691134953 0.15207745058491326 0.020045172219085264
0 0.21601452198467125 0.19000564652738566 0.12505042355788623 0.028514963297571992
0 0.2920532472771279 0.18619424054206662 0.14521984671238403 0.020892151326933936
0 0.38584106494554254 0.18591191417278374 0.16982654296087132 0.020045172219085264
0 0.3884630899556273 0.1854884246188594 0.0024203307785397336 0.001411631846414455
0 0.4058087938684954 0.1854884246188594 0.02379991932230738 0.01948051948051948
0 0.4419120613150464 0.1854884246188594 0.06252521177894312 0.018351214003387916
0 0.11214199273900767 0.21188594014680973 0.08753529649052037 0.0189158667419537
0 0.20653489310205728 0.21485036702428006 0.1734570391286809 0.0251270468661773
0 0.24687373941105284 0.21160361377752682 0.06171843485276321 0.019198193111236588
0 0.3281565147236789 0.21146245059288538 0.14400968132311415 0.020045172219085264
0 0.3612343686970553 0.21527385657820441 0.050423557886244454 0.026538678712591756
0 0.38483259378781765 0.2111801242236025 0.04195240016135539 0.020327498588368152
0 0.4356595401371521 0.21725014116318464 0.10125050423557887 0.03387916431394692
0 0.16760790641387657 0.23673066064370413 0.20693828156514724 0.021456804065499716
0 0.17244856797095603 0.2381422924901186 0.004840661557079467 0.00564652738565782
0 0.21520774505849133 0.2365894974590627 0.07301331181928197 0.0189158667419537
0 0.24021782977006859 0.2365894974590627 0.03711173860427592 0.01948051948051948
0 0.28176684146833403 0.2365894974590627 0.07220653489310205 0.01948051948051948
0 0.390681726502622 0.24011857707509882 0.20492133924969747 0.028797289666854884
0 0.4336425978217023 0.23630717108977978 0.06897942718838242 0.0220214568040655
0 0.10951996772892296 0.26157538114059853 0.07462686567164178 0.020609824957651044
0 0.1952400161355385 0.26693958215697344 0.15732150060508268 0.03387916431394692
0 0.21944332392093585 0.264257481648786 0.03630496167809601 0.028514963297571992
0 0.2563533682936668 0.26143421795595706 0.0572811617587737 0.020327498588368152
0 0.3126260588947156 0.2649632975719932 0.09560306575231949 0.02710333145115754
0 0.31787010891488504 0.26439864483342745 0.0052440500201694235 0.007622811970638058
0 0.3567970956030658 0.26157538114059853 0.06575231948366277 0.018633540372670808
0 0.390480032271077 0.26143421795595706 0.05526421944332392 0.020609824957651044
0 0.436668011294877 0.2682100508187465 0.08148446954417103 0.034443817052512704
0 0.17769261799112546 0.29361942405420666 0.21500605082694635 0.032185206098249576
0 0.20431625655506253 0.28740824392998304 0.03751512706736587 0.019198193111236588
0 0.23295683743444937 0.28740824392998304 0.04719645018152481 0.018351214003387916
0 0.3065752319483663 0.28726708074534163 0.1306978620411456 0.019762845849802372
0 0.3533682936668011 0.2896668548842462 0.07462686567164178 0.02710333145115754
0 0.3890681726502622 0.2868435911914173 0.05808793868495361 0.019762845849802372
0 0.43787817668414686 0.29446640316205536 0.0826946349334409 0.03670242800677583
0 0.08793868495361033 0.31493506493506496 0.035498184751916094 0.028514963297571992
0 0.1891891891891892 0.3156408808582722 0.18475191609519967 0.025974025974025976
0 0.23154497781363453 0.3123941276115189 0.06655909640984267 0.019762845849802372
0 0.2936668011294877 0.3123941276115189 0.1073013311819282 0.021456804065499716
0 0.3303751512706737 0.31225296442687744 0.05647438483259379 0.011857707509881422
0 0.4421137555465914 0.3188876341050254 0.20653489310205728 0.035290796160361376
0 0.145623235175474 0.34105025409373235 0.1508672851956434 0.025974025974025976
0 0.14925373134328357 0.3373800112930548 0.004033884630899556 0.002258610954263128
