0 361.02985074626866 774.0108695652174 0.05970149253731343 0.021739130434782608
0 567.0322710770472 777.0084697910785 0.0645421540943929 0.01693958215697346
0 784.0139169019766 776.0080463015246 0.027833803953206938 0.016092603049124788
0 909.038120209762 778.0087521174478 0.07624041952400161 0.017504234895539244
0 1144.0175473981444 785.0077639751553 0.03509479628882614 0.015527950310559006
0 1288.0219846712384 783.0077639751553 0.043969342476805166 0.015527950310559006
0 1471.051432029044 780.0128458498024 0.10286405808793868 0.025691699604743084
0 1720.00524405002 848.003529079616 0.010488100040338847 0.007058159232072276
0 1800.026623638564 784.0079051383399 0.053247277127874144 0.015810276679841896
0 1974.0169423154498 804.0047995482778 0.033884630899556276 0.009599096555618294
0 353.04517950786607 960.0084697910785 0.09035901573215006 0.01693958215697346
0 658.0572811617587 959.0081874647092 0.1145623235175474 0.01637492941840768
0 1007.0157321500606 961.0071993224167 0.03146430012101654 0.014398644833427442
0 1150.0219846712384 963.0077639751553 0.043969342476805166 0.015527950310559006
0 1313.0639370713998 954.0084697910785 0.12787414279951592 0.01693958215697346
0 1644.0012101653892 1011.0009881422925 0.0024203307785397336 0.001976284584980237
0 1706.0131101250504 964.007481648786 0.026220250100847116 0.014963297571993224
0 1779.050020169423 978.0127046866178 0.100040338846309 0.025409373235460192
0 341.02823719241627 1140.0152456239414 0.05647438483259379 0.030491247882552232
0 548.0354981847519 1135.0081874647092 0.07099636950383219 0.01637492941840768
0 773.0173457039128 1143.0076228119706 0.03469140782573618 0.015245623941276116
0 919.0080677692617 1162.004658385093 0.016135538523598225 0.009316770186335404
0 1011.0441710367083 1141.014539808018 0.08834207341670028 0.029079616036137776
0 1296.045582896329 1137.014963297572 0.09116579265832997 0.029926595143986448
0 1587.0367083501412 1154.005928853755 0.07341670028237192 0.011857707509881422
0 1840.0316659943526 1135.0088932806325 0.06333198870512304 0.017786561264822136
0 356.0233965308592 1312.0080463015245 0.04679306171843485 0.016092603049124788
0 524.0707946752723 1311.0142574816489 0.14158935054457442 0.028514963297571992
0 883.0048406615571 1375.0036702428006 0.009681323114158934 0.007340485601355167
0 944.0839048003227 1318.014539808018 0.16780960064542155 0.029079616036137776
0 1426.0496167809602 1319.0080463015245 0.09923356192012908 0.016092603049124788
0 1666.0016135538524 1362.0009881422925 0.003227107704719645 0.001976284584980237
0 1736.013311819282 1318.007058159232 0.026623638563937072 0.014116318464144552
0 1857.0330778539733 1324.006634669678 0.06615570794675273 0.013269339356295878
0 344.09298104074225 1495.0153867871259 0.18596208148446955 0.03077357425183512
0 879.0240016135539 1495.0084697910786 0.04800322710770472 0.01693958215697346
0 1056.040742234772 1498.0077639751553 0.08148446954417103 0.015527950310559006
0 1314.024405002017 1520.0045172219086 0.04881000403388463 0.009034443817052512
0 1469.012908430819 1511.0057876905703 0.02581686163775716 0.011575381140598532
0 1587.0711980637354 1499.0127046866178 0.14239612747075434 0.025409373235460192
0 346.0488100040339 1676.0081874647092 0.09762000806776926 0.01637492941840768
0 599.0032271077047 1735.0031055900622 0.00645421540943929 0.006211180124223602
0 662.0290439693425 1676.0077639751553 0.05808793868495361 0.015527950310559006
0 849.0389269866881 1682.0069169960475 0.07785397337636143 0.01383399209486166
0 1105.0250100847115 1676.0081874647092 0.0500201694231545 0.01637492941840768
0 1289.0756353368295 1688.0114342179559 0.15127067365873337 0.022868435911914172
0 1723.0155304558289 1688.0073404856014 0.031060911657926585 0.014680971202710334
0 1851.0242033077855 1686.011010728402 0.048406615570794675 0.0220214568040655
0 364.01996772892295 1854.008328627894 0.03993545784590561 0.016657255787690572
0 519.028842275111 1857.0112930547714 0.057684550221863654 0.02258610954263128
0 710.0294473578056 1854.0094579333709 0.05889471561113352 0.0189158667419537
0 914.04961678096 1863.0128458498023 0.09923356192012908 0.025691699604743084
0 1197.015933844292 1868.0073404856014 0.0318676885841065 0.014680971202710334
0 1320.0149253731342 1869.006634669678 0.029850746268656716 0.013269339356295878
0 1440.087333602259 1858.014539808018 0.17466720451795079 0.029079616036137776
0 1885.0050423557886 1918.0045172219086 0.01008471157724889 0.009034443817052512
0 1935.0570794675273 1854.0138339920948 0.11415893505445744 0.02766798418972332
0 2206.0054457442516 1914.0040937323547 0.010891488503428802 0.00818746470920384
0 352.0135135135135 2216.00790513834 0.02702702702702703 0.015810276679841896
0 458.0219846712384 2215.0081874647094 0.043969342476805166 0.01637492941840768
0 623.0320693828156 2233.005928853755 0.06413876563130294 0.011857707509881422
0 821.0145219846712 2221.007481648786 0.029043969342476807 0.014963297571993224
0 953.0439693424768 2220.0143986448334 0.08793868495361033 0.028797289666854884
0 1218.0227914481645 2223.0069169960475 0.045582896329164985 0.01383399209486166
0 1359.034086325131 2223.013410502541 0.0681726502622025 0.026821005081874648
0 1581.0387252924565 2223.007340485601 0.07745058491327148 0.014680971202710334
0 1824.013311819282 2217.007199322417 0.026623638563937072 0.014398644833427442
0 1945.0123033481243 2236.004799548278 0.024606696248487294 0.009599096555618294
0 2037.0417507059299 2214.0080463015247 0.08350141185962082 0.016092603049124788
0 365.03065752319486 2388.009034443817 0.06131504638967326 0.018068887634105024
0 567.0439693424768 2401.0076228119706 0.08793868495361033 0.015245623941276116
0 852.0256151674062 2393.0084697910784 0.051230334812424366 0.01693958215697346
0 1018.0195643404599 2402.0084697910784 0.0391286809197257 0.01693958215697346
0 1175.0334812424364 2404.0069169960475 0.06696248487293263 0.01383399209486166
0 1396.0229931423962 2396.00790513834 0.045986284792254944 0.015810276679841896
0 1557.0379185155305 2397.0081874647094 0.07583703106091166 0.01637492941840768
0 1806.0276321097217 2394.0080463015247 0.05526421944332392 0.016092603049124788
0 1986.0344897135942 2398.007199322417 0.06897942718838242 0.014398644833427442
0 361.03711173860427 2596.0124223602484 0.07422347720855184 0.024844720496894408
0 554.0012101653892 2627.0009881422925 0.0024203307785397336 0.001976284584980237
