0 0.07946752722872126 0.11956521739130435 0.029850746268656716 0.025974025974025976
0 0.10044372730939895 0.11984754376058723 0.014925373134328358 0.025691699604743084
0 0.15288422751109318 0.11871823828345568 0.0927793465106898 0.023150762281197064
0 0.18313836224283986 0.12111801242236025 0.038321903993545785 0.030491247882552232
0 0.2444534086325131 0.12648221343873517 0.10649455425574829 0.04517221908526256
0 0.28378378378378377 0.11900056465273856 0.058491327148043566 0.024280067758328628
0 0.3926986688180718 0.11928289102202146 0.20572811617587736 0.03077357425183512
0 0.4346510689794272 0.11928289102202146 0.0681726502622025 0.027385657820440428
0 0.11839451391690198 0.14553924336533033 0.11012505042355789 0.028797289666854884
0 0.14037918515530456 0.14384528514963296 0.021782977006857603 0.01355166572557877
0 0.19241629689390882 0.1442687747035573 0.08551835417507059 0.023150762281197064
0 0.2208551835417507 0.14469226425748166 0.035498184751916094 0.020892151326933936
0 0.26058894715611136 0.1442687747035573 0.06131504638967326 0.0220214568040655
0 0.36304961678096004 0.14511575381140598 0.19039935457845905 0.025974025974025976
0 0.42416296893908834 0.14568040654997177 0.10689794271883823 0.027385657820440428
0 0.4519967728922953 0.14991530208921514 0.04154901169826543 0.03387916431394692
0 0.14078257361839452 0.1771597967250141 0.15611133521581283 0.040654997176736304
0 0.17870108914885036 0.16939582156973462 0.06696248487293263 0.016657255787690572
0 0.22166196046793063 0.16883116883116883 0.06655909640984267 0.023715415019762844
0 0.27753126260588945 0.1691134952004517 0.09883017345703912 0.021174477696216828
0 0.30475998386446146 0.16981931112365894 0.03307785397337636 0.0251270468661773
0 0.34509883017345705 0.16996047430830039 0.06736587333602259 0.023150762281197064
0 0.3491327148043566 0.1686900056465274 0.003630496167809601 0.003105590062111801
0 0.38584106494554254 0.16925465838509315 0.063735377168213 0.01948051948051948
0 0.463493344090359 0.17913608130999437 0.14158935054457442 0.042631281761716544
0 0.109116579265833 0.19522868435911914 0.09923356192012908 0.026256352343308864
0 0.15469947559499797 0.19494635798983626 0.07301331181928197 0.018633540372670808
0 0.19160951996772893 0.19593450028232637 0.055667607906413875 0.02456239412761152
0 0.291246470350948 0.19875776397515527 0.1871722468737394 0.030491247882552232
0 0.2991125453812021 0.19678147939017504 0.008067769261799113 0.013269339356295878
0 0.3281565147236789 0.19409937888198758 0.0536506655909641 0.023433088650479956
0 0.39673255344897135 0.19579333709768493 0.11617587736990723 0.025691699604743084
0 0.4584509883017346 0.2041219649915302 0.11093182734973779 0.04319593450028233
0 0.1254538120209762 0.22882552230378317 0.13432835820895522 0.03670242800677583
0 0.13049616780960063 0.221485036702428 0.0052440500201694235 0.009034443817052512
0 0.1674062121823316 0.2204968944099379 0.056070996369503835 0.023715415019762844
0 0.23699072206534894 0.22430830039525693 0.12303348124243646 0.031338226990400904
0 0.3553852359822509 0.22134387351778656 0.21298910851149658 0.024844720496894408
0 0.40641387656313027 0.2220496894409938 0.08511496571198064 0.0251270468661773
0 0.4443323920935861 0.22077922077922077 0.06736587333602259 0.023433088650479956
0 0.1300927793465107 0.24604743083003952 0.14118596208148446 0.02766798418972332
0 0.19584509883017345 0.24604743083003952 0.11052843888664785 0.027385657820440428
0 0.26119402985074625 0.24618859401468096 0.10770471964501815 0.020892151326933936
0 0.2755143202904397 0.24209486166007904 0.01855586930213796 0.002258610954263128
0 0.32755143202904397 0.24604743083003952 0.09560306575231949 0.014680971202710334
0 0.3674868898749496 0.24632975719932243 0.0609116579265833 0.025409373235460192
0 0.4169019766034691 0.24632975719932243 0.07664380798709157 0.012987012987012988
0 0.16841468334005646 0.27188029361942406 0.22186365469947558 0.027385657820440428
0 0.19685356998789835 0.27188029361942406 0.03711173860427592 0.023433088650479956
0 0.23860427591770875 0.2720214568040655 0.063735377168213 0.023150762281197064
0 0.3608309802339653 0.28063241106719367 0.21500605082694635 0.04319593450028233
0 0.36385639370713996 0.2713156408808583 0.0052440500201694235 0.006775832862789385
0 0.3773699072206535 0.2648221343873518 0.012101653892698669 0.00846979107848673
0 0.4352561516740621 0.2707509881422925 0.10568777732956837 0.018633540372670808
0 0.463695038321904 0.2714568040654997 0.0463896732553449 0.024280067758328628
0 0.08531665994352562 0.2972896668548842 0.060508269463493344 0.024844720496894408
0 0.17930617184348527 0.30434782608695654 0.1690197660346914 0.02710333145115754
0 0.20875352964905203 0.2992659514398645 0.03993545784590561 0.027950310559006212
0 0.21903993545784592 0.2893845285149633 0.011294876966518758 0.010163749294184076
0 0.23436869705526422 0.2906549971767363 0.022589753933037516 0.0036702428006775835
0 0.2716821298910851 0.2961603613777527 0.06857603872529246 0.012422360248447204
0 0.3249294070189593 0.296583850931677 0.08632513110125051 0.014680971202710334
0 0.354578459056071 0.29700734048560135 0.04033884630899556 0.013269339356295878
0 0.390480032271077 0.2963015245623941 0.05526421944332392 0.01101072840203275
0 0.46591367486889873 0.3036420101637493 0.1319080274304155 0.0378317334839074
0 0.09883017345703912 0.3256634669678148 0.08027430415490117 0.029079616036137776
0 0.13130294473578055 0.32269904009034445 0.04235578862444534 0.02766798418972332
0 0.16922146026623638 0.3221343873517787 0.0645421540943929 0.023715415019762844
0 0.2317466720451795 0.3307453416149068 0.09842678499394918 0.041501976284584984
0 0.23658733360225898 0.3232636928289102 0.0060508269463493344 0.006211180124223602
