0 0.08733360225897539 0.12295313382269904 0.029850746268656716 0.02710333145115754
0 0.11436062928600242 0.1225296442687747 0.023396530859217425 0.02456239412761152
0 0.1661960467930617 0.12196499153020893 0.08188785800726099 0.02456239412761152
0 0.19665187575635337 0.12111801242236025 0.035498184751916094 0.023997741389045736
0 0.2519160951996773 0.12732919254658384 0.08672851956434045 0.03500846979107849
0 0.28600242033077855 0.12168266516092603 0.043162565550625254 0.020327498588368152
0 0.37575635336829366 0.12111801242236025 0.1609519967728923 0.024844720496894408
0 0.4118596208148447 0.1209768492377188 0.04800322710770472 0.02258610954263128
0 0.11012505042355789 0.14723320158102768 0.07946752722872126 0.02456239412761152
0 0.13412666397741024 0.146386222473179 0.021782977006857603 0.01383399209486166
0 0.17789431222267044 0.14737436476566912 0.06978620411456232 0.020892151326933936
0 0.20471964501815249 0.1482213438735178 0.029043969342476807 0.021456804065499716
0 0.23275514320290439 0.14779785431959344 0.03953206938281565 0.019762845849802372
0 0.30597014925373134 0.14779785431959344 0.12464703509479629 0.023997741389045736
0 0.354376764824526 0.14680971202710333 0.0754336425978217 0.022868435911914172
0 0.3765631302944736 0.14723320158102768 0.03065752319483663 0.025691699604743084
0 0.4465510286405809 0.15189158667419536 0.11254538120209762 0.03303218520609825
0 0.09923356192012908 0.17193675889328064 0.058491327148043566 0.021174477696216828
0 0.1335215812827753 0.17221908526256352 0.050423557886244454 0.023715415019762844
0 0.1865671641791045 0.17292490118577075 0.07987091569181122 0.023997741389045736
0 0.2099636950383219 0.17264257481648787 0.026623638563937072 0.022303783173348392
0 0.2436466317063332 0.17221908526256352 0.045986284792254944 0.023997741389045736
0 0.24929407018959257 0.17066629023150762 0.0028237192416296895 0.002540937323546019
0 0.28075837031060913 0.1725014116318464 0.048406615570794675 0.021456804065499716
0 0.3489310205728116 0.17659514398644832 0.11173860427591771 0.03274985883681536
0 0.40399354578459057 0.17292490118577075 0.08471157724889068 0.024844720496894408
0 0.4388866478418717 0.17292490118577075 0.05203711173860428 0.020609824957651044
0 0.09701492537313433 0.19706380575945792 0.05687777329568374 0.021174477696216828
0 0.1936264622831787 0.20271033314511575 0.15490116982654295 0.030491247882552232
0 0.19584509883017345 0.20214568040654998 0.004437273093989512 0.015245623941276116
0 0.22670431625655507 0.1976284584980237 0.038321903993545785 0.022303783173348392
0 0.27228721258572003 0.19847543760587238 0.06938281565147236 0.023997741389045736
0 0.3864461476401775 0.2025691699604743 0.2029043969342477 0.03162055335968379
0 0.39552238805970147 0.2010163749294184 0.0024203307785397336 0.01383399209486166
0 0.42073416700282373 0.19706380575945792 0.03872529245663574 0.020892151326933936
0 0.10649455425574829 0.23023715415019763 0.0790641387656313 0.034443817052512704
0 0.20976200080677693 0.2230378317334839 0.17305365066559097 0.021174477696216828
0 0.2529245663574022 0.22430830039525693 0.05445744251714401 0.021456804065499716
0 0.2823719241629689 0.22289666854884246 0.03993545784590561 0.020045172219085264
0 0.3471157724889068 0.22289666854884246 0.11133521581282775 0.024844720496894408
0 0.4080274304154901 0.22233201581027667 0.0899556272690601 0.023715415019762844
0 0.45885437676482455 0.22106154714850368 0.07583703106091166 0.020327498588368152
0 0.4701492537313433 0.21626199887069453 0.021782977006857603 0.003105590062111801
0 0.09499798305768455 0.2494353472614342 0.058491327148043566 0.017786561264822136
0 0.1306978620411456 0.24802371541501977 0.038321903993545785 0.023150762281197064
0 0.1843485276321097 0.24802371541501977 0.07624041952400161 0.016657255787690572
0 0.27934651068979427 0.24872953133822698 0.17022993142396128 0.025691699604743084
0 0.3043565954013715 0.24816487859966121 0.024606696248487294 0.022868435911914172
0 0.327148043565954 0.24745906267645398 0.03469140782573618 0.020045172219085264
0 0.4203307785397338 0.25395256916996045 0.1645824929407019 0.034161490683229816
0 0.4235578862444534 0.2540937323546019 0.004437273093989512 0.01101072840203275
0 0.0736183945139169 0.26651609260304915 0.008067769261799113 0.01129305477131564
0 0.11698265429608713 0.27315076228119706 0.07946752722872126 0.020045172219085264
0 0.14622831787010893 0.27315076228119706 0.026623638563937072 0.021456804065499716
0 0.17103670835014118 0.27315076228119706 0.033884630899556276 0.020045172219085264
0 0.236385639370714 0.2803500846979108 0.10851149657119806 0.030491247882552232
0 0.263412666397741 0.2748447204968944 0.027833803953206938 0.027385657820440428
0 0.2710770471964502 0.2662337662337662 0.0060508269463493344 0.009316770186335404
0 0.28378378378378377 0.27032749858836813 0.01734570391286809 0.0036702428006775835
0 0.3130294473578056 0.274703557312253 0.03751512706736587 0.015527950310559006
0 0.35155304558289635 0.2737154150197628 0.05526421944332392 0.016092603049124788
0 0.3795885437676482 0.27498588368153587 0.033481242436466316 0.017221908526256352
0 0.4048003227107705 0.27399774138904576 0.03307785397337636 0.015810276679841896
0 0.11738604275917709 0.3042066629023151 0.08672851956434045 0.034161490683229816
0 0.16942315449778136 0.30434782608695654 0.05970149253731343 0.032185206098249576
0 0.2008874546187979 0.30039525691699603 0.03469140782573618 0.02766798418972332
0 0.23598225090762404 0.29884246188594016 0.04154901169826543 0.023433088650479956
0 0.28297700685760385 0.30194805194805197 0.06494554255748286 0.03303218520609825
0 0.29386849536103266 0.2974308300395257 0.0052440500201694235 0.003952569169960474
