0 0.08309802339653086 0.11843591191417278 0.023396530859217425 0.020045172219085264
0 0.12888261395724082 0.11787125917560701 0.07059298104074223 0.017504234895539244
0 0.13473174667204518 0.12140033879164314 0.008471157724889069 0.006493506493506494
0 0.2063331988705123 0.12464709203839638 0.12384025816861638 0.030491247882552232
0 0.21137555465913674 0.12224731789949181 0.009681323114158934 0.007622811970638058
0 0.2599838644614764 0.11801242236024845 0.07583703106091166 0.012704686617730096
0 0.3372327551432029 0.11857707509881422 0.12585720048406615 0.018068887634105024
0 0.40742234772085517 0.12422360248447205 0.1189995966115369 0.030491247882552232
0 0.10629286002420331 0.14412761151891587 0.07866075030254134 0.020327498588368152
0 0.19685356998789835 0.14384528514963296 0.1653892698668818 0.01948051948051948
0 0.22408229124647036 0.14596273291925466 0.030254134731746672 0.023715415019762844
0 0.2537313432835821 0.14370412196499152 0.04195240016135539 0.0189158667419537
0 0.32654296087131907 0.15033879164313946 0.118192819685357 0.033314511575381144
0 0.36244453408632515 0.1482213438735178 0.04517950786607503 0.025409373235460192
0 0.1508672851956434 0.17588932806324112 0.16054860830980233 0.03472614342179559
0 0.18576038725292457 0.1696781479390175 0.03751512706736587 0.017221908526256352
0 0.24929407018959257 0.17574816487859965 0.11577248890681727 0.03077357425183512
0 0.27289229528035497 0.1686900056465274 0.02016942315449778 0.010446075663466968
0 0.3929003630496168 0.16854884246188595 0.21419927390076643 0.016657255787690572
0 0.16942315449778136 0.20143986448334275 0.20129084308188785 0.03557312252964427
0 0.23154497781363453 0.19395821569734614 0.09600645421540945 0.017786561264822136
0 0.26865671641791045 0.19692264257481648 0.04961678096006454 0.02258610954263128
0 0.2932634126663977 0.19395821569734614 0.03711173860427592 0.015810276679841896
0 0.35962081484469544 0.19438170525127046 0.10931827349737798 0.017221908526256352
0 0.4374747882210569 0.1945228684359119 0.13432835820895522 0.01948051948051948
0 0.09862847922549416 0.21964991530208922 0.056070996369503835 0.01948051948051948
0 0.1306978620411456 0.21964991530208922 0.0463896732553449 0.018351214003387916
0 0.19019766034691407 0.21936758893280633 0.09398951189995966 0.0189158667419537
0 0.2579669221460266 0.21894409937888198 0.10972166196046793 0.019198193111236588
0 0.299717628075837 0.21908526256352343 0.06776926179911255 0.018633540372670808
0 0.32755143202904397 0.2199322416713721 0.03751512706736587 0.01693958215697346
0 0.40540540540540543 0.22402597402597402 0.12989108511496572 0.025691699604743084
0 0.4138765631302945 0.2230378317334839 0.009681323114158934 0.007905138339920948
0 0.18253327954820492 0.2453416149068323 0.22509076240419523 0.0189158667419537
0 0.2763210972166196 0.24548277809147373 0.15974183138362244 0.019198193111236588
0 0.28156514723678905 0.24392998306041785 0.0024203307785397336 0.0016939582156973462
0 0.3118192819685357 0.24421230942970074 0.03711173860427592 0.0189158667419537
0 0.3664784187172247 0.24520045172219085 0.08955223880597014 0.020045172219085264
0 0.3697055264219443 0.24745906267645398 0.008471157724889069 0.00564652738565782
0 0.4376764824526019 0.25014116318464147 0.127470754336426 0.026256352343308864
0 0.4419120613150464 0.24887069452286845 0.00927793465106898 0.009034443817052512
0 0.1044776119402985 0.275974025974026 0.07018959257765228 0.0251270468661773
0 0.17749092375958048 0.2701863354037267 0.11496571198063735 0.016092603049124788
0 0.20935861234368697 0.27089215132693395 0.033884630899556276 0.012140033879164314
0 0.24848729326341268 0.2707509881422925 0.06131504638967326 0.01693958215697346
0 0.2811617587736991 0.2704686617730096 0.045582896329164985 0.016657255787690572
0 0.3481242436466317 0.27526821005081875 0.11536910044372731 0.026256352343308864
0 0.44029850746268656 0.2704686617730096 0.16377571601452198 0.016657255787690572
0 0.08390480032271078 0.29898362507058157 0.031060911657926585 0.0251270468661773
0 0.11355385235982252 0.29474872953133824 0.045986284792254944 0.012422360248447204
0 0.16256555062525213 0.29545454545454547 0.07139975796692215 0.018633540372670808
0 0.18414683340056473 0.295313382269904 0.018959257765227916 0.010446075663466968
0 0.2353771682129891 0.29601919819311123 0.0782573618394514 0.019198193111236588
0 0.28701089148850345 0.29573687182382835 0.0754336425978217 0.011857707509881422
0 0.3338039532069383 0.3005364201016375 0.07301331181928197 0.025409373235460192
0 0.36506655909640984 0.2961603613777527 0.035498184751916094 0.015527950310559006
0 0.40237999193223073 0.2961603613777527 0.05445744251714401 0.016657255787690572
0 0.11032674465510287 0.326369282891022 0.07220653489310205 0.023997741389045736
0 0.13755546591367487 0.32058159232072275 0.031060911657926585 0.015245623941276116
0 0.1962484872932634 0.32142857142857145 0.09398951189995966 0.01637492941840768
0 0.23053650665590963 0.3219932241671372 0.04235578862444534 0.019198193111236588
0 0.28297700685760385 0.3210050818746471 0.07624041952400161 0.017221908526256352
0 0.3993545784590561 0.32622811970638055 0.2073416700282372 0.02766798418972332
0 0.09681323114158935 0.34669678147939015 0.050423557886244454 0.019762845849802372
0 0.18394513916901978 0.34669678147939015 0.14925373134328357 0.017504234895539244
0 0.18576038725292457 0.34641445511010727 0.0028237192416296895 0.001976284584980237
