0 0.10125050423557887 0.1271880293619424 0.06333198870512304 0.02258610954263128
0 0.16054860830980233 0.12690570299265952 0.06776926179911255 0.025974025974025976
0 0.18939088342073418 0.12521174477696217 0.024203307785397338 0.024844720496894408
0 0.24102460669624848 0.12521174477696217 0.07664380798709157 0.025691699604743084
0 0.27329568374344493 0.12478825522303783 0.026623638563937072 0.022303783173348392
0 0.3031464300121017 0.12380011293054771 0.04033884630899556 0.022303783173348392
0 0.3582089552238806 0.12888198757763975 0.08188785800726099 0.03303218520609825
0 0.3672851956434046 0.13085827216262 0.003227107704719645 0.012422360248447204
0 0.40318676885841065 0.12549407114624506 0.057684550221863654 0.023715415019762844
0 0.4322307382008875 0.12535290796160362 0.033884630899556276 0.015245623941276116
0 0.12202501008471157 0.15189158667419536 0.09116579265832997 0.02456239412761152
0 0.19604679306171843 0.15160926030491248 0.10044372730939895 0.024280067758328628
0 0.22730939895118998 0.1507622811970638 0.02702702702702703 0.020609824957651044
0 0.25857200484066156 0.15118577075098813 0.03751512706736587 0.021174477696216828
0 0.33682936668011293 0.15019762845849802 0.127470754336426 0.023150762281197064
0 0.34308188785800725 0.14892715979672502 0.0028237192416296895 0.002540937323546019
0 0.36385639370713996 0.15019762845849802 0.022993142396127472 0.023150762281197064
0 0.42174263816054863 0.1557029926595144 0.08672851956434045 0.023433088650479956
0 0.10125050423557887 0.18252399774138905 0.050423557886244454 0.03500846979107849
0 0.15389269866881808 0.1771597967250141 0.06171843485276321 0.025409373235460192
0 0.18676885841064947 0.17588932806324112 0.030254134731746672 0.023715415019762844
0 0.20976200080677693 0.17546583850931677 0.019766034691407825 0.012987012987012988
0 0.2672448567970956 0.18012422360248448 0.07946752722872126 0.032185206098249576
0 0.32876159741831384 0.17998306041784304 0.09156918112141993 0.031055900621118012
0 0.3741427995159338 0.17574816487859965 0.07301331181928197 0.015527950310559006
0 0.41871722468737393 0.17532467532467533 0.063735377168213 0.02258610954263128
0 0.09197256958450989 0.20214568040654998 0.04154901169826543 0.022868435911914172
0 0.18293666801129488 0.20581592320722755 0.13432835820895522 0.03020892151326934
0 0.18797902379991932 0.21019198193111235 0.0028237192416296895 0.016092603049124788
0 0.30032271077047196 0.20722755505364202 0.1980637353771682 0.03190287972896669
0 0.3644614764017749 0.20186335403726707 0.09802339653085922 0.023433088650479956
0 0.3672851956434046 0.2012987012987013 0.0024203307785397336 0.003105590062111801
0 0.39108511496571197 0.20228684359119142 0.022993142396127472 0.023150762281197064
0 0.4376764824526019 0.20186335403726707 0.06212182331585317 0.023433088650479956
0 0.16498588140379186 0.23178994918125354 0.1855586930213796 0.03472614342179559
0 0.2055264219443324 0.22586109542631283 0.043969342476805166 0.0189158667419537
0 0.2613957240822912 0.22699040090344438 0.08350141185962082 0.0220214568040655
0 0.3007260992335619 0.22713156408808582 0.045986284792254944 0.017221908526256352
0 0.3245260185558693 0.2264257481648786 0.01855586930213796 0.022303783173348392
0 0.4144816458249294 0.23475437605872387 0.14481645824929407 0.040654997176736304
0 0.11375554659136748 0.25395256916996045 0.08148446954417103 0.024844720496894408
0 0.1290843081887858 0.26002258610954265 0.004437273093989512 0.014963297571993224
0 0.1619604679306172 0.2542348955392434 0.050826946349334406 0.02258610954263128
0 0.2154094392900363 0.25381140598531904 0.07745058491327148 0.023715415019762844
0 0.2525211778943122 0.2522586109542631 0.045986284792254944 0.022868435911914172
0 0.34429205324727713 0.25607001693958215 0.1500605082694635 0.030491247882552232
0 0.3652682533279548 0.25296442687747034 0.020976200080677694 0.024280067758328628
0 0.3983461073013312 0.2523997741389046 0.03872529245663574 0.023150762281197064
0 0.42960871319080274 0.25296442687747034 0.03993545784590561 0.023150762281197064
0 0.1044776119402985 0.28063241106719367 0.05647438483259379 0.030491247882552232
0 0.15167406212182333 0.2782326369282891 0.05808793868495361 0.025409373235460192
0 0.21319080274304156 0.2795031055900621 0.08874546187979024 0.027950310559006212
0 0.2436466317063332 0.27851496329757197 0.026220250100847116 0.025691699604743084
0 0.263412666397741 0.27639751552795033 0.021782977006857603 0.022303783173348392
0 0.373134328358209 0.28274985883681536 0.1863654699475595 0.034443817052512704
0 0.38241226300927794 0.2821852060982496 0.004437273093989512 0.012704686617730096
0 0.4463493344090359 0.28289102202145683 0.11536910044372731 0.03698475437605872
0 0.44796288826139574 0.2845849802371542 0.0060508269463493344 0.014116318464144552
0 0.09862847922549416 0.3040654997176736 0.0500201694231545 0.024280067758328628
0 0.14360629286002422 0.3029361942405421 0.05808793868495361 0.025974025974025976
0 0.24667204517950786 0.3090062111801242 0.17144009681323114 0.03811405985319029
0 0.25332795482049214 0.30335968379446643 0.006857603872529245 0.00282326369282891
0 0.2809600645421541 0.30350084697910784 0.0326744655102864 0.023150762281197064
0 0.30475998386446146 0.30194805194805197 0.020572811617587738 0.021456804065499716
0 0.3380395320693828 0.30251270468661773 0.043162565550625254 0.021174477696216828
0 0.3799919322307382 0.3030773574251835 0.06131504638967326 0.017221908526256352
0 0.40883420734167003 0.30350084697910784 0.02702702702702703 0.023150762281197064
0 0.4590560709963695 0.3067476002258611 0.08067769261799113 0.030491247882552232
0 0.0899556272690601 0.32792207792207795 0.03711173860427592 0.021456804065499716
0 0.136345300524405 0.32891022021456806 0.04961678096006454 0.026821005081874648
0 0.18495361032674465 0.32891022021456806 0.06292860024203308 0.0251270468661773
0 0.2146026623638564 0.32834556747600224 0.019766034691407825 0.0251270468661773
0 0.24102460669624848 0.3274985883681536 0.020976200080677694 0.014680971202710334
0 0.2974989915288423 0.32792207792207795 0.0790641387656313 0.025691699604743084
0 0.3426784993949173 0.3286278938452851 0.06212182331585317 0.0220214568040655
0 0.38886647841871724 0.3297571993224167 0.08027430415490117 0.02258610954263128
0 0.4277934651068979 0.3277809147374365 0.048406615570794675 0.020892151326933936
0 0.08410649455425574 0.35403726708074534 0.026220250100847116 0.024844720496894408
0 0.1254538120209762 0.3543195934500282 0.06171843485276321 0.024844720496894408
0 0.16881807180314642 0.3551665725578769 0.04679306171843485 0.027385657820440428
0 0.21883824122630094 0.354884246188594 0.07301331181928197 0.026821005081874648
0 0.26220250100847114 0.35502540937323546 0.053247277127874144 0.021739130434782608
0 0.31787010891488504 0.3538961038961039 0.07220653489310205 0.023433088650479956
0 0.3830173457039129 0.36038961038961037 0.09640984267849939 0.026821005081874648
0 0.38967325534489716 0.352343308865048 0.0024203307785397336 0.0016939582156973462
