0 316.0974183138362 943.0158102766799 0.19483662767244858 0.03162055335968379
0 839.0645421540944 940.0175042348956 0.1290843081887858 0.03500846979107849
0 1205.0034288019363 1008.003529079616 0.006857603872529245 0.007058159232072276
0 1250.0352964905203 941.011434217956 0.07059298104074223 0.022868435911914172
0 1490.042960871319 931.0125635234331 0.08592174263816055 0.0251270468661773
0 1764.0342880193627 942.0103049124788 0.06857603872529246 0.020609824957651044
0 1980.0179507866076 938.0110107284021 0.035901573215006054 0.0220214568040655
0 321.033682936668 1109.0186335403728 0.06736587333602259 0.037267080745341616
0 496.00504235578865 1200.00395256917 0.01008471157724889 0.007905138339920948
0 548.0490116982654 1130.0139751552795 0.09802339653085922 0.027950310559006212
0 820.04699475595 1126.0159514398645 0.09398951189995966 0.03190287972896669
0 1093.0639370713998 1120.0167984189723 0.12787414279951592 0.03359683794466403
0 1441.0018152480839 1192.0018351214003 0.003630496167809601 0.0036702428006775835
0 1489.0272287212586 1131.0097402597403 0.05445744251714401 0.01948051948051948
0 1674.0391286809197 1129.0128458498023 0.0782573618394514 0.025691699604743084
0 1904.0635336829366 1109.0112930547714 0.12706736587333603 0.02258610954263128
0 2223.003025413473 1179.0032467532467 0.0060508269463493344 0.006493506493506494
0 319.0439693424768 1496.0111518915867 0.08793868495361033 0.022303783173348392
0 556.0042355788624 1553.00395256917 0.008471157724889069 0.007905138339920948
0 599.0308592174264 1502.0094579333709 0.06171843485276321 0.0189158667419537
0 761.0286405808794 1505.0081874647092 0.0572811617587737 0.01637492941840768
0 939.0540540540541 1494.0159514398645 0.10810810810810811 0.03190287972896669
0 1240.059903186769 1495.0112930547714 0.11980637353771682 0.02258610954263128
0 1572.0026220250102 1561.001976284585 0.0052440500201694235 0.003952569169960474
0 1627.0179507866076 1495.0119988706945 0.035901573215006054 0.023997741389045736
0 1756.1022589753934 1493.0142574816489 0.2045179507866075 0.028514963297571992
0 2266.0038321903994 1544.0032467532467 0.007664380798709157 0.006493506493506494
0 329.0482049213393 1667.0166572557878 0.09640984267849939 0.033314511575381144
0 607.0705929810407 1670.0167984189723 0.14118596208148446 0.03359683794466403
0 989.0619201290843 1667.016516092603 0.12384025816861638 0.03303218520609825
0 1315.0090762404195 1723.0067758328628 0.018152480839048003 0.01355166572557877
0 1406.0328761597418 1676.0166572557878 0.06575231948366277 0.033314511575381144
0 1593.034086325131 1712.0050818746472 0.0681726502622025 0.010163749294184076
0 1822.028842275111 1672.011010728402 0.057684550221863654 0.0220214568040655
0 1957.0480032271078 1667.0122811970639 0.09600645421540945 0.02456239412761152
0 338.01331181928197 1848.009881422925 0.026623638563937072 0.019762845849802372
0 444.05929810407423 1854.010587238848 0.11859620814844696 0.021174477696216828
0 787.038120209762 1854.0139751552795 0.07624041952400161 0.027950310559006212
0 1021.0322710770472 1842.0117165443253 0.0645421540943929 0.023433088650479956
0 1228.026623638564 1851.0100225861095 0.053247277127874144 0.020045172219085264
0 1387.0480032271078 1857.0095990965556 0.09600645421540945 0.019198193111236588
0 1669.0348931020574 1845.0111518915867 0.06978620411456232 0.022303783173348392
0 1845.0574828559904 1861.0155279503106 0.11496571198063735 0.031055900621118012
0 317.0407422347721 2019.0124223602484 0.08148446954417103 0.024844720496894408
0 532.0471964501816 2078.0095990965556 0.09439290036304962 0.019198193111236588
0 813.0709963695039 2031.0159514398645 0.14199273900766438 0.03190287972896669
0 1200.0361032674466 2045.0093167701864 0.07220653489310205 0.018633540372670808
0 1388.0034288019363 2093.003105590062 0.006857603872529245 0.006211180124223602
0 1420.0165389269866 2052.0081874647094 0.03307785397337636 0.01637492941840768
0 1556.02218636547 2054.0076228119706 0.04437273093989512 0.015245623941276116
0 1714.029649052037 2081.0043760587237 0.05929810407422348 0.008752117447769622
0 1911.0169423154498 2052.0100225861097 0.033884630899556276 0.020045172219085264
0 2025.0320693828157 2042.0104460756634 0.06413876563130294 0.020892151326933936
0 337.05244050020167 2199.0108695652175 0.10488100040338846 0.021739130434782608
0 637.0028237192416 2268.002823263693 0.005647438483259379 0.00564652738565782
0 668.0411456232351 2200.0128458498025 0.08229124647035095 0.025691699604743084
0 927.0498184751916 2205.0111518915865 0.09963695038321904 0.022303783173348392
0 1197.0326744655104 2223.009175607002 0.0653489310205728 0.018351214003387916
0 1418.0635336829366 2211.0142574816487 0.12706736587333603 0.028514963297571992
0 1759.0552642194434 2221.0156691134953 0.11052843888664785 0.031338226990400904
0 340.0330778539734 2404.009316770186 0.06615570794675273 0.018633540372670808
0 520.0014118596208 2464.000846979108 0.0028237192416296895 0.0016939582156973462
