0 0.11617587736990723 0.12634105025409373 0.09681323114158935 0.040654997176736304
0 0.1498588140379185 0.11928289102202146 0.057684550221863654 0.026538678712591756
0 0.2299314239612747 0.11885940146809712 0.15127067365873337 0.025974025974025976
0 0.3108108108108108 0.11843591191417278 0.13231141589350545 0.025409373235460192
0 0.3172650262202501 0.1206945228684359 0.007260992335619202 0.012704686617730096
0 0.39673255344897135 0.11970638057594579 0.14885034288019364 0.03020892151326934
0 0.40318676885841065 0.12027103331451157 0.008874546187979023 0.012987012987012988
0 0.45139169019766034 0.11843591191417278 0.0891488503428802 0.018633540372670808
0 0.17204517950786608 0.1513269339356296 0.2109721661960468 0.040372670807453416
0 0.23033481242436465 0.14695087521174477 0.09318273497377975 0.03190287972896669
0 0.34207341670028235 0.15062111801242237 0.20855183541750705 0.03867871259175607
0 0.418112141992739 0.14356295878035008 0.13231141589350545 0.02710333145115754
0 0.4235578862444534 0.14440993788819875 0.004437273093989512 0.00564652738565782
0 0.45784590560709965 0.14215132693393562 0.0645421540943929 0.021739130434782608
0 0.0927793465106898 0.16981931112365894 0.05203711173860428 0.025409373235460192
0 0.09802339653085922 0.17137210615471485 0.008067769261799113 0.012987012987012988
0 0.12585720048406615 0.16939582156973462 0.053247277127874144 0.014398644833427442
0 0.17507059298104075 0.17264257481648787 0.08108108108108109 0.031338226990400904
0 0.18233158531665994 0.17165443252399773 0.0060508269463493344 0.010163749294184076
0 0.22045179507866075 0.16939582156973462 0.06978620411456232 0.014116318464144552
0 0.2789431222267043 0.1691134952004517 0.1044776119402985 0.0220214568040655
0 0.3071803146430012 0.16897233201581027 0.03993545784590561 0.023715415019762844
0 0.3852359822509076 0.17363071710897798 0.13674868898749495 0.03359683794466403
0 0.4499798305768455 0.16840767927724448 0.11496571198063735 0.023433088650479956
0 0.4810407422347721 0.17786561264822134 0.055667607906413875 0.039525691699604744
0 0.09015732150060508 0.1950875211744777 0.04961678096006454 0.025409373235460192
0 0.1555062525211779 0.1945228684359119 0.11496571198063735 0.025974025974025976
0 0.1809197256958451 0.1935347261434218 0.035901573215006054 0.020609824957651044
0 0.236385639370714 0.19932241671372106 0.08793868495361033 0.03613777526821005
0 0.2613957240822912 0.19706380575945792 0.035901573215006054 0.029926595143986448
0 0.2956837434449375 0.1945228684359119 0.05889471561113352 0.027950310559006212
0 0.4288019362646228 0.20341614906832298 0.245663574021783 0.044607566346696784
0 0.46954417103670837 0.1945228684359119 0.06736587333602259 0.023997741389045736
0 0.10044372730939895 0.221485036702428 0.06776926179911255 0.024844720496894408
0 0.12888261395724082 0.21936758893280633 0.04033884630899556 0.025409373235460192
0 0.17648245260185558 0.21979107848673066 0.0782573618394514 0.026256352343308864
0 0.26119402985074625 0.22063805759457933 0.15691811214199275 0.023433088650479956
0 0.30919725695845096 0.22007340485601354 0.08793868495361033 0.026256352343308864
0 0.3152480839048003 0.2186617730095991 0.0024203307785397336 0.0016939582156973462
0 0.345703912868092 0.21979107848673066 0.05203711173860428 0.023150762281197064
0 0.39653085921742637 0.22430830039525693 0.08753529649052037 0.031055900621118012
0 0.4409035901573215 0.22120271033314512 0.07785397337636143 0.025974025974025976
0 0.46571198063735375 0.22092038396386224 0.045582896329164985 0.025691699604743084
0 0.07845905607099637 0.24548277809147373 0.023396530859217425 0.023715415019762844
0 0.11476401774909238 0.24647092038396387 0.05970149253731343 0.026538678712591756
0 0.17749092375958048 0.25578769057029926 0.11577248890681727 0.04686617730095991
0 0.20693828156514724 0.24421230942970074 0.03509479628882614 0.011575381140598532
0 0.23719241629689392 0.24463579898362506 0.04154901169826543 0.025974025974025976
0 0.3116175877369907 0.2450592885375494 0.1327148043565954 0.027385657820440428
0 0.3654699475594998 0.24520045172219085 0.09156918112141993 0.02766798418972332
0 0.3664784187172247 0.2471767363071711 0.009681323114158934 0.009034443817052512
0 0.44675272287212586 0.24463579898362506 0.14320290439693426 0.024844720496894408
0 0.47418313836224285 0.24887069452286845 0.041145623235175476 0.030491247882552232
0 0.11415893505445744 0.2714568040654997 0.10205728116175877 0.028514963297571992
0 0.16034691407825735 0.2707509881422925 0.07260992335619201 0.025691699604743084
0 0.23618394513916902 0.27032749858836813 0.13795885437676483 0.0251270468661773
0 0.2436466317063332 0.2713156408808583 0.006857603872529245 0.009599096555618294
0 0.290843081887858 0.2795031055900621 0.08390480032271078 0.04206662902315076
0 0.33098023396530857 0.26976284584980237 0.06252521177894312 0.023715415019762844
0 0.3961274707543364 0.2787972896668549 0.12101653892698669 0.03980801806888763
0 0.4445340863251311 0.2694805194805195 0.08471157724889068 0.026821005081874648
0 0.4764017749092376 0.27060982495765107 0.05163372327551432 0.026538678712591756
0 0.11617587736990723 0.3040654997176736 0.09923356192012908 0.032185206098249576
0 0.21117386042759176 0.30335968379446643 0.18031464300121017 0.040654997176736304
0 0.24606696248487292 0.30011293054771315 0.045582896329164985 0.034443817052512704
0 0.34590560709963697 0.29587803500846976 0.18031464300121017 0.025691699604743084
0 0.3499394917305365 0.2951722190852626 0.0028237192416296895 0.002540937323546019
