0 0.09721661960467931 0.11885940146809712 0.0681726502622025 0.024844720496894408
0 0.14703509479628882 0.11758893280632411 0.08874546187979024 0.023715415019762844
0 0.16881807180314642 0.11843591191417278 0.024203307785397338 0.022868435911914172
0 0.22670431625655507 0.11900056465273856 0.09963695038321904 0.025691699604743084
0 0.2472771278741428 0.11914172783738002 0.03428801936264623 0.020045172219085264
0 0.28398547801532875 0.11914172783738002 0.06010488100040339 0.023997741389045736
0 0.34953610326744655 0.12902315076228119 0.11657926583299717 0.04517221908526256
0 0.3557886244453409 0.1209768492377188 0.008067769261799113 0.011857707509881422
0 0.3981444130697862 0.11914172783738002 0.07341670028237192 0.018633540372670808
0 0.4292053247277128 0.11885940146809712 0.055667607906413875 0.012140033879164314
0 0.13110125050423557 0.14412761151891587 0.12505042355788623 0.02456239412761152
0 0.2029043969342477 0.14370412196499152 0.12989108511496572 0.020327498588368152
0 0.23114158935054457 0.1442687747035573 0.03227107704719645 0.021456804065499716
0 0.2692617991125454 0.1442687747035573 0.05647438483259379 0.022303783173348392
0 0.36304961678096004 0.1448334274421231 0.16861637757160144 0.024280067758328628
0 0.3691004437273094 0.14342179559570864 0.0024203307785397336 0.001411631846414455
0 0.3882613957240823 0.1432806324110672 0.02743041549011698 0.020609824957651044
0 0.45118999596611536 0.15302089215132694 0.11617587736990723 0.032185206098249576
0 0.0982250907624042 0.17871259175607002 0.05889471561113352 0.044042913608131
0 0.145623235175474 0.16897233201581027 0.0754336425978217 0.02456239412761152
0 0.16982654296087132 0.16897233201581027 0.03307785397337636 0.0220214568040655
0 0.18959257765227913 0.16854884246188595 0.020976200080677694 0.01355166572557877
0 0.2517144009681323 0.17814793901750423 0.1044776119402985 0.04178430265386787
0 0.3174667204517951 0.1792772444946358 0.11294876966518758 0.04009034443817053
0 0.37394110528438884 0.17052512704686618 0.09721661960467931 0.013269339356295878
0 0.417910447761194 0.17010163749294185 0.07099636950383219 0.022303783173348392
0 0.4616780960064542 0.1702428006775833 0.07099636950383219 0.0251270468661773
0 0.1811214199273901 0.22840203274985885 0.23759580475998388 0.036420101637492944
0 0.21803146430012102 0.22035573122529645 0.0536506655909641 0.022868435911914172
0 0.29144816458249295 0.22007340485601354 0.12424364663170634 0.02258610954263128
0 0.32654296087131907 0.22162619988706944 0.05486083098023396 0.016092603049124788
0 0.345502218636547 0.22162619988706944 0.02501008471157725 0.019762845849802372
0 0.44574425171440096 0.2305194805194805 0.1799112545381202 0.043478260869565216
0 0.12222670431625655 0.24576510446075664 0.11738604275917709 0.022303783173348392
0 0.1252521177894312 0.24760022586109542 0.006857603872529245 0.012422360248447204
0 0.16478418717224688 0.24576510446075664 0.07341670028237192 0.019762845849802372
0 0.2063331988705123 0.2453416149068323 0.07139975796692215 0.02258610954263128
0 0.24384832593787817 0.24590626764539808 0.058491327148043566 0.022868435911914172
0 0.3491327148043566 0.2490118577075099 0.18757563533682936 0.024280067758328628
0 0.37474788221056876 0.2466120835686053 0.0318676885841065 0.023150762281197064
0 0.40843081887858007 0.2484472049689441 0.05687777329568374 0.029079616036137776
0 0.4475594997983058 0.24604743083003952 0.0609116579265833 0.022303783173348392
0 0.10609116579265833 0.2732919254658385 0.08229124647035095 0.03274985883681536
0 0.1565147236789028 0.27089215132693395 0.08390480032271078 0.027950310559006212
0 0.24102460669624848 0.275974025974026 0.14602662363856395 0.040654997176736304
0 0.2656313029447358 0.2715979672501412 0.03227107704719645 0.025691699604743084
0 0.2878176684146833 0.27103331451157536 0.02501008471157725 0.025691699604743084
0 0.4237595804759984 0.2768210050818746 0.25010084711577246 0.038396386222473176
0 0.4288019362646228 0.2723037831733484 0.008067769261799113 0.01129305477131564
0 0.15611133521581283 0.30110107284020327 0.17870108914885036 0.036420101637492944
0 0.16034691407825735 0.29700734048560135 0.005647438483259379 0.010446075663466968
0 0.20592981040742234 0.2963015245623941 0.08390480032271078 0.027385657820440428
0 0.2559499798305768 0.2996894409937888 0.09076240419524001 0.03162055335968379
0 0.3136345300524405 0.3026538678712592 0.10205728116175877 0.037549407114624504
0 0.3622428398547802 0.2941840767927724 0.08108108108108109 0.019198193111236588
0 0.41044776119402987 0.29884246188594016 0.08592174263816055 0.032467532467532464
0 0.4463493344090359 0.29474872953133824 0.06010488100040339 0.019762845849802372
0 0.15873336022589754 0.32919254658385094 0.1871722468737394 0.03698475437605872
0 0.1617587736990722 0.3222755505364201 0.005647438483259379 0.006493506493506494
0 0.1881807180314643 0.3210050818746471 0.03993545784590561 0.02456239412761152
0 0.2101653892698669 0.32185206098249575 0.02501008471157725 0.023715415019762844
0 0.2482855990318677 0.3219932241671372 0.05970149253731343 0.029644268774703556
0 0.29709560306575233 0.3211462450592885 0.07866075030254134 0.01637492941840768
0 0.32654296087131907 0.320016939582157 0.03509479628882614 0.021739130434782608
0 0.39774102460669625 0.3287690570299266 0.11859620814844696 0.03867871259175607
0 0.4441306978620411 0.320016939582157 0.07422347720855184 0.025691699604743084
0 0.10649455425574829 0.34966120835686054 0.07785397337636143 0.029644268774703556
0 0.163574021782977 0.34754376058723885 0.09681323114158935 0.028797289666854884
0 0.18596208148446955 0.3474025974025974 0.02702702702702703 0.020892151326933936
0 0.20492133924969747 0.34641445511010727 0.02218636546994756 0.01355166572557877
0 0.27208551835417505 0.34669678147939015 0.11859620814844696 0.025409373235460192
0 0.31040742234772084 0.34627329192546585 0.0572811617587737 0.020609824957651044
0 0.3775716014521985 0.34669678147939015 0.11496571198063735 0.026256352343308864
0 0.4237595804759984 0.34542631281761715 0.07220653489310205 0.023997741389045736
0 0.44695441710367084 0.3458498023715415 0.0391286809197257 0.023433088650479956
0 0.1099233561920129 0.37295313382269907 0.0899556272690601 0.026538678712591756
0 0.14481645824929407 0.3725296442687747 0.0609116579265833 0.025691699604743084
0 0.2055264219443324 0.37210615471485037 0.09035901573215006 0.024844720496894408
0 0.2509076240419524 0.3719649915302089 0.0754336425978217 0.0220214568040655
0 0.30879386849536106 0.37140033879164314 0.09479628882613957 0.0220214568040655
0 0.3711173860427592 0.3790231507622812 0.10044372730939895 0.031338226990400904
0 0.37575635336829366 0.371682665160926 0.006857603872529245 0.006211180124223602
