0 312.0326744655103 758.0190570299266 0.0653489310205728 0.03811405985319029
0 548.0219846712384 765.0090344438171 0.043969342476805166 0.018068887634105024
0 684.0455828963292 758.0100225861096 0.09116579265832997 0.020045172219085264
0 976.0459862847922 759.009457933371 0.09197256958450989 0.0189158667419537
0 1238.002218636547 811.0043760587239 0.004437273093989512 0.008752117447769622
0 1287.0552642194434 758.0142574816488 0.11052843888664785 0.028514963297571992
0 1585.0032271077048 813.0062111801242 0.00645421540943929 0.012422360248447204
0 1653.0334812424364 779.0076228119707 0.06696248487293263 0.015245623941276116
0 1879.082492940702 763.0199040090345 0.16498588140379186 0.03980801806888763
0 273.035901573215 929.0172219085263 0.07180314643001211 0.034443817052512704
0 515.085114965712 939.0143986448335 0.17022993142396128 0.028797289666854884
0 1000.0488100040338 943.0091756070017 0.09762000806776926 0.018351214003387916
0 1267.0010084711578 999.0009881422925 0.002016942315449778 0.001976284584980237
0 1331.0209762000807 934.0105872388481 0.04195240016135539 0.021174477696216828
0 1502.0246066962484 953.0095990965556 0.04921339249697459 0.019198193111236588
0 1657.0032271077048 992.0060700169396 0.00645421540943929 0.012140033879164314
0 1715.0219846712384 967.0069169960474 0.043969342476805166 0.01383399209486166
0 1905.0294473578056 938.0148221343874 0.05889471561113352 0.029644268774703556
0 2064.004033884631 994.0073404856014 0.008067769261799113 0.014680971202710334
0 2136.0310609116577 962.0070581592321 0.06212182331585317 0.014116318464144552
0 287.0457845905607 1133.010304912479 0.09156918112141993 0.020609824957651044
0 611.0112948769665 1117.0087521174478 0.022589753933037516 0.017504234895539244
0 744.0558693021379 1111.0160926030492 0.11173860427591771 0.032185206098249576
0 1102.042960871319 1126.0091756070017 0.08592174263816055 0.018351214003387916
0 1406.0191609519968 1133.0214568040656 0.038321903993545785 0.04291360813099943
0 1566.0209762000807 1117.0104460756634 0.04195240016135539 0.020892151326933936
0 1746.0510286405809 1125.009881422925 0.10205728116175877 0.019762845849802372
0 2048.018152480839 1130.0087521174478 0.03630496167809601 0.017504234895539244
0 2196.032271077047 1123.0148221343873 0.0645421540943929 0.029644268774703556
0 284.015530455829 1305.014539808018 0.031060911657926585 0.029079616036137776
0 433.02258975393306 1289.0104460756634 0.04517950786607503 0.020892151326933936
0 636.1075030254135 1292.018492377188 0.21500605082694635 0.03698475437605872
0 1235.0393303751512 1295.0124223602484 0.07866075030254134 0.024844720496894408
0 1506.0530455828964 1300.0114342179559 0.10609116579265833 0.022868435911914172
0 1832.0240016135538 1302.011010728402 0.04800322710770472 0.0220214568040655
0 2005.0324727712787 1302.0101637492942 0.06494554255748286 0.020327498588368152
0 269.0711980637354 1490.0094579333709 0.14239612747075434 0.0189158667419537
0 716.0371117386043 1473.011010728402 0.07422347720855184 0.0220214568040655
0 925.0012101653892 1529.0008469791078 0.0024203307785397336 0.0016939582156973462
0 1002.0284388866478 1481.009881422925 0.05687777329568374 0.019762845849802372
0 1207.0433642597823 1473.0158102766798 0.08672851956434045 0.03162055335968379
0 1500.0312626058894 1476.0108695652175 0.06252521177894312 0.021739130434782608
0 1702.0256151674062 1481.0119988706945 0.051230334812424366 0.023997741389045736
0 1892.0153287615974 1487.0093167701864 0.03065752319483663 0.018633540372670808
0 2029.0278338039532 1483.0100225861095 0.055667607906413875 0.020045172219085264
0 270.0498184751916 1650.0207509881423 0.09963695038321904 0.041501976284584984
0 611.019967728923 1677.0094579333709 0.03993545784590561 0.0189158667419537
0 787.0114965711981 1658.008328627894 0.022993142396127472 0.016657255787690572
0 943.0558693021379 1658.0097402597403 0.11173860427591771 0.01948051948051948
0 1285.029649052037 1662.0114342179559 0.05929810407422348 0.022868435911914172
0 1446.0040338846309 1715.0062111801242 0.008067769261799113 0.012422360248447204
0 1510.0556676079063 1655.0119988706945 0.11133521581282775 0.023997741389045736
0 1847.0153287615974 1665.0146809712028 0.03065752319483663 0.029361942405420668
0 1975.0316659943526 1664.0091756070017 0.06333198870512304 0.018351214003387916
0 2200.028438886648 1662.0093167701864 0.05687777329568374 0.018633540372670808
0 278.0578862444534 1852.0084697910786 0.11577248890681727 0.01693958215697346
0 598.0042355788624 1879.0080463015245 0.008471157724889069 0.016092603049124788
0 661.031060911658 1826.0218802936195 0.06212182331585317 0.04376058723884811
0 912.0231948366277 1839.009881422925 0.0463896732553449 0.019762845849802372
0 1106.044776119403 1836.0186335403728 0.08955223880597014 0.037267080745341616
0 1397.0306575231948 1831.0111518915867 0.06131504638967326 0.022303783173348392
0 1620.0227914481645 1843.0101637492942 0.045582896329164985 0.020327498588368152
0 1793.0417507059299 1861.0139751552795 0.08350141185962082 0.027950310559006212
0 2066.0643404598627 1836.0180688876342 0.12868091972569584 0.03613777526821005
0 287.01311012505045 2018.014963297572 0.026220250100847116 0.029926595143986448
0 472.0643404598629 2011.0114342179559 0.12868091972569584 0.022868435911914172
0 806.0012101653892 2073.000846979108 0.0024203307785397336 0.0016939582156973462
