0 0.07946752722872126 0.11970638057594579 0.029043969342476807 0.023715415019762844
0 0.15590964098426785 0.1266233766233766 0.13110125050423557 0.038396386222473176
0 0.19302137958854376 0.11871823828345568 0.058491327148043566 0.02456239412761152
0 0.2781363453005244 0.1261998870694523 0.16216216216216217 0.03867871259175607
0 0.3192819685356999 0.12944664031620554 0.07260992335619201 0.04432523997741389
0 0.33783783783783783 0.11956521739130435 0.024606696248487294 0.023715415019762844
0 0.4409035901573215 0.12238848108413326 0.18959257765227913 0.03162055335968379
0 0.09237595804759983 0.15005646527385658 0.05647438483259379 0.03585544889892716
0 0.12484872932634127 0.1442687747035573 0.050826946349334406 0.014680971202710334
0 0.1663977410246067 0.14440993788819875 0.0645421540943929 0.021456804065499716
0 0.21742638160548608 0.1445511010728402 0.08793868495361033 0.013269339356295878
0 0.2236789027833804 0.14342179559570864 0.003227107704719645 0.0036702428006775835
0 0.2672448567970956 0.14568040654997177 0.06333198870512304 0.03020892151326934
0 0.29810407422347723 0.14539808018068887 0.03711173860427592 0.026821005081874648
0 0.3150463896732553 0.14440993788819875 0.025413473174667203 0.018068887634105024
0 0.33400564743848327 0.1442687747035573 0.019766034691407825 0.012422360248447204
0 0.3947156111335216 0.1551383399209486 0.10972166196046793 0.034161490683229816
0 0.45320693828156516 0.14440993788819875 0.10326744655102864 0.021174477696216828
0 0.11678096006454215 0.1696781479390175 0.10972166196046793 0.0189158667419537
0 0.12141992739007665 0.17334839073969507 0.008874546187979023 0.014116318464144552
0 0.20835014118596207 0.17871259175607002 0.1609519967728923 0.04121964991530209
0 0.25655506252521176 0.1715132693393563 0.08067769261799113 0.029361942405420668
0 0.3208955223880597 0.1702428006775833 0.11214199273900767 0.012987012987012988
0 0.36688180718031466 0.17038396386222474 0.0754336425978217 0.0251270468661773
0 0.4027833803953207 0.17913608130999437 0.06494554255748286 0.04009034443817053
0 0.46006454215409437 0.17038396386222474 0.10488100040338846 0.017786561264822136
0 0.09015732150060508 0.20172219085262563 0.05889471561113352 0.03867871259175607
0 0.11254538120209762 0.19438170525127046 0.02379991932230738 0.014398644833427442
0 0.17224687373941105 0.2041219649915302 0.1036708350141186 0.043478260869565216
0 0.2559499798305768 0.1956521739130435 0.15207745058491326 0.025974025974025976
0 0.34045986284792257 0.1950875211744777 0.14764017749092376 0.024280067758328628
0 0.3646631706333199 0.1950875211744777 0.03670835014118596 0.025409373235460192
0 0.39975796692214605 0.19635798983625072 0.0609116579265833 0.02456239412761152
0 0.46954417103670837 0.19579333709768493 0.12505042355788623 0.02456239412761152
0 0.11173860427591771 0.22007340485601354 0.09116579265832997 0.025409373235460192
0 0.13937071399757966 0.2199322416713721 0.041145623235175476 0.01355166572557877
0 0.19221460266236384 0.22063805759457933 0.09156918112141993 0.020327498588368152
0 0.22186365469947558 0.22092038396386224 0.045582896329164985 0.014398644833427442
0 0.24969745865268253 0.22063805759457933 0.04195240016135539 0.024844720496894408
0 0.282170229931424 0.21950875211744778 0.052843888664784185 0.02456239412761152
0 0.40116982654296085 0.2230378317334839 0.21702299314239612 0.02710333145115754
0 0.46752722872125857 0.22106154714850368 0.12464703509479629 0.023997741389045736
0 0.472771278741428 0.22374364765669114 0.012505042355788625 0.011857707509881422
0 0.09580475998386447 0.24491812535290797 0.057684550221863654 0.020045172219085264
0 0.14017749092375958 0.2456239412761152 0.07059298104074223 0.02258610954263128
0 0.16881807180314642 0.24548277809147373 0.038321903993545785 0.014116318464144552
0 0.18697055264219442 0.2450592885375494 0.021782977006857603 0.012987012987012988
0 0.2789431222267043 0.2502823263692829 0.16498588140379186 0.031055900621118012
0 0.32311415893505446 0.24604743083003952 0.07583703106091166 0.018351214003387916
0 0.4237595804759984 0.24872953133822698 0.1827349737797499 0.029361942405420668
0 0.45219846712384026 0.2453416149068323 0.04154901169826543 0.022868435911914172
0 0.10104881000403389 0.2707509881422925 0.07422347720855184 0.025691699604743084
0 0.1290843081887858 0.2714568040654997 0.03670835014118596 0.021174477696216828
0 0.16780960064542155 0.26976284584980237 0.05808793868495361 0.018351214003387916
0 0.22287212585720048 0.27089215132693395 0.09479628882613957 0.026256352343308864
0 0.2527228721258572 0.27442123094297005 0.04517950786607503 0.029926595143986448
0 0.2974989915288423 0.27188029361942406 0.08632513110125051 0.0189158667419537
0 0.3017345703912868 0.2701863354037267 0.003227107704719645 0.002540937323546019
0 0.3253327954820492 0.2717391304347826 0.030254134731746672 0.028232636928289104
0 0.3898749495764421 0.27188029361942406 0.10609116579265833 0.023150762281197064
0 0.4302137958854377 0.2694805194805195 0.06131504638967326 0.017504234895539244
0 0.4772085518354175 0.2723037831733484 0.08551835417507059 0.014680971202710334
0 0.10145219846712385 0.29573687182382835 0.07180314643001211 0.019762845849802372
0 0.14764017749092376 0.3049124788255223 0.0754336425978217 0.03585544889892716
0 0.18878580072609924 0.29686617730095993 0.0609116579265833 0.026256352343308864
0 0.2265026220250101 0.29672501411631846 0.05687777329568374 0.025974025974025976
0 0.3128277531262606 0.2987012987012987 0.14764017749092376 0.029361942405420668
0 0.36264622831787013 0.3037831733483907 0.06938281565147236 0.04009034443817053
0 0.39108511496571197 0.2992659514398645 0.04235578862444534 0.03020892151326934
0 0.4481645824929407 0.296583850931677 0.09560306575231949 0.014963297571993224
0 0.17244856797095603 0.32594579333709767 0.208955223880597 0.029079616036137776
0 0.2156111335215813 0.32185206098249575 0.07382008874546188 0.020892151326933936
0 0.3116175877369907 0.3294748729531338 0.17224687373941105 0.03698475437605872
0 0.32674465510286405 0.3188876341050254 0.022993142396127472 0.003952569169960474
0 0.33965308592174265 0.3123941276115189 0.011294876966518758 0.007622811970638058
0 0.3709156918112142 0.3290513833992095 0.06010488100040339 0.028514963297571992
0 0.42295280354981846 0.32185206098249575 0.0826946349334409 0.018351214003387916
0 0.4846712384025817 0.32241671372106157 0.11335215812827754 0.016092603049124788
0 0.08511496571198064 0.3469791078486731 0.03953206938281565 0.021739130434782608
0 0.13775716014521985 0.3474025974025974 0.08390480032271078 0.02456239412761152
0 0.17789431222267044 0.353613777526821 0.06212182331585317 0.028232636928289104
0 0.22972972972972974 0.34726143421795597 0.07664380798709157 0.022303783173348392
0 0.2678499394917305 0.3555900621118012 0.0609116579265833 0.029644268774703556
0 0.30919725695845096 0.3476849237718803 0.06494554255748286 0.014116318464144552
0 0.38563937071399756 0.3577075098814229 0.13432835820895522 0.0471485036702428
0 0.4257765227914482 0.34853190287972896 0.0645421540943929 0.028797289666854884
