0 0.08148446954417103 0.12012987012987013 0.022589753933037516 0.023997741389045736
0 0.13110125050423557 0.12041219649915302 0.07704719645018153 0.025691699604743084
0 0.13594191206131503 0.12380011293054771 0.004437273093989512 0.009881422924901186
0 0.20310609116579265 0.12351778656126482 0.11335215812827754 0.02710333145115754
0 0.20835014118596207 0.1228119706380576 0.005647438483259379 0.009599096555618294
0 0.24949576442113755 0.12027103331451157 0.06978620411456232 0.015810276679841896
0 0.3263412666397741 0.11970638057594579 0.12464703509479629 0.023715415019762844
0 0.3914885034288019 0.1225296442687747 0.10286405808793868 0.028514963297571992
0 0.42940701895925776 0.11716544325239978 0.05970149253731343 0.021174477696216828
0 0.1389673255344897 0.14582156973461322 0.14158935054457442 0.0220214568040655
0 0.17325534489713595 0.14440993788819875 0.031060911657926585 0.021456804065499716
0 0.20310609116579265 0.14356295878035008 0.03227107704719645 0.020327498588368152
0 0.2789431222267043 0.14935064935064934 0.10851149657119806 0.03274985883681536
0 0.3096006454215409 0.14836250705815923 0.03509479628882614 0.028797289666854884
0 0.390883420734167 0.147656691134952 0.1371520774505849 0.03020892151326934
0 0.41670028237192414 0.1432806324110672 0.026220250100847116 0.0189158667419537
0 0.1306978620411456 0.17574816487859965 0.12263009277934651 0.03274985883681536
0 0.15711980637353773 0.1691134952004517 0.02218636546994756 0.01355166572557877
0 0.2702702702702703 0.17080745341614906 0.19402985074626866 0.025691699604743084
0 0.3745461879790238 0.17447769621682666 0.17749092375958048 0.03359683794466403
0 0.42839854780153286 0.17010163749294185 0.08874546187979024 0.02456239412761152
0 0.09560306575231949 0.1960756634669678 0.0500201694231545 0.023997741389045736
0 0.12787414279951592 0.19536984754376058 0.033481242436466316 0.02456239412761152
0 0.1920129084308189 0.1950875211744777 0.09600645421540945 0.0220214568040655
0 0.27228721258572003 0.19466403162055335 0.12505042355788623 0.021456804065499716
0 0.31020572811617586 0.1956521739130435 0.05244050020169423 0.019762845849802372
0 0.33763614360629285 0.1956521739130435 0.04033884630899556 0.0189158667419537
0 0.39128680919725695 0.19551101072840205 0.08672851956434045 0.022303783173348392
0 0.11617587736990723 0.22134387351778656 0.09883017345703912 0.019198193111236588
0 0.15389269866881808 0.2204968944099379 0.04719645018152481 0.021739130434782608
0 0.18132311415893507 0.21964991530208922 0.022993142396127472 0.021739130434782608
0 0.2482855990318677 0.22473178994918125 0.10891488503428802 0.031338226990400904
0 0.25514320290439696 0.22416713721061546 0.003227107704719645 0.01129305477131564
0 0.35034288019362647 0.22134387351778656 0.18152480839048002 0.021739130434782608
0 0.4300121016538927 0.22077922077922077 0.13473174667204518 0.0220214568040655
0 0.43586123436869706 0.220214568040655 0.004033884630899556 0.005081874647092038
0 0.08713190802743041 0.24604743083003952 0.03993545784590561 0.019198193111236588
0 0.13231141589350545 0.24731789949181254 0.06615570794675273 0.02258610954263128
0 0.13654699475594997 0.251270468661773 0.0028237192416296895 0.012140033879164314
0 0.19766034691407824 0.2502823263692829 0.10568777732956837 0.02766798418972332
0 0.20492133924969747 0.24957651044607565 0.002016942315449778 0.010446075663466968
0 0.23860427591770875 0.25169395821569734 0.050423557886244454 0.025409373235460192
0 0.299919322307382 0.24647092038396387 0.10246066962484873 0.022868435911914172
0 0.32230738200887454 0.24548277809147373 0.02581686163775716 0.012422360248447204
0 0.35175473981444133 0.2453416149068323 0.042759177087535294 0.020045172219085264
0 0.3836224283985478 0.24477696216826653 0.03751512706736587 0.017786561264822136
0 0.4396934247680516 0.24971767363071712 0.08753529649052037 0.029361942405420668
0 0.13795885437676483 0.2723037831733484 0.1355385235982251 0.021456804065499716
0 0.1674062121823316 0.27188029361942406 0.019766034691407825 0.024280067758328628
0 0.19766034691407824 0.26990400903444384 0.03751512706736587 0.012987012987012988
0 0.23416700282371924 0.26990400903444384 0.053247277127874144 0.0189158667419537
0 0.2559499798305768 0.27032749858836813 0.015328761597418314 0.01129305477131564
0 0.2932634126663977 0.26976284584980237 0.05203711173860428 0.01948051948051948
0 0.33642597821702297 0.27188029361942406 0.06171843485276321 0.01355166572557877
0 0.3797902379991932 0.2715979672501412 0.0653489310205728 0.0220214568040655
0 0.40500201694231547 0.2713156408808583 0.025413473174667203 0.02258610954263128
0 0.43263412666397744 0.27117447769621683 0.03711173860427592 0.020045172219085264
0 0.14501815248083905 0.32156973461321287 0.15248083904800322 0.02258610954263128
0 0.1508672851956434 0.32029926595143987 0.004033884630899556 0.002258610954263128
