0 0.12101653892698669 0.11391869000564653 0.09519967728922953 0.028514963297571992
0 0.1663977410246067 0.12295313382269904 0.0653489310205728 0.047713156408808584
0 0.20028237192416296 0.11236589497459062 0.04195240016135539 0.012987012987012988
0 0.24041952400161357 0.11335403726708075 0.056070996369503835 0.021456804065499716
0 0.2944735780556676 0.1132128740824393 0.0782573618394514 0.017504234895539244
0 0.3533682936668011 0.12323546019198194 0.10931827349737798 0.037549407114624504
0 0.37898346107301334 0.11222473178994918 0.038321903993545785 0.01637492941840768
0 0.1228317870108915 0.1445511010728402 0.10609116579265833 0.039525691699604744
0 0.20693828156514724 0.13932806324110672 0.1319080274304155 0.025974025974025976
0 0.21480435659540137 0.14285714285714285 0.014118596208148447 0.010163749294184076
0 0.2591770875352965 0.13721061547148503 0.0609116579265833 0.019198193111236588
0 0.31867688584106496 0.13876341050254093 0.09439290036304962 0.01383399209486166
0 0.3854376764824526 0.13890457368718237 0.09802339653085922 0.01948051948051948
0 0.4388866478418717 0.1380575945793337 0.09439290036304962 0.0189158667419537
0 0.10750302541347317 0.16727837380011293 0.08632513110125051 0.028514963297571992
0 0.1661960467930617 0.16516092603049123 0.11093182734973779 0.026256352343308864
0 0.19584509883017345 0.16247882552230378 0.031060911657926585 0.016657255787690572
0 0.2446551028640581 0.16205533596837945 0.0754336425978217 0.012987012987012988
0 0.29064138765631303 0.16332580463015245 0.07018959257765228 0.021174477696216828
0 0.3424768051633723 0.16925465838509315 0.10125050423557887 0.029644268774703556
0 0.3465106897942719 0.16191417278373801 0.002016942315449778 0.001411631846414455
0 0.42617991125453814 0.16261998870694522 0.14118596208148446 0.018633540372670808
0 0.46409842678499397 0.16332580463015245 0.0653489310205728 0.0189158667419537
0 0.11436062928600242 0.19424054206662902 0.100040338846309 0.035290796160361376
0 0.15570794675272287 0.18774703557312253 0.05889471561113352 0.010728402032749858
0 0.18737394110528438 0.18774703557312253 0.052843888664784185 0.017221908526256352
0 0.21258572004840662 0.1870412196499153 0.031060911657926585 0.012140033879164314
0 0.28580072609923357 0.19649915302089216 0.12222670431625655 0.03613777526821005
0 0.28862444534086323 0.19155844155844157 0.00927793465106898 0.010728402032749858
0 0.3527632109721662 0.18831168831168832 0.09923356192012908 0.016657255787690572
0 0.3882613957240823 0.1876058723884811 0.04921339249697459 0.01637492941840768
0 0.46793061718434853 0.19395821569734614 0.13311819281968534 0.024280067758328628
0 0.46853569987898347 0.1885940146809712 0.002016942315449778 0.0016939582156973462
0 0.09257765227914481 0.2140033879164314 0.057684550221863654 0.022303783173348392
0 0.13654699475594997 0.2134387351778656 0.0609116579265833 0.017221908526256352
0 0.16317063331988704 0.21456804065499718 0.027833803953206938 0.01693958215697346
0 0.20935861234368697 0.2137210615471485 0.07664380798709157 0.020609824957651044
0 0.2615974183138362 0.22106154714850368 0.09318273497377975 0.03190287972896669
0 0.30576845502218636 0.21386222473178995 0.06615570794675273 0.017786561264822136
0 0.3317870108914885 0.21301524562394128 0.03711173860427592 0.01383399209486166
0 0.40399354578459057 0.22063805759457933 0.1189995966115369 0.03472614342179559
0 0.4497781363453005 0.2137210615471485 0.05929810407422348 0.014116318464144552
0 0.47398144413069787 0.21442687747035574 0.029043969342476807 0.014963297571993224
0 0.11415893505445744 0.24449463579898362 0.1036708350141186 0.03500846979107849
0 0.118192819685357 0.2385657820440429 0.002016942315449778 0.0016939582156973462
0 0.15732150060508268 0.23898927159796726 0.050826946349334406 0.019198193111236588
0 0.21520774505849133 0.2453416149068323 0.08672851956434045 0.03162055335968379
0 0.2581686163775716 0.24604743083003952 0.07059298104074223 0.032467532467532464
0 0.2964905203711174 0.2391304347826087 0.04961678096006454 0.017504234895539244
0 0.33945139169019767 0.24745906267645398 0.05486083098023396 0.03867871259175607
0 0.39874949576442115 0.23955392433653303 0.09197256958450989 0.021174477696216828
0 0.40943929003630497 0.23785996612083568 0.016942315449778138 0.002258610954263128
0 0.4290036304961678 0.2388481084133258 0.022589753933037516 0.011575381140598532
0 0.12343686970552642 0.2641163184641446 0.11738604275917709 0.021456804065499716
0 0.12787414279951592 0.2684923771880294 0.009681323114158934 0.009881422924901186
0 0.16780960064542155 0.264257481648786 0.052843888664784185 0.022303783173348392
0 0.23557886244453408 0.26468097120271034 0.11335215812827754 0.021456804065499716
0 0.3392496974586527 0.2648221343873518 0.17063331988705124 0.023433088650479956
0 0.4007664380798709 0.27004517221908525 0.0826946349334409 0.031055900621118012
0 0.4386849536103267 0.26990400903444384 0.050826946349334406 0.03077357425183512
0 0.11153691004437273 0.29037267080745344 0.08511496571198064 0.015527950310559006
0 0.21218233158531666 0.29051383399209485 0.16498588140379186 0.020892151326933936
0 0.22206534893102056 0.2899491812535291 0.003630496167809601 0.001976284584980237
