0 0.1553045582896329 0.22811970638057594 0.03146430012101654 0.015810276679841896
0 0.2035094796288826 0.2300959909655562 0.031060911657926585 0.012987012987012988
0 0.2517144009681323 0.23080180688876342 0.03146430012101654 0.01101072840203275
0 0.2989108511496571 0.22684923771880294 0.020976200080677694 0.017221908526256352
0 0.34045986284792257 0.22811970638057594 0.02581686163775716 0.017504234895539244
0 0.46409842678499397 0.23178994918125354 0.17466720451795079 0.02710333145115754
0 0.5873336022589754 0.22840203274985885 0.03711173860427592 0.015245623941276116
0 0.6119402985074627 0.23560135516657255 0.003227107704719645 0.002540937323546019
0 0.691004437273094 0.22755505364201017 0.12666397741024607 0.01693958215697346
0 0.7916498588140379 0.2274138904573687 0.03993545784590561 0.018351214003387916
0 0.1734570391286809 0.2816205533596838 0.07341670028237192 0.020045172219085264
0 0.2488906817265026 0.27964426877470355 0.014521984671238403 0.01383399209486166
0 0.28156514723678905 0.2811970638057595 0.011294876966518758 0.009034443817052512
0 0.3414683340056474 0.28289102202145683 0.0681726502622025 0.018633540372670808
0 0.41327148043565953 0.2790796160361378 0.038321903993545785 0.016657255787690572
0 0.472569584509883 0.27837380011293056 0.05203711173860428 0.01693958215697346
0 0.5605082694634933 0.2789384528514963 0.0826946349334409 0.018068887634105024
0 0.6561113352158128 0.2790796160361378 0.07462686567164178 0.014963297571993224
0 0.7361839451391691 0.28049124788255225 0.0572811617587737 0.014398644833427442
0 0.772892295280355 0.2857142857142857 0.003227107704719645 0.002258610954263128
0 0.7960871319080274 0.2790796160361378 0.0326744655102864 0.015527950310559006
0 0.18596208148446955 0.33229813664596275 0.08632513110125051 0.0220214568040655
0 0.2809600645421541 0.3344155844155844 0.057684550221863654 0.017221908526256352
0 0.3537716821298911 0.3286278938452851 0.055667607906413875 0.01637492941840768
0 0.4124647035094796 0.33032185206098247 0.022993142396127472 0.01637492941840768
0 0.49213392496974584 0.33201581027667987 0.100040338846309 0.021456804065499716
0 0.5461879790237999 0.3346979107848673 0.003227107704719645 0.001976284584980237
0 0.5675675675675675 0.32834556747600224 0.01855586930213796 0.015810276679841896
0 0.6292860024203307 0.33201581027667987 0.07341670028237192 0.021456804065499716
0 0.7240822912464704 0.33243929983060416 0.07503025413473174 0.021174477696216828
0 0.8081887858007261 0.3349802371541502 0.056070996369503835 0.014963297571993224
0 0.15026220250100847 0.38085827216261997 0.021379588543767647 0.012987012987012988
0 0.18293666801129488 0.3818464144551101 0.011698265429608713 0.009316770186335404
0 0.23396530859217426 0.38311688311688313 0.05244050020169423 0.02258610954263128
0 0.31887858007260994 0.3784584980237154 0.06655909640984267 0.020045172219085264
0 0.3775716014521985 0.37295313382269907 0.010488100040338847 0.006211180124223602
0 0.43807987091569184 0.38015245623941274 0.10568777732956837 0.026256352343308864
0 0.5002016942315449 0.36914172783738003 0.00645421540943929 0.004234895539243365
0 0.5165389269866881 0.37888198757763975 0.00927793465106898 0.01355166572557877
0 0.5653489310205728 0.382128740824393 0.07624041952400161 0.026256352343308864
0 0.6109318273497378 0.37775268210050816 0.010891488503428802 0.020327498588368152
0 0.6226300927793466 0.3836815358554489 0.003630496167809601 0.002258610954263128
0 0.6421944332392093 0.37732919254658387 0.01290843081887858 0.016657255787690572
0 0.6847519160951997 0.3794466403162055 0.0463896732553449 0.020892151326933936
0 0.7254941508672852 0.38015245623941274 0.014925373134328358 0.01383399209486166
0 0.7688584106494554 0.37987012987012986 0.03630496167809601 0.014963297571993224
0 0.7896329164985881 0.3856578204404291 0.003630496167809601 0.002258610954263128
0 0.18697055264219442 0.42941840767927725 0.09318273497377975 0.019198193111236588
0 0.28862444534086323 0.43280632411067194 0.06655909640984267 0.02258610954263128
0 0.3719241629689391 0.43195934500282324 0.05808793868495361 0.024280067758328628
0 0.4626865671641791 0.43040654997176736 0.07664380798709157 0.014398644833427442
0 0.5086728519564341 0.43774703557312256 0.004033884630899556 0.004799548277809147
0 0.5475998386446148 0.4309712027103331 0.03751512706736587 0.015527950310559006
0 0.6171843485276322 0.4339356295878035 0.07664380798709157 0.024844720496894408
0 0.6827349737797499 0.42913608130999437 0.026220250100847116 0.018633540372670808
0 0.7353771682129892 0.4301242236024845 0.0500201694231545 0.016092603049124788
0 0.7866075030254135 0.43365330321852064 0.023396530859217425 0.01129305477131564
0 0.8206938281565147 0.42377188029361945 0.006857603872529245 0.004517221908526256
0 0.8331988705123033 0.4311123658949746 0.014925373134328358 0.014116318464144552
0 0.8493344090359016 0.43167701863354035 0.012505042355788625 0.01693958215697346
0 0.16559096409842677 0.48023715415019763 0.03993545784590561 0.018633540372670808
0 0.21500605082694635 0.4858836815358554 0.020976200080677694 0.010163749294184076
0 0.27269060104881 0.4813664596273292 0.055667607906413875 0.015810276679841896
0 0.3011294876966519 0.48983625070581593 0.004437273093989512 0.00564652738565782
0 0.31444130697862044 0.4743083003952569 0.0052440500201694235 0.004517221908526256
0 0.3563937071399758 0.4803783173348391 0.0463896732553449 0.018351214003387916
0 0.42073416700282373 0.48009599096555616 0.03872529245663574 0.017221908526256352
0 0.49394917305365066 0.48433088650479955 0.06655909640984267 0.023433088650479956
0 0.5554659136748689 0.4837662337662338 0.01371520774505849 0.009316770186335404
0 0.618596208148447 0.4837662337662338 0.07139975796692215 0.012704686617730096
0 0.6833400564743848 0.48404856013551667 0.021782977006857603 0.009881422924901186
0 0.7240822912464704 0.4816487859966121 0.024203307785397338 0.015810276679841896
0 0.7777329568374345 0.4847543760587239 0.03630496167809601 0.010163749294184076
0 0.836627672448568 0.48122529644268774 0.04437273093989512 0.016092603049124788
