0 348.0326744655103 750.0062111801242 0.0653489310205728 0.012422360248447204
0 590.0302541347318 750.0066346696782 0.060508269463493344 0.013269339356295878
0 798.0233965308593 754.0052230378317 0.04679306171843485 0.010446075663466968
0 982.0437676482453 748.0151044607567 0.08753529649052037 0.03020892151326934
0 1223.0018152480839 795.0026821005082 0.003630496167809601 0.005364201016374929
0 1265.0669624848729 732.0118577075099 0.13392496974586526 0.023715415019762844
0 1651.0510286405809 750.0103049124788 0.10205728116175877 0.020609824957651044
0 1968.0389269866882 741.0076228119707 0.07785397337636143 0.015245623941276116
0 341.0478015328762 910.0124223602485 0.09560306575231949 0.024844720496894408
0 648.0217829770069 924.005928853755 0.04356595401371521 0.011857707509881422
0 822.0300524405002 917.0073404856014 0.06010488100040339 0.014680971202710334
0 1028.0116982654297 938.0038114059853 0.023396530859217425 0.007622811970638058
0 1138.0080677692617 918.0062111801242 0.016135538523598225 0.012422360248447204
0 1245.015933844292 918.0057876905703 0.0318676885841065 0.011575381140598532
0 1378.0344897135942 913.007481648786 0.06897942718838242 0.014963297571993224
0 1621.0574828559904 913.0077639751553 0.11496571198063735 0.015527950310559006
0 1965.0314643001211 928.0128458498024 0.06292860024203308 0.025691699604743084
0 365.0080677692618 1114.0049407114625 0.016135538523598225 0.009881422924901186
0 456.0078660750303 1128.0029644268775 0.01573215006050827 0.005928853754940711
0 547.0179507866075 1126.003529079616 0.035901573215006054 0.007058159232072276
0 702.0250100847115 1109.0060700169395 0.0500201694231545 0.012140033879164314
0 841.0012101653892 1145.0005646527386 0.0024203307785397336 0.001129305477131564
0 898.0129084308189 1096.0073404856014 0.02581686163775716 0.014680971202710334
0 1019.0580879386849 1112.009034443817 0.11617587736990723 0.018068887634105024
0 1389.013715207745 1110.006634669678 0.02743041549011698 0.013269339356295878
0 1515.059903186769 1102.0069169960475 0.11980637353771682 0.01383399209486166
0 1872.0256151674062 1101.012987012987 0.051230334812424366 0.025974025974025976
0 2014.0020169423155 1129.0036702428006 0.004033884630899556 0.007340485601355167
0 341.00302541347315 1275.0036702428006 0.0060508269463493344 0.007340485601355167
0 373.01169826542963 1287.005505364201 0.023396530859217425 0.01101072840203275
0 439.01270673658735 1286.005928853755 0.025413473174667203 0.011857707509881422
0 558.0229931423961 1284.0071993224167 0.045986284792254944 0.014398644833427442
0 729.0163372327552 1292.0052230378317 0.0326744655102864 0.010446075663466968
0 876.0465913674869 1275.0127046866178 0.09318273497377975 0.025409373235460192
0 1129.0018152480839 1332.002399774139 0.003630496167809601 0.004799548277809147
0 1186.0217829770068 1293.0112930547714 0.04356595401371521 0.02258610954263128
0 1310.0157321500606 1288.006352343309 0.03146430012101654 0.012704686617730096
0 1445.0193626462283 1303.0104460756634 0.03872529245663574 0.020892151326933936
0 1600.0155304558289 1291.005928853755 0.031060911657926585 0.011857707509881422
0 1726.0149253731342 1294.0056465273856 0.029850746268656716 0.01129305477131564
0 1851.0262202501008 1288.0128458498023 0.05244050020169423 0.025691699604743084
0 2018.007059298104 1317.0008469791078 0.014118596208148447 0.0016939582156973462
0 345.01815248083903 1467.0062111801242 0.03630496167809601 0.012422360248447204
0 507.02702702702703 1453.0084697910786 0.05405405405405406 0.01693958215697346
0 712.0143202904397 1470.0053642010164 0.02864058087938685 0.010728402032749858
0 854.017749092376 1475.0047995482778 0.035498184751916094 0.009599096555618294
0 1006.0092779346511 1467.005505364201 0.01855586930213796 0.01101072840203275
0 1116.0149253731342 1462.0060700169395 0.029850746268656716 0.012140033879164314
0 1208.0014118596207 1495.0008469791078 0.0028237192416296895 0.0016939582156973462
0 1225.0036304961677 1450.0022586109542 0.007260992335619202 0.004517221908526256
