0 459.0163372327551 723.013410502541 0.0326744655102864 0.026821005081874648
0 644.0276321097217 769.0066346696782 0.05526421944332392 0.013269339356295878
0 879.0080677692617 775.0071993224167 0.016135538523598225 0.014398644833427442
0 999.0524405002017 729.0227272727273 0.10488100040338846 0.045454545454545456
0 1349.0945945945946 723.0234330886504 0.1891891891891892 0.04686617730095991
0 1885.012908430819 727.0191981931113 0.02581686163775716 0.038396386222473176
0 1997.0268253327954 737.0127046866178 0.0536506655909641 0.025409373235460192
0 336.0235982250908 912.0237154150198 0.04719645018152481 0.04743083003952569
0 473.00161355385234 988.0011293054771 0.003227107704719645 0.002258610954263128
0 571.0242033077853 908.0142574816488 0.048406615570794675 0.028514963297571992
0 777.0246066962485 908.0128458498024 0.04921339249697459 0.025691699604743084
0 989.0131101250504 912.020045172219 0.026220250100847116 0.04009034443817053
0 1098.0211778943121 913.0117165443253 0.04235578862444534 0.023433088650479956
0 1270.0260185558693 908.0136928289102 0.05203711173860428 0.027385657820440428
0 1456.0280354981849 948.007481648786 0.056070996369503835 0.014963297571993224
0 1653.029245663574 916.0127046866178 0.058491327148043566 0.025409373235460192
0 1879.0431625655506 916.0117165443253 0.08632513110125051 0.023433088650479956
0 2108.001815248084 993.0028232636928 0.003630496167809601 0.00564652738565782
0 330.0310609116579 1084.0131281761717 0.06212182331585317 0.026256352343308864
0 583.0365066559096 1084.0221626199886 0.07301331181928197 0.04432523997741389
0 825.0584913271481 1085.0131281761717 0.11698265429608713 0.026256352343308864
0 1157.0518354175072 1097.0213156408809 0.1036708350141186 0.042631281761716544
0 1471.007059298104 1135.0071993224167 0.014118596208148447 0.014398644833427442
0 1576.0250100847115 1080.0214568040656 0.0500201694231545 0.04291360813099943
0 1736.027027027027 1095.0213156408809 0.05405405405405406 0.042631281761716544
0 1916.0153287615974 1098.0176453980803 0.03065752319483663 0.035290796160361376
0 2028.0183541750705 1093.0122811970639 0.03670835014118596 0.02456239412761152
0 329.0707946752723 1266.0218802936195 0.14158935054457442 0.04376058723884811
0 768.0256151674062 1273.0127046866178 0.051230334812424366 0.025409373235460192
0 901.0024203307786 1348.0018351214003 0.004840661557079467 0.0036702428006775835
0 974.031464300121 1256.014539808018 0.06292860024203308 0.029079616036137776
0 1216.0633319887052 1251.0162337662337 0.12666397741024607 0.032467532467532464
0 1567.033279548205 1319.0166572557878 0.06655909640984267 0.033314511575381144
0 1773.0502218636548 1265.0131281761717 0.10044372730939895 0.026256352343308864
0 328.08188785800724 1440.0230095990967 0.16377571601452198 0.04601919819311124
0 814.0786607503026 1446.0206098249575 0.15732150060508268 0.04121964991530209
0 1269.0284388866478 1453.0128458498023 0.05687777329568374 0.025691699604743084
0 1452.0419524001613 1442.0221626199886 0.08390480032271078 0.04432523997741389
0 1722.0135135135135 1494.0067758328628 0.02702702702702703 0.01355166572557877
0 1853.0080677692617 1497.0069169960475 0.016135538523598225 0.01383399209486166
0 354.055869302138 1623.012987012987 0.11173860427591771 0.025974025974025976
0 699.042557482856 1627.0131281761717 0.08511496571198064 0.026256352343308864
0 986.0409439290037 1629.0191981931112 0.08188785800726099 0.038396386222473176
0 1260.0187575635337 1653.0093167701864 0.03751512706736587 0.018633540372670808
0 1429.0201694231546 1618.0138339920948 0.04033884630899556 0.02766798418972332
0 1626.0574828559904 1634.0122811970639 0.11496571198063735 0.02456239412761152
0 368.00484066155707 1816.0050818746472 0.009681323114158934 0.010163749294184076
0 421.02258975393306 1812.0128458498023 0.04517950786607503 0.025691699604743084
0 625.0348931020573 1819.0124223602484 0.06978620411456232 0.024844720496894408
0 881.0274304154901 1807.0223037831734 0.05486083098023396 0.044607566346696784
0 1020.002218636547 1899.0012704686617 0.004437273093989512 0.002540937323546019
0 1048.0040338846309 1807.0053642010164 0.008067769261799113 0.010728402032749858
