0 373.06111335215815 664.0170807453416 0.12222670431625655 0.034161490683229816
0 741.0540540540541 663.0145398080181 0.10810810810810811 0.029079616036137776
0 1056.0258168616378 654.012987012987 0.05163372327551432 0.025974025974025976
0 1238.0304558289633 654.012987012987 0.0609116579265833 0.025974025974025976
0 1422.0542557482856 654.013410502541 0.10851149657119806 0.026821005081874648
0 1737.062121823316 654.0136928289102 0.12424364663170634 0.027385657820440428
0 358.0724082291246 827.0128458498024 0.14481645824929407 0.025691699604743084
0 729.0016135538524 904.0009881422925 0.003227107704719645 0.001976284584980237
0 808.0086728519565 843.0118577075099 0.01734570391286809 0.023715415019762844
0 899.0290439693425 883.0043760587239 0.05808793868495361 0.008752117447769622
0 1096.0302541347316 847.0104460756635 0.060508269463493344 0.020892151326933936
0 1301.0127067365872 847.0105872388481 0.025413473174667203 0.021174477696216828
0 1412.0568777732956 838.0151044607567 0.11375554659136748 0.03020892151326934
0 1739.0647438483259 841.0117165443253 0.12948769665187576 0.023433088650479956
0 367.01250504235577 1008.013410502541 0.02501008471157725 0.026821005081874648
0 482.0401371520775 1065.0052230378317 0.08027430415490117 0.010446075663466968
0 749.0240016135539 1023.0100225861096 0.04800322710770472 0.020045172219085264
0 934.062525211779 1019.0166572557877 0.12505042355788623 0.033314511575381144
0 1290.0677692617992 1029.009881422925 0.1355385235982251 0.019762845849802372
0 1639.0012101653892 1088.0005646527386 0.0024203307785397336 0.001129305477131564
0 1694.0185558693022 1011.013410502541 0.03711173860427592 0.026821005081874648
0 1828.031867688584 1029.0108695652175 0.063735377168213 0.021739130434782608
0 348.0322710770472 1197.0119988706945 0.0645421540943929 0.023997741389045736
0 564.0131101250504 1231.007058159232 0.026220250100847116 0.014116318464144552
0 676.0248083904801 1206.0108695652175 0.04961678096006454 0.021739130434782608
0 870.035901573215 1235.006352343309 0.07180314643001211 0.012704686617730096
0 1093.015127067366 1215.0088932806325 0.030254134731746672 0.017786561264822136
0 1190.022589753933 1222.0088932806325 0.04517950786607503 0.017786561264822136
0 1350.0550625252117 1215.0093167701864 0.11012505042355789 0.018633540372670808
0 1673.0518354175072 1206.0104460756634 0.1036708350141186 0.020892151326933936
0 1934.0054457442518 1271.003529079616 0.010891488503428802 0.007058159232072276
0 338.06212182331586 1356.0148221343873 0.12424364663170634 0.029644268774703556
0 718.029245663574 1413.0057876905703 0.058491327148043566 0.011575381140598532
0 943.0617184348528 1376.0163749294184 0.12343686970552642 0.03274985883681536
0 1321.0570794675273 1366.0138339920948 0.11415893505445744 0.02766798418972332
0 1615.0167406212183 1439.0022586109542 0.033481242436466316 0.004517221908526256
0 -1.000201694231545 -1.0001411631846415 -0.0004033884630899556 -0.000282326369282891
