0 0.14118596208148446 0.12012987012987013 0.15207745058491326 0.028232636928289104
0 0.17870108914885036 0.11773009599096555 0.0500201694231545 0.023433088650479956
0 0.21843485276321098 0.11716544325239978 0.06776926179911255 0.0220214568040655
0 0.24768051633723276 0.11702428006775834 0.03953206938281565 0.014963297571993224
0 0.29507866075030253 0.11744776962168267 0.08108108108108109 0.018068887634105024
0 0.3775716014521985 0.12238848108413326 0.14804356595401372 0.028797289666854884
0 0.40943929003630497 0.11702428006775834 0.04517950786607503 0.016657255787690572
0 0.4320290439693425 0.11758893280632411 0.033884630899556276 0.009881422924901186
0 0.08874546187979024 0.14144551101072841 0.053247277127874144 0.026821005081874648
0 0.1617587736990722 0.15005646527385658 0.12384025816861638 0.044607566346696784
0 0.2146026623638564 0.1417278373800113 0.08430818878580072 0.020045172219085264
0 0.2198467123840258 0.14186900056465274 0.0028237192416296895 0.0016939582156973462
0 0.26401774909237596 0.1492094861660079 0.07180314643001211 0.03867871259175607
0 0.3162565550625252 0.14568040654997177 0.09076240419524001 0.024844720496894408
0 0.35861234368697054 0.1427159796725014 0.06776926179911255 0.010728402032749858
0 0.39955627269060107 0.15160926030491248 0.06615570794675273 0.0378317334839074
0 0.4288019362646228 0.14215132693393562 0.042759177087535294 0.018633540372670808
0 0.12384025816861638 0.17504234895539245 0.12020976200080678 0.04178430265386787
0 0.14683340056474384 0.1681253529079616 0.02864058087938685 0.017504234895539244
0 0.18233158531665994 0.1671372106154715 0.053247277127874144 0.019198193111236588
0 0.19866881807180314 0.1603613777526821 0.006857603872529245 0.00846979107848673
0 0.30254134731746674 0.17334839073969507 0.19967728922952804 0.031055900621118012
0 0.30879386849536106 0.16233766233766234 0.006857603872529245 0.00564652738565782
0 0.3622428398547802 0.1681253529079616 0.0927793465106898 0.020327498588368152
0 0.3646631706333199 0.1668548842461886 0.0028237192416296895 0.001976284584980237
0 0.4302137958854377 0.16897233201581027 0.11335215812827754 0.020609824957651044
0 0.43606292860024204 0.1665725578769057 0.005647438483259379 0.009034443817052512
0 0.09600645421540945 0.21569734613212874 0.06010488100040339 0.023997741389045736
0 0.1244453408632513 0.22092038396386224 0.04154901169826543 0.034443817052512704
0 0.15127067365873337 0.21668548842461885 0.04235578862444534 0.01948051948051948
0 0.19140782573618395 0.22063805759457933 0.0609116579265833 0.031338226990400904
0 0.23134328358208955 0.21781479390175043 0.06615570794675273 0.016092603049124788
0 0.26220250100847114 0.21781479390175043 0.04961678096006454 0.017786561264822136
0 0.3100040338846309 0.22656691134952003 0.08108108108108109 0.04009034443817053
0 0.354376764824526 0.22628458498023715 0.0645421540943929 0.026256352343308864
0 0.3755546591367487 0.22162619988706944 0.029850746268656716 0.03020892151326934
0 0.42617991125453814 0.23080180688876342 0.08188785800726099 0.04517221908526256
0 0.10528438886647842 0.24336533032185206 0.08309802339653086 0.028797289666854884
0 0.1381605486083098 0.2429418407679277 0.04195240016135539 0.0220214568040655
0 0.20209762000806777 0.2494353472614342 0.11173860427591771 0.032185206098249576
0 0.23497377974989916 0.24745906267645398 0.040742234772085516 0.034443817052512704
0 0.2708753529649052 0.24421230942970074 0.05244050020169423 0.018633540372670808
0 0.29144816458249295 0.2435064935064935 0.01573215006050827 0.010446075663466968
0 0.3245260185558693 0.24322416713721062 0.05244050020169423 0.019762845849802372
0 0.3301734570391287 0.24647092038396387 0.003630496167809601 0.007622811970638058
0 0.39874949576442115 0.24322416713721062 0.11093182734973779 0.020327498588368152
0 0.11395724082291246 0.27710333145115756 0.09963695038321904 0.0409373235460192
0 0.12081484469544171 0.2683512140033879 0.004840661557079467 0.0033879164313946925
0 0.1581282775312626 0.2691981931112366 0.048406615570794675 0.0220214568040655
0 0.19443323920935862 0.2694805194805195 0.051230334812424366 0.0220214568040655
0 0.22287212585720048 0.2682100508187465 0.03630496167809601 0.019198193111236588
0 0.2779346510689794 0.2691981931112366 0.09035901573215006 0.011575381140598532
0 0.3083904800322711 0.2686335403726708 0.04759983864461476 0.021174477696216828
0 0.32674465510286405 0.26905702992659514 0.024203307785397338 0.015527950310559006
0 0.3392496974586527 0.2621400338791643 0.008874546187979023 0.009316770186335404
0 0.3929003630496168 0.269339356295878 0.10165389269866881 0.021739130434782608
0 0.4322307382008875 0.26877470355731226 0.07422347720855184 0.020327498588368152
0 0.43828156514723676 0.262987012987013 0.008067769261799113 0.00818746470920384
