0 0.09298104074223477 0.12436476566911349 0.043969342476805166 0.017221908526256352
0 0.13392496974586526 0.13001129305477133 0.057684550221863654 0.027385657820440428
0 0.1762807583703106 0.12464709203839638 0.05687777329568374 0.01129305477131564
0 0.1946349334409036 0.12422360248447205 0.022993142396127472 0.015245623941276116
0 0.2226704316256555 0.12394127611518915 0.03509479628882614 0.01355166572557877
0 0.2517144009681323 0.12408243929983061 0.041145623235175476 0.017221908526256352
0 0.25534489713594194 0.1256352343308865 0.003630496167809601 0.004799548277809147
0 0.31141589350544574 0.1287408243929983 0.09681323114158935 0.030491247882552232
0 0.3436869705526422 0.12422360248447205 0.04195240016135539 0.012987012987012988
0 0.363251311012505 0.12295313382269904 0.023396530859217425 0.016657255787690572
0 0.3864461476401775 0.12309429700734048 0.02581686163775716 0.014116318464144552
0 0.418112141992739 0.12323546019198194 0.04921339249697459 0.012987012987012988
0 0.08128277531262607 0.17490118577075098 0.02864058087938685 0.014680971202710334
0 0.11920129084308188 0.17490118577075098 0.05970149253731343 0.014398644833427442
0 0.14703509479628882 0.1746188594014681 0.02944735780556676 0.014398644833427442
0 0.163574021782977 0.1746188594014681 0.01573215006050827 0.01355166572557877
0 0.20209762000806777 0.17730095990965555 0.06010488100040339 0.0220214568040655
0 0.20229931423961275 0.1740542066629023 0.003227107704719645 0.002258610954263128
0 0.2319483662767245 0.1740542066629023 0.043162565550625254 0.015527950310559006
0 0.27732956837434447 0.17447769621682666 0.07139975796692215 0.016657255787690572
0 0.28075837031060913 0.17504234895539245 0.003630496167809601 0.002258610954263128
0 0.30697862041145624 0.17433653303218521 0.04154901169826543 0.01383399209486166
0 0.3263412666397741 0.17419536984754377 0.021379588543767647 0.014116318464144552
0 0.35599031867688585 0.17701863354037267 0.04356595401371521 0.015245623941276116
0 0.3598225090762404 0.17391304347826086 0.0052440500201694235 0.007340485601355167
0 0.37131908027430416 0.16770186335403728 0.00645421540943929 0.003952569169960474
0 0.39027833803953205 0.1740542066629023 0.04154901169826543 0.015810276679841896
0 0.40923759580476 0.17419536984754377 0.021782977006857603 0.009034443817052512
0 0.4400968132311416 0.17447769621682666 0.045582896329164985 0.014398644833427442
0 0.0691811214199274 0.19960474308300397 0.00927793465106898 0.012704686617730096
0 0.09963695038321904 0.19988706945228685 0.04235578862444534 0.015527950310559006
0 0.13392496974586526 0.20271033314511575 0.0463896732553449 0.022303783173348392
0 0.16054860830980233 0.19932241671372106 0.0326744655102864 0.009881422924901186
0 0.1871722468737394 0.19932241671372106 0.03307785397337636 0.012987012987012988
0 0.21077047196450183 0.1997459062676454 0.02743041549011698 0.01693958215697346
0 0.25010084711577246 0.1997459062676454 0.053247277127874144 0.014116318464144552
0 0.2617991125453812 0.19649915302089216 0.008874546187979023 0.002540937323546019
0 0.2743041549011698 0.19889892715979673 0.01855586930213796 0.01383399209486166
0 0.31141589350544574 0.20383963862224733 0.05445744251714401 0.023433088650479956
0 0.3412666397741025 0.1997459062676454 0.043969342476805166 0.01637492941840768
0 0.3717224687373941 0.2000282326369283 0.04356595401371521 0.012987012987012988
0 0.3898749495764421 0.19875776397515527 0.019766034691407825 0.00818746470920384
0 0.11799112545381202 0.22529644268774704 0.10488100040338846 0.020045172219085264
0 0.13392496974586526 0.2248729531338227 0.022993142396127472 0.004234895539243365
0 0.1399757966922146 0.22402597402597402 0.0028237192416296895 0.001976284584980237
0 0.14885034288019364 0.21964991530208922 0.008067769261799113 0.004517221908526256
0 0.1799112545381202 0.22473178994918125 0.0500201694231545 0.017504234895539244
0 0.21319080274304156 0.2248729531338227 0.04759983864461476 0.011575381140598532
0 0.24768051633723276 0.22444946357989837 0.0463896732553449 0.0189158667419537
0 0.27289229528035497 0.22501411631846416 0.03146430012101654 0.016657255787690572
0 0.36062928600242034 0.2285431959345003 0.1581282775312626 0.023150762281197064
0 0.3971359419120613 0.22981366459627328 0.0572811617587737 0.023150762281197064
0 0.4138765631302945 0.22501411631846416 0.024203307785397338 0.002540937323546019
0 0.09096409842678499 0.27625635234330886 0.05405405405405406 0.010728402032749858
0 0.11113352158128277 0.275974025974026 0.01734570391286809 0.013269339356295878
0 0.14400968132311415 0.2758328627893845 0.04517950786607503 0.01637492941840768
0 0.1952400161355385 0.2756916996047431 0.08309802339653086 0.016092603049124788
0 0.21762807583703106 0.2758328627893845 0.021782977006857603 0.015245623941276116
0 0.2400161355385236 0.27625635234330886 0.025413473174667203 0.018068887634105024
0 0.26865671641791045 0.27639751552795033 0.03670835014118596 0.010446075663466968
0 0.30677692617991126 0.27625635234330886 0.05687777329568374 0.014398644833427442
0 0.3116175877369907 0.275974025974026 0.004033884630899556 0.007340485601355167
0 0.3219039935457846 0.2689158667419537 0.007260992335619202 0.005364201016374929
0 0.36042759177087536 0.275974025974026 0.07341670028237192 0.018633540372670808
0 0.38422751109318276 0.27498588368153587 0.02581686163775716 0.017786561264822136
0 0.40419524001613555 0.2766798418972332 0.029850746268656716 0.017786561264822136
