0 335.01976603469143 768.0117165443253 0.03953206938281565 0.023433088650479956
0 482.01936264622833 771.0086109542631 0.03872529245663574 0.017221908526256352
0 614.0098830173457 769.007481648786 0.019766034691407825 0.014963297571993224
0 704.0260185558693 771.0081874647092 0.05203711173860428 0.01637492941840768
0 881.0086728519565 769.0081874647092 0.01734570391286809 0.01637492941840768
0 972.0377168212989 779.0103049124788 0.0754336425978217 0.020609824957651044
0 1204.0094796288827 805.0049407114625 0.018959257765227916 0.009881422924901186
0 1287.0145219846713 765.0100225861096 0.029043969342476807 0.020045172219085264
0 1409.0334812424364 781.0145398080181 0.06696248487293263 0.029079616036137776
0 1626.0096813231141 765.0103049124788 0.01936264622831787 0.020609824957651044
0 1707.0433642597823 780.0122811970638 0.08672851956434045 0.02456239412761152
0 1954.0369100443727 795.0063523433089 0.07382008874546188 0.012704686617730096
0 321.0179507866075 961.0073404856014 0.035901573215006054 0.014680971202710334
0 441.0090762404195 977.0045172219085 0.018152480839048003 0.009034443817052512
0 528.0052440500202 983.003529079616 0.010488100040338847 0.007058159232072276
0 596.0250100847115 948.0091756070017 0.0500201694231545 0.018351214003387916
0 756.0189592577652 955.0097402597403 0.03791851553045583 0.01948051948051948
0 906.0060508269463 982.0040937323546 0.012101653892698669 0.00818746470920384
0 987.0488100040338 948.0087521174478 0.09762000806776926 0.017504234895539244
0 1235.0012101653892 1003.0005646527386 0.0024203307785397336 0.001129305477131564
0 1272.0167406212183 939.0103049124788 0.033481242436466316 0.020609824957651044
0 1395.017345703913 952.0084697910785 0.03469140782573618 0.01693958215697346
0 1517.0068576038725 976.0057876905703 0.01371520774505849 0.011575381140598532
0 1581.0076643807988 960.0079051383399 0.015328761597418314 0.015810276679841896
0 1648.013715207745 978.0049407114625 0.02743041549011698 0.009881422924901186
0 1759.0213795885438 959.0080463015246 0.042759177087535294 0.016092603049124788
0 1892.035498184752 958.0127046866178 0.07099636950383219 0.025409373235460192
0 2116.020774505849 957.0097402597403 0.04154901169826543 0.01948051948051948
0 296.02722872125855 1125.012563523433 0.05445744251714401 0.0251270468661773
0 475.01089148850343 1125.0080463015245 0.021782977006857603 0.016092603049124788
0 566.0127067365873 1125.0084697910786 0.025413473174667203 0.01693958215697346
0 668.0237999193223 1133.008328627894 0.04759983864461476 0.016657255787690572
0 822.0149253731344 1132.008610954263 0.029850746268656716 0.017221908526256352
0 936.0453812020976 1129.0128458498023 0.09076240419524001 0.025691699604743084
0 1219.0518354175072 1136.0071993224167 0.1036708350141186 0.014398644833427442
0 1531.0391286809197 1133.009034443817 0.0782573618394514 0.018068887634105024
0 1781.0439693424769 1135.0131281761717 0.08793868495361033 0.026256352343308864
0 2025.0187575635337 1170.0038114059853 0.03751512706736587 0.007622811970638058
0 2159.026623638564 1145.0087521174478 0.053247277127874144 0.017504234895539244
0 2297.001411859621 1194.0007058159233 0.0028237192416296895 0.001411631846414455
0 275.0264219443324 1307.0088932806325 0.052843888664784185 0.017786561264822136
0 459.0227914481646 1296.0094579333709 0.045582896329164985 0.0189158667419537
0 600.0465913674869 1312.0112930547714 0.09318273497377975 0.02258610954263128
0 868.0427591770875 1290.0108695652175 0.08551835417507059 0.021739130434782608
0 1137.0760387252924 1305.0166572557878 0.15207745058491326 0.033314511575381144
0 1586.0056474384833 1312.0029644268775 0.011294876966518758 0.005928853754940711
0 1612.0716014521984 1312.014539808018 0.14320290439693426 0.029079616036137776
0 2004.0219846712384 1295.0115753811406 0.043969342476805166 0.023150762281197064
0 263.06212182331586 1476.0167984189723 0.12424364663170634 0.03359683794466403
0 619.0393303751513 1485.011010728402 0.07866075030254134 0.0220214568040655
0 853.0371117386043 1485.0084697910786 0.07422347720855184 0.01693958215697346
0 1038.0024203307785 1536.0011293054772 0.004840661557079467 0.002258610954263128
0 1066.0048406615572 1496.0025409373236 0.009681323114158934 0.005081874647092038
0 1151.044776119403 1476.0135516657256 0.08955223880597014 0.02710333145115754
0 1365.0036304961677 1546.0028232636928 0.007260992335619202 0.00564652738565782
0 1418.0722065348932 1479.0172219085262 0.1444130697862041 0.034443817052512704
0 1825.0703912868091 1497.0158102766798 0.14078257361839452 0.03162055335968379
0 247.02501008471157 1677.0080463015245 0.0500201694231545 0.016092603049124788
0 420.0092779346511 1655.008610954263 0.01855586930213796 0.017221908526256352
0 504.02258975393306 1660.0097402597403 0.04517950786607503 0.01948051948051948
0 671.015933844292 1658.0097402597403 0.0318676885841065 0.01948051948051948
0 790.015933844292 1667.0135516657256 0.0318676885841065 0.02710333145115754
0 909.049213392497 1654.0135516657256 0.09842678499394918 0.02710333145115754
0 1193.015127067366 1653.009881422925 0.030254134731746672 0.019762845849802372
0 1324.0391286809197 1665.0100225861095 0.0782573618394514 0.020045172219085264
0 1549.0127067365872 1658.0101637492942 0.025413473174667203 0.020327498588368152
0 1650.0177490923759 1647.0119988706945 0.035498184751916094 0.023997741389045736
0 1767.0671641791046 1665.0121400338792 0.13432835820895522 0.024280067758328628
0 289.01270673658735 1830.010587238848 0.025413473174667203 0.021174477696216828
0 396.0475998386446 1828.0108695652175 0.09519967728922953 0.021739130434782608
0 691.018152480839 1840.0087521174478 0.03630496167809601 0.017504234895539244
0 808.0681726502622 1829.0158102766798 0.136345300524405 0.03162055335968379
0 1250.0078660750303 1837.011010728402 0.01573215006050827 0.0220214568040655
0 1279.0284388866478 1874.005505364201 0.05687777329568374 0.01101072840203275
0 1428.0242033077855 1880.0097402597403 0.048406615570794675 0.01948051948051948
0 1554.0062525211779 1835.0107284020328 0.012505042355788625 0.021456804065499716
0 1610.0014118596207 1905.0008469791078 0.0028237192416296895 0.0016939582156973462
