0 0.109116579265833 0.11773009599096555 0.04517950786607503 0.025691699604743084
0 0.15853166599435256 0.1274703557312253 0.063735377168213 0.04376058723884811
0 0.19967728922952804 0.11758893280632411 0.048406615570794675 0.012704686617730096
0 0.23073820088745461 0.11843591191417278 0.03953206938281565 0.01101072840203275
0 0.27208551835417505 0.11885940146809712 0.06171843485276321 0.014398644833427442
0 0.32008874546187976 0.11815358554488989 0.06857603872529246 0.026538678712591756
0 0.3380395320693828 0.11928289102202146 0.014521984671238403 0.012987012987012988
0 0.4058087938684954 0.12704686617730096 0.10851149657119806 0.043478260869565216
0 0.4245663574021783 0.12704686617730096 0.02501008471157725 0.04121964991530209
0 0.08390480032271078 0.1422924901185771 0.035901573215006054 0.026538678712591756
0 0.17950786607503025 0.15189158667419536 0.15611133521581283 0.0471485036702428
0 0.23114158935054457 0.14342179559570864 0.07422347720855184 0.023997741389045736
0 0.28378378378378377 0.14384528514963296 0.07099636950383219 0.023433088650479956
0 0.31887858007260994 0.14313946922642576 0.03791851553045583 0.023150762281197064
0 0.3688987494957644 0.14313946922642576 0.07785397337636143 0.019198193111236588
0 0.3979427188382412 0.14342179559570864 0.03630496167809601 0.023150762281197064
0 0.109116579265833 0.16741953698475437 0.0782573618394514 0.025974025974025976
0 0.13795885437676483 0.16770186335403728 0.028237192416296894 0.01693958215697346
0 0.15207745058491326 0.16826651609260304 0.011698265429608713 0.012140033879164314
0 0.22690601048810005 0.17490118577075098 0.12222670431625655 0.04178430265386787
0 0.2789431222267043 0.17588932806324112 0.07382008874546188 0.04291360813099943
0 0.28317870108914883 0.1665725578769057 0.0028237192416296895 0.001976284584980237
0 0.31040742234772084 0.16883116883116883 0.029043969342476807 0.02766798418972332
0 0.35962081484469544 0.1681253529079616 0.08229124647035095 0.022303783173348392
0 0.3991528842275111 0.16883116883116883 0.06292860024203308 0.026538678712591756
0 0.43807987091569184 0.1691134952004517 0.0536506655909641 0.02456239412761152
0 0.13412666397741024 0.22811970638057594 0.1371520774505849 0.04488989271597967
0 0.16659943525615167 0.22543760587238848 0.038321903993545785 0.04178430265386787
0 0.24041952400161357 0.21880293619424054 0.11214199273900767 0.026821005081874648
0 0.30597014925373134 0.22713156408808582 0.08592174263816055 0.04686617730095991
0 0.3130294473578056 0.21936758893280633 0.0028237192416296895 0.002540937323546019
0 0.35296490520371115 0.2199322416713721 0.03751512706736587 0.029926595143986448
0 0.4281968535699879 0.22995482778091475 0.12222670431625655 0.0471485036702428
0 0.08350141185962082 0.2413890457368718 0.040742234772085516 0.026256352343308864
0 0.17063331988705124 0.24971767363071712 0.14400968132311415 0.040654997176736304
0 0.2045179507866075 0.24929418407679277 0.02743041549011698 0.04206662902315076
0 0.24505849132714805 0.25508187464709203 0.048406615570794675 0.053642010163749296
0 0.28943122226704315 0.24308300395256918 0.05687777329568374 0.024844720496894408
0 0.3519564340459863 0.2509881422924901 0.10689794271883823 0.042631281761716544
0 0.3781766841468334 0.24124788255223037 0.02743041549011698 0.02456239412761152
0 0.4235578862444534 0.2523997741389046 0.07583703106091166 0.0471485036702428
0 0.10205728116175877 0.27526821005081875 0.07059298104074223 0.042631281761716544
0 0.10951996772892296 0.268068887634105 0.004437273093989512 0.003105590062111801
0 0.16881807180314642 0.2676453980801807 0.09035901573215006 0.023150762281197064
0 0.21601452198467125 0.2682100508187465 0.07099636950383219 0.0220214568040655
0 0.25534489713594194 0.26778656126482214 0.045582896329164985 0.019198193111236588
0 0.3081887858007261 0.26750423489553926 0.08430818878580072 0.017504234895539244
0 0.39854780153287617 0.2761151891586674 0.14481645824929407 0.040654997176736304
0 0.42315449778136344 0.26778656126482214 0.0326744655102864 0.022868435911914172
