0 0.11012505042355789 0.1427159796725014 0.08592174263816055 0.017221908526256352
0 0.17305365066559097 0.14356295878035008 0.100040338846309 0.023715415019762844
0 0.19503832190399353 0.14370412196499152 0.02702702702702703 0.018068887634105024
0 0.245461879790238 0.14370412196499152 0.06938281565147236 0.023997741389045736
0 0.28378378378378377 0.1429983060417843 0.05244050020169423 0.022303783173348392
0 0.318273497377975 0.14695087521174477 0.04235578862444534 0.029926595143986448
0 0.363654699475595 0.14525691699604742 0.07503025413473174 0.025974025974025976
0 0.39330375151270675 0.14469226425748166 0.02864058087938685 0.01383399209486166
0 0.44251714400968134 0.147656691134952 0.07785397337636143 0.030491247882552232
0 0.44493747478822104 0.14398644833427443 0.0024203307785397336 0.0016939582156973462
0 0.0982250907624042 0.1671372106154715 0.050826946349334406 0.029079616036137776
0 0.1399757966922146 0.17377188029361942 0.07382008874546188 0.03613777526821005
0 0.1865671641791045 0.16854884246188595 0.06292860024203308 0.01355166572557877
0 0.21056877773295685 0.16826651609260304 0.021379588543767647 0.011857707509881422
0 0.28519564340459863 0.1715132693393563 0.12787414279951592 0.03274985883681536
0 0.3160548608309802 0.17207792207792208 0.03711173860427592 0.027950310559006212
0 0.3465106897942719 0.16854884246188595 0.043162565550625254 0.024844720496894408
0 0.39693424768051633 0.16826651609260304 0.08027430415490117 0.01129305477131564
0 0.43707139975796694 0.1686900056465274 0.05889471561113352 0.023150762281197064
0 0.09116579265832997 0.1932523997741389 0.03953206938281565 0.026256352343308864
0 0.10104881000403389 0.1922642574816488 0.01371520774505849 0.00282326369282891
0 0.13916901976603469 0.19268774703557312 0.06252521177894312 0.0220214568040655
0 0.1853569987898346 0.19381705251270467 0.0645421540943929 0.026538678712591756
0 0.2392093586123437 0.19339356295878035 0.08309802339653086 0.02710333145115754
0 0.27732956837434447 0.19480519480519481 0.04759983864461476 0.02710333145115754
0 0.3261395724082291 0.19494635798983626 0.06938281565147236 0.02456239412761152
0 0.35215812827753123 0.1950875211744777 0.035901573215006054 0.025691699604743084
0 0.40338846308995563 0.19424054206662902 0.07704719645018153 0.023997741389045736
0 0.4707543364259782 0.19494635798983626 0.12303348124243646 0.029361942405420668
0 0.08652682533279549 0.22077922077922077 0.035901573215006054 0.026821005081874648
0 0.11738604275917709 0.2183794466403162 0.03509479628882614 0.022868435911914172
0 0.1863654699475595 0.220214568040655 0.10810810810810811 0.02710333145115754
0 0.18959257765227913 0.21950875211744778 0.003227107704719645 0.001411631846414455
0 0.23134328358208955 0.2186617730095991 0.05808793868495361 0.0251270468661773
0 0.29225494150867287 0.21979107848673066 0.0899556272690601 0.020892151326933936
0 0.36042759177087536 0.22106154714850368 0.09721661960467931 0.023150762281197064
0 0.39209358612343687 0.21979107848673066 0.04437273093989512 0.020609824957651044
0 0.4836627672448568 0.21922642574816487 0.16216216216216217 0.020045172219085264
0 0.11436062928600242 0.25042348955392435 0.08713190802743041 0.03980801806888763
0 0.1189995966115369 0.24745906267645398 0.00645421540943929 0.007058159232072276
0 0.1811214199273901 0.24590626764539808 0.11254538120209762 0.02766798418972332
0 0.21803146430012102 0.24816487859966121 0.03953206938281565 0.03670242800677583
0 0.26764824526018555 0.2440711462450593 0.06897942718838242 0.011857707509881422
0 0.363251311012505 0.24703557312252963 0.15974183138362244 0.028514963297571992
0 0.43384429205324726 0.25070581592320723 0.10689794271883823 0.03811405985319029
0 0.472771278741428 0.24957651044607565 0.04033884630899556 0.032185206098249576
0 0.09298104074223477 0.2684923771880294 0.04517950786607503 0.0251270468661773
0 0.14138765631302944 0.27103331451157536 0.063735377168213 0.025691699604743084
0 0.14300121016538928 0.269339356295878 0.003227107704719645 0.0016939582156973462
0 0.17406212182331585 0.2689158667419537 0.02743041549011698 0.020609824957651044
0 0.26522791448164584 0.2768210050818746 0.15449778136345302 0.03585544889892716
0 0.32956837434449376 0.26990400903444384 0.09681323114158935 0.02456239412761152
0 0.36950383219039934 0.27103331451157536 0.05405405405405406 0.028232636928289104
0 0.4473578055667608 0.27780914737436474 0.12464703509479629 0.04291360813099943
0 0.10669624848729327 0.326369282891022 0.0645421540943929 0.028514963297571992
0 0.15711980637353773 0.32086391869000563 0.07341670028237192 0.026256352343308864
0 0.19826542960871318 0.3211462450592885 0.04195240016135539 0.024280067758328628
0 0.28297700685760385 0.32523997741389044 0.14037918515530456 0.036420101637492944
0 0.32008874546187976 0.3234048560135517 0.041145623235175476 0.029079616036137776
0 0.3971359419120613 0.32058159232072275 0.12061315046389673 0.02710333145115754
0 0.4790237999193223 0.32820440429136083 0.14965711980637353 0.03698475437605872
0 0.48406615570794675 0.32086391869000563 0.003227107704719645 0.002258610954263128
