0 0.13029447357805568 0.12323546019198194 0.11698265429608713 0.032185206098249576
0 0.1672045179507866 0.11787125917560701 0.04719645018152481 0.026538678712591756
0 0.19443323920935862 0.11857707509881422 0.020572811617587738 0.018068887634105024
0 0.22025010084711577 0.11674195369847544 0.014118596208148447 0.009881422924901186
0 0.27148043565954016 0.11702428006775834 0.06615570794675273 0.015527950310559006
0 0.29487696651875756 0.11716544325239978 0.022589753933037516 0.029079616036137776
0 0.35034288019362647 0.12267080745341614 0.09035901573215006 0.03698475437605872
0 0.38342073416700284 0.11730660643704122 0.053247277127874144 0.025974025974025976
0 0.1345300524405002 0.14793901750423488 0.12222670431625655 0.033314511575381144
0 0.16780960064542155 0.14398644833427443 0.04235578862444534 0.026538678712591756
0 0.24384832593787817 0.14285714285714285 0.1399757966922146 0.02258610954263128
0 0.27874142799515933 0.14257481648785997 0.03993545784590561 0.021456804065499716
0 0.3467123840258169 0.14539808018068887 0.10770471964501815 0.03359683794466403
0 0.38483259378781765 0.14313946922642576 0.0572811617587737 0.027950310559006212
0 0.41851553045582895 0.1445511010728402 0.041145623235175476 0.029926595143986448
0 0.0990318676885841 0.1696781479390175 0.05526421944332392 0.029926595143986448
0 0.13795885437676483 0.16953698475437606 0.053247277127874144 0.030491247882552232
0 0.19826542960871318 0.16925465838509315 0.0899556272690601 0.017786561264822136
0 0.2583703106091166 0.16897233201581027 0.10286405808793868 0.028232636928289104
0 0.2874142799515934 0.16741953698475437 0.02702702702702703 0.006493506493506494
0 0.3073820088745462 0.1686900056465274 0.01371520774505849 0.010446075663466968
0 0.3753529649052037 0.17292490118577075 0.12141992739007665 0.036420101637492944
0 0.40843081887858007 0.1712309429700734 0.04235578862444534 0.023150762281197064
0 0.44594594594594594 0.16840767927724448 0.051230334812424366 0.03585544889892716
0 0.08975393303751512 0.19339356295878035 0.043969342476805166 0.031055900621118012
0 0.12605889471561113 0.1945228684359119 0.05405405405405406 0.018351214003387916
0 0.15389269866881808 0.19141727837380013 0.022993142396127472 0.021174477696216828
0 0.17144009681323114 0.19339356295878035 0.033481242436466316 0.023150762281197064
0 0.2099636950383219 0.19494635798983626 0.05647438483259379 0.028232636928289104
0 0.25413473174667206 0.20045172219085264 0.0653489310205728 0.027385657820440428
0 0.28378378378378377 0.19579333709768493 0.03711173860427592 0.03613777526821005
0 0.3402581686163776 0.20186335403726707 0.08793868495361033 0.04827780914737437
0 0.3884630899556273 0.2000282326369283 0.0790641387656313 0.037549407114624504
0 0.4144816458249294 0.19339356295878035 0.04033884630899556 0.020327498588368152
0 0.42174263816054863 0.19522868435911914 0.003227107704719645 0.00282326369282891
0 0.11536910044372731 0.27865612648221344 0.09156918112141993 0.035290796160361376
0 0.16417910447761194 0.27004517221908525 0.05687777329568374 0.014398644833427442
0 0.18676885841064947 0.269339356295878 0.020976200080677694 0.02766798418972332
0 0.23941105284388867 0.2761151891586674 0.07503025413473174 0.038396386222473176
0 0.3446954417103671 0.2707509881422925 0.1827349737797499 0.03190287972896669
0 0.3807987091569181 0.2776679841897233 0.05970149253731343 0.033314511575381144
0 0.43061718434852764 0.275974025974026 0.07462686567164178 0.042631281761716544
0 0.11436062928600242 0.30477131564088084 0.08148446954417103 0.0471485036702428
0 0.1881807180314643 0.29587803500846976 0.11415893505445744 0.034161490683229816
0 0.22892295280354982 0.3002540937323546 0.06413876563130294 0.045736871823828344
0 0.25655506252521176 0.2941840767927724 0.02379991932230738 0.016092603049124788
0 0.30354981847519164 0.2984189723320158 0.05929810407422348 0.03896103896103896
0 0.36244453408632515 0.3026538678712592 0.100040338846309 0.044607566346696784
0 0.3662767244856797 0.2937605872388481 0.0024203307785397336 0.0016939582156973462
