0 346.0092779346511 784.0057876905703 0.01855586930213796 0.011575381140598532
0 418.00524405002017 802.0038114059853 0.010488100040338847 0.007622811970638058
0 469.0163372327551 793.0049407114625 0.0326744655102864 0.009881422924901186
0 574.0042355788624 809.0026821005082 0.008471157724889069 0.005364201016374929
0 616.0312626058894 794.0053642010164 0.06252521177894312 0.010728402032749858
0 792.0074626865671 807.0043760587239 0.014925373134328358 0.008752117447769622
0 847.0048406615571 811.0025409373236 0.009681323114158934 0.005081874647092038
0 890.029245663574 797.0070581592321 0.058491327148043566 0.014116318464144552
0 1057.0072609923357 806.0047995482778 0.014521984671238403 0.009599096555618294
0 1111.0322710770472 806.0067758328628 0.0645421540943929 0.01355166572557877
0 1284.000806776926 826.0004234895539 0.0016135538523598225 0.0008469791078486731
0 1323.013715207745 788.0067758328628 0.02743041549011698 0.01355166572557877
0 1421.0090762404195 791.005928853755 0.018152480839048003 0.011857707509881422
0 1490.0167406212183 791.0071993224167 0.033481242436466316 0.014398644833427442
0 1594.0187575635337 793.0056465273857 0.03751512706736587 0.01129305477131564
0 1702.008471157725 811.0036702428007 0.016942315449778138 0.007340485601355167
0 1764.015127067366 798.0056465273857 0.030254134731746672 0.01129305477131564
0 1868.0076643807988 796.0052230378317 0.015328761597418314 0.010446075663466968
0 1933.0102864058088 798.0052230378317 0.020572811617587738 0.010446075663466968
0 1994.00524405002 814.0025409373236 0.010488100040338847 0.005081874647092038
0 2046.0185558693022 794.0076228119707 0.03711173860427592 0.015245623941276116
0 338.02218636546996 976.0049407114625 0.04437273093989512 0.009881422924901186
0 461.0008067769262 1000.0008469791079 0.0016135538523598225 0.0016939582156973462
0 496.0084711577249 967.0063523433089 0.016942315449778138 0.012704686617730096
0 565.0264219443324 976.0047995482778 0.052843888664784185 0.009599096555618294
0 725.0157321500606 970.0050818746471 0.03146430012101654 0.010163749294184076
0 829.0328761597418 971.0053642010164 0.06575231948366277 0.010728402032749858
0 1027.020371117386 968.005928853755 0.040742234772085516 0.011857707509881422
0 1130.0020169423155 1002.0021174477696 0.004033884630899556 0.004234895539243365
0 1155.0320693828157 984.0066346696782 0.06413876563130294 0.013269339356295878
0 1337.0078660750303 985.0045172219085 0.01573215006050827 0.009034443817052512
0 1438.003025413473 970.0036702428007 0.0060508269463493344 0.007340485601355167
0 1464.017345703913 975.0073404856014 0.03469140782573618 0.014680971202710334
0 1571.0080677692617 988.0042348955393 0.016135538523598225 0.00846979107848673
0 1634.0189592577651 974.0077639751553 0.03791851553045583 0.015527950310559006
0 1735.0028237192416 967.003529079616 0.005647438483259379 0.007058159232072276
0 1764.0125050423558 972.0053642010164 0.02501008471157725 0.010728402032749858
0 1844.018152480839 971.0056465273857 0.03630496167809601 0.01129305477131564
0 1957.0131101250504 983.007481648786 0.026220250100847116 0.014963297571993224
0 2053.0131101250504 967.0057876905703 0.026220250100847116 0.011575381140598532
0 2123.001411859621 1001.0008469791079 0.0028237192416296895 0.0016939582156973462
0 342.0169423154498 1137.0071993224167 0.033884630899556276 0.014398644833427442
0 435.00161355385234 1181.0025409373236 0.003227107704719645 0.005081874647092038
0 461.0078660750303 1160.003529079616 0.01573215006050827 0.007058159232072276
0 525.0076643807987 1149.0052230378317 0.015328761597418314 0.010446075663466968
0 584.0054457442517 1153.004658385093 0.010891488503428802 0.009316770186335404
0 633.0227914481645 1163.0032467532467 0.045582896329164985 0.006493506493506494
0 771.0062525211779 1156.0047995482778 0.012505042355788625 0.009599096555618294
0 829.0121016538927 1148.0053642010164 0.024203307785397338 0.010728402032749858
0 910.013311819282 1140.0064935064936 0.026623638563937072 0.012987012987012988
0 1009.0187575635337 1151.0067758328628 0.03751512706736587 0.01355166572557877
0 1116.0010084711578 1184.0016939582158 0.002016942315449778 0.0033879164313946925
0 1153.0155304558289 1150.0049407114625 0.031060911657926585 0.009881422924901186
0 1247.0211778943121 1163.0060700169395 0.04235578862444534 0.012140033879164314
0 1371.0167406212183 1151.005505364201 0.033481242436466316 0.01101072840203275
0 1476.0048406615572 1169.0032467532467 0.009681323114158934 0.006493506493506494
0 1522.0219846712384 1151.0057876905703 0.043969342476805166 0.011575381140598532
0 1655.0064542154093 1164.0038114059853 0.01290843081887858 0.007622811970638058
0 1717.013311819282 1151.005505364201 0.026623638563937072 0.01101072840203275
0 1816.0169423154498 1150.005928853755 0.033884630899556276 0.011857707509881422
0 1908.0012101653892 1186.0008469791078 0.0024203307785397336 0.0016939582156973462
0 1952.0090762404195 1145.0067758328628 0.018152480839048003 0.01355166572557877
0 2014.0233965308591 1149.0056465273856 0.04679306171843485 0.01129305477131564
0 318.0026220250101 1337.003529079616 0.0052440500201694235 0.007058159232072276
0 339.0080677692618 1320.0076228119706 0.016135538523598225 0.015245623941276116
0 414.0417507059298 1320.0081874647092 0.08350141185962082 0.01637492941840768
0 653.0167406212182 1320.0067758328628 0.033481242436466316 0.01355166572557877
0 749.00262202501 1330.0031055900622 0.0052440500201694235 0.006211180124223602
0 772.0010084711578 1360.001552795031 0.002016942315449778 0.003105590062111801
0 803.0145219846712 1327.0057876905703 0.029043969342476807 0.011575381140598532
0 899.0135135135135 1336.006634669678 0.02702702702702703 0.013269339356295878
0 994.0217829770069 1325.006352343309 0.04356595401371521 0.012704686617730096
0 1140.038523598225 1325.007058159232 0.07704719645018153 0.014116318464144552
0 1371.0096813231141 1322.0062111801242 0.01936264622831787 0.012422360248447204
0 1431.0078660750303 1345.0036702428006 0.01573215006050827 0.007340485601355167
0 1503.0179507866076 1331.0049407114625 0.035901573215006054 0.009881422924901186
0 1596.000806776926 1362.0007058159233 0.0016135538523598225 0.001411631846414455
