0 0.07119806373537717 0.10897797854319594 0.008874546187979023 0.006211180124223602
0 0.08229124647035095 0.1206945228684359 0.011294876966518758 0.031338226990400904
0 0.11718434852763211 0.11758893280632411 0.04800322710770472 0.029361942405420668
0 0.13533682936668012 0.11829474872953134 0.008471157724889069 0.0220214568040655
0 0.15590964098426785 0.11815358554488989 0.03791851553045583 0.021739130434782608
0 0.1974586526825333 0.11843591191417278 0.06292860024203308 0.021456804065499716
0 0.2281161758773699 0.11801242236024845 0.04195240016135539 0.022303783173348392
0 0.24747882210568778 0.11928289102202146 0.014118596208148447 0.029644268774703556
0 0.2771278741427995 0.11787125917560701 0.04719645018152481 0.012422360248447204
0 0.3037515127067366 0.11758893280632411 0.03630496167809601 0.021456804065499716
0 0.3372327551432029 0.11885940146809712 0.0463896732553449 0.027385657820440428
0 0.38866478418717226 0.11871823828345568 0.0782573618394514 0.022868435911914172
0 0.3929003630496168 0.11998870694522869 0.004840661557079467 0.006493506493506494
0 0.40500201694231547 0.10982495765104461 0.014521984671238403 0.00564652738565782
0 0.4265832997176281 0.11829474872953134 0.029850746268656716 0.026538678712591756
0 0.09136748688987495 0.14313946922642576 0.05889471561113352 0.030491247882552232
0 0.11738604275917709 0.14356295878035008 0.03227107704719645 0.01693958215697346
0 0.12424364663170634 0.14342179559570864 0.003630496167809601 0.003105590062111801
0 0.14158935054457442 0.13551665725578768 0.01371520774505849 0.009316770186335404
0 0.16841468334005646 0.14285714285714285 0.04679306171843485 0.023997741389045736
0 0.24102460669624848 0.14935064935064934 0.12868091972569584 0.03613777526821005
0 0.30254134731746674 0.14949181253529079 0.09197256958450989 0.035290796160361376
0 0.3239209358612344 0.14384528514963296 0.024606696248487294 0.02456239412761152
0 0.3642597821702299 0.14935064935064934 0.05808793868495361 0.03557312252964427
0 0.36809197256958454 0.14243365330321853 0.003630496167809601 0.0036702428006775835
0 0.37878176684146836 0.1362224731789949 0.012101653892698669 0.00818746470920384
0 0.0927793465106898 0.19268774703557312 0.06252521177894312 0.026256352343308864
0 0.15590964098426785 0.1994635798983625 0.10044372730939895 0.03613777526821005
0 0.15873336022589754 0.19339356295878035 0.004033884630899556 0.002540937323546019
0 0.21319080274304156 0.19960474308300397 0.09640984267849939 0.042348955392433656
0 0.254739814441307 0.1966403162055336 0.06171843485276321 0.037549407114624504
0 0.2892295280354982 0.19438170525127046 0.04961678096006454 0.011857707509881422
0 0.31766841468334006 0.19367588932806323 0.038321903993545785 0.013269339356295878
0 0.3467123840258169 0.19409937888198758 0.03670835014118596 0.012422360248447204
0 0.4352561516740621 0.19988706945228685 0.16337232755143202 0.03585544889892716
0 0.18212989108511496 0.22529644268774704 0.23678902783380396 0.043478260869565216
0 0.24062121823315852 0.21880293619424054 0.09035901573215006 0.025409373235460192
0 0.3037515127067366 0.22007340485601354 0.10689794271883823 0.026821005081874648
0 0.3535699878983461 0.21950875211744778 0.07180314643001211 0.025691699604743084
0 0.40782573618394513 0.22007340485601354 0.08551835417507059 0.02766798418972332
0 0.4396934247680516 0.21979107848673066 0.04517950786607503 0.023715415019762844
0 0.21480435659540137 0.2701863354037267 0.2944735780556676 0.025974025974025976
0 0.2757160145219847 0.2761151891586674 0.09237595804759983 0.04121964991530209
0 0.2991125453812021 0.2686335403726708 0.020572811617587738 0.022868435911914172
0 0.3444937474788221 0.2776679841897233 0.06655909640984267 0.032467532467532464
0 0.3719241629689391 0.2727272727272727 0.033884630899556276 0.031338226990400904
0 0.4209358612343687 0.26976284584980237 0.0790641387656313 0.029644268774703556
