0 338.04517950786607 773.0087521174478 0.09035901573215006 0.017504234895539244
0 640.051432029044 773.0143986448335 0.10286405808793868 0.028797289666854884
0 957.0112948769665 805.0040937323546 0.022589753933037516 0.00818746470920384
0 1089.01956434046 775.0087521174478 0.0391286809197257 0.017504234895539244
0 1239.0693828156516 775.0131281761717 0.13876563130294473 0.026256352343308864
0 1629.0189592577651 788.0064935064935 0.03791851553045583 0.012987012987012988
0 1803.0320693828157 775.0142574816488 0.06413876563130294 0.028514963297571992
0 2017.029245663574 775.0088932806324 0.058491327148043566 0.017786561264822136
0 334.01270673658735 983.0043760587239 0.025413473174667203 0.008752117447769622
0 495.04679306171846 953.0084697910785 0.0935861234368697 0.01693958215697346
0 822.0435659540137 964.0079051383399 0.08713190802743041 0.015810276679841896
0 1096.0256151674062 983.0045172219085 0.051230334812424366 0.009034443817052512
0 1281.0201694231546 949.0090344438171 0.04033884630899556 0.018068887634105024
0 1449.0264219443325 970.0069169960474 0.052843888664784185 0.01383399209486166
0 1640.058491327148 953.0166572557877 0.11698265429608713 0.033314511575381144
0 1940.000806776926 1008.0007058159232 0.0016135538523598225 0.001411631846414455
0 1996.0256151674062 960.0110107284021 0.051230334812424366 0.0220214568040655
0 329.0328761597418 1134.0087521174478 0.06575231948366277 0.017504234895539244
0 571.0225897539331 1143.007481648786 0.04517950786607503 0.014963297571993224
0 750.0058491327148 1169.0031055900622 0.011698265429608713 0.006211180124223602
0 877.0367083501412 1157.0088932806325 0.07341670028237192 0.017786561264822136
0 1127.0260185558693 1138.0141163184642 0.05203711173860428 0.028232636928289104
0 1311.0102864058088 1125.009034443817 0.020572811617587738 0.018068887634105024
0 1411.031060911658 1123.0097402597403 0.06212182331585317 0.01948051948051948
0 1629.050020169423 1135.0084697910786 0.100040338846309 0.01693958215697346
0 1920.018152480839 1149.006352343309 0.03630496167809601 0.012704686617730096
0 2066.0159338442922 1138.008328627894 0.0318676885841065 0.016657255787690572
0 353.0078660750303 1495.007058159232 0.01573215006050827 0.014116318464144552
0 484.01976603469143 1516.0049407114625 0.03953206938281565 0.009881422924901186
0 662.0653489310206 1493.0081874647092 0.1306978620411456 0.01637492941840768
0 1022.0048406615571 1528.0008469791078 0.009681323114158934 0.0016939582156973462
0 1144.0026220250102 1481.0080463015245 0.0052440500201694235 0.016092603049124788
0 1209.0240016135538 1496.0117165443253 0.04800322710770472 0.023433088650479956
0 1399.0179507866076 1503.0067758328628 0.035901573215006054 0.01355166572557877
0 1499.000806776926 1546.0008469791078 0.0016135538523598225 0.0016939582156973462
0 1570.0123033481243 1487.0076228119706 0.024606696248487294 0.015245623941276116
0 1703.0231948366277 1516.005505364201 0.0463896732553449 0.01101072840203275
0 1853.0050423557886 1527.0040937323547 0.01008471157724889 0.00818746470920384
0 1936.0193626462283 1508.011010728402 0.03872529245663574 0.0220214568040655
0 2091.0149253731342 1507.006352343309 0.029850746268656716 0.012704686617730096
0 353.0494150867285 1689.0060700169395 0.09883017345703912 0.012140033879164314
0 681.0383219039935 1678.0077639751553 0.07664380798709157 0.015527950310559006
0 926.0056474384833 1703.00395256917 0.011294876966518758 0.007905138339920948
0 1045.0504235578862 1674.0153867871259 0.10084711577248891 0.03077357425183512
0 1380.040742234772 1672.0159514398645 0.08148446954417103 0.03190287972896669
0 1638.0116982654297 1703.007058159232 0.023396530859217425 0.014116318464144552
0 1743.018152480839 1663.0088932806325 0.03630496167809601 0.017786561264822136
0 1889.0572811617587 1667.010304912479 0.1145623235175474 0.020609824957651044
