0 0.07946752722872126 0.13777526821005082 0.02581686163775716 0.015245623941276116
0 0.11234368697055264 0.1367871259175607 0.035901573215006054 0.012987012987012988
0 0.15248083904800322 0.13706945228684358 0.0609116579265833 0.014398644833427442
0 0.1811214199273901 0.13664596273291926 0.02743041549011698 0.01101072840203275
0 0.21782977006857604 0.14003387916431395 0.0572811617587737 0.016092603049124788
0 0.26058894715611136 0.1367871259175607 0.07099636950383219 0.014116318464144552
0 0.28317870108914883 0.13706945228684358 0.026220250100847116 0.015245623941276116
0 0.3194836627672449 0.13664596273291926 0.05647438483259379 0.015527950310559006
0 0.32553448971359417 0.14003387916431395 0.008874546187979023 0.00818746470920384
0 0.3676885841064946 0.13636363636363635 0.06171843485276321 0.015245623941276116
0 0.3993545784590561 0.13650479954827782 0.04235578862444534 0.014116318464144552
0 0.1690197660346914 0.16572557876905702 0.19967728922952804 0.0220214568040655
0 0.24324324324324326 0.16233766233766234 0.13311819281968534 0.010728402032749858
0 0.3344090359015732 0.16600790513833993 0.14925373134328357 0.020892151326933936
0 0.37373941105284386 0.16290231507622813 0.05808793868495361 0.012704686617730096
0 0.4118596208148447 0.16205533596837945 0.060508269463493344 0.011575381140598532
0 0.11718434852763211 0.2124505928853755 0.09398951189995966 0.014116318464144552
0 0.14885034288019364 0.2127329192546584 0.042759177087535294 0.011857707509881422
0 0.16498588140379186 0.2124505928853755 0.011294876966518758 0.012987012987012988
0 0.17870108914885036 0.2127329192546584 0.02218636546994756 0.014116318464144552
0 0.22670431625655507 0.21357989836250707 0.0754336425978217 0.013269339356295878
0 0.23618394513916902 0.21513269339356295 0.0060508269463493344 0.00564652738565782
0 0.2537313432835821 0.2134387351778656 0.014118596208148447 0.01383399209486166
0 0.3041549011698265 0.2137210615471485 0.08350141185962082 0.016092603049124788
0 0.3130294473578056 0.2149915302089215 0.005647438483259379 0.006211180124223602
0 0.33682936668011293 0.21357989836250707 0.035901573215006054 0.014398644833427442
0 0.35518354175070593 0.2137210615471485 0.018959257765227916 0.015527950310559006
0 0.4134731746672045 0.21428571428571427 0.09963695038321904 0.014398644833427442
0 0.08249294070189593 0.2381422924901186 0.030254134731746672 0.01693958215697346
0 0.11597418313836225 0.23842461885940147 0.04800322710770472 0.01129305477131564
0 0.1482452601855587 0.23997741389045738 0.040742234772085516 0.017504234895539244
0 0.15994352561516742 0.23870694522868435 0.014925373134328358 0.01383399209486166
0 0.16216216216216217 0.23785996612083568 0.003227107704719645 0.002540937323546019
0 0.20270270270270271 0.2385657820440429 0.060508269463493344 0.015527950310559006
0 0.2345703912868092 0.2381422924901186 0.04356595401371521 0.011857707509881422
0 0.2428398547801533 0.24025974025974026 0.0060508269463493344 0.00564652738565782
0 0.33057684550221866 0.2422360248447205 0.1617587736990722 0.020045172219085264
0 0.3390480032271077 0.24025974025974026 0.008067769261799113 0.007058159232072276
0 0.3741427995159338 0.23870694522868435 0.051230334812424366 0.01383399209486166
0 0.4146833400564744 0.24110671936758893 0.0653489310205728 0.019762845849802372
0 0.11234368697055264 0.26750423489553926 0.0899556272690601 0.02258610954263128
0 0.13755546591367487 0.26651609260304915 0.0326744655102864 0.01383399209486166
0 0.1619604679306172 0.26383399209486164 0.024203307785397338 0.009316770186335404
0 0.1899959661153691 0.26383399209486164 0.03791851553045583 0.01383399209486166
0 0.2490923759580476 0.26651609260304915 0.0935861234368697 0.021456804065499716
0 0.31222267043162566 0.26651609260304915 0.10407422347720856 0.019762845849802372
0 0.3346107301331182 0.2632693393562959 0.024203307785397338 0.015245623941276116
0 0.36405808793868494 0.26355166572557875 0.04033884630899556 0.01101072840203275
0 0.39673255344897135 0.26355166572557875 0.041145623235175476 0.014680971202710334
0 0.07099636950383219 0.28091473743647655 0.007260992335619202 0.0036702428006775835
0 0.10326744655102864 0.2922077922077922 0.06655909640984267 0.017786561264822136
0 0.13614360629286001 0.2920666290231508 0.050826946349334406 0.021174477696216828
0 0.14602662363856395 0.2826086956521739 0.00927793465106898 0.005364201016374929
0 0.18697055264219442 0.29136081309994355 0.06615570794675273 0.018351214003387916
0 0.20068576038725291 0.28825522303783174 0.01008471157724889 0.010728402032749858
0 0.26321097216619604 0.2922077922077922 0.11617587736990723 0.020327498588368152
0 0.31040742234772084 0.2891022021456804 0.07059298104074223 0.014116318464144552
0 0.33985478015328763 0.29150197628458496 0.04195240016135539 0.017221908526256352
0 0.36930213795885436 0.2891022021456804 0.040742234772085516 0.014116318464144552
0 0.3836224283985478 0.28176171654432525 0.00645421540943929 0.005364201016374929
0 0.4062121823315853 0.28825522303783174 0.050423557886244454 0.01383399209486166
0 0.43686970552642196 0.2922077922077922 0.04800322710770472 0.021456804065499716
0 0.44352561516740624 0.2837380011293055 0.006857603872529245 0.004799548277809147
0 0.09862847922549416 0.31437041219649914 0.0536506655909641 0.010728402032749858
0 0.11113352158128277 0.3145115753811406 0.01371520774505849 0.01383399209486166
0 0.11516740621218233 0.314652738565782 0.00645421540943929 0.006493506493506494
0 0.13029447357805568 0.31408808582721626 0.01855586930213796 0.014963297571993224
0 0.2035094796288826 0.31846414455110106 0.11940298507462686 0.023715415019762844
0 0.25231948366276724 0.3177583286278938 0.06776926179911255 0.019762845849802372
0 0.282170229931424 0.31437041219649914 0.03953206938281565 0.00846979107848673
0 0.3840258168616378 0.31634669678147936 0.18031464300121017 0.01948051948051948
0 0.436264622831787 0.3154997176736307 0.08753529649052037 0.01383399209486166
0 0.4386849536103267 0.31521739130434784 0.003227107704719645 0.002258610954263128
