0 0.08955223880597014 0.11420101637492942 0.0391286809197257 0.0220214568040655
0 0.1099233561920129 0.11603613777526821 0.02016942315449778 0.020045172219085264
0 0.17486889874949577 0.1150479954827781 0.10851149657119806 0.024844720496894408
0 0.2561516740621218 0.12337662337662338 0.14320290439693426 0.04206662902315076
0 0.28842275110931825 0.11518915866741954 0.0391286809197257 0.023150762281197064
0 0.33783783783783783 0.11674195369847544 0.08471157724889068 0.02710333145115754
0 0.36345300524405 0.11533032185206098 0.035498184751916094 0.024844720496894408
0 0.4007664380798709 0.11575381140598531 0.052843888664784185 0.028514963297571992
0 0.4354578459056071 0.11575381140598531 0.05889471561113352 0.027385657820440428
0 0.12242839854780153 0.1445511010728402 0.10851149657119806 0.03359683794466403
0 0.1855586930213796 0.14779785431959344 0.11052843888664785 0.04009034443817053
0 0.29164985881403793 0.14045736871823827 0.18959257765227913 0.025409373235460192
0 0.3281565147236789 0.14059853190287974 0.05445744251714401 0.024280067758328628
0 0.44392900363049614 0.14144551101072841 0.21137555465913674 0.023997741389045736
0 0.19342476805163372 0.19254658385093168 0.25534489713594194 0.02766798418972332
0 0.26300927793465106 0.191699604743083 0.13150463896732553 0.025974025974025976
0 0.31343283582089554 0.1922642574816488 0.08592174263816055 0.024844720496894408
0 0.3618394513916902 0.19184076792772445 0.07260992335619201 0.01948051948051948
0 0.4386849536103267 0.20186335403726707 0.13674868898749495 0.045454545454545456
0 0.4419120613150464 0.19184076792772445 0.0024203307785397336 0.001976284584980237
0 0.13977410246066962 0.22402597402597402 0.15127067365873337 0.042631281761716544
0 0.1871722468737394 0.21682665160926032 0.07624041952400161 0.021456804065499716
0 0.23215006050826947 0.2180971202710333 0.06575231948366277 0.026256352343308864
0 0.26663977410246065 0.217673630717109 0.05203711173860428 0.023715415019762844
0 0.272488906817265 0.21964991530208922 0.0028237192416296895 0.015527950310559006
0 0.3128277531262606 0.21668548842461885 0.06212182331585317 0.022868435911914172
0 0.39511899959661156 0.2217673630717109 0.14683340056474384 0.037267080745341616
0 0.4701492537313433 0.21739130434782608 0.13392496974586526 0.025691699604743084
0 0.10205728116175877 0.24181253529079616 0.07018959257765228 0.026538678712591756
0 0.15893505445744252 0.2429418407679277 0.08874546187979024 0.026821005081874648
0 0.2073416700282372 0.2419536984754376 0.06857603872529246 0.020327498588368152
0 0.24324324324324326 0.2409655561829475 0.048406615570794675 0.0189158667419537
0 0.3152480839048003 0.24209486166007904 0.12585720048406615 0.0251270468661773
0 0.3436869705526422 0.24576510446075664 0.035498184751916094 0.032185206098249576
0 0.44050020169423154 0.2508469791078487 0.17426381605486083 0.043478260869565216
0 0.4461476401774909 0.2404009034443817 0.0024203307785397336 0.002258610954263128
0 0.10185558693021379 0.2673630717108978 0.07139975796692215 0.025974025974025976
0 0.1645824929407019 0.26778656126482214 0.10165389269866881 0.028232636928289104
0 0.20855183541750705 0.26750423489553926 0.06171843485276321 0.02710333145115754
0 0.25010084711577246 0.26792772444946356 0.055667607906413875 0.02710333145115754
0 0.31222267043162566 0.26651609260304915 0.1044776119402985 0.025691699604743084
0 0.3215006050826946 0.2608695652173913 0.00927793465106898 0.002540937323546019
0 0.3674868898749496 0.2662337662337662 0.08067769261799113 0.023433088650479956
0 0.40237999193223073 0.2714568040654997 0.05244050020169423 0.03190287972896669
0 0.15308592174263816 0.29785431959345005 0.17386042759177087 0.04009034443817053
0 0.15873336022589754 0.2922077922077922 0.003227107704719645 0.003105590062111801
0 0.17769261799112546 0.29347826086956524 0.01855586930213796 0.023150762281197064
0 0.2210568777732957 0.29263128176171654 0.07503025413473174 0.024280067758328628
0 0.30133118192819686 0.294042913608131 0.1383622428398548 0.030491247882552232
0 0.35155304558289635 0.2930547713156409 0.07624041952400161 0.027385657820440428
0 0.390480032271077 0.29164313946922643 0.05647438483259379 0.0251270468661773
0 0.4443323920935861 0.2961603613777527 0.09439290036304962 0.037267080745341616
0 0.14602662363856395 0.32806324110671936 0.16014521984671237 0.04686617730095991
0 0.16579265832997175 0.3178994918125353 0.022589753933037516 0.01948051948051948
0 0.2309398951189996 0.3181818181818182 0.10488100040338846 0.026538678712591756
0 0.2833803953206938 0.3221343873517787 0.08309802339653086 0.034161490683229816
0 0.29144816458249295 0.320016939582157 0.003227107704719645 0.009881422924901186
0 0.3317870108914885 0.3176171654432524 0.0782573618394514 0.026821005081874648
0 0.3688987494957644 0.31804065499717676 0.053247277127874144 0.028797289666854884
0 0.4171036708350141 0.3235460191981931 0.07704719645018153 0.03980801806888763
0 0.4267849939491731 0.31804065499717676 0.004033884630899556 0.01637492941840768
