0 361.01230334812425 740.0098814229249 0.024606696248487294 0.019762845849802372
0 460.01270673658735 740.009457933371 0.025413473174667203 0.0189158667419537
0 568.0494150867286 740.0104460756635 0.09883017345703912 0.020892151326933936
0 832.0028237192416 794.0056465273857 0.005647438483259379 0.01129305477131564
0 875.0508269463494 744.016939582157 0.10165389269866881 0.03387916431394692
0 1128.0020169423155 800.0042348955393 0.004033884630899556 0.00846979107848673
0 1188.0812827753127 747.0166572557877 0.16256555062525213 0.033314511575381144
0 1620.0867285195643 750.0100225861096 0.1734570391286809 0.020045172219085264
0 346.01916095199675 911.0143986448335 0.038321903993545785 0.028797289666854884
0 493.0865268253328 921.0100225861096 0.17305365066559097 0.020045172219085264
0 926.0024203307786 978.0047995482778 0.004840661557079467 0.009599096555618294
0 978.0346914078258 932.0090344438171 0.06938281565147236 0.018068887634105024
0 1192.089552238806 929.0095990965556 0.1791044776119403 0.019198193111236588
0 1675.0193626462283 945.0066346696782 0.03872529245663574 0.013269339356295878
0 1814.0112948769665 948.0066346696782 0.022589753933037516 0.013269339356295878
0 1880.0441710367083 933.0143986448335 0.08834207341670028 0.028797289666854884
0 328.02016942315447 1094.0141163184642 0.04033884630899556 0.028232636928289104
0 474.0703912868092 1099.0167984189723 0.14078257361839452 0.03359683794466403
0 864.0538523598225 1101.0146809712028 0.10770471964501815 0.029361942405420668
0 1134.0018152480839 1170.0014116318464 0.003630496167809601 0.00282326369282891
0 1196.0312626058894 1102.010587238848 0.06252521177894312 0.021174477696216828
0 1411.0258168616378 1098.0100225861095 0.05163372327551432 0.020045172219085264
0 1574.0207745058492 1122.0069169960475 0.04154901169826543 0.01383399209486166
0 1720.0302541347316 1119.00790513834 0.060508269463493344 0.015810276679841896
0 1911.0227914481645 1104.0104460756634 0.045582896329164985 0.020892151326933936
0 325.0322710770472 1278.0091756070017 0.0645421540943929 0.018351214003387916
0 523.0080677692617 1256.0119988706945 0.016135538523598225 0.023997741389045736
0 646.0296490520371 1269.0104460756634 0.05929810407422348 0.020892151326933936
0 842.0316659943526 1275.0107284020328 0.06333198870512304 0.021456804065499716
0 1043.0494150867285 1302.007481648786 0.09883017345703912 0.014963297571993224
0 1324.0207745058492 1277.0134105025409 0.04154901169826543 0.026821005081874648
0 1454.0302541347316 1284.0097402597403 0.060508269463493344 0.01948051948051948
0 1656.0903590157322 1279.0170807453417 0.18071803146430013 0.034161490683229816
0 343.01311012505045 1459.0091756070017 0.026220250100847116 0.018351214003387916
0 468.0149253731343 1459.009034443817 0.029850746268656716 0.018068887634105024
0 571.0118999596612 1482.0060700169395 0.02379991932230738 0.012140033879164314
0 662.0365066559096 1471.0124223602484 0.07301331181928197 0.024844720496894408
0 895.0488100040338 1461.0095990965556 0.09762000806776926 0.019198193111236588
0 1180.0272287212586 1459.009881422925 0.05445744251714401 0.019762845849802372
0 1355.0635336829366 1459.0104460756634 0.12706736587333603 0.020892151326933936
0 1705.0508269463494 1463.0101637492942 0.10165389269866881 0.020327498588368152
0 1983.0127067365872 1487.0064935064936 0.025413473174667203 0.012987012987012988
0 318.01936264622833 1638.009034443817 0.03872529245663574 0.018068887634105024
0 461.033682936668 1640.0091756070017 0.06736587333602259 0.018351214003387916
0 673.0229931423961 1664.0064935064936 0.045986284792254944 0.012987012987012988
0 820.018152480839 1651.00790513834 0.03630496167809601 0.015810276679841896
0 941.0278338039532 1645.0095990965556 0.055667607906413875 0.019198193111236588
0 1115.0304558289633 1644.008610954263 0.0609116579265833 0.017221908526256352
0 1302.0346914078257 1648.0088932806325 0.06938281565147236 0.017786561264822136
0 1510.0564743848327 1648.0087521174478 0.11294876966518758 0.017504234895539244
0 1836.0118999596612 1665.0057876905703 0.02379991932230738 0.011575381140598532
0 332.0471964501815 1818.0088932806325 0.09439290036304962 0.017786561264822136
0 609.0256151674062 1812.0138339920948 0.051230334812424366 0.02766798418972332
0 784.0274304154901 1829.008328627894 0.05486083098023396 0.016657255787690572
0 976.0356998789835 1831.0108695652175 0.07139975796692215 0.021739130434782608
0 1180.0016135538524 1866.003529079616 0.003227107704719645 0.007058159232072276
0 1224.028842275111 1840.006352343309 0.057684550221863654 0.012704686617730096
0 1400.019967728923 1812.0142574816489 0.03993545784590561 0.028514963297571992
0 1554.0480032271078 1817.0101637492942 0.09600645421540945 0.020327498588368152
0 1835.0421540943928 1823.0097402597403 0.08430818878580072 0.01948051948051948
0 2057.0038321903994 1848.0053642010164 0.007664380798709157 0.010728402032749858
