0 359.0562726906011 729.0105872388481 0.11254538120209762 0.021174477696216828
0 704.0923759580476 729.012987012987 0.18475191609519967 0.025974025974025976
0 1239.0524405002018 736.0136928289102 0.10488100040338846 0.027385657820440428
0 1558.0328761597418 747.0077639751553 0.06575231948366277 0.015527950310559006
0 1787.035498184752 745.0107284020328 0.07099636950383219 0.021456804065499716
0 2010.0617184348528 756.0128458498024 0.12343686970552642 0.025691699604743084
0 376.01230334812425 1100.0073404856014 0.024606696248487294 0.014680971202710334
0 517.0726099233561 1089.014963297572 0.14521984671238403 0.029926595143986448
0 927.0028237192416 1144.0012704686617 0.005647438483259379 0.002540937323546019
0 983.038120209762 1098.0095990965556 0.07624041952400161 0.019198193111236588
0 1228.0344897135942 1100.0088932806325 0.06897942718838242 0.017786561264822136
0 1474.075837031061 1096.009881422925 0.15167406212182333 0.019762845849802372
0 1930.0135135135135 1089.0108695652175 0.02702702702702703 0.021739130434782608
0 2074.0129084308187 1126.0049407114625 0.02581686163775716 0.009881422924901186
0 353.06918112141994 1256.012987012987 0.1383622428398548 0.025974025974025976
0 779.0173457039128 1270.008610954263 0.03469140782573618 0.017221908526256352
0 958.0528438886648 1293.0093167701864 0.10568777732956837 0.018633540372670808
0 1277.0560709963695 1291.0084697910786 0.11214199273900767 0.01693958215697346
0 1611.0254134731747 1272.0111518915867 0.050826946349334406 0.022303783173348392
0 1831.0344897135942 1280.0087521174478 0.06897942718838242 0.017504234895539244
0 2086.0457845905607 1284.0081874647092 0.09156918112141993 0.01637492941840768
0 2313.0020169423155 1332.0009881422925 0.004033884630899556 0.001976284584980237
0 341.0824929407019 1446.0152456239414 0.16498588140379186 0.030491247882552232
0 790.0171440096814 1461.0087521174478 0.03428801936264623 0.017504234895539244
0 938.033682936668 1470.008328627894 0.06736587333602259 0.016657255787690572
0 1202.0506252521177 1455.0127046866178 0.10125050423557887 0.025409373235460192
0 1506.0330778539733 1446.009881422925 0.06615570794675273 0.019762845849802372
0 1782.0373134328358 1480.006634669678 0.07462686567164178 0.013269339356295878
0 2013.0439693424769 1473.006634669678 0.08793868495361033 0.013269339356295878
0 353.0631302944736 1621.012563523433 0.1262605889471561 0.0251270468661773
0 756.0205728116176 1641.0093167701864 0.041145623235175476 0.018633540372670808
0 920.033279548205 1637.008328627894 0.06655909640984267 0.016657255787690572
0 1134.0625252117788 1634.012563523433 0.12505042355788623 0.0251270468661773
0 1486.0590964098426 1639.0115753811406 0.118192819685357 0.023150762281197064
0 1811.0504235578862 1644.0076228119706 0.10084711577248891 0.015245623941276116
0 2102.0187575635337 1635.0081874647092 0.03751512706736587 0.01637492941840768
0 356.03065752319486 1804.009881422925 0.06131504638967326 0.019762845849802372
0 623.0613150463897 1818.0091756070017 0.12263009277934651 0.018351214003387916
0 977.0024203307786 1859.0008469791078 0.004840661557079467 0.0016939582156973462
0 1037.0209762000807 1823.0091756070017 0.04195240016135539 0.018351214003387916
0 1240.0383219039936 1818.010587238848 0.07664380798709157 0.021174477696216828
0 1483.0284388866478 1834.0053642010164 0.05687777329568374 0.010728402032749858
0 1664.01956434046 1843.0060700169395 0.0391286809197257 0.012140033879164314
0 1825.0391286809197 1839.0060700169395 0.0782573618394514 0.012140033879164314
0 2065.003227107705 1823.006634669678 0.00645421540943929 0.013269339356295878
0 2125.001815248084 1869.0014116318464 0.003630496167809601 0.00282326369282891
0 359.01452198467126 1980.0111518915867 0.029043969342476807 0.022303783173348392
0 534.0538523598225 1993.0100225861095 0.10770471964501815 0.020045172219085264
0 870.0064542154095 1992.010304912479 0.01290843081887858 0.020609824957651044
0 910.0342880193626 2004.0073404856014 0.06857603872529246 0.014680971202710334
0 1121.0344897135942 2008.0107284020328 0.06897942718838242 0.021456804065499716
0 1298.0054457442518 1988.0108695652175 0.010891488503428802 0.021739130434782608
0 1391.006655909641 2029.0011293054772 0.013311819281968536 0.002258610954263128
0 1506.0379185155305 1997.0121400338792 0.07583703106091166 0.024280067758328628
0 1790.062928600242 1976.0119988706945 0.12585720048406615 0.023997741389045736
0 2157.0056474384833 2030.0018351214003 0.011294876966518758 0.0036702428006775835
0 370.01250504235577 2170.0081874647094 0.02501008471157725 0.01637492941840768
0 557.0264219443324 2192.0057876905703 0.052843888664784185 0.011575381140598532
0 752.0554659136749 2175.0084697910784 0.11093182734973779 0.01693958215697346
0 1109.05223880597 2197.0095990965556 0.1044776119402985 0.019198193111236588
0 1461.0185558693022 2173.0097402597403 0.03711173860427592 0.01948051948051948
0 1637.1081081081081 2185.0103049124787 0.21621621621621623 0.020609824957651044
0 371.10064542154095 2356.0148221343875 0.20129084308188785 0.029644268774703556
0 951.0258168616377 2356.011293054771 0.05163372327551432 0.02258610954263128
0 1143.0312626058894 2358.009175607002 0.06252521177894312 0.018351214003387916
0 1392.1262605889472 2364.010587238848 0.2525211778943122 0.021174477696216828
0 2063.0397337636145 2380.005505364201 0.07946752722872126 0.01101072840203275
0 2287.002218636547 2391.004658385093 0.004437273093989512 0.009316770186335404
0 367.1147640177491 2525.014963297572 0.22952803549818476 0.029926595143986448
0 997.0867285195643 2532.0095990965556 0.1734570391286809 0.019198193111236588
0 1445.0032271077048 2576.001552795031 0.00645421540943929 0.003105590062111801
