0 0.09197256958450989 0.11166007905138339 0.0500201694231545 0.01693958215697346
0 0.14521984671238403 0.11561264822134387 0.09600645421540945 0.025974025974025976
0 0.16680112948769665 0.11081309994353472 0.030254134731746672 0.017504234895539244
0 0.19342476805163372 0.11081309994353472 0.04356595401371521 0.018068887634105024
0 0.22408229124647036 0.11109542631281762 0.043162565550625254 0.01129305477131564
0 0.26099233561920127 0.11264822134387352 0.057684550221863654 0.01948051948051948
0 0.3206938281565147 0.11547148503670243 0.09762000806776926 0.027950310559006212
0 0.4154901169826543 0.11420101637492942 0.1734570391286809 0.028514963297571992
0 0.07704719645018153 0.14130434782608695 0.024203307785397338 0.029079616036137776
0 0.10024203307785397 0.1367871259175607 0.03146430012101654 0.017221908526256352
0 0.16216216216216217 0.14031620553359683 0.1073013311819282 0.032185206098249576
0 0.1811214199273901 0.13594014680971203 0.01936264622831787 0.015810276679841896
0 0.2236789027833804 0.13721061547148503 0.06736587333602259 0.02258610954263128
0 0.24606696248487292 0.1396103896103896 0.02743041549011698 0.029644268774703556
0 0.27228721258572003 0.13721061547148503 0.035901573215006054 0.022303783173348392
0 0.3073820088745462 0.14144551101072841 0.05163372327551432 0.022303783173348392
0 0.3162565550625252 0.13481084133258045 0.010891488503428802 0.0189158667419537
0 0.34530052440500203 0.13664596273291926 0.03630496167809601 0.020609824957651044
0 0.3602258975393304 0.13594014680971203 0.01573215006050827 0.009881422924901186
0 0.41226300927793463 0.1362224731789949 0.09762000806776926 0.022868435911914172
0 0.4171036708350141 0.1367871259175607 0.003630496167809601 0.002540937323546019
0 0.43283582089552236 0.13749294184076793 0.026220250100847116 0.0220214568040655
0 0.06958450988301734 0.18661773009599097 0.01734570391286809 0.012140033879164314
0 0.10306575231948366 0.18661773009599097 0.056070996369503835 0.019762845849802372
0 0.15832997176280758 0.19113495200451722 0.09156918112141993 0.027385657820440428
0 0.1799112545381202 0.18675889328063242 0.027833803953206938 0.018068887634105024
0 0.2029043969342477 0.1876058723884811 0.027833803953206938 0.016657255787690572
0 0.24203307785397338 0.18817052512704688 0.06333198870512304 0.022303783173348392
0 0.32230738200887454 0.18845285149632976 0.13513513513513514 0.028232636928289104
0 0.3467123840258169 0.19311123658949747 0.02864058087938685 0.03557312252964427
0 0.3672851956434046 0.1880293619424054 0.03146430012101654 0.012987012987012988
0 0.40661557079467525 0.18845285149632976 0.06171843485276321 0.026256352343308864
0 0.09580475998386447 0.21315640880858272 0.06978620411456232 0.021739130434782608
0 0.14219443323920936 0.21315640880858272 0.07059298104074223 0.018633540372670808
0 0.17587736990722067 0.21329757199322416 0.050423557886244454 0.014680971202710334
0 0.2379991932230738 0.21329757199322416 0.10770471964501815 0.022303783173348392
0 0.25574828559903184 0.21287408243929984 0.024203307785397338 0.018351214003387916
0 0.27833803953206937 0.2140033879164314 0.02944735780556676 0.017504234895539244
0 0.327148043565954 0.22035573122529645 0.07745058491327148 0.03613777526821005
0 0.34852763210972165 0.2127329192546584 0.023396530859217425 0.015810276679841896
0 0.3916901976603469 0.21287408243929984 0.060508269463493344 0.020892151326933936
0 0.3993545784590561 0.21230942970073405 0.004033884630899556 0.003105590062111801
0 0.4235578862444534 0.2124505928853755 0.026220250100847116 0.017221908526256352
