0 0.10750302541347317 0.11278938452851496 0.08148446954417103 0.020892151326933936
0 0.16478418717224688 0.11716544325239978 0.07946752722872126 0.0251270468661773
0 0.1926179911254538 0.11264822134387352 0.029850746268656716 0.01693958215697346
0 0.21399757966922145 0.11293054771315642 0.025413473174667203 0.009034443817052512
0 0.33420734167002825 0.11349520045172219 0.22146026623638565 0.01948051948051948
0 0.3467123840258169 0.11575381140598531 0.009681323114158934 0.02710333145115754
0 0.3830173457039129 0.11307171089779786 0.06615570794675273 0.010446075663466968
0 0.42759177087535294 0.11617730095990965 0.07220653489310205 0.023433088650479956
0 0.11012505042355789 0.1383399209486166 0.08027430415490117 0.019198193111236588
0 0.14199273900766438 0.13932806324110672 0.04477611940298507 0.021739130434782608
0 0.21319080274304156 0.1383399209486166 0.11536910044372731 0.017786561264822136
0 0.3118192819685357 0.1386222473178995 0.17870108914885036 0.01693958215697346
0 0.3553852359822509 0.14144551101072841 0.06978620411456232 0.026821005081874648
0 0.4126663977410246 0.13848108413325805 0.08874546187979024 0.011575381140598532
0 0.14905203711173862 0.18873517786561264 0.15449778136345302 0.018633540372670808
0 0.1837434449374748 0.18929983060417843 0.03993545784590561 0.019762845849802372
0 0.2488906817265026 0.189158667419537 0.1044776119402985 0.017504234895539244
0 0.2539330375151271 0.18831168831168832 0.003227107704719645 0.002540937323546019
0 0.30697862041145624 0.189158667419537 0.07624041952400161 0.01948051948051948
0 0.3108108108108108 0.19212309429700733 0.003630496167809601 0.007622811970638058
0 0.327148043565954 0.18450028232636928 0.008874546187979023 0.009034443817052512
0 0.41508672851956435 0.19381705251270467 0.1645824929407019 0.020327498588368152
0 0.41750705929810406 0.19240542066629024 0.003630496167809601 0.009599096555618294
0 0.1754739814441307 0.24520045172219085 0.2117789431222267 0.03077357425183512
0 0.1827349737797499 0.23404856013551667 0.009681323114158934 0.007905138339920948
0 0.2309398951189996 0.2404009034443817 0.07382008874546188 0.020609824957651044
0 0.2745058491327148 0.23955392433653303 0.05647438483259379 0.020327498588368152
0 0.32977006857603874 0.24054206662902314 0.08229124647035095 0.023715415019762844
0 0.34530052440500203 0.24181253529079616 0.00927793465106898 0.026256352343308864
0 0.37232755143202906 0.23955392433653303 0.04154901169826543 0.010446075663466968
0 0.41609519967728925 0.23941276115189158 0.06575231948366277 0.018351214003387916
0 0.11617587736990723 0.26468097120271034 0.09197256958450989 0.010163749294184076
0 0.17244856797095603 0.2658102766798419 0.08834207341670028 0.021739130434782608
0 0.21702299314239612 0.2651044607566347 0.06938281565147236 0.01948051948051948
0 0.2236789027833804 0.269339356295878 0.01008471157724889 0.032185206098249576
0 0.23215006050826947 0.2686335403726708 0.0052440500201694235 0.009316770186335404
0 0.30254134731746674 0.2651044607566347 0.11577248890681727 0.018633540372670808
0 0.3334005647438483 0.2651044607566347 0.035901573215006054 0.017504234895539244
0 0.39572408229124645 0.2652456239412761 0.10689794271883823 0.0189158667419537
0 0.4288019362646228 0.26566911349520045 0.0500201694231545 0.021739130434782608
0 0.13916901976603469 0.29361942405420666 0.13795885437676483 0.028514963297571992
0 0.20512303348124244 0.29361942405420666 0.10246066962484873 0.02456239412761152
0 0.20754336425978218 0.29107848673066067 0.006857603872529245 0.0033879164313946925
0 0.25554659136748686 0.2906549971767363 0.08067769261799113 0.019762845849802372
0 0.3051633723275514 0.29023150762281197 0.07422347720855184 0.0189158667419537
0 0.35760387252924564 0.29023150762281197 0.07946752722872126 0.018351214003387916
0 0.42860024203307784 0.2906549971767363 0.11980637353771682 0.023433088650479956
0 0.08229124647035095 0.34105025409373235 0.02702702702702703 0.022303783173348392
0 0.1189995966115369 0.3409090909090909 0.045582896329164985 0.010446075663466968
0 0.22851956434045986 0.3414737436476567 0.19443323920935862 0.020045172219085264
0 0.30576845502218636 0.3445793337097685 0.12868091972569584 0.029079616036137776
0 0.3344090359015732 0.34443817052512704 0.033884630899556276 0.029361942405420668
0 0.3810004033884631 0.34105025409373235 0.06736587333602259 0.0220214568040655
