0 0.07482855990318676 0.13904573687182384 0.0060508269463493344 0.023715415019762844
0 0.11153691004437273 0.13975155279503104 0.04961678096006454 0.025691699604743084
0 0.17466720451795079 0.1497741389045737 0.09883017345703912 0.045736871823828344
0 0.19826542960871318 0.1401750423489554 0.02379991932230738 0.026256352343308864
0 0.2801532876159742 0.1461038961038961 0.13029447357805568 0.03811405985319029
0 0.32674465510286405 0.1398927159796725 0.06696248487293263 0.025409373235460192
0 0.34288019362646227 0.1401750423489554 0.008874546187979023 0.024844720496894408
0 0.38120209762000806 0.1401750423489554 0.07099636950383219 0.021739130434782608
0 0.43929003630496166 0.1398927159796725 0.09963695038321904 0.020892151326933936
0 0.1145623235175474 0.17137210615471485 0.09197256958450989 0.0378317334839074
0 0.16014521984671237 0.16544325239977414 0.06575231948366277 0.025409373235460192
0 0.21339249697458654 0.16516092603049123 0.08753529649052037 0.025691699604743084
0 0.2252924566357402 0.1653020892151327 0.005647438483259379 0.023715415019762844
0 0.2678499394917305 0.16487859966120835 0.07704719645018153 0.023997741389045736
0 0.3235175473981444 0.16558441558441558 0.08834207341670028 0.021739130434782608
0 0.382008874546188 0.1696781479390175 0.10326744655102864 0.03500846979107849
0 0.4626865671641791 0.16516092603049123 0.14965711980637353 0.025974025974025976
0 0.46571198063735375 0.1675607001693958 0.0024203307785397336 0.007340485601355167
0 0.11718434852763211 0.19042913608130999 0.10044372730939895 0.02710333145115754
0 0.14340459862847924 0.19042913608130999 0.035498184751916094 0.020327498588368152
0 0.22408229124647036 0.19593450028232637 0.13473174667204518 0.03811405985319029
0 0.25332795482049214 0.19212309429700733 0.04033884630899556 0.019198193111236588
0 0.33198870512303347 0.19042913608130999 0.13755546591367487 0.025974025974025976
0 0.3416700282371924 0.18492377188029363 0.007260992335619202 0.0016939582156973462
0 0.3598225090762404 0.19141727837380013 0.021782977006857603 0.019198193111236588
0 0.46026623638563935 0.20383963862224733 0.1871722468737394 0.05307735742518351
0 0.1308995562726906 0.2245906267645398 0.12101653892698669 0.040654997176736304
0 0.15348931020572812 0.21682665160926032 0.023396530859217425 0.018068887634105024
0 0.22408229124647036 0.21597967250141162 0.12343686970552642 0.023433088650479956
0 0.27853973376361435 0.21668548842461885 0.09883017345703912 0.021456804065499716
0 0.2864058087938685 0.21739130434782608 0.003227107704719645 0.00846979107848673
0 0.32977006857603874 0.2165443252399774 0.0790641387656313 0.025409373235460192
0 0.39128680919725695 0.22910784867306608 0.11254538120209762 0.04997176736307171
0 0.4100443727309399 0.2161208356860531 0.024606696248487294 0.024844720496894408
0 0.4465510286405809 0.21626199887069453 0.058491327148043566 0.025974025974025976
0 0.11678096006454215 0.24576510446075664 0.09963695038321904 0.03472614342179559
0 0.18394513916901978 0.2519762845849802 0.10931827349737798 0.045736871823828344
0 0.22771278741427994 0.24110671936758893 0.06897942718838242 0.025409373235460192
0 0.3190802743041549 0.2422360248447205 0.1609519967728923 0.026256352343308864
0 0.32573618394513915 0.23969508752117447 0.003630496167809601 0.001411631846414455
0 0.3408632513110125 0.2419536984754376 0.018152480839048003 0.023715415019762844
0 0.38342073416700284 0.251270468661773 0.07059298104074223 0.04291360813099943
0 0.4169019766034691 0.2406832298136646 0.052843888664784185 0.018633540372670808
0 0.45038321903993545 0.24054206662902314 0.06413876563130294 0.022303783173348392
0 0.4538120209762001 0.24265951439864483 0.004033884630899556 0.00846979107848673
0 0.11073013311819283 0.2652456239412761 0.08430818878580072 0.025691699604743084
0 0.17930617184348527 0.2707509881422925 0.11657926583299717 0.03472614342179559
0 0.22408229124647036 0.2663749294184077 0.07341670028237192 0.023997741389045736
0 0.263412666397741 0.26905702992659514 0.07059298104074223 0.03020892151326934
0 0.30354981847519164 0.2701863354037267 0.0653489310205728 0.03274985883681536
0 0.3325937878176684 0.2658102766798419 0.043162565550625254 0.017504234895539244
0 0.36244453408632515 0.2662337662337662 0.03953206938281565 0.023715415019762844
0 0.4060104881000403 0.2658102766798419 0.07301331181928197 0.0220214568040655
0 0.41306978620411455 0.26538678712591757 0.0028237192416296895 0.002258610954263128
0 0.445542557482856 0.26595143986448333 0.06171843485276321 0.0251270468661773
0 0.13372327551432028 0.29079616036137773 0.13231141589350545 0.025691699604743084
0 0.19483662767244858 0.2996894409937888 0.09439290036304962 0.04121964991530209
0 0.20532472771278742 0.29107848673066067 0.0024203307785397336 0.009881422924901186
0 0.21924162968939087 0.2896668548842462 0.00645421540943929 0.021739130434782608
0 0.2672448567970956 0.2964426877470356 0.07422347720855184 0.03020892151326934
0 0.30496167809600644 0.2919254658385093 0.06010488100040339 0.02710333145115754
0 0.3126260588947156 0.29164313946922643 0.004033884630899556 0.009316770186335404
0 0.3527632109721662 0.29983060417843027 0.07139975796692215 0.0409373235460192
0 0.3799919322307382 0.2912196499153021 0.04033884630899556 0.0189158667419537
0 0.4400968132311416 0.2919254658385093 0.10528438886647842 0.025409373235460192
0 0.0808793868495361 0.36589497459062675 0.030254134731746672 0.025691699604743084
0 0.1464300121016539 0.3685770750988142 0.10528438886647842 0.029079616036137776
0 0.20754336425978218 0.3753529079616036 0.09963695038321904 0.03698475437605872
0 0.2309398951189996 0.3685770750988142 0.021782977006857603 0.019762845849802372
0 0.3208955223880597 0.3695652173913043 0.16296893908834206 0.02766798418972332
0 0.3483259378781767 0.37210615471485037 0.0391286809197257 0.03274985883681536
0 0.38563937071399756 0.3687182382834557 0.053247277127874144 0.0251270468661773
0 0.43586123436869706 0.36900056465273856 0.09197256958450989 0.029079616036137776
