0 348.042557482856 738.0119988706945 0.08511496571198064 0.023997741389045736
0 619.0312626058894 739.0076228119707 0.06252521177894312 0.015245623941276116
0 825.0552642194433 744.0071993224167 0.11052843888664785 0.014398644833427442
0 1149.0147236789028 744.0073404856014 0.02944735780556676 0.014680971202710334
0 1266.0240016135538 763.0046583850932 0.04800322710770472 0.009316770186335404
0 1441.053650665591 744.0070581592321 0.1073013311819282 0.014116318464144552
0 1742.0272287212586 746.0087521174478 0.05445744251714401 0.017504234895539244
0 1927.0276321097217 748.0069169960474 0.05526421944332392 0.01383399209486166
0 353.03428801936263 918.0076228119707 0.06857603872529246 0.015245623941276116
0 577.0129084308189 920.0071993224167 0.02581686163775716 0.014398644833427442
0 685.0558693021379 921.0073404856014 0.11173860427591771 0.014680971202710334
0 1019.0274304154901 924.0101637492942 0.05486083098023396 0.020327498588368152
0 1201.0473981444131 927.0090344438171 0.09479628882613957 0.018068887634105024
0 1475.0163372327552 941.0046583850932 0.0326744655102864 0.009316770186335404
0 1606.0104881000404 938.0049407114625 0.020976200080677694 0.009881422924901186
0 1740.0036304961677 917.0021174477696 0.007260992335619202 0.004234895539243365
0 1752.0609116579267 918.0115753811406 0.1218233158531666 0.023150762281197064
0 323.040338846309 1116.0081874647092 0.08067769261799113 0.01637492941840768
0 537.0018152480839 1145.0011293054772 0.003630496167809601 0.002258610954263128
0 587.0046389673255 1102.0025409373236 0.00927793465106898 0.005081874647092038
0 662.0127067365873 1103.006634669678 0.025413473174667203 0.013269339356295878
0 769.0233965308593 1116.0050818746472 0.04679306171843485 0.010163749294184076
0 928.0131101250504 1102.007058159232 0.026220250100847116 0.014116318464144552
0 1024.0102864058088 1122.004376058724 0.020572811617587738 0.008752117447769622
0 1127.035901573215 1096.0108695652175 0.07180314643001211 0.021739130434782608
0 1354.0308592174263 1108.0084697910786 0.06171843485276321 0.01693958215697346
0 1543.0326744655104 1097.01185770751 0.0653489310205728 0.023715415019762844
0 1757.0094796288827 1121.004376058724 0.018959257765227916 0.008752117447769622
0 349.0655506252521 1270.0088932806325 0.13110125050423557 0.017786561264822136
0 685.0038321903994 1321.0031055900622 0.007664380798709157 0.006211180124223602
0 763.0451795078661 1274.0121400338792 0.09035901573215006 0.024280067758328628
0 1055.0100847115773 1298.0042348955392 0.02016942315449778 0.00846979107848673
0 1148.0286405808795 1280.0073404856014 0.0572811617587737 0.014680971202710334
0 1344.0383219039936 1286.006634669678 0.07664380798709157 0.013269339356295878
0 1609.085114965712 1280.0101637492942 0.17022993142396128 0.020327498588368152
0 2052.0042355788623 1302.0045172219086 0.008471157724889069 0.009034443817052512
0 321.00322710770473 1443.003529079616 0.00645421540943929 0.007058159232072276
0 349.0475998386446 1447.008328627894 0.09519967728922953 0.016657255787690572
0 644.0252117789431 1456.00790513834 0.050423557886244454 0.015810276679841896
0 806.0262202501009 1474.0080463015245 0.05244050020169423 0.016092603049124788
0 960.0108914885034 1484.00395256917 0.021782977006857603 0.007905138339920948
0 1083.0701895925777 1458.010587238848 0.14037918515530456 0.021174477696216828
0 1491.0242033077855 1449.0091756070017 0.048406615570794675 0.018351214003387916
0 1657.0284388866478 1458.0077639751553 0.05687777329568374 0.015527950310559006
0 1811.0038321903994 1502.0031055900622 0.007664380798709157 0.006211180124223602
0 1858.0342880193627 1460.008610954263 0.06857603872529246 0.017221908526256352
0 332.0264219443324 1635.0076228119706 0.052843888664784185 0.015245623941276116
0 493.0254134731747 1641.0095990965556 0.050826946349334406 0.019198193111236588
0 640.0098830173457 1656.004658385093 0.019766034691407825 0.009316770186335404
0 759.0399354578459 1647.006634669678 0.07987091569181122 0.013269339356295878
0 1006.0237999193223 1647.0064935064936 0.04759983864461476 0.012987012987012988
0 1173.0207745058492 1635.0080463015245 0.04154901169826543 0.016092603049124788
0 1344.0326744655104 1637.0076228119706 0.0653489310205728 0.015245623941276116
0 1527.0036304961677 1675.003529079616 0.007260992335619202 0.007058159232072276
0 1563.0290439693424 1648.0062111801242 0.05808793868495361 0.012422360248447204
0 1727.078862444534 1635.0081874647092 0.15772488906817264 0.01637492941840768
0 337.02622025010083 1813.00790513834 0.05244050020169423 0.015810276679841896
0 492.0244050020169 1824.0084697910786 0.04881000403388463 0.01693958215697346
0 632.0100847115773 1841.00395256917 0.02016942315449778 0.007905138339920948
0 729.0482049213392 1820.0104460756634 0.09640984267849939 0.020892151326933936
0 1023.0427591770875 1821.0095990965556 0.08551835417507059 0.019198193111236588
0 1292.0264219443325 1811.0091756070017 0.052843888664784185 0.018351214003387916
0 1492.0344897135942 1818.0073404856014 0.06897942718838242 0.014680971202710334
0 1707.0330778539733 1817.0091756070017 0.06615570794675273 0.018351214003387916
0 1911.0260185558693 1834.0073404856014 0.05203711173860428 0.014680971202710334
0 338.07462686567163 1988.0084697910786 0.14925373134328357 0.01693958215697346
0 737.0262202501009 2003.008610954263 0.05244050020169423 0.017221908526256352
0 919.019967728923 2019.0073404856014 0.03993545784590561 0.014680971202710334
0 1049.010689794272 2014.004658385093 0.021379588543767647 0.009316770186335404
0 1148.046187979024 2010.0053642010164 0.09237595804759983 0.010728402032749858
0 1388.0018152480839 2038.0009881422925 0.003630496167809601 0.001976284584980237
0 1436.0046389673255 1990.0031055900622 0.00927793465106898 0.006211180124223602
