0 0.09701492537313433 0.11194240542066629 0.06252521177894312 0.01948051948051948
0 0.14804356595401372 0.11236589497459062 0.08350141185962082 0.0220214568040655
0 0.19927390076643808 0.1163184641445511 0.08471157724889068 0.03020892151326934
0 0.23073820088745461 0.11208356860530773 0.043969342476805166 0.012704686617730096
0 0.2864058087938685 0.11278938452851496 0.09762000806776926 0.023715415019762844
0 0.3721258572004841 0.1147656691134952 0.1508672851956434 0.027950310559006212
0 0.11133521581282775 0.1380575945793337 0.08793868495361033 0.023715415019762844
0 0.13695038321903993 0.1380575945793337 0.020976200080677694 0.018351214003387916
0 0.1897942718838241 0.1380575945793337 0.08874546187979024 0.02258610954263128
0 0.19685356998789835 0.1373517786561265 0.0028237192416296895 0.0033879164313946925
0 0.2172246873739411 0.13763410502540938 0.021782977006857603 0.020892151326933936
0 0.2712787414279952 0.1383399209486166 0.09721661960467931 0.022868435911914172
0 0.30778539733763616 0.1383399209486166 0.053247277127874144 0.024280067758328628
0 0.32977006857603874 0.14144551101072841 0.0318676885841065 0.031055900621118012
0 0.3602258975393304 0.13749294184076793 0.045986284792254944 0.02258610954263128
0 0.11194029850746269 0.16840767927724448 0.09439290036304962 0.03190287972896669
0 0.19241629689390882 0.16614906832298137 0.14158935054457442 0.026538678712591756
0 0.22206534893102056 0.16205533596837945 0.042759177087535294 0.0220214568040655
0 0.2682533279548205 0.16332580463015245 0.08188785800726099 0.025691699604743084
0 0.29225494150867287 0.1668548842461886 0.033884630899556276 0.03472614342179559
0 0.38463089955627267 0.16826651609260304 0.16942315449778136 0.03190287972896669
0 0.4154901169826543 0.1671372106154715 0.038321903993545785 0.03162055335968379
0 0.1244453408632513 0.18873517786561264 0.11940298507462686 0.025974025974025976
0 0.15873336022589754 0.18831168831168832 0.04961678096006454 0.02258610954263128
0 0.19967728922952804 0.18873517786561264 0.05889471561113352 0.0220214568040655
0 0.27490923759580477 0.19282891022021456 0.13150463896732553 0.034161490683229816
0 0.3061718434852763 0.1876058723884811 0.03993545784590561 0.020892151326933936
0 0.35215812827753123 0.19184076792772445 0.07785397337636143 0.0189158667419537
0 0.42295280354981846 0.18788819875776397 0.11738604275917709 0.013269339356295878
0 0.11637757160145219 0.21753246753246752 0.10246066962484873 0.03020892151326934
0 0.14058087938684954 0.21753246753246752 0.03146430012101654 0.032467532467532464
0 0.17930617184348527 0.2155561829474873 0.06171843485276321 0.029644268774703556
0 0.2200484066155708 0.21357989836250707 0.058491327148043566 0.02258610954263128
0 0.28519564340459863 0.21301524562394128 0.11012505042355789 0.02456239412761152
0 0.31807180314643 0.2124505928853755 0.05163372327551432 0.0220214568040655
0 0.3465106897942719 0.21287408243929984 0.0391286809197257 0.024280067758328628
0 0.4118596208148447 0.2127329192546584 0.10770471964501815 0.023150762281197064
0 0.10629286002420331 0.23729531338226992 0.07341670028237192 0.025409373235460192
0 0.12706736587333603 0.2385657820440429 0.018959257765227916 0.018351214003387916
0 0.16982654296087132 0.23941276115189158 0.0645421540943929 0.02456239412761152
0 0.22146026623638565 0.24477696216826653 0.08511496571198064 0.03500846979107849
0 0.24102460669624848 0.2381422924901186 0.024203307785397338 0.01948051948051948
0 0.2833803953206938 0.23927159796725014 0.06494554255748286 0.023997741389045736
0 0.32331585316659944 0.23771880293619424 0.05929810407422348 0.020609824957651044
0 0.3582089552238806 0.23870694522868435 0.04921339249697459 0.026538678712591756
0 0.42073416700282373 0.2422360248447205 0.11375554659136748 0.03387916431394692
0 0.1218233158531666 0.269339356295878 0.1036708350141186 0.03500846979107849
0 0.12989108511496572 0.26383399209486164 0.003630496167809601 0.002258610954263128
0 0.15026220250100847 0.26453980801806887 0.021379588543767647 0.021739130434782608
0 0.16861637757160144 0.26355166572557875 0.02501008471157725 0.019762845849802372
0 0.19786204114562322 0.26383399209486164 0.048406615570794675 0.022868435911914172
0 0.26058894715611136 0.2683512140033879 0.11698265429608713 0.03274985883681536
0 0.2853973376361436 0.26256352343308864 0.02379991932230738 0.022868435911914172
0 0.3499394917305365 0.2636928289102202 0.11415893505445744 0.027950310559006212
0 0.390883420734167 0.2682100508187465 0.05889471561113352 0.021739130434782608
0 0.4279951593384429 0.2636928289102202 0.056070996369503835 0.015527950310559006
0 0.0945945945945946 0.2899491812535291 0.0536506655909641 0.024844720496894408
0 0.1308995562726906 0.288961038961039 0.05486083098023396 0.024280067758328628
0 0.20229931423961275 0.28952569169960474 0.1218233158531666 0.027385657820440428
0 0.2799515933844292 0.2930547713156409 0.14239612747075434 0.035290796160361376
0 0.2874142799515934 0.2899491812535291 0.0052440500201694235 0.004517221908526256
