0 0.11415893505445744 0.11081309994353472 0.05445744251714401 0.016092603049124788
0 0.14340459862847924 0.11123658949745906 0.03791851553045583 0.01693958215697346
0 0.20835014118596207 0.11420101637492942 0.10649455425574829 0.02258610954263128
0 0.24929407018959257 0.11490683229813664 0.0653489310205728 0.023715415019762844
0 0.2809600645421541 0.11053077357425184 0.04961678096006454 0.01383399209486166
0 0.3073820088745462 0.10954263128176171 0.040742234772085516 0.01355166572557877
0 0.34610730133118195 0.11038961038961038 0.0536506655909641 0.009881422924901186
0 0.3882613957240823 0.11405985319028797 0.07059298104074223 0.021739130434782608
0 0.4134731746672045 0.11109542631281762 0.02501008471157725 0.012704686617730096
0 0.15308592174263816 0.13664596273291926 0.14239612747075434 0.018351214003387916
0 0.20613150463896732 0.13608130999435347 0.07260992335619201 0.017221908526256352
0 0.21298910851149658 0.13608130999435347 0.0028237192416296895 0.00282326369282891
0 0.22872125857200484 0.13537549407114624 0.01855586930213796 0.012704686617730096
0 0.2535296490520371 0.13692828910220214 0.033481242436466316 0.01637492941840768
0 0.3021379588543768 0.13565782044042915 0.08108108108108109 0.015527950310559006
0 0.3481242436466317 0.14031620553359683 0.07180314643001211 0.026256352343308864
0 0.3553852359822509 0.13932806324110672 0.0060508269463493344 0.009316770186335404
0 0.37394110528438884 0.13608130999435347 0.026220250100847116 0.01637492941840768
0 0.37676482452601856 0.13565782044042915 0.0016135538523598225 0.001129305477131564
0 0.409035901573215 0.1362224731789949 0.06171843485276321 0.014398644833427442
0 0.41851553045582895 0.13918690005646528 0.0052440500201694235 0.009881422924901186
0 0.09398951189995966 0.16078486730660643 0.02743041549011698 0.017221908526256352
0 0.127470754336426 0.16134952004517222 0.0500201694231545 0.017221908526256352
0 0.16397741024606696 0.16459627329192547 0.05203711173860428 0.023715415019762844
0 0.19342476805163372 0.16233766233766234 0.03872529245663574 0.017786561264822136
0 0.21682129891085114 0.16417278373800112 0.022589753933037516 0.025691699604743084
0 0.2390076643807987 0.16092603049124787 0.02944735780556676 0.016657255787690572
0 0.2599838644614764 0.16233766233766234 0.028237192416296894 0.010728402032749858
0 0.27974989915288423 0.1634669678147939 0.020976200080677694 0.024280067758328628
0 0.33198870512303347 0.16600790513833993 0.08188785800726099 0.019198193111236588
0 0.35175473981444133 0.16106719367588934 0.018959257765227916 0.015527950310559006
0 0.42496974586526826 0.1671372106154715 0.12585720048406615 0.026821005081874648
0 0.4312222670431626 0.16205533596837945 0.002016942315449778 0.001411631846414455
0 0.08531665994352562 0.18690005646527386 0.017749092375958047 0.015810276679841896
0 0.12404195240016136 0.19000564652738566 0.058491327148043566 0.025974025974025976
0 0.15308592174263816 0.18675889328063242 0.03630496167809601 0.009599096555618294
0 0.1954417103670835 0.18690005646527386 0.06131504638967326 0.016092603049124788
0 0.21883824122630094 0.1870412196499153 0.022589753933037516 0.015245623941276116
0 0.24384832593787817 0.18619424054206662 0.030254134731746672 0.015527950310559006
0 0.3037515127067366 0.18929983060417843 0.09398951189995966 0.0251270468661773
0 0.327148043565954 0.19028797289666854 0.024606696248487294 0.028514963297571992
0 0.38765631302944736 0.18675889328063242 0.10125050423557887 0.016657255787690572
0 0.4346510689794272 0.18718238283455674 0.0681726502622025 0.021739130434782608
0 0.1472367890278338 0.21202710333145117 0.13755546591367487 0.019198193111236588
0 0.24102460669624848 0.21202710333145117 0.1565147236789028 0.015810276679841896
0 0.27148043565954016 0.21146245059288538 0.043162565550625254 0.015810276679841896
0 0.3291649858814038 0.21513269339356295 0.09237595804759983 0.024280067758328628
0 0.35316659943525613 0.2124505928853755 0.023396530859217425 0.01355166572557877
0 0.39108511496571197 0.21301524562394128 0.056070996369503835 0.017786561264822136
0 0.409035901573215 0.21188594014680973 0.02864058087938685 0.01637492941840768
0 0.4128680919725696 0.21456804065499718 0.004437273093989512 0.006775832862789385
0 0.4352561516740621 0.21132128740824394 0.0326744655102864 0.014680971202710334
0 0.14501815248083905 0.23870694522868435 0.12787414279951592 0.022868435911914172
0 0.16760790641387657 0.23715415019762845 0.01290843081887858 0.016092603049124788
0 0.2789431222267043 0.24082439299830605 0.190802743041549 0.0251270468661773
0 0.32029043969342474 0.2381422924901186 0.052843888664784185 0.019198193111236588
0 0.35135135135135137 0.237012987012987 0.03630496167809601 0.017504234895539244
0 0.3844292053247277 0.237012987012987 0.04679306171843485 0.01129305477131564
0 0.44029850746268656 0.23687182382834557 0.1036708350141186 0.019198193111236588
0 0.44392900363049614 0.23715415019762845 0.002016942315449778 0.0016939582156973462
0 0.09620814844695441 0.26171654432524 0.033481242436466316 0.01637492941840768
0 0.13473174667204518 0.26228119706380576 0.04759983864461476 0.017504234895539244
0 0.16982654296087132 0.26383399209486164 0.048406615570794675 0.020045172219085264
0 0.1964501815248084 0.2648221343873518 0.022993142396127472 0.020609824957651044
0 0.23880597014925373 0.26228119706380576 0.055667607906413875 0.01383399209486166
0 0.2700685760387253 0.2627046866177301 0.03791851553045583 0.010163749294184076
0 0.29588543767648245 0.26242236024844723 0.031060911657926585 0.01637492941840768
0 0.34429205324727713 0.2628458498023715 0.06897942718838242 0.016657255787690572
0 0.3519564340459863 0.2619988706945229 0.004033884630899556 0.001976284584980237
0 0.3717224687373941 0.2611518915866742 0.020976200080677694 0.015245623941276116
0 0.40197660346914077 0.26256352343308864 0.04517950786607503 0.017786561264822136
0 0.4245663574021783 0.2627046866177301 0.0326744655102864 0.017786561264822136
0 0.10810810810810811 0.28740824392998304 0.057684550221863654 0.018633540372670808
0 0.14905203711173862 0.2878317334839074 0.0500201694231545 0.009316770186335404
0 0.19705526421944333 0.2878317334839074 0.07018959257765228 0.016657255787690572
0 0.2589753933037515 0.2922077922077922 0.08511496571198064 0.02710333145115754
0 0.30334812424364666 0.28797289666854886 0.063735377168213 0.014398644833427442
0 0.3317870108914885 0.2876905702992659 0.03751512706736587 0.009316770186335404
0 0.3701089148850343 0.28952569169960474 0.050826946349334406 0.0189158667419537
0 0.41407825736183945 0.2868435911914173 0.0572811617587737 0.017504234895539244
0 0.43263412666397744 0.28726708074534163 0.022993142396127472 0.00846979107848673
