0 0.13513513513513514 0.1147656691134952 0.1036708350141186 0.028797289666854884
0 0.18192819685356998 0.11038961038961038 0.06494554255748286 0.023715415019762844
0 0.2662363856393707 0.11730660643704122 0.14118596208148446 0.03670242800677583
0 0.2983057684550222 0.10996612083568605 0.043162565550625254 0.022868435911914172
0 0.34610730133118195 0.11067193675889328 0.0782573618394514 0.02258610954263128
0 0.37777329568374346 0.11053077357425184 0.0536506655909641 0.014398644833427442
0 0.42960871319080274 0.11716544325239978 0.08672851956434045 0.037267080745341616
0 0.4705526421944332 0.11038961038961038 0.06333198870512304 0.0220214568040655
0 0.1252521177894312 0.14186900056465274 0.0891488503428802 0.03472614342179559
0 0.15611133521581283 0.13636363636363635 0.030254134731746672 0.023715415019762844
0 0.2144009681323114 0.14384528514963296 0.08793868495361033 0.04178430265386787
0 0.21964501815248083 0.1362224731789949 0.0028237192416296895 0.002258610954263128
0 0.24505849132714805 0.13537549407114624 0.026220250100847116 0.021456804065499716
0 0.263816054860831 0.13636363636363635 0.02864058087938685 0.020045172219085264
0 0.3392496974586527 0.1362224731789949 0.1306978620411456 0.023997741389045736
0 0.4045986284792255 0.14031620553359683 0.12020976200080678 0.03274985883681536
0 0.42860024203307784 0.1342461885940147 0.033481242436466316 0.02258610954263128
0 0.4550221863654699 0.13481084133258045 0.04154901169826543 0.020609824957651044
0 0.13251311012505043 0.1621964991530209 0.10246066962484873 0.026256352343308864
0 0.1619604679306172 0.16078486730660643 0.03469140782573618 0.011857707509881422
0 0.19503832190399353 0.16120835686053078 0.053247277127874144 0.023150762281197064
0 0.2154094392900363 0.16106719367588934 0.01936264622831787 0.011857707509881422
0 0.3009277934651069 0.16727837380011293 0.14844695441710368 0.036420101637492944
0 0.3370310609116579 0.16120835686053078 0.05445744251714401 0.0220214568040655
0 0.37051230334812424 0.16149068322981366 0.05405405405405406 0.012987012987012988
0 0.4265832997176281 0.16120835686053078 0.09923356192012908 0.022303783173348392
0 0.44796288826139574 0.16106719367588934 0.031060911657926585 0.013269339356295878
0 0.09338442920532473 0.18591191417278374 0.01855586930213796 0.012422360248447204
0 0.1329164985881404 0.18591191417278374 0.05970149253731343 0.021739130434782608
0 0.15429608713190804 0.18647656691134953 0.02944735780556676 0.01129305477131564
0 0.17507059298104075 0.18534726143421795 0.020572811617587738 0.01101072840203275
0 0.21883824122630094 0.18633540372670807 0.0754336425978217 0.02258610954263128
0 0.22166196046793063 0.1857707509881423 0.003630496167809601 0.002540937323546019
0 0.2680516337232755 0.18562958780350083 0.07059298104074223 0.021174477696216828
0 0.3071803146430012 0.18605307735742518 0.05929810407422348 0.012704686617730096
0 0.37878176684146836 0.191699604743083 0.12101653892698669 0.031338226990400904
0 0.41508672851956435 0.19000564652738566 0.04881000403388463 0.029926595143986448
0 0.1319080274304155 0.2180971202710333 0.1036708350141186 0.03867871259175607
0 0.13977410246066962 0.21329757199322416 0.0052440500201694235 0.00846979107848673
0 0.17870108914885036 0.21033314511575382 0.05486083098023396 0.022868435911914172
0 0.21520774505849133 0.21894409937888198 0.05647438483259379 0.02710333145115754
0 0.29386849536103266 0.21979107848673066 0.12384025816861638 0.028232636928289104
0 0.33420734167002825 0.21569734613212874 0.053247277127874144 0.03077357425183512
0 0.39572408229124645 0.21160361377752682 0.10488100040338846 0.0220214568040655
0 0.42214602662363854 0.21019198193111235 0.03711173860427592 0.023433088650479956
0 0.44352561516740624 0.2100508187464709 0.03307785397337636 0.023150762281197064
0 0.11294876966518758 0.23687182382834557 0.06010488100040339 0.023150762281197064
0 0.1617587736990722 0.23616600790513834 0.0790641387656313 0.023715415019762844
0 0.1855586930213796 0.237012987012987 0.03670835014118596 0.02258610954263128
0 0.21883824122630094 0.2360248447204969 0.04881000403388463 0.023433088650479956
0 0.24929407018959257 0.24082439299830605 0.042759177087535294 0.03077357425183512
0 0.24747882210568778 0.23644833427442122 0.0024203307785397336 0.001976284584980237
0 0.2789431222267043 0.24025974025974026 0.03469140782573618 0.029079616036137776
0 0.2991125453812021 0.23630717108977978 0.03307785397337636 0.021174477696216828
0 0.33501411859620817 0.237012987012987 0.05405405405405406 0.025691699604743084
0 0.36708350141185964 0.23729531338226992 0.0536506655909641 0.014398644833427442
0 0.4193223073820089 0.24181253529079616 0.08713190802743041 0.034161490683229816
0 0.4598628479225494 0.23630717108977978 0.06978620411456232 0.0220214568040655
0 0.10266236385639371 0.26157538114059853 0.03146430012101654 0.020892151326933936
0 0.14118596208148446 0.2621400338791643 0.05808793868495361 0.0189158667419537
0 0.14703509479628882 0.26468097120271034 0.004437273093989512 0.006775832862789385
0 0.16942315449778136 0.2611518915866742 0.01855586930213796 0.011575381140598532
0 0.21480435659540137 0.2621400338791643 0.06494554255748286 0.026256352343308864
0 0.2672448567970956 0.26228119706380576 0.08430818878580072 0.0251270468661773
0 0.31787010891488504 0.269339356295878 0.08350141185962082 0.038396386222473176
0 0.34187172246873737 0.26101072840203277 0.030254134731746672 0.021174477696216828
0 0.3898749495764421 0.2696216826651609 0.08309802339653086 0.0378317334839074
0 0.4112545381202098 0.2619988706945229 0.035498184751916094 0.010446075663466968
0 0.41589350544574427 0.2619988706945229 0.0024203307785397336 0.0016939582156973462
