0 0.0881403791851553 0.11956521739130435 0.03993545784590561 0.018351214003387916
0 0.10225897539330375 0.11885940146809712 0.014925373134328358 0.010728402032749858
0 0.11335215812827754 0.11829474872953134 0.01290843081887858 0.004517221908526256
0 0.1446147640177491 0.11885940146809712 0.05203711173860428 0.023715415019762844
0 0.1754739814441307 0.12210615471485037 0.04881000403388463 0.015245623941276116
0 0.19604679306171843 0.11730660643704122 0.029850746268656716 0.021739130434782608
0 0.22972972972972974 0.11730660643704122 0.06413876563130294 0.017786561264822136
0 0.2617991125453812 0.11744776962168267 0.055667607906413875 0.023150762281197064
0 0.299919322307382 0.11914172783738002 0.07422347720855184 0.023433088650479956
0 0.3138362242839855 0.11787125917560701 0.016942315449778138 0.014680971202710334
0 0.3491327148043566 0.12041219649915302 0.06010488100040339 0.022303783173348392
0 0.36587333602258976 0.11815358554488989 0.022993142396127472 0.014398644833427442
0 0.40782573618394513 0.1212591756070017 0.08188785800726099 0.02456239412761152
0 0.42839854780153286 0.11801242236024845 0.033481242436466316 0.021174477696216828
0 0.4376764824526019 0.11801242236024845 0.022993142396127472 0.018633540372670808
0 0.09802339653085922 0.14257481648785997 0.05486083098023396 0.0189158667419537
0 0.13493344090359016 0.14568040654997177 0.06575231948366277 0.025409373235460192
0 0.14905203711173862 0.14497459062676454 0.019766034691407825 0.021739130434782608
0 0.21238402581686164 0.14539808018068887 0.118192819685357 0.023715415019762844
0 0.2482855990318677 0.1429983060417843 0.06131504638967326 0.018633540372670808
0 0.2603872529245664 0.1429983060417843 0.020976200080677694 0.005364201016374929
0 0.31444130697862044 0.1432806324110672 0.09883017345703912 0.017786561264822136
0 0.35296490520371115 0.14440993788819875 0.07260992335619201 0.01948051948051948
0 0.41044776119402987 0.14313946922642576 0.10891488503428802 0.020327498588368152
0 0.41206131504638965 0.14257481648785997 0.0024203307785397336 0.001976284584980237
0 0.4336425978217023 0.14285714285714285 0.02501008471157725 0.01637492941840768
0 0.10427591770875352 0.1727837380011293 0.07382008874546188 0.031055900621118012
0 0.13150463896732553 0.1681253529079616 0.05163372327551432 0.02456239412761152
0 0.14844695441710368 0.16840767927724448 0.02702702702702703 0.021174477696216828
0 0.16236385639370715 0.16897233201581027 0.02016942315449778 0.018351214003387916
0 0.2018959257765228 0.17207792207792208 0.06857603872529246 0.027385657820440428
0 0.2101653892698669 0.16798418972332016 0.015328761597418314 0.009881422924901186
0 0.2252924566357402 0.1691134952004517 0.021782977006857603 0.018351214003387916
0 0.2599838644614764 0.1686900056465274 0.05808793868495361 0.017504234895539244
0 0.2757160145219847 0.16925465838509315 0.031060911657926585 0.020327498588368152
0 0.28398547801532875 0.1686900056465274 0.02016942315449778 0.005081874647092038
0 0.3622428398547802 0.17080745341614906 0.145623235175474 0.027385657820440428
0 0.3993545784590561 0.16996047430830039 0.06333198870512304 0.02456239412761152
0 0.4027833803953207 0.1671372106154715 0.0028237192416296895 0.002540937323546019
0 0.41952400161355385 0.1675607001693958 0.022993142396127472 0.016657255787690572
0 0.10951996772892296 0.19649915302089216 0.07866075030254134 0.028232636928289104
0 0.12989108511496572 0.19367588932806323 0.04154901169826543 0.008752117447769622
0 0.16317063331988704 0.1932523997741389 0.0572811617587737 0.016092603049124788
0 0.18071803146430013 0.19339356295878035 0.02218636546994756 0.005081874647092038
0 0.19322307382008874 0.19311123658949747 0.01290843081887858 0.004517221908526256
0 0.21803146430012102 0.1935347261434218 0.035901573215006054 0.01637492941840768
0 0.22065348931020573 0.19593450028232637 0.008471157724889069 0.00818746470920384
0 0.23376361436062928 0.19395821569734614 0.01936264622831787 0.007058159232072276
0 0.2672448567970956 0.1932523997741389 0.057684550221863654 0.016092603049124788
0 0.2734973779749899 0.1950875211744777 0.005647438483259379 0.006211180124223602
0 0.3071803146430012 0.19367588932806323 0.058491327148043566 0.023715415019762844
0 0.3289632916498588 0.192970073404856 0.03630496167809601 0.018068887634105024
0 0.34590560709963697 0.1932523997741389 0.031060911657926585 0.021739130434782608
0 0.3890681726502622 0.1932523997741389 0.07664380798709157 0.017504234895539244
0 0.39955627269060107 0.19311123658949747 0.017749092375958047 0.005081874647092038
0 0.42860024203307784 0.19367588932806323 0.04719645018152481 0.00818746470920384
0 0.12868091972569584 0.22092038396386224 0.11940298507462686 0.02258610954263128
0 0.18293666801129488 0.2224731789949181 0.09560306575231949 0.0251270468661773
0 0.1853569987898346 0.21880293619424054 0.003227107704719645 0.002540937323546019
0 0.20391286809197257 0.21922642574816487 0.024606696248487294 0.019762845849802372
0 0.23497377974989916 0.21880293619424054 0.05486083098023396 0.022303783173348392
0 0.2379991932230738 0.21964991530208922 0.003630496167809601 0.004799548277809147
0 0.2603872529245664 0.2183794466403162 0.035901573215006054 0.021456804065499716
0 0.28378378378378377 0.21795595708639187 0.04033884630899556 0.006775832862789385
0 0.3053650665590964 0.2183794466403162 0.03751512706736587 0.021456804065499716
0 0.31968535699878986 0.21823828345567475 0.022589753933037516 0.018068887634105024
0 0.35397337636143605 0.21852060982495766 0.06333198870512304 0.020609824957651044
0 0.3582089552238806 0.2199322416713721 0.004840661557079467 0.005364201016374929
0 0.3894715611133522 0.2186617730095991 0.05687777329568374 0.019762845849802372
0 0.4227511093182735 0.21852060982495766 0.0645421540943929 0.021456804065499716
0 0.4334409035901573 0.2186617730095991 0.02379991932230738 0.015810276679841896
0 0.09963695038321904 0.24421230942970074 0.06131504638967326 0.021456804065499716
0 0.1189995966115369 0.24364765669113495 0.030254134731746672 0.0220214568040655
0 0.1317063331988705 0.24392998306041785 0.022589753933037516 0.018633540372670808
0 0.16256555062525213 0.24392998306041785 0.05486083098023396 0.020045172219085264
0 0.17849939491730538 0.24618859401468096 0.018959257765227916 0.023715415019762844
0 0.22287212585720048 0.24745906267645398 0.07946752722872126 0.025974025974025976
0 0.23961274707543365 0.24449463579898362 0.022589753933037516 0.018633540372670808
0 0.28398547801532875 0.2478825522303783 0.07987091569181122 0.026821005081874648
0 0.28620411456232353 0.2456239412761152 0.00645421540943929 0.005928853754940711
0 0.30153287615974184 0.24449463579898362 0.021782977006857603 0.007340485601355167
0 0.3336022589753933 0.2440711462450593 0.0572811617587737 0.023433088650479956
0 0.3346107301331182 0.24590626764539808 0.0052440500201694235 0.006211180124223602
0 0.34933440903590157 0.2435064935064935 0.021782977006857603 0.005364201016374929
0 0.3795885437676482 0.24774138904573687 0.05808793868495361 0.014963297571993224
0 0.3830173457039129 0.2453416149068323 0.008067769261799113 0.005081874647092038
0 0.3918918918918919 0.2440711462450593 0.01371520774505849 0.009034443817052512
0 0.4235578862444534 0.24463579898362506 0.051230334812424366 0.018068887634105024
0 0.4257765227914482 0.2453416149068323 0.003227107704719645 0.002540937323546019
