0 443.02480839048 706.0110107284021 0.04961678096006454 0.0220214568040655
0 612.0395320693829 739.0060700169396 0.0790641387656313 0.012140033879164314
0 869.0169423154498 699.0139751552795 0.033884630899556276 0.027950310559006212
0 988.0187575635337 704.0100225861096 0.03751512706736587 0.020045172219085264
0 1147.0282371924163 707.0100225861096 0.05647438483259379 0.020045172219085264
0 1332.02743041549 734.0064935064935 0.05486083098023396 0.012987012987012988
0 1511.042960871319 697.0115753811406 0.08592174263816055 0.023150762281197064
0 1735.0020169423155 764.0036702428007 0.004033884630899556 0.007340485601355167
0 1803.0312626058894 698.0112930547713 0.06252521177894312 0.02258610954263128
0 2005.0211778943121 735.005505364201 0.04235578862444534 0.01101072840203275
0 437.04517950786607 888.0098814229249 0.09035901573215006 0.019762845849802372
0 697.0334812424364 875.0112930547713 0.06696248487293263 0.02258610954263128
0 924.0157321500606 875.0148221343874 0.03146430012101654 0.029644268774703556
0 1052.0193626462283 909.0060700169396 0.03872529245663574 0.012140033879164314
0 1191.0475998386446 875.0111518915867 0.09519967728922953 0.022303783173348392
0 1416.0026220250102 945.0042348955393 0.0052440500201694235 0.00846979107848673
0 1489.0326744655104 877.0125635234331 0.0653489310205728 0.0251270468661773
0 1685.01956434046 878.0141163184642 0.0391286809197257 0.028232636928289104
0 1817.060709963695 885.0153867871259 0.12141992739007665 0.03077357425183512
0 2134.0028237192414 946.0053642010164 0.005647438483259379 0.010728402032749858
0 444.0554659136749 1056.0187747035573 0.11093182734973779 0.037549407114624504
0 782.0240016135539 1047.0132693393564 0.04800322710770472 0.026538678712591756
0 946.0233965308593 1049.0121400338792 0.04679306171843485 0.024280067758328628
0 1108.0459862847922 1049.0193393562959 0.09197256958450989 0.03867871259175607
0 1392.0534489713593 1037.020468661773 0.10689794271883823 0.0409373235460192
0 1718.015127067366 1045.0124223602484 0.030254134731746672 0.024844720496894408
0 1835.0459862847922 1056.0179277244495 0.09197256958450989 0.03585544889892716
0 2081.002218636547 1115.004658385093 0.004437273093989512 0.009316770186335404
0 430.0395320693828 1222.0134105025409 0.0790641387656313 0.026821005081874648
0 676.0197660346914 1274.005505364201 0.03953206938281565 0.01101072840203275
0 822.0401371520775 1222.0131281761717 0.08027430415490117 0.026256352343308864
0 1082.02743041549 1236.0115753811406 0.05486083098023396 0.023150762281197064
0 1283.0175473981444 1229.016516092603 0.03509479628882614 0.03303218520609825
0 1407.0233965308591 1231.0114342179559 0.04679306171843485 0.022868435911914172
0 1563.0328761597418 1235.01185770751 0.06575231948366277 0.023715415019762844
0 1753.031060911658 1272.0069169960475 0.06212182331585317 0.01383399209486166
0 1936.0647438483259 1225.0132693393564 0.12948769665187576 0.026538678712591756
0 2263.001613553852 1303.0014116318464 0.003227107704719645 0.00282326369282891
0 438.02258975393306 1411.0112930547714 0.04517950786607503 0.02258610954263128
0 610.0415490116983 1425.0101637492942 0.08309802339653086 0.020327498588368152
0 862.0350947962888 1405.0151044607567 0.07018959257765228 0.03020892151326934
0 1089.0254134731747 1441.0071993224167 0.050826946349334406 0.014398644833427442
0 1264.0246066962484 1420.010304912479 0.04921339249697459 0.020609824957651044
0 1424.0147236789028 1453.0064935064936 0.02944735780556676 0.012987012987012988
0 1530.112141992739 1410.0186335403728 0.22428398547801534 0.037267080745341616
0 2093.001411859621 1487.0011293054772 0.0028237192416296895 0.002258610954263128
0 2133.0316659943524 1417.010304912479 0.06333198870512304 0.020609824957651044
0 436.0163372327551 1611.0101637492942 0.0326744655102864 0.020327498588368152
0 568.0179507866075 1595.0111518915867 0.035901573215006054 0.022303783173348392
0 719.0272287212586 1630.007058159232 0.05445744251714401 0.014116318464144552
0 914.0173457039128 1595.0151044607567 0.03469140782573618 0.03020892151326934
0 1030.0213795885438 1598.0112930547714 0.042759177087535294 0.02258610954263128
0 1198.0863251311011 1594.0177865612648 0.17265026220250101 0.03557312252964427
0 1670.0302541347316 1613.0127046866178 0.060508269463493344 0.025409373235460192
0 1828.0036304961677 1653.0057876905703 0.007260992335619202 0.011575381140598532
0 1889.019967728923 1624.0064935064936 0.03993545784590561 0.012987012987012988
0 2018.0395320693829 1587.0117165443253 0.0790641387656313 0.023433088650479956
0 447.02924566357405 1768.0121400338792 0.058491327148043566 0.024280067758328628
0 630.0320693828156 1780.0152456239414 0.06413876563130294 0.030491247882552232
0 843.0189592577652 1817.006352343309 0.03791851553045583 0.012704686617730096
0 992.0498184751916 1769.0180688876342 0.09963695038321904 0.03613777526821005
0 1289.0367083501412 1772.0114342179559 0.07341670028237192 0.022868435911914172
0 1537.0165389269866 1771.010587238848 0.03307785397337636 0.021174477696216828
0 1670.0155304558289 1769.0112930547714 0.031060911657926585 0.02258610954263128
0 1796.0613150463896 1767.018492377188 0.12263009277934651 0.03698475437605872
0 2122.019766034691 1802.0069169960475 0.03953206938281565 0.01383399209486166
0 456.0304558289633 1987.0064935064936 0.0609116579265833 0.012987012987012988
0 672.0163372327552 1951.0108695652175 0.0326744655102864 0.021739130434782608
0 796.0522388059702 1958.0177865612648 0.1044776119402985 0.03557312252964427
0 1065.0026220250102 2021.0042348955392 0.0052440500201694235 0.00846979107848673
0 1133.0165389269866 1990.005928853755 0.03307785397337636 0.011857707509881422
0 1266.0157321500606 1959.010587238848 0.03146430012101654 0.021174477696216828
0 1393.0397337636143 1946.0128458498023 0.07946752722872126 0.025691699604743084
0 1642.038523598225 1947.0104460756634 0.07704719645018153 0.020892151326933936
0 1893.0663574021783 1945.0121400338792 0.1327148043565954 0.024280067758328628
0 2214.001411859621 2016.0011293054772 0.0028237192416296895 0.002258610954263128
