0 344.02097620008067 764.0088932806324 0.04195240016135539 0.017786561264822136
0 514.0417507059298 788.005928853755 0.08350141185962082 0.011857707509881422
0 786.0125050423558 772.0081874647092 0.02501008471157725 0.01637492941840768
0 911.0195643404599 789.0056465273857 0.0391286809197257 0.01129305477131564
0 1070.0383219039936 775.007481648786 0.07664380798709157 0.014963297571993224
0 1350.0346914078257 781.0066346696782 0.06938281565147236 0.013269339356295878
0 1588.0304558289633 769.0087521174478 0.0609116579265833 0.017504234895539244
0 1819.0205728116175 772.0084697910785 0.041145623235175476 0.01693958215697346
0 2000.0233965308591 778.0071993224167 0.04679306171843485 0.014398644833427442
0 322.0320693828157 946.0091756070017 0.06413876563130294 0.018351214003387916
0 541.015530455829 980.0047995482778 0.031060911657926585 0.009599096555618294
0 714.0502218636547 959.0076228119707 0.10044372730939895 0.015245623941276116
0 987.0012101653892 1003.0007058159232 0.0024203307785397336 0.001411631846414455
0 1017.0248083904801 949.0091756070017 0.04961678096006454 0.018351214003387916
0 1205.035901573215 953.0083286278939 0.07180314643001211 0.016657255787690572
0 1450.0112948769665 970.0056465273857 0.022589753933037516 0.01129305477131564
0 1571.035901573215 953.0084697910785 0.07180314643001211 0.01693958215697346
0 1828.0082694634934 977.00395256917 0.01653892698668818 0.007905138339920948
0 1940.0223880597016 957.0069169960474 0.04477611940298507 0.01383399209486166
0 327.0480032271077 1134.0084697910786 0.09600645421540945 0.01693958215697346
0 666.0240016135539 1134.00790513834 0.04800322710770472 0.015810276679841896
0 876.0433642597822 1142.007058159232 0.08672851956434045 0.014116318464144552
0 1173.020371117386 1129.0080463015245 0.040742234772085516 0.016092603049124788
0 1350.0453812020976 1133.0087521174478 0.09076240419524001 0.017504234895539244
0 1674.0240016135538 1145.0060700169395 0.04800322710770472 0.012140033879164314
0 1795.0032271077048 1188.0036702428006 0.00645421540943929 0.007340485601355167
0 1844.0187575635337 1139.0071993224167 0.03751512706736587 0.014398644833427442
0 1986.0371117386044 1129.008328627894 0.07422347720855184 0.016657255787690572
0 321.0304558289633 1302.009034443817 0.0609116579265833 0.018068887634105024
0 479.0018152480839 1353.0012704686617 0.003630496167809601 0.002540937323546019
0 538.0242033077853 1309.0088932806325 0.048406615570794675 0.017786561264822136
0 729.0294473578056 1323.0073404856014 0.05889471561113352 0.014680971202710334
0 973.0556676079065 1320.0067758328628 0.11133521581282775 0.01355166572557877
0 1334.0482049213392 1312.0077639751553 0.09640984267849939 0.015527950310559006
0 1651.0286405808795 1310.0080463015245 0.0572811617587737 0.016092603049124788
0 1901.0187575635337 1306.0084697910786 0.03751512706736587 0.01693958215697346
0 338.0641387656313 1484.0155279503106 0.12827753126260588 0.031055900621118012
0 687.0012101653892 1540.0009881422925 0.0024203307785397336 0.001976284584980237
0 741.0100847115773 1479.0101637492942 0.02016942315449778 0.020327498588368152
0 853.0088745461879 1508.0060700169395 0.017749092375958047 0.012140033879164314
0 962.0054457442517 1503.0028232636928 0.010891488503428802 0.00564652738565782
0 1002.0215812827753 1499.007058159232 0.043162565550625254 0.014116318464144552
0 1171.031867688584 1495.0077639751553 0.063735377168213 0.015527950310559006
0 1330.0040338846309 1544.003529079616 0.008067769261799113 0.007058159232072276
0 1396.0369100443727 1501.00790513834 0.07382008874546188 0.015810276679841896
0 1631.0197660346914 1499.0069169960475 0.03953206938281565 0.01383399209486166
0 1801.0542557482856 1492.008328627894 0.10851149657119806 0.016657255787690572
0 327.05102864058085 1664.0091756070017 0.10205728116175877 0.018351214003387916
0 610.0028237192416 1716.0036702428006 0.005647438483259379 0.007340485601355167
0 664.0219846712384 1664.008610954263 0.043969342476805166 0.017221908526256352
0 851.0092779346511 1678.007058159232 0.01855586930213796 0.014116318464144552
0 960.0106897942719 1681.006634669678 0.021379588543767647 0.013269339356295878
0 1099.0131101250504 1675.0080463015245 0.026220250100847116 0.016092603049124788
0 1256.0453812020976 1670.008328627894 0.09076240419524001 0.016657255787690572
0 1563.019967728923 1673.0076228119706 0.03993545784590561 0.015245623941276116
0 1740.0776522791448 1672.0081874647092 0.1553045582896329 0.01637492941840768
0 323.01311012505045 1851.0080463015245 0.026220250100847116 0.016092603049124788
0 442.01916095199675 1847.0087521174478 0.038321903993545785 0.017504234895539244
0 622.0365066559096 1873.0050818746472 0.07301331181928197 0.010163749294184076
0 819.0056474384833 1855.0031055900622 0.011294876966518758 0.006211180124223602
0 850.002218636547 1904.0012704686617 0.004437273093989512 0.002540937323546019
0 899.0056474384833 1842.009034443817 0.011294876966518758 0.018068887634105024
0 937.0143202904397 1856.0073404856014 0.02864058087938685 0.014680971202710334
0 1060.0141185962082 1858.007058159232 0.028237192416296894 0.014116318464144552
0 1138.0028237192416 1902.0029644268775 0.005647438483259379 0.005928853754940711
0 1166.0112948769665 1864.0069169960475 0.022589753933037516 0.01383399209486166
0 1238.0012101653892 1900.0012704686617 0.0024203307785397336 0.002540937323546019
0 1246.0050423557886 1840.0104460756634 0.01008471157724889 0.020892151326933936
0 1320.0246066962484 1849.0094579333709 0.04921339249697459 0.0189158667419537
0 1520.0191609519968 1859.006634669678 0.038321903993545785 0.013269339356295878
0 1682.0334812424364 1856.0071993224167 0.06696248487293263 0.014398644833427442
0 1915.033682936668 1859.007058159232 0.06736587333602259 0.014116318464144552
0 323.02843888664785 2032.008328627894 0.05687777329568374 0.016657255787690572
0 473.00383219039935 2011.0111518915867 0.007664380798709157 0.022303783173348392
