0 0.18797902379991932 0.20934500282326368 0.04921339249697459 0.029079616036137776
0 0.26764824526018555 0.21442687747035574 0.02864058087938685 0.013269339356295878
0 0.33400564743848327 0.20976849237718803 0.04759983864461476 0.026538678712591756
0 0.4134731746672045 0.20976849237718803 0.06212182331585317 0.026538678712591756
0 0.4927390076643808 0.21160361377752682 0.04235578862444534 0.022868435911914172
0 0.5849132714804357 0.21386222473178995 0.10407422347720856 0.022303783173348392
0 0.6851553045582897 0.21146245059288538 0.050423557886244454 0.026538678712591756
0 0.7622025010084712 0.21583850931677018 0.035901573215006054 0.012140033879164314
0 0.8257361839451391 0.21047430830039526 0.042759177087535294 0.021739130434782608
0 0.1690197660346914 0.25705815923207226 0.05486083098023396 0.029079616036137776
0 0.27228721258572003 0.265527950310559 0.0782573618394514 0.032467532467532464
0 0.35841064945542556 0.26002258610954265 0.043162565550625254 0.029361942405420668
0 0.40217829770068575 0.2593167701863354 0.04033884630899556 0.026256352343308864
0 0.5040338846308996 0.26143421795595706 0.07059298104074223 0.0220214568040655
0 0.5935861234368697 0.25889328063241107 0.0463896732553449 0.024280067758328628
0 0.6841468334005647 0.2714568040654997 0.063735377168213 0.0251270468661773
0 0.7613957240822913 0.25945793337097683 0.045582896329164985 0.024844720496894408
0 0.8426784993949173 0.2673630717108978 0.06696248487293263 0.045736871823828344
0 0.8838241226300928 0.26693958215697344 0.003227107704719645 0.003105590062111801
0 0.14158935054457442 0.29898362507058157 0.011294876966518758 0.009599096555618294
0 0.1837434449374748 0.307029926595144 0.0609116579265833 0.025691699604743084
0 0.2662363856393707 0.3190287972896669 0.053247277127874144 0.026538678712591756
0 0.35034288019362647 0.31719367588932806 0.0681726502622025 0.035290796160361376
0 0.44332392093586126 0.32029926595143987 0.0645421540943929 0.020045172219085264
0 0.5108914885034288 0.3116883116883117 0.031060911657926585 0.0220214568040655
0 0.627672448567971 0.31507622811970637 0.16135538523598225 0.034443817052512704
0 0.7549415086728519 0.30787690570299264 0.045582896329164985 0.023997741389045736
0 0.826946349334409 0.30759457933370976 0.03791851553045583 0.026821005081874648
0 0.17063331988705124 0.367871259175607 0.05970149253731343 0.044607566346696784
0 0.24747882210568778 0.3601072840203275 0.02944735780556676 0.029079616036137776
0 0.3164582492940702 0.36914172783738003 0.058491327148043566 0.026821005081874648
0 0.4509883017345704 0.3608130999435347 0.1145623235175474 0.02766798418972332
0 0.564340459862848 0.36617730095990964 0.026623638563937072 0.019198193111236588
0 0.6308995562726906 0.3609542631281762 0.03630496167809601 0.0251270468661773
0 0.7154094392900363 0.36038961038961037 0.07139975796692215 0.029644268774703556
0 0.7609923356192013 0.3749294184076793 0.006857603872529245 0.010163749294184076
0 0.8152480839048003 0.3606719367588933 0.08955223880597014 0.029644268774703556
0 0.16054860830980233 0.4097967250141163 0.03791851553045583 0.023997741389045736
0 0.2418313836224284 0.4103613777526821 0.056070996369503835 0.026256352343308864
0 0.34388866478418717 0.4153020892151327 0.09156918112141993 0.015810276679841896
0 0.44876966518757566 0.4062676453980802 0.05929810407422348 0.03557312252964427
0 0.5284388866478419 0.422360248447205 0.05970149253731343 0.025974025974025976
0 0.6169826542960871 0.410643704121965 0.07866075030254134 0.0251270468661773
0 0.6934247680516338 0.4103613777526821 0.029850746268656716 0.027950310559006212
0 0.77269060104881 0.42165443252399776 0.0536506655909641 0.03020892151326934
0 0.8430818878580073 0.4138904573687182 0.05163372327551432 0.02258610954263128
0 0.872730939895119 0.4292772444946358 0.007664380798709157 0.009881422924901186
0 0.1536910044372731 0.4699322416713721 0.029850746268656716 0.016092603049124788
0 0.2428398547801533 0.46513269339356295 0.06938281565147236 0.034161490683229816
0 0.32775312626058895 0.4613212874082439 0.035901573215006054 0.02710333145115754
0 0.44473578055667606 0.4611801242236025 0.11335215812827754 0.027950310559006212
0 0.5560709963695039 0.46386222473178995 0.03509479628882614 0.019762845849802372
0 0.6617587736990722 0.4658385093167702 0.11980637353771682 0.025974025974025976
0 0.7345703912868092 0.4733201581027668 0.01371520774505849 0.015527950310559006
0 0.7886244453408633 0.4606154714850367 0.07260992335619201 0.026821005081874648
0 0.1508672851956434 0.5609824957651045 0.023396530859217425 0.037267080745341616
0 0.2244856797095603 0.5591473743647657 0.12061315046389673 0.03077357425183512
0 0.3600242033077854 0.5643704121964992 0.0891488503428802 0.024844720496894408
0 0.45683743444937475 0.5622529644268774 0.06252521177894312 0.026256352343308864
0 0.5016135538523598 0.560841332580463 0.014118596208148447 0.031338226990400904
0 -0.0006050826946349334 -0.00042348955392433656 -0.0004033884630899556 -0.000282326369282891
