0 330.03025413473176 759.0108695652174 0.060508269463493344 0.021739130434782608
0 517.051432029044 753.0110107284021 0.10286405808793868 0.0220214568040655
0 833.060709963695 753.0104460756635 0.12141992739007665 0.020892151326933936
0 1187.026623638564 764.0088932806324 0.053247277127874144 0.017786561264822136
0 1375.02218636547 766.0093167701864 0.04437273093989512 0.018633540372670808
0 1530.0451795078661 777.0076228119707 0.09035901573215006 0.015245623941276116
0 1797.0252117789432 759.0091756070017 0.050423557886244454 0.018351214003387916
0 1979.015933844292 778.0071993224167 0.0318676885841065 0.014398644833427442
0 337.01008471157724 977.0049407114625 0.02016942315449778 0.009881422924901186
0 428.0663574021783 952.0117165443253 0.1327148043565954 0.023433088650479956
0 789.0016135538524 1006.0029644268775 0.003227107704719645 0.005928853754940711
0 831.0296490520371 947.0088932806324 0.05929810407422348 0.017786561264822136
0 1036.0300524405002 951.0124223602485 0.06010488100040339 0.024844720496894408
0 1250.0379185155305 971.0050818746471 0.07583703106091166 0.010163749294184076
0 1482.0371117386044 966.0069169960474 0.07422347720855184 0.01383399209486166
0 1707.034086325131 952.0087521174478 0.0681726502622025 0.017504234895539244
0 1930.026623638564 947.009457933371 0.053247277127874144 0.0189158667419537
0 328.0242033077854 1132.0081874647092 0.048406615570794675 0.01637492941840768
0 487.065147236789 1142.007481648786 0.13029447357805568 0.014963297571993224
0 886.0149253731344 1137.007058159232 0.029850746268656716 0.014116318464144552
0 1005.0114965711981 1136.0067758328628 0.022993142396127472 0.01355166572557877
0 1090.0010084711578 1181.0005646527386 0.002016942315449778 0.001129305477131564
0 1126.0417507059299 1132.0069169960475 0.08350141185962082 0.01383399209486166
0 1385.0308592174263 1119.0093167701864 0.06171843485276321 0.018633540372670808
0 1585.022589753933 1154.0042348955392 0.04517950786607503 0.00846979107848673
0 1701.0032271077048 1181.0025409373236 0.00645421540943929 0.005081874647092038
0 1731.0189592577651 1119.0094579333709 0.03791851553045583 0.0189158667419537
0 1847.0524405002018 1121.010304912479 0.10488100040338846 0.020609824957651044
0 334.0229931423961 1293.0104460756634 0.045986284792254944 0.020892151326933936
0 518.0185558693022 1304.0088932806325 0.03711173860427592 0.017786561264822136
0 651.0546591367487 1307.0114342179559 0.10931827349737798 0.022868435911914172
0 938.0010084711578 1356.0005646527386 0.002016942315449778 0.001129305477131564
0 967.0171440096814 1314.007481648786 0.03428801936264623 0.014963297571993224
0 1102.0233965308591 1335.0050818746472 0.04679306171843485 0.010163749294184076
0 1280.0254134731747 1303.0093167701864 0.050826946349334406 0.018633540372670808
0 1460.0256151674062 1301.0101637492942 0.051230334812424366 0.020327498588368152
0 1655.0306575231948 1295.009881422925 0.06131504638967326 0.019762845849802372
0 1840.02218636547 1293.0100225861095 0.04437273093989512 0.020045172219085264
0 1975.0308592174263 1293.010587238848 0.06171843485276321 0.021174477696216828
0 340.006655909641 1500.0071993224167 0.013311819281968536 0.014398644833427442
0 404.02178297700686 1482.0100225861095 0.04356595401371521 0.020045172219085264
0 572.0363049616781 1473.0156691134953 0.07260992335619201 0.031338226990400904
0 816.0256151674062 1477.010587238848 0.051230334812424366 0.021174477696216828
0 985.0141185962082 1483.0155279503106 0.028237192416296894 0.031055900621118012
0 1116.0302541347316 1483.0095990965556 0.060508269463493344 0.019198193111236588
0 1292.0018152480839 1560.0016939582158 0.003630496167809601 0.0033879164313946925
0 1316.02480839048 1471.0112930547714 0.04961678096006454 0.02258610954263128
0 1479.0189592577651 1468.0108695652175 0.03791851553045583 0.021739130434782608
0 1623.034086325131 1474.0146809712028 0.0681726502622025 0.029361942405420668
0 1822.008471157725 1482.0088932806325 0.016942315449778138 0.017786561264822136
0 1893.0451795078661 1468.0107284020328 0.09035901573215006 0.021456804065499716
0 324.01371520774507 1688.0057876905703 0.02743041549011698 0.011575381140598532
0 452.0084711577249 1696.0045172219086 0.016942315449778138 0.009034443817052512
0 537.0276321097217 1686.0114342179559 0.05526421944332392 0.022868435911914172
0 778.0484066155708 1670.0115753811406 0.09681323114158935 0.023150762281197064
0 1127.1062928600243 1651.011010728402 0.21258572004840662 0.0220214568040655
0 1705.022589753933 1646.0115753811406 0.04517950786607503 0.023150762281197064
0 1857.0213795885438 1678.0108695652175 0.042759177087535294 0.021739130434782608
0 1983.0451795078661 1646.0111518915867 0.09035901573215006 0.022303783173348392
0 2204.0008067769263 1713.0005646527386 0.0016135538523598225 0.001129305477131564
