0 334.06575231948364 751.0173630717109 0.13150463896732553 0.03472614342179559
0 718.0161355385236 763.0110107284021 0.03227107704719645 0.0220214568040655
0 861.0282371924163 776.0088932806324 0.05647438483259379 0.017786561264822136
0 1052.0453812020976 754.0160926030492 0.09076240419524001 0.032185206098249576
0 1305.0034288019363 846.0022586109543 0.006857603872529245 0.004517221908526256
0 1335.058491327148 775.0100225861096 0.11698265429608713 0.020045172219085264
0 1685.0242033077855 751.0122811970638 0.048406615570794675 0.02456239412761152
0 1848.034086325131 763.0105872388481 0.0681726502622025 0.021174477696216828
0 2047.0219846712384 761.0107284020328 0.043969342476805166 0.021456804065499716
0 326.0254134731747 1130.0094579333709 0.050826946349334406 0.0189158667419537
0 498.04376764824525 1137.0084697910786 0.08753529649052037 0.01693958215697346
0 789.0262202501009 1110.0124223602484 0.05244050020169423 0.024844720496894408
0 979.0675675675676 1126.0114342179559 0.13513513513513514 0.022868435911914172
0 1371.0320693828157 1118.0104460756634 0.06413876563130294 0.020892151326933936
0 1571.0231948366277 1133.0095990965556 0.0463896732553449 0.019198193111236588
0 1749.0284388866478 1116.0122811970639 0.05687777329568374 0.02456239412761152
0 1931.0256151674062 1120.010304912479 0.051230334812424366 0.020609824957651044
0 346.0484066155708 1322.008328627894 0.09681323114158935 0.016657255787690572
0 656.0260185558693 1295.01185770751 0.05203711173860428 0.023715415019762844
0 827.0231948366277 1314.0076228119706 0.0463896732553449 0.015245623941276116
0 989.0322710770472 1314.00790513834 0.0645421540943929 0.015810276679841896
0 1196.0439693424769 1298.0146809712028 0.08793868495361033 0.029361942405420668
0 1464.039935457846 1318.0084697910786 0.07987091569181122 0.01693958215697346
0 1705.0143202904396 1311.0100225861095 0.02864058087938685 0.020045172219085264
0 1811.046187979024 1311.0138339920948 0.09237595804759983 0.02766798418972332
0 2040.0036304961677 1371.003529079616 0.007260992335619202 0.007058159232072276
0 2073.0125050423558 1332.0067758328628 0.02501008471157725 0.01355166572557877
0 335.0556676079064 1665.0138339920948 0.11133521581282775 0.02766798418972332
0 748.0302541347318 1663.009881422925 0.060508269463493344 0.019762845849802372
0 941.0467930617184 1663.0108695652175 0.0935861234368697 0.021739130434782608
0 1253.0169423154498 1653.010587238848 0.033884630899556276 0.021174477696216828
0 1404.0554659136749 1665.0112930547714 0.11093182734973779 0.02258610954263128
0 1752.035901573215 1668.0100225861095 0.07180314643001211 0.020045172219085264
0 1967.0314643001211 1674.0095990965556 0.06292860024203308 0.019198193111236588
0 2120.001411859621 1733.0014116318464 0.0028237192416296895 0.00282326369282891
0 327.0252117789431 1843.0100225861095 0.050423557886244454 0.020045172219085264
0 492.06212182331586 1826.0124223602484 0.12424364663170634 0.024844720496894408
0 802.0038321903994 1913.003529079616 0.007664380798709157 0.007058159232072276
0 856.0286405808794 1847.0097402597403 0.0572811617587737 0.01948051948051948
0 1045.026623638564 1842.0132693393564 0.053247277127874144 0.026538678712591756
0 1256.0405405405406 1837.0152456239414 0.08108108108108109 0.030491247882552232
0 1502.0471964501814 1843.0097402597403 0.09439290036304962 0.01948051948051948
0 1773.0250100847115 1836.0101637492942 0.0500201694231545 0.020327498588368152
0 1930.0437676482452 1842.0114342179559 0.08753529649052037 0.022868435911914172
0 342.0389269866882 2018.0114342179559 0.07785397337636143 0.022868435911914172
0 583.0209762000807 2022.009034443817 0.04195240016135539 0.018068887634105024
0 730.0399354578459 2014.0127046866178 0.07987091569181122 0.025409373235460192
0 945.0018152480839 2084.0005646527384 0.003630496167809601 0.001129305477131564
