0 0.1518757563533683 0.32622811970638055 0.012505042355788625 0.00818746470920384
0 0.2226704316256555 0.33145115753811405 0.05163372327551432 0.006775832862789385
0 0.30052440500201694 0.3245341614906832 0.02016942315449778 0.016092603049124788
0 0.3686970552642194 0.3234048560135517 0.04195240016135539 0.022303783173348392
0 0.4800322710770472 0.32396950875211744 0.09197256958450989 0.022868435911914172
0 0.5845098830173457 0.32284020327498586 0.04517950786607503 0.02456239412761152
0 0.682129891085115 0.3349802371541502 0.08632513110125051 0.04376058723884811
0 0.790439693424768 0.326369282891022 0.05687777329568374 0.019762845849802372
0 0.17607906413876562 0.3715415019762846 0.06494554255748286 0.024844720496894408
0 0.3051633723275514 0.38735177865612647 0.10770471964501815 0.0378317334839074
0 0.4308188785800726 0.37295313382269907 0.04517950786607503 0.019198193111236588
0 0.5147236789027834 0.3719649915302089 0.04517950786607503 0.025691699604743084
0 0.6242436466317063 0.37634105025409376 0.12868091972569584 0.023150762281197064
0 0.7801532876159741 0.3818464144551101 0.10246066962484873 0.026256352343308864
0 0.8374344493747479 0.385940146809712 0.0024203307785397336 0.0016939582156973462
0 0.1837434449374748 0.427442123094297 0.07301331181928197 0.0220214568040655
0 0.26099233561920127 0.43068887634105024 0.011294876966518758 0.005928853754940711
0 0.33945139169019767 0.42603049124788256 0.09883017345703912 0.021456804065499716
0 0.4963695038321904 0.4352060982495765 0.13594191206131503 0.018351214003387916
0 0.6333198870512303 0.4246188594014681 0.053247277127874144 0.023150762281197064
0 0.7244856797095603 0.42857142857142855 0.05808793868495361 0.020327498588368152
0 0.8100040338846309 0.4289949181253529 0.05163372327551432 0.020609824957651044
0 0.16397741024606696 0.5825804630152456 0.02864058087938685 0.009881422924901186
0 0.28075837031060913 0.585544889892716 0.12263009277934651 0.02710333145115754
0 0.46208148446954417 0.5797571993224168 0.118192819685357 0.020045172219085264
0 0.5847115772488907 0.5796160361377752 0.02702702702702703 0.018633540372670808
0 0.6690197660346914 0.5786278938452851 0.06978620411456232 0.021174477696216828
0 0.7384025816861638 0.5835686053077357 0.02379991932230738 0.007340485601355167
0 0.8087938684953611 0.5797571993224168 0.06292860024203308 0.01948051948051948
0 0.16559096409842677 0.627046866177301 0.0391286809197257 0.024280067758328628
0 0.2462686567164179 0.6285996612083569 0.04800322710770472 0.01948051948051948
0 0.33057684550221866 0.6288819875776398 0.018959257765227916 0.020609824957651044
0 0.41508672851956435 0.6349520045172219 0.06131504638967326 0.009599096555618294
0 0.5314643001210165 0.635940146809712 0.08511496571198064 0.008752117447769622
0 0.6234368697055265 0.6298701298701299 0.02379991932230738 0.020892151326933936
0 0.7144009681323115 0.6285996612083569 0.045986284792254944 0.021174477696216828
0 0.745260185558693 0.6386222473178995 0.0028237192416296895 0.0016939582156973462
