0 337.02823719241627 1354.0088932806325 0.05647438483259379 0.017786561264822136
0 499.00645421540946 1377.006352343309 0.01290843081887858 0.012704686617730096
0 542.0020169423154 1411.0028232636928 0.004033884630899556 0.00564652738565782
0 564.0094796288826 1372.0062111801242 0.018959257765227916 0.012422360248447204
0 620.0010084711578 1405.0008469791078 0.002016942315449778 0.0016939582156973462
0 615.0086728519565 1354.0100225861095 0.01734570391286809 0.020045172219085264
0 673.0235982250907 1360.0087521174478 0.04719645018152481 0.017504234895539244
0 812.0437676482453 1381.007481648786 0.08753529649052037 0.014963297571993224
0 1075.020371117386 1375.006352343309 0.040742234772085516 0.012704686617730096
0 1210.0183541750705 1391.0042348955392 0.03670835014118596 0.00846979107848673
0 1322.033682936668 1366.008328627894 0.06736587333602259 0.016657255787690572
0 1520.0258168616378 1371.0073404856014 0.05163372327551432 0.014680971202710334
0 1671.019967728923 1380.0069169960475 0.03993545784590561 0.01383399209486166
0 1800.0189592577651 1374.00790513834 0.03791851553045583 0.015810276679841896
0 1924.0090762404195 1382.0064935064936 0.018152480839048003 0.012987012987012988
0 340.0480032271077 1532.0088932806325 0.09600645421540945 0.017786561264822136
0 628.0205728116176 1548.007058159232 0.041145623235175476 0.014116318464144552
0 751.0276321097217 1544.00790513834 0.05526421944332392 0.015810276679841896
0 914.0302541347318 1567.0071993224167 0.060508269463493344 0.014398644833427442
0 1102.026623638564 1550.0071993224167 0.053247277127874144 0.014398644833427442
0 1262.0677692617992 1552.0077639751553 0.1355385235982251 0.015527950310559006
0 1602.0010084711578 1600.0008469791078 0.002016942315449778 0.0016939582156973462
0 1628.0197660346914 1558.0069169960475 0.03953206938281565 0.01383399209486166
0 1749.0219846712384 1558.0076228119706 0.043969342476805166 0.015245623941276116
0 1898.0306575231948 1557.007058159232 0.06131504638967326 0.014116318464144552
0 341.033682936668 1709.0101637492942 0.06736587333602259 0.020327498588368152
0 544.0078660750303 1724.007481648786 0.01573215006050827 0.014963297571993224
0 560.017749092376 1731.0076228119706 0.035498184751916094 0.015245623941276116
0 667.0605082694635 1722.0080463015245 0.12101653892698669 0.016092603049124788
0 996.0084711577249 1736.0069169960475 0.016942315449778138 0.01383399209486166
0 1072.0361032674466 1727.0091756070017 0.07220653489310205 0.018351214003387916
0 1251.0054457442518 1718.009034443817 0.010891488503428802 0.018068887634105024
0 1306.0233965308591 1732.0073404856014 0.04679306171843485 0.014680971202710334
0 1453.0272287212586 1723.0093167701864 0.05445744251714401 0.018633540372670808
0 1619.0147236789028 1735.0080463015245 0.02944735780556676 0.016092603049124788
0 1710.0187575635337 1738.0064935064936 0.03751512706736587 0.012987012987012988
0 1843.0034288019363 1751.0025409373236 0.006857603872529245 0.005081874647092038
0 1876.0383219039936 1733.0087521174478 0.07664380798709157 0.017504234895539244
0 340.02763210972165 1877.01185770751 0.05526421944332392 0.023715415019762844
0 497.00322710770473 1909.0022586109542 0.00645421540943929 0.004517221908526256
0 557.0502218636547 1901.010304912479 0.10044372730939895 0.020609824957651044
0 848.0201694231545 1907.0077639751553 0.04033884630899556 0.015527950310559006
0 977.0451795078661 1906.0097402597403 0.09035901573215006 0.01948051948051948
0 1228.0322710770472 1916.006634669678 0.0645421540943929 0.013269339356295878
0 1405.0020169423155 1949.0032467532467 0.004033884630899556 0.006493506493506494
0 1437.0524405002018 1914.0093167701864 0.10488100040338846 0.018633540372670808
0 1725.02218636547 1909.0077639751553 0.04437273093989512 0.015527950310559006
0 1859.0219846712384 1906.009034443817 0.043969342476805166 0.018068887634105024
0 338.0564743848326 2060.010728402033 0.11294876966518758 0.021456804065499716
0 630.0014118596208 2128.0009881422925 0.0028237192416296895 0.001976284584980237
