0 0.11577248890681727 0.10982495765104461 0.08672851956434045 0.014398644833427442
0 0.15994352561516742 0.11038961038961038 0.06575231948366277 0.014116318464144552
0 0.24223477208551836 0.11081309994353472 0.14521984671238403 0.015810276679841896
0 0.3063735377168213 0.11095426312817618 0.10891488503428802 0.012987012987012988
0 0.3697055264219443 0.11405985319028797 0.10528438886647842 0.016657255787690572
0 0.409035901573215 0.1144833427442123 0.06615570794675273 0.014398644833427442
0 0.10629286002420331 0.1352343308865048 0.06696248487293263 0.014680971202710334
0 0.1772892295280355 0.13819875776397517 0.1254538120209762 0.01948051948051948
0 0.20330778539733763 0.13565782044042915 0.03469140782573618 0.009034443817052512
0 0.2613957240822912 0.13594014680971203 0.09398951189995966 0.013269339356295878
0 0.3061718434852763 0.1357989836250706 0.07059298104074223 0.012987012987012988
0 0.336224283985478 0.13565782044042915 0.04759983864461476 0.010446075663466968
0 0.3939088342073417 0.13721061547148503 0.09923356192012908 0.014963297571993224
0 0.13775716014521985 0.16078486730660643 0.12868091972569584 0.010446075663466968
0 0.16216216216216217 0.16191417278373801 0.029043969342476807 0.014963297571993224
0 0.218233158531666 0.16389045736871824 0.09842678499394918 0.020045172219085264
0 0.22609923356192013 0.16360813099943536 0.004033884630899556 0.005364201016374929
0 0.24606696248487292 0.16050254093732355 0.02743041549011698 0.012704686617730096
0 0.290843081887858 0.16134952004517222 0.07018959257765228 0.012704686617730096
0 0.32311415893505446 0.1616318464144551 0.043969342476805166 0.013269339356295878
0 0.39511899959661156 0.1616318464144551 0.12141992739007665 0.009881422924901186
0 0.13977410246066962 0.18944099378881987 0.12666397741024607 0.0220214568040655
0 0.14360629286002422 0.18633540372670807 0.0028237192416296895 0.0016939582156973462
0 0.19241629689390882 0.18675889328063242 0.0790641387656313 0.014680971202710334
0 0.24102460669624848 0.18929983060417843 0.07139975796692215 0.014116318464144552
0 0.28680919725695847 0.1870412196499153 0.07099636950383219 0.01355166572557877
0 0.35074626865671643 0.1870412196499153 0.10205728116175877 0.012987012987012988
0 0.38342073416700284 0.18718238283455674 0.04437273093989512 0.013269339356295878
0 0.12767244856797097 0.21160361377752682 0.10609116579265833 0.01383399209486166
0 0.1389673255344897 0.21188594014680973 0.009681323114158934 0.014398644833427442
0 0.18192819685356998 0.21160361377752682 0.08108108108108109 0.012422360248447204
0 0.21056877773295685 0.21174477696216826 0.035498184751916094 0.012704686617730096
0 0.218233158531666 0.21230942970073405 0.012101653892698669 0.014963297571993224
0 0.22872125857200484 0.20765104460756634 0.01371520774505849 0.005928853754940711
0 0.2446551028640581 0.21315640880858272 0.022589753933037516 0.01693958215697346
0 0.2954820492133925 0.21188594014680973 0.08350141185962082 0.014398644833427442
0 0.34409035901573215 0.2121682665160926 0.06212182331585317 0.014963297571993224
0 0.3775716014521985 0.21230942970073405 0.050826946349334406 0.012704686617730096
0 0.43041549011698266 0.21470920383963862 0.0927793465106898 0.01948051948051948
0 0.09318273497377975 0.23644833427442122 0.04356595401371521 0.012704686617730096
0 0.1335215812827753 0.23687182382834557 0.0609116579265833 0.014116318464144552
0 0.16397741024606696 0.23729531338226992 0.03428801936264623 0.014116318464144552
0 0.19584509883017345 0.23715415019762845 0.04719645018152481 0.014116318464144552
0 0.24203307785397338 0.237012987012987 0.06857603872529246 0.014398644833427442
0 0.24949576442113755 0.23983625070581593 0.006857603872529245 0.007340485601355167
0 0.3081887858007261 0.2406832298136646 0.09398951189995966 0.021456804065499716
0 0.33501411859620817 0.23729531338226992 0.033884630899556276 0.012422360248447204
0 0.38422751109318276 0.2375776397515528 0.0782573618394514 0.00846979107848673
0 0.4209358612343687 0.2385657820440429 0.04679306171843485 0.014963297571993224
0 0.10709963695038321 0.26143421795595706 0.06776926179911255 0.012987012987012988
0 0.1446147640177491 0.262987012987013 0.06292860024203308 0.014398644833427442
0 0.18697055264219442 0.262987012987013 0.06010488100040339 0.016092603049124788
0 0.22307382008874546 0.2628458498023715 0.04154901169826543 0.015810276679841896
0 0.2700685760387253 0.2627046866177301 0.07099636950383219 0.014963297571993224
0 0.34872932634126663 0.2660926030491248 0.13150463896732553 0.020045172219085264
0 0.40338846308995563 0.26538678712591757 0.08027430415490117 0.014116318464144552
0 0.40843081887858007 0.265527950310559 0.0052440500201694235 0.006493506493506494
0 0.09661153691004437 0.28698475437605875 0.048406615570794675 0.014398644833427442
0 0.1444130697862041 0.28698475437605875 0.07220653489310205 0.011575381140598532
0 0.18152480839048002 0.28712591756070016 0.05486083098023396 0.014680971202710334
0 0.2252924566357402 0.2875494071146245 0.06615570794675273 0.014680971202710334
0 0.2525211778943122 0.2876905702992659 0.03146430012101654 0.014398644833427442
0 0.2789431222267043 0.28797289666854886 0.03509479628882614 0.012140033879164314
0 0.32775312626058895 0.28825522303783174 0.07059298104074223 0.01355166572557877
0 0.35841064945542556 0.2912196499153021 0.0318676885841065 0.020327498588368152
0 0.40439693424768053 0.28825522303783174 0.06736587333602259 0.014398644833427442
