0 0.10346914078257362 0.13763410502540938 0.0645421540943929 0.025974025974025976
0 0.18192819685356998 0.1386222473178995 0.12384025816861638 0.028514963297571992
0 0.1863654699475595 0.1398927159796725 0.0060508269463493344 0.009599096555618294
0 0.23941105284388867 0.1380575945793337 0.08108108108108109 0.026256352343308864
0 0.25655506252521176 0.1373517786561265 0.018959257765227916 0.018068887634105024
0 0.32311415893505446 0.13791643139469226 0.10044372730939895 0.02710333145115754
0 0.3555869302137959 0.13706945228684358 0.03872529245663574 0.01383399209486166
0 0.381807180314643 0.13706945228684358 0.0391286809197257 0.022868435911914172
0 0.4507866075030254 0.14285714285714285 0.11415893505445744 0.03670242800677583
0 0.12888261395724082 0.1627611518915867 0.12384025816861638 0.03500846979107849
0 0.18939088342073418 0.16290231507622813 0.0782573618394514 0.028514963297571992
0 0.22892295280354982 0.16205533596837945 0.0463896732553449 0.025974025974025976
0 0.3037515127067366 0.163184641445511 0.11617587736990723 0.029361942405420668
0 0.3083904800322711 0.16247882552230378 0.003227107704719645 0.002258610954263128
0 0.3402581686163776 0.1627611518915867 0.04800322710770472 0.025691699604743084
0 0.39027833803953205 0.16247882552230378 0.07220653489310205 0.028514963297571992
0 0.43807987091569184 0.16261998870694522 0.0790641387656313 0.023997741389045736
0 0.12101653892698669 0.2137210615471485 0.09762000806776926 0.029644268774703556
0 0.1427995159338443 0.20327498588368154 0.01290843081887858 0.01101072840203275
0 0.1674062121823316 0.21174477696216826 0.040742234772085516 0.027385657820440428
0 0.26099233561920127 0.2217673630717109 0.16054860830980233 0.04630152456239413
0 0.2878176684146833 0.2127329192546584 0.03670835014118596 0.029644268774703556
0 0.3217022993142396 0.21132128740824394 0.040742234772085516 0.025409373235460192
0 0.3686970552642194 0.2127329192546584 0.06292860024203308 0.029361942405420668
0 0.40096813231141587 0.21287408243929984 0.03509479628882614 0.03020892151326934
0 0.09661153691004437 0.2628458498023715 0.043969342476805166 0.027385657820440428
0 0.11758773699072207 0.2564935064935065 0.014118596208148447 0.012704686617730096
0 0.18959257765227913 0.2632693393562959 0.13110125050423557 0.028232636928289104
0 0.19705526421944333 0.26651609260304915 0.013311819281968536 0.012704686617730096
0 0.20371117386042759 0.26538678712591757 0.005647438483259379 0.004799548277809147
0 0.24243646631706334 0.26341050254093734 0.07099636950383219 0.026538678712591756
0 0.30798709156918114 0.26341050254093734 0.09721661960467931 0.028232636928289104
0 0.3537716821298911 0.2632693393562959 0.07180314643001211 0.026538678712591756
0 0.3795885437676482 0.26341050254093734 0.029850746268656716 0.027950310559006212
0 0.40661557079467525 0.26157538114059853 0.026623638563937072 0.020892151326933936
0 0.44150867285195644 0.26453980801806887 0.04961678096006454 0.024844720496894408
0 0.10125050423557887 0.29488989271597965 0.05405405405405406 0.03811405985319029
0 0.12767244856797097 0.288961038961039 0.02379991932230738 0.019198193111236588
0 0.1607503025413473 0.2886787125917561 0.041145623235175476 0.023715415019762844
0 0.23477208551835418 0.29757199322416716 0.1218233158531666 0.03387916431394692
0 0.24223477208551836 0.2876905702992659 0.0024203307785397336 0.001976284584980237
0 0.27208551835417505 0.2888198757763975 0.04800322710770472 0.027385657820440428
0 0.3063735377168213 0.28839638622247316 0.03670835014118596 0.026538678712591756
0 0.37131908027430416 0.2875494071146245 0.10689794271883823 0.025691699604743084
0 0.41750705929810406 0.2891022021456804 0.0681726502622025 0.031055900621118012
0 0.43384429205324726 0.28924336533032186 0.02218636546994756 0.014398644833427442
0 0.10972166196046793 0.32156973461321287 0.07220653489310205 0.048842461885940144
0 0.11799112545381202 0.31634669678147936 0.00645421540943929 0.009316770186335404
0 0.16377571601452198 0.31493506493506496 0.07745058491327148 0.026538678712591756
0 0.18394513916901978 0.31394692264257484 0.01936264622831787 0.015810276679841896
0 0.23699072206534894 0.31437041219649914 0.0681726502622025 0.028232636928289104
0 0.26603469140782576 0.3136645962732919 0.022589753933037516 0.017221908526256352
0 0.29487696651875756 0.3142292490118577 0.03227107704719645 0.029079616036137776
0 0.36950383219039934 0.3231225296442688 0.1145623235175474 0.046583850931677016
0 0.4146833400564744 0.3136645962732919 0.05405405405405406 0.03274985883681536
0 0.11516740621218233 0.339356295878035 0.08027430415490117 0.026821005081874648
0 0.18515530455828963 0.33977978543195936 0.11012505042355789 0.028797289666854884
0 0.21964501815248083 0.3394974590626765 0.04719645018152481 0.030491247882552232
0 0.29225494150867287 0.34443817052512704 0.11496571198063735 0.03867871259175607
0 0.3346107301331182 0.34006211180124224 0.07341670028237192 0.029926595143986448
0 0.33965308592174265 0.34232072275550535 0.009681323114158934 0.010163749294184076
0 0.3483259378781767 0.3296160361377753 0.011698265429608713 0.008752117447769622
0 0.36405808793868494 0.34006211180124224 0.006857603872529245 0.025974025974025976
0 0.3935054457442517 0.3403444381705251 0.04033884630899556 0.017221908526256352
0 0.127269060104881 0.3681535855448899 0.10044372730939895 0.03811405985319029
0 0.19685356998789835 0.3695652173913043 0.10972166196046793 0.044042913608131
0 0.23678902783380396 0.36575381140598534 0.04921339249697459 0.029644268774703556
0 0.254538120209762 0.3632128740824393 0.008874546187979023 0.024844720496894408
0 0.291044776119403 0.36476566911349523 0.042759177087535294 0.03020892151326934
0 0.33642597821702297 0.36476566911349523 0.05445744251714401 0.032467532467532464
0 0.4138765631302945 0.3642010163749294 0.1290843081887858 0.03190287972896669
0 0.4499798305768455 0.364059853190288 0.05203711173860428 0.03500846979107849
