0 0.10125050423557887 0.19395821569734614 0.04235578862444534 0.03077357425183512
0 0.1518757563533683 0.19494635798983626 0.06413876563130294 0.03585544889892716
0 0.17930617184348527 0.18944099378881987 0.014925373134328358 0.018633540372670808
0 0.2073416700282372 0.1895821569734613 0.023396530859217425 0.021456804065499716
0 0.2472771278741428 0.18972332015810275 0.048406615570794675 0.016092603049124788
0 0.3293666801129488 0.19593450028232637 0.13029447357805568 0.05223037831733484
0 0.3327954820492134 0.1895821569734613 0.0024203307785397336 0.0016939582156973462
0 0.3537716821298911 0.1895821569734613 0.014118596208148447 0.020327498588368152
0 0.3775716014521985 0.18929983060417843 0.024203307785397338 0.020892151326933936
0 0.42396127470754336 0.19254658385093168 0.057684550221863654 0.028514963297571992
0 0.0790641387656313 0.20722755505364202 0.0012101653892698668 0.007905138339920948
0 0.08874546187979024 0.2134387351778656 0.01653892698668818 0.008752117447769622
0 0.11536910044372731 0.21470920383963862 0.022589753933037516 0.029644268774703556
0 0.1553045582896329 0.2251552795031056 0.0500201694231545 0.04488989271597967
0 0.18394513916901978 0.2149915302089215 0.023396530859217425 0.008752117447769622
0 0.2063331988705123 0.2186617730095991 0.013311819281968536 0.03585544889892716
0 0.24848729326341268 0.21597967250141162 0.058491327148043566 0.025974025974025976
0 0.28842275110931825 0.21936758893280633 0.048406615570794675 0.016092603049124788
0 0.3372327551432029 0.21513269339356295 0.07341670028237192 0.026821005081874648
0 0.3862444534086325 0.21894409937888198 0.063735377168213 0.03020892151326934
0 0.41851553045582895 0.21597967250141162 0.03993545784590561 0.020892151326933936
0 0.09519967728922953 0.3403444381705251 0.04961678096006454 0.022868435911914172
0 0.12242839854780153 0.3403444381705251 0.012505042355788625 0.02766798418972332
0 0.14421137555465913 0.3403444381705251 0.02218636546994756 0.026538678712591756
0 0.21682129891085114 0.34105025409373235 0.09237595804759983 0.029079616036137776
0 0.22307382008874546 0.3409090909090909 0.0028237192416296895 0.0016939582156973462
