0 319.01815248083903 738.0093167701864 0.03630496167809601 0.018633540372670808
0 446.0227914481646 762.005928853755 0.045582896329164985 0.011857707509881422
0 603.0056474384833 740.0083286278939 0.011294876966518758 0.016657255787690572
0 674.0074626865671 734.0088932806324 0.014925373134328358 0.017786561264822136
0 764.0183541750706 727.0184923771881 0.03670835014118596 0.03698475437605872
0 868.0014118596208 790.0009881422925 0.0028237192416296895 0.001976284584980237
0 932.0484066155708 733.0100225861096 0.09681323114158935 0.020045172219085264
0 1233.0342880193627 734.0175042348956 0.06857603872529246 0.03500846979107849
0 1460.0141185962082 773.0079051383399 0.028237192416296894 0.015810276679841896
0 1573.0086728519564 743.0086109542631 0.01734570391286809 0.017221908526256352
0 1653.0197660346914 732.0101637492942 0.03953206938281565 0.020327498588368152
0 1797.0080677692617 736.0091756070017 0.016135538523598225 0.018351214003387916
0 1885.0054457442518 776.00395256917 0.010891488503428802 0.007905138339920948
0 1981.0219846712384 735.0098814229249 0.043969342476805166 0.019762845849802372
0 328.0074626865672 912.022444946358 0.014925373134328358 0.04488989271597967
0 451.03388463089954 906.022021456804 0.06776926179911255 0.044042913608131
0 680.0114965711981 922.0076228119707 0.022993142396127472 0.015245623941276116
0 780.0240016135539 918.0091756070017 0.04800322710770472 0.018351214003387916
0 945.015933844292 946.0050818746471 0.0318676885841065 0.010163749294184076
0 1081.0147236789028 941.0152456239413 0.02944735780556676 0.030491247882552232
0 1205.017345703913 916.0086109542631 0.03469140782573618 0.017221908526256352
0 1344.0215812827753 907.0151044607567 0.043162565550625254 0.03020892151326934
0 1458.0018152480839 974.0009881422925 0.003630496167809601 0.001976284584980237
0 1520.0112948769665 910.0098814229249 0.022589753933037516 0.019762845849802372
0 1623.0284388866478 909.0107284020328 0.05687777329568374 0.021456804065499716
0 1756.0034288019363 972.0046583850932 0.006857603872529245 0.009316770186335404
0 1815.0123033481243 944.0047995482778 0.024606696248487294 0.009599096555618294
0 1927.0205728116175 916.0091756070017 0.041145623235175476 0.018351214003387916
0 310.0219846712384 1088.0095990965556 0.043969342476805166 0.019198193111236588
0 478.02137958854377 1093.009034443817 0.042759177087535294 0.018068887634105024
0 643.0227914481645 1081.0152456239414 0.045582896329164985 0.030491247882552232
0 808.0139169019766 1124.004658385093 0.027833803953206938 0.009316770186335404
0 920.0451795078661 1087.0183512140034 0.09035901573215006 0.03670242800677583
0 1131.0032271077048 1144.0053642010164 0.00645421540943929 0.010728402032749858
0 1214.031060911658 1091.0097402597403 0.06212182331585317 0.01948051948051948
0 1398.0072609923357 1098.0080463015245 0.014521984671238403 0.016092603049124788
0 1473.0098830173456 1127.0042348955392 0.019766034691407825 0.00846979107848673
0 1588.015933844292 1094.0183512140034 0.0318676885841065 0.03670242800677583
0 1729.0284388866478 1129.0122811970639 0.05687777329568374 0.02456239412761152
0 1928.0387252924565 1083.0201863354037 0.07745058491327148 0.040372670807453416
0 2115.0036304961677 1161.0038114059853 0.007260992335619202 0.007622811970638058
0 321.015530455829 1271.009034443817 0.031060911657926585 0.018068887634105024
0 458.00605082694636 1278.0076228119706 0.012101653892698669 0.015245623941276116
0 538.004437273094 1305.00395256917 0.008874546187979023 0.007905138339920948
0 616.0223880597015 1266.009881422925 0.04477611940298507 0.019762845849802372
0 797.0161355385236 1272.018915866742 0.03227107704719645 0.0378317334839074
0 940.0145219846712 1306.0042348955392 0.029043969342476807 0.00846979107848673
0 1063.0155304558289 1307.014539808018 0.031060911657926585 0.029079616036137776
0 1200.017345703913 1276.008610954263 0.03469140782573618 0.017221908526256352
0 1284.0014118596207 1329.0011293054772 0.0028237192416296895 0.002258610954263128
0 1369.0171440096813 1266.0104460756634 0.03428801936264623 0.020892151326933936
0 1516.0205728116175 1275.0095990965556 0.041145623235175476 0.019198193111236588
0 1676.0058491327147 1280.0093167701864 0.011698265429608713 0.018633540372670808
0 1732.0108914885034 1312.004376058724 0.021782977006857603 0.008752117447769622
0 1864.0423557886245 1277.018915866742 0.08471157724889068 0.0378317334839074
0 318.02016942315447 1445.009881422925 0.04033884630899556 0.019762845849802372
0 485.0326744655103 1445.009881422925 0.0653489310205728 0.019762845849802372
0 737.0294473578056 1453.0087521174478 0.05889471561113352 0.017504234895539244
0 945.0104881000403 1458.008610954263 0.020976200080677694 0.017221908526256352
0 1051.0683743444938 1445.0179277244495 0.13674868898749495 0.03585544889892716
0 1436.0076643807988 1484.0011293054772 0.015328761597418314 0.002258610954263128
0 1538.0177490923759 1450.0211744776961 0.035498184751916094 0.042348955392433656
0 1690.0231948366277 1452.009034443817 0.0463896732553449 0.018068887634105024
0 1854.0096813231141 1451.0093167701864 0.01936264622831787 0.018633540372670808
0 1949.02480839048 1454.009034443817 0.04961678096006454 0.018068887634105024
0 326.0070592981041 1628.0081874647092 0.014118596208148447 0.01637492941840768
0 409.0235982250908 1621.0183512140034 0.04719645018152481 0.03670242800677583
0 615.0207745058491 1629.0095990965556 0.04154901169826543 0.019198193111236588
0 772.020371117386 1621.0136928289103 0.040742234772085516 0.027385657820440428
0 866.0028237192416 1685.004658385093 0.005647438483259379 0.009316770186335404
0 942.0080677692617 1631.008328627894 0.016135538523598225 0.016657255787690572
0 1026.0135135135135 1663.0050818746472 0.02702702702702703 0.010163749294184076
0 1149.0298507462687 1627.0191981931112 0.05970149253731343 0.038396386222473176
0 1367.0191609519968 1630.0095990965556 0.038321903993545785 0.019198193111236588
0 1517.0189592577651 1628.0097402597403 0.03791851553045583 0.01948051948051948
0 1656.0191609519968 1668.0047995482778 0.038321903993545785 0.009599096555618294
0 1803.018152480839 1634.0091756070017 0.03630496167809601 0.018351214003387916
0 1939.008471157725 1669.0042348955392 0.016942315449778138 0.00846979107848673
0 2054.013311819282 1631.0094579333709 0.026623638563937072 0.0189158667419537
0 315.02137958854377 1808.0097402597403 0.042759177087535294 0.01948051948051948
0 500.01895925776523 1814.0087521174478 0.03791851553045583 0.017504234895539244
0 668.0088745461879 1842.0040937323547 0.017749092375958047 0.00818746470920384
0 776.0290439693425 1813.009034443817 0.05808793868495361 0.018068887634105024
0 927.0014118596208 1874.0009881422925 0.0028237192416296895 0.001976284584980237
