0 0.1044776119402985 0.13325804630152457 0.0645421540943929 0.023997741389045736
0 0.19221460266236384 0.13763410502540938 0.16337232755143202 0.03190287972896669
0 0.25131101250504234 0.13269339356295878 0.11093182734973779 0.021174477696216828
0 0.290843081887858 0.1373517786561265 0.10286405808793868 0.031338226990400904
0 0.3130294473578056 0.13608130999435347 0.0572811617587737 0.031055900621118012
0 0.3412666397741025 0.13975155279503104 0.07664380798709157 0.03500846979107849
0 0.3721258572004841 0.13226990400903443 0.057684550221863654 0.0251270468661773
0 0.4213392496974587 0.1383399209486166 0.09640984267849939 0.037549407114624504
0 0.09378781766841468 0.16233766233766234 0.045986284792254944 0.02766798418972332
0 0.11940298507462686 0.1588085827216262 0.057684550221863654 0.025409373235460192
0 0.1653892698668818 0.15810276679841898 0.09519967728922953 0.020892151326933936
0 0.17567567567567569 0.1578204404291361 0.022993142396127472 0.01129305477131564
0 0.2200484066155708 0.1588085827216262 0.0790641387656313 0.0251270468661773
0 0.2144009681323114 0.16290231507622813 0.021379588543767647 0.012704686617730096
0 0.3027430415490117 0.1647374364765669 0.17587736990722067 0.037549407114624504
0 0.31020572811617586 0.15739695087521174 0.025413473174667203 0.012987012987012988
0 0.3743444937474788 0.15824392998306042 0.12384025816861638 0.023997741389045736
0 0.4025816861637757 0.163184641445511 0.05445744251714401 0.03162055335968379
0 0.4427188382412263 0.15767927724449463 0.09439290036304962 0.028232636928289104
0 0.11557079467527229 0.1836533032185206 0.09398951189995966 0.027950310559006212
0 0.16296893908834206 0.1839356295878035 0.08430818878580072 0.025409373235460192
0 0.22972972972972974 0.1901468097120271 0.13432835820895522 0.039525691699604744
0 0.2763210972166196 0.189158667419537 0.09842678499394918 0.03077357425183512
0 0.3100040338846309 0.18280632411067194 0.06171843485276321 0.014963297571993224
0 0.35861234368697054 0.18972332015810275 0.09560306575231949 0.042348955392433656
0 0.38140379185155304 0.18224167137210615 0.04033884630899556 0.024844720496894408
0 0.40843081887858007 0.1821005081874647 0.05203711173860428 0.025974025974025976
0 0.4465510286405809 0.18322981366459629 0.08148446954417103 0.024280067758328628
0 0.4376764824526019 0.18252399774138905 0.003630496167809601 0.002258610954263128
0 0.1036708350141186 0.2106154714850367 0.06615570794675273 0.02766798418972332
0 0.17305365066559097 0.20892151326933936 0.1335215812827753 0.029079616036137776
0 0.21157724889068172 0.20934500282326368 0.07624041952400161 0.014398644833427442
0 0.27309398951189995 0.2090626764539808 0.11980637353771682 0.02456239412761152
0 0.3154497781363453 0.21386222473178995 0.1073013311819282 0.03303218520609825
0 0.35720048406615573 0.20892151326933936 0.0935861234368697 0.02766798418972332
0 0.37333602258975396 0.20793337097684925 0.0463896732553449 0.02766798418972332
0 0.44251714400968134 0.20821569734613213 0.14360629286002422 0.028232636928289104
0 0.10084711577248891 0.23376623376623376 0.05808793868495361 0.027950310559006212
0 0.14300121016538928 0.23489553924336534 0.08511496571198064 0.023997741389045736
0 0.1645824929407019 0.23898927159796726 0.05687777329568374 0.029079616036137776
0 0.19322307382008874 0.23348390739695088 0.06010488100040339 0.02710333145115754
0 0.23134328358208955 0.23800112930547712 0.08067769261799113 0.031055900621118012
0 0.2827753126260589 0.23404856013551667 0.09802339653085922 0.029926595143986448
0 0.31484469544171034 0.24054206662902314 0.08229124647035095 0.03585544889892716
0 0.34772085518354173 0.2339073969508752 0.063735377168213 0.026821005081874648
0 0.40137152077450583 0.23334274421230944 0.09681323114158935 0.027385657820440428
0 0.4298104074223477 0.2385657820440429 0.05808793868495361 0.032185206098249576
0 0.09338442920532473 0.25945793337097683 0.045986284792254944 0.02766798418972332
0 0.12928600242033078 0.2595990965556183 0.07139975796692215 0.016657255787690572
0 0.1438079870915692 0.25917560700169395 0.02581686163775716 0.012987012987012988
0 0.19019766034691407 0.2597402597402597 0.08753529649052037 0.028232636928289104
0 0.23336022589753933 0.2598814229249012 0.08834207341670028 0.017786561264822136
0 0.33118192819685355 0.26242236024844723 0.18354175070592982 0.032467532467532464
0 0.3281565147236789 0.2584697910784867 0.003227107704719645 0.002540937323546019
0 0.36506655909640984 0.25945793337097683 0.050423557886244454 0.023715415019762844
0 0.41952400161355385 0.26468097120271034 0.10165389269866881 0.036420101637492944
0 0.15227914481645824 0.2886787125917561 0.1674062121823316 0.034161490683229816
0 0.2109721661960468 0.29037267080745344 0.1036708350141186 0.036420101637492944
0 0.23295683743444937 0.28486730660643705 0.035498184751916094 0.023433088650479956
0 0.27934651068979427 0.2857142857142857 0.08793868495361033 0.020045172219085264
0 0.35861234368697054 0.29136081309994355 0.15974183138362244 0.035290796160361376
0 0.4017749092375958 0.2845849802371542 0.08713190802743041 0.03020892151326934
0 0.4465510286405809 0.2893845285149633 0.0891488503428802 0.023150762281197064
0 0.11940298507462686 0.3170525127046866 0.09439290036304962 0.042348955392433656
0 0.15611133521581283 0.3102766798418972 0.06494554255748286 0.028232636928289104
0 0.15288422751109318 0.3092885375494071 0.0028237192416296895 0.0016939582156973462
0 0.19503832190399353 0.31620553359683795 0.05445744251714401 0.03613777526821005
0 0.21581282775312627 0.30957086391869 0.0500201694231545 0.015245623941276116
0 0.2866075030254135 0.3102766798418972 0.1371520774505849 0.025974025974025976
0 0.3261395724082291 0.3125352907961604 0.09479628882613957 0.03162055335968379
0 0.3646631706333199 0.31126482213438733 0.07099636950383219 0.028797289666854884
0 0.4102460669624849 0.3094297007340486 0.09842678499394918 0.024280067758328628
0 0.4562323517547398 0.3102766798418972 0.09035901573215006 0.021456804065499716
0 0.11758773699072207 0.3362507058159232 0.09237595804759983 0.029644268774703556
0 0.16296893908834206 0.3361095426312818 0.08592174263816055 0.02710333145115754
0 0.19665187575635337 0.33582721626199885 0.07987091569181122 0.026821005081874648
0 0.218233158531666 0.3352625635234331 0.06010488100040339 0.029926595143986448
0 0.3098023396530859 0.33992094861660077 0.18233158531665994 0.025409373235460192
0 0.3567970956030658 0.34288537549407117 0.10084711577248891 0.04517221908526256
0 0.4267849939491731 0.34203839638622247 0.13755546591367487 0.039525691699604744
0 0.44796288826139574 0.33455674760022586 0.03993545784590561 0.024844720496894408
0 0.09177087535296491 0.3609542631281762 0.043162565550625254 0.025691699604743084
0 0.13493344090359016 0.3608130999435347 0.08511496571198064 0.02710333145115754
0 0.18414683340056473 0.3606719367588933 0.09035901573215006 0.021174477696216828
0 0.21803146430012102 0.3601072840203275 0.0782573618394514 0.028514963297571992
0 0.27228721258572003 0.3609542631281762 0.10810810810810811 0.03020892151326934
0 0.32977006857603874 0.365330321852061 0.1371520774505849 0.03698475437605872
0 0.40943929003630497 0.36688311688311687 0.15167406212182333 0.040654997176736304
0 0.4499798305768455 0.36053077357425184 0.08713190802743041 0.029361942405420668
0 0.4507866075030254 0.36236589497459065 0.01290843081887858 0.010446075663466968
0 0.09701492537313433 0.38664596273291924 0.05405405405405406 0.01693958215697346
0 0.15893505445744252 0.38622247317899494 0.12263009277934651 0.026256352343308864
0 0.20492133924969747 0.39497459062676454 0.1218233158531666 0.04121964991530209
0 0.23134328358208955 0.39059853190287974 0.063735377168213 0.03613777526821005
0 0.34429205324727713 0.3893280632411067 0.22428398547801534 0.037267080745341616
0 0.3795885437676482 0.38509316770186336 0.06212182331585317 0.03020892151326934
0 0.4683340056474385 0.3914455110107284 0.17507059298104075 0.043478260869565216
