0 359.0254134731747 721.0127046866178 0.050826946349334406 0.025409373235460192
0 526.0407422347721 745.0098814229249 0.08148446954417103 0.019762845849802372
0 795.0094796288826 756.0071993224167 0.018959257765227916 0.014398644833427442
0 896.0435659540137 707.0148221343874 0.08713190802743041 0.029644268774703556
0 1157.127269060105 707.0201863354038 0.254538120209762 0.040372670807453416
0 1793.0242033077855 713.013410502541 0.048406615570794675 0.026821005081874648
0 1950.0508269463494 728.0117165443253 0.10165389269866881 0.023433088650479956
0 2155.006252521178 795.0046583850932 0.012505042355788625 0.009316770186335404
0 345.0578862444534 1061.016516092603 0.11577248890681727 0.03303218520609825
0 695.028842275111 1071.014963297572 0.057684550221863654 0.029926595143986448
0 875.0330778539734 1064.0139751552795 0.06615570794675273 0.027950310559006212
0 1074.0841064945544 1067.0142574816489 0.16821298910851148 0.028514963297571992
0 1541.0663574021783 1060.0251270468661 0.1327148043565954 0.0502540937323546
0 1921.0554659136749 1075.0141163184642 0.11093182734973779 0.028232636928289104
0 350.0393303751513 1232.0258328627895 0.07866075030254134 0.051665725578769056
0 629.0240016135539 1258.0177865612648 0.04800322710770472 0.03557312252964427
0 832.0371117386043 1232.0156691134953 0.07422347720855184 0.031338226990400904
0 1138.0929810407422 1244.0155279503106 0.18596208148446955 0.031055900621118012
0 1646.0294473578056 1260.0131281761717 0.05889471561113352 0.026256352343308864
0 1808.0443727309398 1277.0095990965556 0.08874546187979024 0.019198193111236588
0 2053.0068576038725 1308.0016939582158 0.01371520774505849 0.0033879164313946925
0 2116.0369100443727 1239.0139751552795 0.07382008874546188 0.027950310559006212
0 335.0482049213393 1601.0148221343873 0.09640984267849939 0.029644268774703556
0 615.0431625655506 1600.018915866742 0.08632513110125051 0.0378317334839074
0 856.094392900363 1620.0200451722192 0.18878580072609924 0.04009034443817053
0 1402.0240016135538 1647.007481648786 0.04800322710770472 0.014963297571993224
0 1565.0475998386446 1610.0132693393564 0.09519967728922953 0.026538678712591756
0 1869.0383219039936 1610.0139751552795 0.07664380798709157 0.027950310559006212
0 2092.001411859621 1698.001552795031 0.0028237192416296895 0.003105590062111801
0 367.0167406212182 1788.0135516657256 0.033481242436466316 0.02710333145115754
0 500.04679306171846 1787.0141163184642 0.0935861234368697 0.028232636928289104
0 775.0465913674869 1789.0138339920948 0.09318273497377975 0.02766798418972332
0 1038.0391286809197 1797.0121400338792 0.0782573618394514 0.024280067758328628
0 1275.0375151270673 1794.012563523433 0.07503025413473174 0.0251270468661773
0 1518.0572811617587 1817.009881422925 0.1145623235175474 0.019762845849802372
0 1826.0625252117788 1782.0242800677584 0.12505042355788623 0.048560135516657256
0 334.0439693424768 1956.0156691134953 0.08793868495361033 0.031338226990400904
0 617.0108914885034 2005.0084697910786 0.021782977006857603 0.01693958215697346
0 693.0435659540137 1964.0138339920948 0.08713190802743041 0.02766798418972332
0 936.0736183945139 1972.0138339920948 0.1472367890278338 0.02766798418972332
0 1319.004437273094 2068.001552795031 0.008874546187979023 0.003105590062111801
0 1414.0076643807988 1970.0115753811406 0.015328761597418314 0.023150762281197064
0 1467.0433642597823 1958.0142574816489 0.08672851956434045 0.028514963297571992
0 1737.0538523598225 1976.0237154150198 0.10770471964501815 0.04743083003952569
0 352.09983864461475 2142.0249858836814 0.19967728922952804 0.04997176736307171
0 931.0510286405809 2145.014963297572 0.10205728116175877 0.029926595143986448
0 1232.0250100847115 2147.014116318464 0.0500201694231545 0.028232636928289104
0 1426.0669624848729 2188.016657255788 0.13392496974586526 0.033314511575381144
0 1829.0482049213392 2113.0194805194806 0.09640984267849939 0.03896103896103896
0 320.0385235982251 2300.016092603049 0.07704719645018153 0.032185206098249576
0 543.0405405405405 2312.0167984189725 0.08108108108108109 0.03359683794466403
0 796.0433642597822 2322.015245623941 0.08672851956434045 0.030491247882552232
0 1048.067365873336 2308.0227272727275 0.13473174667204518 0.045454545454545456
0 1421.0528438886647 2327.012563523433 0.10568777732956837 0.0251270468661773
0 1711.0233965308591 2319.014680971203 0.04679306171843485 0.029361942405420668
0 1853.02218636547 2317.014116318464 0.04437273093989512 0.028232636928289104
