0 0.0790641387656313 0.11236589497459062 0.02501008471157725 0.017504234895539244
0 0.10044372730939895 0.11264822134387352 0.022993142396127472 0.009034443817052512
0 0.12847922549415086 0.11307171089779786 0.03307785397337636 0.018633540372670808
0 0.16760790641387657 0.11758893280632411 0.05203711173860428 0.030491247882552232
0 0.2008874546187979 0.11349520045172219 0.04235578862444534 0.011857707509881422
0 0.21581282775312627 0.10728402032749859 0.004437273093989512 0.005928853754940711
0 0.2353771682129891 0.11264822134387352 0.041145623235175476 0.01693958215697346
0 0.2418313836224284 0.10643704121964992 0.004437273093989512 0.005364201016374929
0 0.2692617991125454 0.11264822134387352 0.03791851553045583 0.018068887634105024
0 0.299717628075837 0.1225296442687747 0.033481242436466316 0.027950310559006212
0 0.33662767244856795 0.11293054771315642 0.0572811617587737 0.018068887634105024
0 0.35619201290843083 0.11264822134387352 0.018152480839048003 0.007622811970638058
0 0.37595804759983864 0.11278938452851496 0.01371520774505849 0.0189158667419537
0 0.40237999193223073 0.11307171089779786 0.03065752319483663 0.018351214003387916
0 0.4318273497377975 0.11914172783738002 0.0326744655102864 0.03190287972896669
0 0.07422347720855184 0.13763410502540938 0.019766034691407825 0.008752117447769622
0 0.10709963695038321 0.14680971202710333 0.0463896732553449 0.039525691699604744
0 0.1290843081887858 0.13721061547148503 0.017749092375958047 0.007905138339920948
0 0.1708350141185962 0.14497459062676454 0.07260992335619201 0.030491247882552232
0 0.1734570391286809 0.14201016374929418 0.0052440500201694235 0.009316770186335404
0 0.22125857200484067 0.13848108413325805 0.07220653489310205 0.019198193111236588
0 0.25978217022993144 0.1492094861660079 0.04800322710770472 0.040654997176736304
0 0.28398547801532875 0.1380575945793337 0.024203307785397338 0.007340485601355167
0 0.3237192416296894 0.1492094861660079 0.056070996369503835 0.030491247882552232
0 0.3686970552642194 0.14568040654997177 0.0653489310205728 0.03557312252964427
0 0.3890681726502622 0.14808018068887635 0.016942315449778138 0.03585544889892716
0 0.4227511093182735 0.1386222473178995 0.03428801936264623 0.008752117447769622
0 0.07765227914481646 0.18817052512704688 0.023396530859217425 0.015527950310559006
0 0.10830980233965308 0.18887634105025408 0.04033884630899556 0.016657255787690572
0 0.1264622831787011 0.1880293619424054 0.010488100040338847 0.00818746470920384
0 0.16780960064542155 0.20087521174477696 0.05486083098023396 0.04178430265386787
0 0.1865671641791045 0.18478260869565216 0.0060508269463493344 0.009599096555618294
0 0.200080677692618 0.19748729531338227 0.024203307785397338 0.035290796160361376
0 0.2309398951189996 0.189158667419537 0.045582896329164985 0.018351214003387916
0 0.2559499798305768 0.189158667419537 0.03509479628882614 0.017221908526256352
0 0.28620411456232353 0.18873517786561264 0.041145623235175476 0.010163749294184076
0 0.31444130697862044 0.1885940146809712 0.03670835014118596 0.008752117447769622
0 0.3392496974586527 0.20016939582156973 0.02379991932230738 0.03077357425183512
0 0.37474788221056876 0.19466403162055335 0.050826946349334406 0.03303218520609825
0 0.37797498991528844 0.1895821569734613 0.003227107704719645 0.002540937323546019
0 0.3807987091569181 0.18280632411067194 0.004840661557079467 0.006211180124223602
0 0.41589350544574427 0.19000564652738566 0.043969342476805166 0.019762845849802372
0 0.08975393303751512 0.21964991530208922 0.045582896329164985 0.032467532467532464
0 0.12787414279951592 0.21386222473178995 0.03953206938281565 0.018068887634105024
0 0.15893505445744252 0.21428571428571427 0.027833803953206938 0.009316770186335404
0 0.20794675272287214 0.22332015810276679 0.06333198870512304 0.041501976284584984
0 0.26643807987091567 0.22402597402597402 0.08551835417507059 0.039243365330321855
0 0.29951593384429204 0.21428571428571427 0.03953206938281565 0.020045172219085264
0 0.3317870108914885 0.2140033879164314 0.03993545784590561 0.016657255787690572
0 0.3523598225090762 0.21541501976284586 0.014925373134328358 0.020327498588368152
0 0.3741427995159338 0.22388481084133258 0.022589753933037516 0.026256352343308864
0 0.40661557079467525 0.2149915302089215 0.04033884630899556 0.020892151326933936
0 0.10185558693021379 0.24435347261434218 0.07180314643001211 0.02710333145115754
0 0.12464703509479629 0.23941276115189158 0.01653892698668818 0.007905138339920948
0 0.15832997176280758 0.23955392433653303 0.042759177087535294 0.018351214003387916
0 0.18212989108511496 0.23983625070581593 0.013311819281968536 0.01693958215697346
0 0.21661960467930616 0.23941276115189158 0.03146430012101654 0.017221908526256352
0 0.2539330375151271 0.24576510446075664 0.043969342476805166 0.03077357425183512
0 0.25554659136748686 0.23969508752117447 0.003630496167809601 0.001976284584980237
