0 351.0480032271077 823.0087521174478 0.09600645421540945 0.017504234895539244
0 660.0373134328358 845.0090344438171 0.07462686567164178 0.018068887634105024
0 906.0231948366277 832.0076228119707 0.0463896732553449 0.015245623941276116
0 1088.0473981444131 843.0060700169396 0.09479628882613957 0.012140033879164314
0 1385.0306575231948 834.0070581592321 0.06131504638967326 0.014116318464144552
0 1587.0193626462283 826.0077639751553 0.03872529245663574 0.015527950310559006
0 1753.0486083098024 840.011434217956 0.09721661960467931 0.022868435911914172
0 2030.0316659943526 824.007481648786 0.06333198870512304 0.014963297571993224
0 359.0568777732957 1007.0084697910785 0.11375554659136748 0.01693958215697346
0 722.0722065348931 1014.009457933371 0.1444130697862041 0.0189158667419537
0 1146.0264219443325 1008.0079051383399 0.052843888664784185 0.015810276679841896
0 1355.033682936668 1018.0067758328628 0.06736587333602259 0.01355166572557877
0 1539.0016135538524 1044.0011293054772 0.003227107704719645 0.002258610954263128
0 1627.0078660750303 1007.0069169960474 0.01573215006050827 0.01383399209486166
0 1720.0125050423558 1004.0076228119707 0.02501008471157725 0.015245623941276116
0 1822.0183541750705 1018.005928853755 0.03670835014118596 0.011857707509881422
0 1957.0413473174667 1019.0079051383399 0.0826946349334409 0.015810276679841896
0 2170.003227107705 1051.0038114059853 0.00645421540943929 0.007622811970638058
0 352.0340863251311 1186.0111518915867 0.0681726502622025 0.022303783173348392
0 629.0302541347318 1202.009034443817 0.060508269463493344 0.018068887634105024
0 798.002218636547 1230.00395256917 0.004437273093989512 0.007905138339920948
0 899.0169423154498 1186.007058159232 0.033884630899556276 0.014116318464144552
0 1032.0284388866478 1187.0127046866178 0.05687777329568374 0.025409373235460192
0 1269.0284388866478 1186.00790513834 0.05687777329568374 0.015810276679841896
0 1457.0094796288827 1204.0050818746472 0.018959257765227916 0.010163749294184076
0 1564.0229931423962 1189.0071993224167 0.045986284792254944 0.014398644833427442
0 1704.0010084711578 1227.0007058159233 0.002016942315449778 0.001411631846414455
0 1772.0395320693829 1189.0073404856014 0.0790641387656313 0.014680971202710334
0 2034.0189592577651 1199.0056465273856 0.03791851553045583 0.01129305477131564
0 359.0377168212989 1366.0100225861095 0.0754336425978217 0.020045172219085264
0 611.0298507462686 1362.0081874647092 0.05970149253731343 0.01637492941840768
0 858.0538523598225 1370.0076228119706 0.10770471964501815 0.015245623941276116
0 1229.089552238806 1366.007481648786 0.1791044776119403 0.014963297571993224
0 1737.0306575231948 1376.005928853755 0.06131504638967326 0.011857707509881422
0 1938.037716821299 1376.005928853755 0.0754336425978217 0.011857707509881422
0 370.0415490116983 1560.005928853755 0.08309802339653086 0.011857707509881422
0 640.0298507462686 1548.0073404856014 0.05970149253731343 0.014680971202710334
0 860.0534489713594 1552.007481648786 0.10689794271883823 0.014963297571993224
0 1216.057684550222 1547.010304912479 0.11536910044372731 0.020609824957651044
0 1575.0661557079468 1549.010587238848 0.13231141589350545 0.021174477696216828
0 1967.0209762000807 1543.0101637492942 0.04195240016135539 0.020327498588368152
0 363.04679306171846 1728.0076228119706 0.0935861234368697 0.015245623941276116
0 673.0822912464704 1730.0095990965556 0.1645824929407019 0.019198193111236588
0 1150.0484066155707 1731.0071993224167 0.09681323114158935 0.014398644833427442
0 1464.0960064542155 1728.009034443817 0.1920129084308189 0.018068887634105024
0 357.05486083098026 1910.0101637492942 0.10972166196046793 0.020327498588368152
0 716.0387252924567 1911.0069169960475 0.07745058491327148 0.01383399209486166
0 937.0016135538524 1949.0038114059853 0.003227107704719645 0.007622811970638058
0 1045.018152480839 1920.004658385093 0.03630496167809601 0.009316770186335404
0 1220.0276321097217 1920.008610954263 0.05526421944332392 0.017221908526256352
0 1447.0439693424769 1908.0121400338792 0.08793868495361033 0.024280067758328628
0 1730.0294473578056 1916.0088932806325 0.05889471561113352 0.017786561264822136
0 1931.0155304558289 1907.0095990965556 0.031060911657926585 0.019198193111236588
0 2058.025615167406 1913.006634669678 0.051230334812424366 0.013269339356295878
0 359.0385235982251 2085.007340485601 0.07704719645018153 0.014680971202710334
0 577.0020169423154 2126.0036702428006 0.004033884630899556 0.007340485601355167
0 662.034086325131 2082.0097402597403 0.0681726502622025 0.01948051948051948
0 932.0274304154901 2095.005364201016 0.05486083098023396 0.010728402032749858
0 1119.0437676482452 2087.0117165443253 0.08753529649052037 0.023433088650479956
0 1389.0157321500606 2090.006775832863 0.03146430012101654 0.01355166572557877
0 1506.0393303751512 2090.006775832863 0.07866075030254134 0.01355166572557877
0 1733.0010084711578 2129.000846979108 0.002016942315449778 0.0016939582156973462
0 1808.0096813231141 2087.009881422925 0.01936264622831787 0.019762845849802372
0 1902.0058491327147 2107.0009881422925 0.011698265429608713 0.001976284584980237
0 1981.0401371520775 2093.0062111801244 0.08027430415490117 0.012422360248447204
0 358.008874546188 2277.005081874647 0.017749092375958047 0.010163749294184076
0 472.0399354578459 2262.0081874647094 0.07987091569181122 0.01637492941840768
0 756.0356998789835 2281.0084697910784 0.07139975796692215 0.01693958215697346
0 1040.029649052037 2277.008752117448 0.05929810407422348 0.017504234895539244
0 1259.0056474384833 2284.000846979108 0.011294876966518758 0.0016939582156973462
0 1344.0304558289633 2276.008752117448 0.0609116579265833 0.017504234895539244
0 1583.0282371924163 2280.005364201016 0.05647438483259379 0.010728402032749858
0 1796.0475998386446 2268.011010728402 0.09519967728922953 0.0220214568040655
0 358.0173457039129 2454.0056465273856 0.03469140782573618 0.01129305477131564
0 495.0159338442921 2447.006634669678 0.0318676885841065 0.013269339356295878
0 683.0849132714804 2445.0064935064934 0.16982654296087132 0.012987012987012988
0 1125.0014118596207 2484.0029644268775 0.0028237192416296895 0.005928853754940711
0 1195.0201694231546 2454.0060700169397 0.04033884630899556 0.012140033879164314
0 1348.0252117789432 2446.0069169960475 0.050423557886244454 0.01383399209486166
0 1525.0677692617992 2447.011434217956 0.1355385235982251 0.022868435911914172
0 1908.0175473981444 2455.005928853755 0.03509479628882614 0.011857707509881422
0 2046.0465913674868 2448.0095990965556 0.09318273497377975 0.019198193111236588
