0 0.11617587736990723 0.10813099943534726 0.08511496571198064 0.027950310559006212
0 0.16135538523598225 0.10657820440429136 0.08430818878580072 0.025691699604743084
0 0.15429608713190804 0.10728402032749859 0.01371520774505849 0.009034443817052512
0 0.18212989108511496 0.10544889892715979 0.038321903993545785 0.023433088650479956
0 0.23033481242436465 0.10940146809712027 0.10125050423557887 0.03303218520609825
0 0.22428398547801534 0.10926030491247883 0.02218636546994756 0.013269339356295878
0 0.24969745865268253 0.10587238848108413 0.0391286809197257 0.0251270468661773
0 0.3336022589753933 0.11053077357425184 0.16417910447761194 0.032467532467532464
0 0.354376764824526 0.10474308300395258 0.05405405405405406 0.023715415019762844
0 0.3983461073013312 0.10559006211180125 0.10326744655102864 0.028232636928289104
0 0.4322307382008875 0.11208356860530773 0.10286405808793868 0.029079616036137776
0 0.10790641387656313 0.18831168831168832 0.08955223880597014 0.039243365330321855
0 0.1383622428398548 0.1811123658949746 0.07018959257765228 0.023433088650479956
0 0.16256555062525213 0.18181818181818182 0.05808793868495361 0.013269339356295878
0 0.2319483662767245 0.18675889328063242 0.1319080274304155 0.03190287972896669
0 0.27511093182734975 0.1811123658949746 0.07220653489310205 0.026256352343308864
0 0.3100040338846309 0.1808300395256917 0.05526421944332392 0.025691699604743084
0 0.4035901573215006 0.18675889328063242 0.20653489310205728 0.03670242800677583
0 0.12101653892698669 0.20708639186900057 0.10649455425574829 0.027385657820440428
0 0.14905203711173862 0.20736871823828346 0.050423557886244454 0.01355166572557877
0 0.21903993545784592 0.2062394127611519 0.1290843081887858 0.02766798418972332
0 0.20814844695441712 0.20496894409937888 0.0052440500201694235 0.003105590062111801
