0 0.08350141185962082 0.12634105025409373 0.023396530859217425 0.011857707509881422
0 0.12565550625252117 0.12634105025409373 0.057684550221863654 0.012987012987012988
0 0.17325534489713595 0.12987012987012986 0.06494554255748286 0.021739130434782608
0 0.22751109318273496 0.1302936194240542 0.08672851956434045 0.019198193111236588
0 0.2488906817265026 0.12690570299265952 0.01573215006050827 0.014398644833427442
0 0.2692617991125454 0.12732919254658384 0.023396530859217425 0.014680971202710334
0 0.30254134731746674 0.12732919254658384 0.04719645018152481 0.014398644833427442
0 0.32210568777732956 0.12732919254658384 0.01855586930213796 0.009034443817052512
0 0.3751512706736587 0.1318464144551101 0.0935861234368697 0.023715415019762844
0 0.4211375554659137 0.1274703557312253 0.06696248487293263 0.01355166572557877
0 0.0845098830173457 0.15443252399774138 0.02864058087938685 0.020327498588368152
0 0.1244453408632513 0.15217391304347827 0.06131504638967326 0.011857707509881422
0 0.18495361032674465 0.15683229813664595 0.09519967728922953 0.0251270468661773
0 0.23678902783380396 0.15245623941276115 0.0782573618394514 0.011857707509881422
0 0.31686163775716014 0.1525974025974026 0.12948769665187576 0.014963297571993224
0 0.32311415893505446 0.15485601355166573 0.004033884630899556 0.006775832862789385
0 0.354376764824526 0.15217391304347827 0.03872529245663574 0.01101072840203275
0 0.3666801129487697 0.1520327498588368 0.0028237192416296895 0.013269339356295878
0 0.40863251311012505 0.15245623941276115 0.07462686567164178 0.014398644833427442
0 0.13150463896732553 0.1805477131564088 0.118192819685357 0.020609824957651044
0 0.24021782977006859 0.18195934500282326 0.17870108914885036 0.023433088650479956
0 0.24485679709560307 0.18139469226425747 0.006857603872529245 0.009881422924901186
0 0.28600242033077855 0.17758328627893846 0.04881000403388463 0.014398644833427442
0 0.3126260588947156 0.17758328627893846 0.0326744655102864 0.013269339356295878
0 0.345502218636547 0.177442123094297 0.041145623235175476 0.012987012987012988
0 0.3838241226300928 0.18040654997176736 0.0572811617587737 0.020327498588368152
0 0.41306978620411455 0.1771597967250141 0.0318676885841065 0.010446075663466968
0 0.08612343686970553 0.20242800677583286 0.02944735780556676 0.014398644833427442
0 0.1264622831787011 0.20525127046866176 0.04921339249697459 0.017504234895539244
0 0.2434449374747882 0.2031338226990401 0.19120613150463897 0.01693958215697346
0 0.3281565147236789 0.2075098814229249 0.1319080274304155 0.026821005081874648
0 0.3356192012908431 0.2015810276679842 0.0024203307785397336 0.0016939582156973462
0 0.37051230334812424 0.20299265951439865 0.04437273093989512 0.015810276679841896
0 0.42718838241226303 0.20242800677583286 0.09519967728922953 0.01355166572557877
0 0.08632513110125051 0.2279785431959345 0.029043969342476807 0.014116318464144552
0 0.13210972166196047 0.2300959909655562 0.06978620411456232 0.017786561264822136
0 0.1863654699475595 0.22840203274985885 0.08632513110125051 0.015527950310559006
0 0.22146026623638565 0.22840203274985885 0.0326744655102864 0.014963297571993224
0 0.2736990722065349 0.2316487859966121 0.07987091569181122 0.0220214568040655
0 0.36304961678096004 0.22826086956521738 0.14239612747075434 0.015245623941276116
0 0.3810004033884631 0.22826086956521738 0.01653892698668818 0.015810276679841896
0 0.40217829770068575 0.22826086956521738 0.022993142396127472 0.014680971202710334
0 0.4390883420734167 0.22826086956521738 0.06212182331585317 0.014116318464144552
0 0.08612343686970553 0.25352907961603616 0.024606696248487294 0.015245623941276116
0 0.16780960064542155 0.2576228119706381 0.1306978620411456 0.02456239412761152
0 0.2263009277934651 0.25296442687747034 0.08834207341670028 0.015245623941276116
0 0.22972972972972974 0.25508187464709203 0.004033884630899556 0.006775832862789385
0 0.2591770875352965 0.25296442687747034 0.03469140782573618 0.014963297571993224
0 0.30153287615974184 0.2562111801242236 0.06615570794675273 0.021739130434782608
0 0.336224283985478 0.2531055900621118 0.05405405405405406 0.014398644833427442
0 0.4072206534893102 0.2583286278938453 0.11698265429608713 0.0251270468661773
0 0.12263009277934651 0.2792207792207792 0.10286405808793868 0.01355166572557877
0 0.16659943525615167 0.2789384528514963 0.06131504638967326 0.01355166572557877
0 0.22287212585720048 0.27851496329757197 0.0790641387656313 0.014398644833427442
0 0.2755143202904397 0.2789384528514963 0.07301331181928197 0.013269339356295878
0 0.3237192416296894 0.2787972896668549 0.06212182331585317 0.015810276679841896
0 0.3412666397741025 0.2789384528514963 0.015328761597418314 0.015810276679841896
0 0.34590560709963697 0.2803500846979108 0.004033884630899556 0.012987012987012988
0 0.399959661153691 0.27865612648221344 0.08027430415490117 0.014116318464144552
0 0.42154094392900365 0.2787972896668549 0.01573215006050827 0.015810276679841896
0 0.09499798305768455 0.30547713156408807 0.043969342476805166 0.014398644833427442
0 0.15409439290036306 0.3039243365330322 0.09156918112141993 0.015810276679841896
0 0.19221460266236384 0.3071710897797854 0.03791851553045583 0.022303783173348392
0 0.23376361436062928 0.30350084697910784 0.050826946349334406 0.014963297571993224
0 0.2954820492133925 0.3037831733483907 0.08874546187979024 0.014398644833427442
0 0.31686163775716014 0.3040654997176736 0.01573215006050827 0.014963297571993224
0 0.3400564743848326 0.30477131564088084 0.021379588543767647 0.016092603049124788
0 0.35417507059298103 0.3002540937323546 0.008471157724889069 0.001976284584980237
0 0.4035901573215006 0.30350084697910784 0.06615570794675273 0.012140033879164314
0 0.4499798305768455 0.308300395256917 0.07704719645018153 0.018068887634105024
0 0.11557079467527229 0.33258046301524563 0.08672851956434045 0.020892151326933936
0 0.15954013715207746 0.3286278938452851 0.050826946349334406 0.010446075663466968
0 0.22791448164582492 0.3294748729531338 0.10609116579265833 0.014680971202710334
0 0.28943122226704315 0.33201581027667987 0.08309802339653086 0.015527950310559006
0 0.3947156111335216 0.33258046301524563 0.17870108914885036 0.020327498588368152
0 0.14885034288019364 0.3547430830039526 0.1464300121016539 0.01637492941840768
0 0.29850746268656714 0.35728402032749856 0.2573618394513917 0.020892151326933936
0 0.3719241629689391 0.3551665725578769 0.11577248890681727 0.017221908526256352
0 0.38664784187172246 0.35064935064935066 0.011294876966518758 0.001976284584980237
0 0.40943929003630497 0.3546019198193111 0.02944735780556676 0.01129305477131564
0 0.4332392093586123 0.35530773574251834 0.030254134731746672 0.016657255787690572
