0 365.0324727712787 1090.01185770751 0.06494554255748286 0.023715415019762844
0 563.0361032674466 1091.0114342179559 0.07220653489310205 0.022868435911914172
0 777.0032271077047 1121.006634669678 0.00645421540943929 0.013269339356295878
0 875.0379185155305 1079.0134105025409 0.07583703106091166 0.026821005081874648
0 1072.0127067365872 1109.009034443817 0.025413473174667203 0.018068887634105024
0 1174.0538523598225 1078.0128458498023 0.10770471964501815 0.025691699604743084
0 1412.0443727309398 1082.016516092603 0.08874546187979024 0.03303218520609825
0 1698.017345703913 1083.0122811970639 0.03469140782573618 0.02456239412761152
0 1828.036304961678 1076.0136928289103 0.07260992335619201 0.027385657820440428
0 2069.0205728116175 1082.0131281761717 0.041145623235175476 0.026256352343308864
0 368.06938281565147 1436.014539808018 0.13876563130294473 0.029079616036137776
0 788.0205728116176 1440.0190570299267 0.041145623235175476 0.03811405985319029
0 934.0229931423961 1444.0124223602484 0.045986284792254944 0.024844720496894408
0 1081.0508269463494 1442.0176453980803 0.10165389269866881 0.035290796160361376
0 1393.0411456232353 1439.012987012987 0.08229124647035095 0.025974025974025976
0 1584.045582896329 1451.02159796725 0.09116579265832997 0.04319593450028233
0 1814.0024203307785 1534.0031055900622 0.004840661557079467 0.006211180124223602
0 1906.0463896732554 1451.0117165443253 0.0927793465106898 0.023433088650479956
0 384.0681726502622 1615.0132693393564 0.136345300524405 0.026538678712591756
0 808.015933844292 1620.0132693393564 0.0318676885841065 0.026538678712591756
0 941.0268253327955 1653.0162337662337 0.0536506655909641 0.032467532467532464
0 1127.0510286405809 1613.0134105025409 0.10205728116175877 0.026821005081874648
0 1375.004437273094 1697.0047995482778 0.008874546187979023 0.009599096555618294
0 1494.068172650262 1634.0112930547714 0.136345300524405 0.02258610954263128
0 1897.0361032674466 1618.0122811970639 0.07220653489310205 0.02456239412761152
0 396.0562726906011 1797.012563523433 0.11254538120209762 0.0251270468661773
0 690.0478015328762 1802.016516092603 0.09560306575231949 0.03303218520609825
0 932.0034288019363 1881.004376058724 0.006857603872529245 0.008752117447769622
0 1053.0235982250908 1798.018492377188 0.04719645018152481 0.03698475437605872
0 1185.0227914481645 1791.0139751552795 0.045582896329164985 0.027950310559006212
0 1353.056272690601 1797.022444946358 0.11254538120209762 0.04488989271597967
0 1681.022589753933 1811.0128458498023 0.04517950786607503 0.025691699604743084
0 1837.047801532876 1787.0139751552795 0.09560306575231949 0.027950310559006212
0 379.0256151674062 1969.0131281761717 0.051230334812424366 0.026256352343308864
0 563.0306575231948 1976.0194805194806 0.06131504638967326 0.03896103896103896
0 754.0244050020169 1969.0136928289103 0.04881000403388463 0.027385657820440428
0 946.0592981040742 1985.01185770751 0.11859620814844696 0.023715415019762844
0 1308.0504235578862 1988.02159796725 0.10084711577248891 0.04319593450028233
0 1609.026623638564 2008.0163749294184 0.053247277127874144 0.03274985883681536
0 1799.055869302138 1970.0132693393564 0.11173860427591771 0.026538678712591756
0 2077.001613553852 2060.0009881422925 0.003227107704719645 0.001976284584980237
