0 0.09217426381605485 0.11180124223602485 0.0536506655909641 0.017221908526256352
0 0.1591367486889875 0.11293054771315642 0.11859620814844696 0.01948051948051948
0 0.2428398547801533 0.1132128740824393 0.14683340056474384 0.021739130434782608
0 0.2833803953206938 0.11462450592885376 0.060508269463493344 0.022303783173348392
0 0.30032271077047196 0.11264822134387352 0.02501008471157725 0.010163749294184076
0 0.36062928600242034 0.1225296442687747 0.11617587736990723 0.040372670807453416
0 0.38463089955627267 0.11744776962168267 0.035498184751916094 0.03020892151326934
0 0.4213392496974587 0.11462450592885376 0.06212182331585317 0.023150762281197064
0 0.1536910044372731 0.13975155279503104 0.18071803146430013 0.026538678712591756
0 0.2198467123840258 0.1386222473178995 0.11778943122226704 0.025691699604743084
0 0.2265026220250101 0.1417278373800113 0.007260992335619202 0.006775832862789385
0 0.24969745865268253 0.13763410502540938 0.029850746268656716 0.019198193111236588
0 0.3170633319887051 0.1442687747035573 0.1254538120209762 0.03190287972896669
0 0.3313836224283985 0.13904573687182384 0.008471157724889069 0.026538678712591756
0 0.3557886244453409 0.1383399209486166 0.04719645018152481 0.020892151326933936
0 0.4062121823315853 0.1383399209486166 0.08390480032271078 0.021174477696216828
0 0.4144816458249294 0.1422924901185771 0.015328761597418314 0.03303218520609825
0 0.4225494150867285 0.13664596273291926 0.0060508269463493344 0.00846979107848673
0 0.06938281565147236 0.15457368718238285 0.002016942315449778 0.007058159232072276
0 0.09499798305768455 0.16247882552230378 0.04921339249697459 0.01693958215697346
0 0.13251311012505043 0.1675607001693958 0.05970149253731343 0.025974025974025976
0 0.1789027833803953 0.1691134952004517 0.07583703106091166 0.03190287972896669
0 0.27934651068979427 0.16770186335403728 0.18757563533682936 0.03274985883681536
0 0.32331585316659944 0.16586674195369847 0.06696248487293263 0.02710333145115754
0 0.34872932634126663 0.16403162055335968 0.04679306171843485 0.020327498588368152
0 0.3949173053650666 0.1650197628458498 0.07745058491327148 0.022868435911914172
0 0.43949173053650664 0.1696781479390175 0.07704719645018153 0.029361942405420668
0 0.445340863251311 0.16332580463015245 0.003630496167809601 0.006493506493506494
0 0.09056070996369504 0.1885940146809712 0.04679306171843485 0.020609824957651044
0 0.13937071399757966 0.1895821569734613 0.08229124647035095 0.020892151326933936
0 0.16236385639370715 0.1950875211744777 0.024203307785397338 0.032185206098249576
0 0.21319080274304156 0.18887634105025408 0.08108108108108109 0.018633540372670808
0 0.2236789027833804 0.19254658385093168 0.007260992335619202 0.010446075663466968
0 0.25110931827349736 0.18929983060417843 0.04477611940298507 0.020327498588368152
0 0.3009277934651069 0.18887634105025408 0.08309802339653086 0.02258610954263128
0 0.3208955223880597 0.19282891022021456 0.02501008471157725 0.029644268774703556
0 0.3775716014521985 0.18944099378881987 0.09883017345703912 0.021739130434782608
0 0.3961274707543364 0.19268774703557312 0.022993142396127472 0.028514963297571992
0 0.45018152480839047 0.189158667419537 0.0935861234368697 0.024280067758328628
0 0.45340863251311014 0.19339356295878035 0.007260992335619202 0.011575381140598532
0 0.0935861234368697 0.21386222473178995 0.05889471561113352 0.021174477696216828
0 0.12202501008471157 0.21442687747035574 0.043162565550625254 0.022303783173348392
0 0.1708350141185962 0.21414455110107283 0.08551835417507059 0.0220214568040655
0 0.1954417103670835 0.21922642574816487 0.028237192416296894 0.03274985883681536
0 0.27833803953206937 0.21569734613212874 0.15490116982654295 0.021739130434782608
0 0.28418717224687373 0.21386222473178995 0.0028237192416296895 0.004234895539243365
0 0.28721258572004843 0.20609824957651043 0.003227107704719645 0.010163749294184076
0 0.32210568777732956 0.2134387351778656 0.04679306171843485 0.018633540372670808
0 0.37131908027430416 0.22219085262563523 0.08390480032271078 0.03670242800677583
0 0.39128680919725695 0.21880293619424054 0.02944735780556676 0.034443817052512704
0 0.4292053247277128 0.2155561829474873 0.05647438483259379 0.02456239412761152
0 0.0826946349334409 0.2648221343873518 0.03872529245663574 0.011857707509881422
0 0.11536910044372731 0.26468097120271034 0.05526421944332392 0.020892151326933936
0 0.1827349737797499 0.274703557312253 0.11940298507462686 0.040372670807453416
0 0.20935861234368697 0.269339356295878 0.02743041549011698 0.03387916431394692
0 0.23557886244453408 0.26566911349520045 0.02864058087938685 0.0220214568040655
0 0.30334812424364666 0.26566911349520045 0.11698265429608713 0.021174477696216828
0 0.3235175473981444 0.265527950310559 0.021782977006857603 0.020609824957651044
0 0.3602258975393304 0.26595143986448333 0.05889471561113352 0.019762845849802372
0 0.4263816054860831 0.26750423489553926 0.1073013311819282 0.025691699604743084
0 0.10830980233965308 0.29107848673066067 0.08753529649052037 0.023433088650479956
0 0.1581282775312626 0.2920666290231508 0.07745058491327148 0.020892151326933936
0 0.17567567567567569 0.2912196499153021 0.021379588543767647 0.00846979107848673
0 0.24405002016942315 0.29178430265386784 0.11536910044372731 0.021739130434782608
0 0.3098023396530859 0.2924901185770751 0.10851149657119806 0.02456239412761152
0 0.3192819685356999 0.29178430265386784 0.0060508269463493344 0.00282326369282891
