0 311.05929810407423 901.0104460756635 0.11859620814844696 0.020892151326933936
0 665.0752319483663 902.011434217956 0.15046389673255345 0.022868435911914172
0 1094.0175473981444 944.0049407114625 0.03509479628882614 0.009881422924901186
0 1223.0242033077855 921.0105872388481 0.048406615570794675 0.021174477696216828
0 1395.044776119403 938.0062111801242 0.08955223880597014 0.012422360248447204
0 1629.0064542154093 938.0112930547713 0.01290843081887858 0.02258610954263128
0 1684.0530455828964 891.0194805194806 0.10609116579265833 0.03896103896103896
0 1999.015933844292 904.0162337662338 0.0318676885841065 0.032467532467532464
0 314.0554659136749 1066.0141163184642 0.11093182734973779 0.028232636928289104
0 631.0167406212182 1070.0119988706945 0.033481242436466316 0.023997741389045736
0 748.0578862444534 1069.0197628458498 0.11577248890681727 0.039525691699604744
0 1073.0157321500606 1064.0176453980803 0.03146430012101654 0.035290796160361376
0 1193.0242033077855 1082.0104460756634 0.048406615570794675 0.020892151326933936
0 1360.0445744251715 1078.0119988706945 0.0891488503428802 0.023997741389045736
0 1616.0302541347316 1074.012563523433 0.060508269463493344 0.0251270468661773
0 1800.0534489713593 1062.0194805194806 0.10689794271883823 0.03896103896103896
0 328.0135135135135 1272.016939582157 0.02702702702702703 0.03387916431394692
0 438.01996772892295 1257.0107284020328 0.03993545784590561 0.021456804065499716
0 559.0597014925373 1259.016939582157 0.11940298507462686 0.03387916431394692
0 885.019967728923 1267.0093167701864 0.03993545784590561 0.018633540372670808
0 1037.054457442517 1239.0213156408809 0.10891488503428802 0.042631281761716544
0 1349.015127067366 1239.0193393562959 0.030254134731746672 0.03867871259175607
0 1483.0161355385235 1253.0117165443253 0.03227107704719645 0.023433088650479956
0 1611.0572811617587 1247.0122811970639 0.1145623235175474 0.02456239412761152
0 1935.0175473981444 1247.0136928289103 0.03509479628882614 0.027385657820440428
0 316.04316256555063 1425.0136928289103 0.08632513110125051 0.027385657820440428
0 556.0421540943929 1437.0115753811406 0.08430818878580072 0.023150762281197064
0 794.0020169423154 1426.010587238848 0.004033884630899556 0.021174477696216828
0 829.006655909641 1409.0175042348956 0.013311819281968536 0.03500846979107849
0 920.0304558289633 1456.0084697910786 0.0609116579265833 0.01693958215697346
0 1101.0342880193627 1437.0182100508187 0.06857603872529246 0.036420101637492944
0 1309.0280354981849 1433.012563523433 0.056070996369503835 0.0251270468661773
0 1498.0165389269866 1429.0162337662337 0.03307785397337636 0.032467532467532464
0 1607.0730133118193 1436.0237154150198 0.14602662363856395 0.04743083003952569
0 1993.0145219846713 1455.0134105025409 0.029043969342476807 0.026821005081874648
0 321.02077450584915 1618.0107284020328 0.04154901169826543 0.021456804065499716
0 445.0564743848326 1613.01185770751 0.11294876966518758 0.023715415019762844
0 783.0463896732554 1624.0097402597403 0.0927793465106898 0.01948051948051948
0 1059.011093182735 1636.0084697910786 0.02218636546994756 0.01693958215697346
0 1164.0475998386446 1612.0127046866178 0.09519967728922953 0.025409373235460192
0 1461.0356998789835 1606.0160926030492 0.07139975796692215 0.032185206098249576
0 1665.0250100847115 1606.0134105025409 0.0500201694231545 0.026821005081874648
0 1823.054457442517 1601.0134105025409 0.10891488503428802 0.026821005081874648
0 2107.002218636547 1698.0009881422925 0.004437273093989512 0.001976284584980237
0 313.04336425978215 1802.0107284020328 0.08672851956434045 0.021456804065499716
0 565.0106897942719 1799.0097402597403 0.021379588543767647 0.01948051948051948
0 655.0211778943122 1840.0045172219086 0.04235578862444534 0.009034443817052512
0 813.0754336425978 1794.0139751552795 0.1508672851956434 0.027950310559006212
0 1223.0125050423558 1793.011010728402 0.02501008471157725 0.0220214568040655
0 1321.02743041549 1799.010587238848 0.05486083098023396 0.021174477696216828
0 1495.076240419524 1793.012563523433 0.15248083904800322 0.0251270468661773
0 1919.0324727712787 1793.0108695652175 0.06494554255748286 0.021739130434782608
0 302.07180314643 1974.0117165443253 0.14360629286002422 0.023433088650479956
0 695.0219846712384 1982.0107284020328 0.043969342476805166 0.021456804065499716
0 830.0877369907221 1958.0143986448334 0.1754739814441307 0.028797289666854884
0 1297.0516337232755 1969.0127046866178 0.10326744655102864 0.025409373235460192
0 1617.0421540943928 1970.0131281761717 0.08430818878580072 0.026256352343308864
0 1870.0342880193627 1975.0111518915867 0.06857603872529246 0.022303783173348392
0 317.06050826946347 2138.013410502541 0.12101653892698669 0.026821005081874648
0 676.0679709560306 2144.018633540373 0.13594191206131503 0.037267080745341616
0 1056.015933844292 2118.021739130435 0.0318676885841065 0.043478260869565216
0 1172.06918112142 2145.023150762281 0.1383622428398548 0.04630152456239413
0 1533.0223880597016 2151.018068887634 0.04477611940298507 0.03613777526821005
0 1689.0207745058492 2150.0124223602484 0.04154901169826543 0.024844720496894408
0 1845.0605082694635 2151.012563523433 0.12101653892698669 0.0251270468661773
0 324.0473981444131 2316.0131281761714 0.09479628882613957 0.026256352343308864
0 602.0316659943526 2316.013410502541 0.06333198870512304 0.026821005081874648
0 824.0278338039532 2320.0131281761714 0.055667607906413875 0.026256352343308864
0 1009.0760387252925 2345.017786561265 0.15207745058491326 0.03557312252964427
0 1442.040742234772 2333.0124223602484 0.08148446954417103 0.024844720496894408
0 1685.0532472771279 2331.0201863354037 0.10649455425574829 0.040372670807453416
0 2008.027027027027 2325.014963297572 0.05405405405405406 0.029926595143986448
0 326.03509479628883 2494.0131281761714 0.07018959257765228 0.026256352343308864
0 551.011093182735 2501.0117165443253 0.02218636546994756 0.023433088650479956
0 650.0601048810004 2488.0223037831734 0.12020976200080678 0.044607566346696784
0 998.0223880597015 2484.013410502541 0.04477611940298507 0.026821005081874648
0 1133.0457845905607 2481.0148221343875 0.09156918112141993 0.029644268774703556
0 1401.0171440096813 2490.0179277244492 0.03428801936264623 0.03585544889892716
0 1545.0155304558289 2494.012704686618 0.031060911657926585 0.025409373235460192
0 1687.056272690601 2484.0128458498025 0.11254538120209762 0.025691699604743084
0 1989.0100847115773 2511.008610954263 0.02016942315449778 0.017221908526256352
0 2053.028438886648 2502.0111518915865 0.05687777329568374 0.022303783173348392
0 2206.001613553852 2576.000846979108 0.003227107704719645 0.0016939582156973462
