0 324.01411859620816 733.0100225861096 0.028237192416296894 0.020045172219085264
0 449.01129487696653 722.0115753811406 0.022589753933037516 0.023150762281197064
0 539.0127067365873 721.0115753811406 0.025413473174667203 0.023150762281197064
0 639.0683743444937 719.0184923771881 0.13674868898749495 0.03698475437605872
0 1016.0282371924163 717.0124223602485 0.05647438483259379 0.024844720496894408
0 1192.02743041549 758.005928853755 0.05486083098023396 0.011857707509881422
0 1376.0459862847922 757.0139751552795 0.09197256958450989 0.027950310559006212
0 1630.0609116579267 728.0104460756635 0.1218233158531666 0.020892151326933936
0 1978.0240016135538 718.0115753811406 0.04800322710770472 0.023150762281197064
0 322.06030657523195 896.0193393562959 0.12061315046389673 0.03867871259175607
0 660.0655506252522 897.0183512140034 0.13110125050423557 0.03670242800677583
0 1007.0282371924163 899.0105872388481 0.05647438483259379 0.021174477696216828
0 1170.0542557482856 935.0057876905703 0.10851149657119806 0.011575381140598532
0 1464.0278338039532 909.0098814229249 0.055667607906413875 0.019762845849802372
0 1636.0278338039532 895.0121400338792 0.055667607906413875 0.024280067758328628
0 1827.0102864058088 904.0111518915867 0.020572811617587738 0.022303783173348392
0 1904.0439693424769 898.0184923771881 0.08793868495361033 0.03698475437605872
0 323.01290843081887 1081.009881422925 0.02581686163775716 0.019762845849802372
0 407.0250100847116 1085.0108695652175 0.0500201694231545 0.021739130434782608
0 565.033279548205 1085.0100225861095 0.06655909640984267 0.020045172219085264
0 790.0556676079065 1108.0155279503106 0.11133521581282775 0.031055900621118012
0 1075.0012101653892 1141.0014116318464 0.0024203307785397336 0.00282326369282891
0 1120.0040338846309 1086.0094579333709 0.008067769261799113 0.0189158667419537
0 1159.0207745058492 1087.009034443817 0.04154901169826543 0.018068887634105024
0 1296.0237999193223 1122.0045172219086 0.04759983864461476 0.009034443817052512
0 1435.0177490923759 1090.0093167701864 0.035498184751916094 0.018633540372670808
0 1558.0617184348528 1081.0172219085262 0.12343686970552642 0.034443817052512704
0 1913.0169423154498 1090.0152456239414 0.033884630899556276 0.030491247882552232
0 2021.0240016135538 1090.0100225861095 0.04800322710770472 0.020045172219085264
0 351.0478015328762 1444.0100225861095 0.09560306575231949 0.020045172219085264
0 648.0211778943122 1442.0093167701864 0.04235578862444534 0.018633540372670808
0 778.033682936668 1442.010304912479 0.06736587333602259 0.020609824957651044
0 963.0240016135539 1473.0050818746472 0.04800322710770472 0.010163749294184076
0 1111.0171440096813 1475.004658385093 0.03428801936264623 0.009316770186335404
0 1228.0647438483259 1433.018492377188 0.12948769665187576 0.03698475437605872
0 1578.0145219846713 1422.018492377188 0.029043969342476807 0.03698475437605872
0 1678.0278338039532 1429.0121400338792 0.055667607906413875 0.024280067758328628
0 1869.054457442517 1435.0115753811406 0.10891488503428802 0.023150762281197064
0 351.0798709156918 1808.016516092603 0.15974183138362244 0.03303218520609825
0 785.0526421944332 1823.0124223602484 0.10528438886647842 0.024844720496894408
0 1086.010689794272 1790.0104460756634 0.021379588543767647 0.020892151326933936
0 1170.0373134328358 1797.009881422925 0.07462686567164178 0.019762845849802372
0 1392.031060911658 1803.0094579333709 0.06212182331585317 0.0189158667419537
0 1563.058087938685 1775.016516092603 0.11617587736990723 0.03303218520609825
0 1908.0209762000807 1779.0121400338792 0.04195240016135539 0.024280067758328628
0 328.0560709963695 2168.0108695652175 0.11214199273900767 0.021739130434782608
0 672.0260185558693 2165.009881422925 0.05203711173860428 0.019762845849802372
0 848.0679709560306 2164.0170807453414 0.13594191206131503 0.034161490683229816
0 1235.0435659540137 2159.0115753811406 0.08713190802743041 0.023150762281197064
0 1508.0812827753127 2159.0128458498025 0.16256555062525213 0.025691699604743084
