0 0.11355385235982252 0.12436476566911349 0.0826946349334409 0.031338226990400904
0 0.14784187172246874 0.11801242236024845 0.03630496167809601 0.019762845849802372
0 0.21863654699475596 0.11730660643704122 0.11012505042355789 0.020327498588368152
0 0.2745058491327148 0.1274703557312253 0.08834207341670028 0.04121964991530209
0 0.2962888261395724 0.11885940146809712 0.018152480839048003 0.009316770186335404
0 0.3963291649858814 0.11843591191417278 0.17749092375958048 0.023715415019762844
0 0.11778943122226704 0.1417278373800113 0.09318273497377975 0.016092603049124788
0 0.14481645824929407 0.14680971202710333 0.025413473174667203 0.026538678712591756
0 0.20391286809197257 0.14313946922642576 0.0891488503428802 0.018068887634105024
0 0.24505849132714805 0.14384528514963296 0.04679306171843485 0.010728402032749858
0 0.3219039935457846 0.14836250705815923 0.118192819685357 0.029644268774703556
0 0.3467123840258169 0.1411631846414455 0.02218636546994756 0.01383399209486166
0 0.37777329568374346 0.1422924901185771 0.0318676885841065 0.015527950310559006
0 0.12565550625252117 0.16840767927724448 0.1036708350141186 0.015810276679841896
0 0.1536910044372731 0.17052512704686618 0.024606696248487294 0.022868435911914172
0 0.21258572004840662 0.17377188029361942 0.09116579265832997 0.026538678712591756
0 0.21661960467930616 0.16699604743083005 0.0024203307785397336 0.001411631846414455
0 0.2769261799112545 0.16883116883116883 0.09681323114158935 0.01948051948051948
0 0.32331585316659944 0.16897233201581027 0.06696248487293263 0.01948051948051948
0 0.34227511093182733 0.16770186335403728 0.017749092375958047 0.01637492941840768
0 0.3751512706736587 0.16784302653867872 0.0463896732553449 0.00846979107848673
0 0.4110528438886648 0.16784302653867872 0.043162565550625254 0.01637492941840768
0 0.10084711577248891 0.192970073404856 0.056070996369503835 0.008752117447769622
0 0.13957240822912464 0.19254658385093168 0.0463896732553449 0.017504234895539244
0 0.1990722065348931 0.19240542066629024 0.08309802339653086 0.019198193111236588
0 0.22952803549818476 0.19212309429700733 0.03307785397337636 0.015810276679841896
0 0.27289229528035497 0.19904009034443818 0.05929810407422348 0.03359683794466403
0 0.29487696651875756 0.191699604743083 0.020572811617587738 0.014398644833427442
0 0.35135135135135137 0.19311123658949747 0.09116579265832997 0.019198193111236588
0 0.3582089552238806 0.19141727837380013 0.003227107704719645 0.001411631846414455
0 0.3993545784590561 0.19127611518915866 0.06010488100040339 0.013269339356295878
0 0.4243646631706333 0.19155844155844157 0.024203307785397338 0.018633540372670808
0 0.09035901573215006 0.217673630717109 0.03993545784590561 0.008752117447769622
0 0.16438079870915692 0.22275550536420102 0.11617587736990723 0.028514963297571992
0 0.20330778539733763 0.2171089779785432 0.04800322710770472 0.016092603049124788
0 0.24324324324324326 0.2204968944099379 0.05486083098023396 0.02456239412761152
0 0.26966518757563535 0.21668548842461885 0.02864058087938685 0.006775832862789385
0 0.33985478015328763 0.21880293619424054 0.11617587736990723 0.022303783173348392
0 0.372932634126664 0.21725014116318464 0.043969342476805166 0.017504234895539244
0 0.43949173053650664 0.2186617730095991 0.11496571198063735 0.021739130434782608
0 0.09580475998386447 0.24731789949181254 0.051230334812424366 0.020892151326933936
0 0.13654699475594997 0.24308300395256918 0.052843888664784185 0.018633540372670808
0 0.19342476805163372 0.2440711462450593 0.07866075030254134 0.020327498588368152
0 0.19927390076643808 0.24632975719932243 0.0052440500201694235 0.007905138339920948
0 0.2436466317063332 0.24364765669113495 0.07220653489310205 0.014963297571993224
0 0.2791448164582493 0.2429418407679277 0.04477611940298507 0.01693958215697346
0 0.32029043969342474 0.2419536984754376 0.04477611940298507 0.015245623941276116
0 0.3697055264219443 0.25169395821569734 0.08834207341670028 0.0378317334839074
0 0.37494957644211374 0.24336533032185206 0.003630496167809601 0.0016939582156973462
0 0.4267849939491731 0.2515527950310559 0.08108108108108109 0.036420101637492944
0 0.09439290036304962 0.2689158667419537 0.03711173860427592 0.018351214003387916
0 0.136345300524405 0.269339356295878 0.04719645018152481 0.017786561264822136
0 0.1617587736990722 0.2715979672501412 0.03146430012101654 0.02710333145115754
0 0.2252924566357402 0.2686335403726708 0.09600645421540945 0.017221908526256352
0 0.26744655102864057 0.2691981931112366 0.05445744251714401 0.016657255787690572
0 0.3208955223880597 0.2727272727272727 0.08108108108108109 0.027950310559006212
0 0.36304961678096004 0.27103331451157536 0.06333198870512304 0.03077357425183512
0 0.40237999193223073 0.2683512140033879 0.0500201694231545 0.010163749294184076
0 0.11920129084308188 0.30194805194805197 0.08309802339653086 0.038396386222473176
0 0.17930617184348527 0.29460756634669677 0.08471157724889068 0.021739130434782608
0 0.1881807180314643 0.294042913608131 0.0024203307785397336 0.0016939582156973462
