0 0.127269060104881 0.11533032185206098 0.04921339249697459 0.01948051948051948
0 0.16659943525615167 0.11561264822134387 0.050423557886244454 0.012987012987012988
0 0.2444534086325131 0.11533032185206098 0.12948769665187576 0.02710333145115754
0 0.28600242033077855 0.11533032185206098 0.06575231948366277 0.023433088650479956
0 0.3354175070592981 0.11490683229813664 0.08309802339653086 0.023715415019762844
0 0.3654699475594998 0.1147656691134952 0.04800322710770472 0.021456804065499716
0 0.4243646631706333 0.12083568605307736 0.10568777732956837 0.037549407114624504
0 0.44473578055667606 0.11815358554488989 0.03227107704719645 0.027950310559006212
0 0.4663170633319887 0.11391869000564653 0.03428801936264623 0.021739130434782608
0 0.18152480839048002 0.14045736871823827 0.15691811214199275 0.023433088650479956
0 0.21782977006857604 0.14045736871823827 0.05808793868495361 0.021739130434782608
0 0.3390480032271077 0.1411631846414455 0.21137555465913674 0.023150762281197064
0 0.4598628479225494 0.1470920383963862 0.21863654699475596 0.033314511575381144
0 0.15974183138362244 0.17137210615471485 0.1073013311819282 0.034443817052512704
0 0.2045179507866075 0.16558441558441558 0.06938281565147236 0.023150762281197064
0 0.25655506252521176 0.17391304347826086 0.08672851956434045 0.0409373235460192
0 0.3098023396530859 0.16558441558441558 0.08753529649052037 0.024280067758328628
0 0.4116579265832997 0.16586674195369847 0.18233158531665994 0.020892151326933936
0 0.4144816458249294 0.16741953698475437 0.0052440500201694235 0.007340485601355167
0 0.4735780556676079 0.16544325239977414 0.10851149657119806 0.022868435911914172
0 0.13614360629286001 0.19409937888198758 0.06736587333602259 0.025409373235460192
0 0.18515530455828963 0.19085262563523434 0.07422347720855184 0.011575381140598532
0 0.22609923356192013 0.191699604743083 0.06494554255748286 0.023150762281197064
0 0.2482855990318677 0.191699604743083 0.020976200080677694 0.011575381140598532
0 0.30939895118999594 0.1994635798983625 0.10528438886647842 0.0378317334839074
0 0.3382412263009278 0.1950875211744777 0.02944735780556676 0.028797289666854884
0 0.38886647841871724 0.19748729531338227 0.09923356192012908 0.03698475437605872
0 0.4441306978620411 0.19184076792772445 0.09116579265832997 0.02456239412761152
0 0.47781363453005243 0.19000564652738566 0.05244050020169423 0.0189158667419537
0 0.17648245260185558 0.21725014116318464 0.14602662363856395 0.01355166572557877
0 0.21883824122630094 0.21753246753246752 0.06333198870512304 0.024844720496894408
0 0.29043969342476805 0.21725014116318464 0.11859620814844696 0.023433088650479956
0 0.3412666397741025 0.22092038396386224 0.08350141185962082 0.028232636928289104
0 0.34328358208955223 0.21527385657820441 0.003227107704719645 0.001976284584980237
0 0.36789027833803956 0.21456804065499718 0.027833803953206938 0.0189158667419537
0 0.39653085921742637 0.21626199887069453 0.053247277127874144 0.013269339356295878
0 0.4376764824526019 0.2161208356860531 0.06776926179911255 0.012987012987012988
0 0.47761194029850745 0.22219085262563523 0.06736587333602259 0.025691699604743084
0 0.13493344090359016 0.24647092038396387 0.058491327148043566 0.032185206098249576
0 0.163574021782977 0.2409655561829475 0.03428801936264623 0.021174477696216828
0 0.24041952400161357 0.24181253529079616 0.1371520774505849 0.021739130434782608
0 0.29850746268656714 0.24576510446075664 0.09600645421540945 0.027950310559006212
0 0.33743444937474787 0.24153020892151328 0.053247277127874144 0.021739130434782608
0 0.40399354578459057 0.2478825522303783 0.11496571198063735 0.035290796160361376
0 0.4703509479628883 0.24110671936758893 0.11214199273900767 0.023715415019762844
0 0.12404195240016136 0.2663749294184077 0.033481242436466316 0.021739130434782608
0 0.2208551835417507 0.2707509881422925 0.1762807583703106 0.028232636928289104
0 0.245663574021783 0.27188029361942406 0.0326744655102864 0.03077357425183512
0 0.2712787414279952 0.26792772444946356 0.03670835014118596 0.022868435911914172
0 0.3219039935457846 0.27103331451157536 0.07301331181928197 0.032185206098249576
0 0.3219039935457846 0.2704686617730096 0.00927793465106898 0.012704686617730096
0 0.3598225090762404 0.2658102766798419 0.05970149253731343 0.018633540372670808
0 0.41407825736183945 0.26693958215697344 0.09439290036304962 0.023997741389045736
0 0.4538120209762001 0.2663749294184077 0.05687777329568374 0.01355166572557877
0 0.15570794675272287 0.2924901185770751 0.10205728116175877 0.021174477696216828
0 0.20411456232351755 0.29263128176171654 0.0653489310205728 0.023997741389045736
0 0.26220250100847114 0.2985601355166573 0.09721661960467931 0.03585544889892716
0 0.3279548204921339 0.2922077922077922 0.1036708350141186 0.02258610954263128
0 0.35760387252924564 0.29573687182382835 0.04679306171843485 0.027385657820440428
0 0.4554255748285599 0.29898362507058157 0.1690197660346914 0.03613777526821005
0 0.14219443323920936 0.31733483907396953 0.06897942718838242 0.022303783173348392
0 0.14421137555465913 0.31648785996612083 0.0028237192416296895 0.001976284584980237
0 0.20794675272287214 0.31747600225861095 0.09076240419524001 0.024280067758328628
0 0.2563533682936668 0.3231225296442688 0.07503025413473174 0.03274985883681536
0 0.2918515530455829 0.31719367588932806 0.053247277127874144 0.020609824957651044
0 0.3116175877369907 0.3166290231507623 0.01734570391286809 0.012140033879164314
0 0.36849536103267444 0.32481648785996614 0.100040338846309 0.037549407114624504
0 0.3961274707543364 0.3210050818746471 0.029043969342476807 0.031055900621118012
0 0.4354578459056071 0.31620553359683795 0.060508269463493344 0.013269339356295878
0 0.43848325937878174 0.3190287972896669 0.008471157724889069 0.010163749294184076
0 0.4759983864461476 0.3157820440429136 0.06292860024203308 0.020892151326933936
0 0.12888261395724082 0.34330886504799546 0.0500201694231545 0.024844720496894408
0 0.17325534489713595 0.34260304912478823 0.060508269463493344 0.015245623941276116
0 0.23719241629689392 0.3468379446640316 0.10286405808793868 0.03274985883681536
0 0.2747075433642598 0.34232072275550535 0.056070996369503835 0.020892151326933936
0 0.30475998386446146 0.3424618859401468 0.03428801936264623 0.022868435911914172
0 0.35074626865671643 0.3458498023715415 0.07059298104074223 0.031055900621118012
0 0.3755546591367487 0.34641445511010727 0.03227107704719645 0.031055900621118012
0 0.418112141992739 0.34853190287972896 0.07624041952400161 0.039243365330321855
0 0.47781363453005243 0.34542631281761715 0.10407422347720856 0.03387916431394692
0 0.47983057684550223 0.34189723320158105 0.0024203307785397336 0.001976284584980237
