0 0.08390480032271078 0.13721061547148503 0.014521984671238403 0.016092603049124788
0 0.08793868495361033 0.1380575945793337 0.004033884630899556 0.002258610954263128
0 0.14622831787010893 0.14003387916431395 0.06615570794675273 0.028514963297571992
0 0.1952400161355385 0.1398927159796725 0.04921339249697459 0.020327498588368152
0 0.25433642597821704 0.14511575381140598 0.08471157724889068 0.03359683794466403
0 0.2946752722872126 0.14568040654997177 0.045582896329164985 0.03387916431394692
0 0.3334005647438483 0.13848108413325805 0.04800322710770472 0.01637492941840768
0 0.3783783783783784 0.1386222473178995 0.0609116579265833 0.018068887634105024
0 0.4144816458249294 0.14285714285714285 0.04800322710770472 0.028797289666854884
0 0.1099233561920129 0.1650197628458498 0.06655909640984267 0.020892151326933936
0 0.11496571198063735 0.16445511010728403 0.004033884630899556 0.0033879164313946925
0 0.17527228721258573 0.16417278373800112 0.05970149253731343 0.020609824957651044
0 0.2146026623638564 0.1702428006775833 0.04195240016135539 0.03557312252964427
0 0.2482855990318677 0.16600790513833993 0.041145623235175476 0.01383399209486166
0 0.2763210972166196 0.17066629023150762 0.029043969342476807 0.026821005081874648
0 0.3303751512706737 0.1675607001693958 0.07664380798709157 0.023715415019762844
0 0.3622428398547802 0.16614906832298137 0.018152480839048003 0.020609824957651044
0 0.38563937071399756 0.17038396386222474 0.04356595401371521 0.026821005081874648
0 0.40500201694231547 0.16417278373800112 0.010488100040338847 0.012704686617730096
0 0.4112545381202098 0.16572557876905702 0.010891488503428802 0.018633540372670808
0 0.4144816458249294 0.16516092603049123 0.004033884630899556 0.003105590062111801
0 0.10407422347720856 0.18845285149632976 0.058491327148043566 0.021456804065499716
0 0.14501815248083905 0.1956521739130435 0.045582896329164985 0.035290796160361376
0 0.20310609116579265 0.19551101072840205 0.08713190802743041 0.027385657820440428
0 0.209156918112142 0.19099378881987578 0.004840661557079467 0.003105590062111801
0 0.24102460669624848 0.1895821569734613 0.01371520774505849 0.016657255787690572
0 0.24405002016942315 0.18986448334274422 0.004033884630899556 0.00282326369282891
0 0.27148043565954016 0.18944099378881987 0.02743041549011698 0.0189158667419537
0 0.3045582896329165 0.18972332015810275 0.03791851553045583 0.014116318464144552
0 0.3557886244453409 0.18944099378881987 0.08027430415490117 0.014116318464144552
0 0.39955627269060107 0.18887634105025408 0.05405405405405406 0.021739130434782608
0 0.09762000806776926 0.21852060982495766 0.052843888664784185 0.027950310559006212
0 0.1464300121016539 0.21456804065499718 0.06736587333602259 0.018633540372670808
0 0.15167406212182333 0.21428571428571427 0.003630496167809601 0.00282326369282891
0 0.19685356998789835 0.21668548842461885 0.045986284792254944 0.0251270468661773
0 0.24667204517950786 0.21456804065499718 0.05808793868495361 0.017786561264822136
0 0.281968535699879 0.21456804065499718 0.041145623235175476 0.015245623941276116
0 0.3229124647035095 0.2140033879164314 0.0463896732553449 0.016657255787690572
0 0.3608309802339653 0.2155561829474873 0.045986284792254944 0.023150762281197064
0 0.41306978620411455 0.21428571428571427 0.07583703106091166 0.016657255787690572
0 0.08148446954417103 0.23898927159796726 0.017749092375958047 0.016092603049124788
0 0.14743848325937878 0.2429418407679277 0.09076240419524001 0.022868435911914172
0 0.21702299314239612 0.24124788255223037 0.10528438886647842 0.022303783173348392
0 0.24808390480032272 0.24124788255223037 0.025413473174667203 0.022303783173348392
0 0.2878176684146833 0.24604743083003952 0.04961678096006454 0.03190287972896669
0 0.3227107704719645 0.24520045172219085 0.041145623235175476 0.03020892151326934
0 0.36950383219039934 0.2404009034443817 0.05687777329568374 0.020609824957651044
0 0.4255748285599032 0.2404009034443817 0.08067769261799113 0.016657255787690572
0 0.09580475998386447 0.26468097120271034 0.04235578862444534 0.018351214003387916
0 0.13331988705123032 0.2652456239412761 0.03751512706736587 0.014116318464144552
0 0.1607503025413473 0.27089215132693395 0.02581686163775716 0.031055900621118012
0 0.1964501815248084 0.26538678712591757 0.04033884630899556 0.01637492941840768
0 0.2379991932230738 0.26595143986448333 0.058491327148043566 0.019198193111236588
0 0.2436466317063332 0.27004517221908525 0.008874546187979023 0.010163749294184076
0 0.28297700685760385 0.26665725578769056 0.040742234772085516 0.021174477696216828
0 0.31887858007260994 0.26679841897233203 0.035498184751916094 0.017504234895539244
0 0.3527632109721662 0.26693958215697344 0.03670835014118596 0.018351214003387916
0 0.40520371117386045 0.27060982495765107 0.07422347720855184 0.030491247882552232
0 0.08410649455425574 0.29079616036137773 0.012505042355788625 0.021739130434782608
0 0.10851149657119806 0.2937605872388481 0.0463896732553449 0.02710333145115754
0 0.12505042355788623 0.2898080180688876 0.00927793465106898 0.014963297571993224
0 0.13110125050423557 0.2899491812535291 0.007664380798709157 0.016092603049124788
0 0.1399757966922146 0.29263128176171654 0.005647438483259379 0.0033879164313946925
0 0.19221460266236384 0.295313382269904 0.050826946349334406 0.031338226990400904
0 0.23961274707543365 0.2912196499153021 0.06413876563130294 0.022868435911914172
0 0.2944735780556676 0.2912196499153021 0.07099636950383219 0.020045172219085264
0 0.3348124243646632 0.29164313946922643 0.052843888664784185 0.020609824957651044
0 0.3882613957240823 0.29460756634669677 0.07059298104074223 0.030491247882552232
0 0.4005647438483259 0.29361942405420666 0.008471157724889069 0.007340485601355167
0 0.11436062928600242 0.31634669678147936 0.07260992335619201 0.014116318464144552
0 0.16518757563533684 0.3242518351214003 0.0536506655909641 0.0378317334839074
0 0.20653489310205728 0.31592320722755507 0.04235578862444534 0.014963297571993224
0 0.263816054860831 0.31648785996612083 0.07503025413473174 0.022303783173348392
0 0.34610730133118195 0.32058159232072275 0.12989108511496572 0.027385657820440428
0 0.37333602258975396 0.31804065499717676 0.02379991932230738 0.01948051948051948
0 0.3945139169019766 0.3197346132128741 0.045582896329164985 0.02456239412761152
0 0.409035901573215 0.31733483907396953 0.016942315449778138 0.01383399209486166
0 0.41528842275110933 0.31804065499717676 0.010488100040338847 0.021174477696216828
0 0.4191206131504639 0.3178994918125353 0.004437273093989512 0.0033879164313946925
