0 0.13775716014521985 0.11787125917560701 0.13110125050423557 0.020327498588368152
0 0.1734570391286809 0.11730660643704122 0.0536506655909641 0.016092603049124788
0 0.22952803549818476 0.11773009599096555 0.09560306575231949 0.018633540372670808
0 0.2710770471964502 0.12111801242236025 0.06897942718838242 0.025409373235460192
0 0.2946752722872126 0.11716544325239978 0.030254134731746672 0.012704686617730096
0 0.36789027833803956 0.11984754376058723 0.13513513513513514 0.023150762281197064
0 0.40318676885841065 0.11998870694522869 0.05244050020169423 0.02258610954263128
0 0.4257765227914482 0.11801242236024845 0.024606696248487294 0.020892151326933936
0 0.0899556272690601 0.14201016374929418 0.03670835014118596 0.01948051948051948
0 0.14521984671238403 0.14596273291925466 0.09076240419524001 0.0251270468661773
0 0.16780960064542155 0.14497459062676454 0.026623638563937072 0.02258610954263128
0 0.21601452198467125 0.14285714285714285 0.08632513110125051 0.018351214003387916
0 0.22206534893102056 0.1422924901185771 0.003227107704719645 0.003105590062111801
0 0.25110931827349736 0.14243365330321853 0.042759177087535294 0.018633540372670808
0 0.2876159741831384 0.1432806324110672 0.05929810407422348 0.01948051948051948
0 0.36849536103267444 0.14356295878035008 0.14764017749092376 0.018068887634105024
0 0.42960871319080274 0.14370412196499152 0.10084711577248891 0.020609824957651044
0 0.09217426381605485 0.16798418972332016 0.04195240016135539 0.012987012987012988
0 0.13150463896732553 0.1681253529079616 0.05929810407422348 0.012704686617730096
0 0.19302137958854376 0.16925465838509315 0.10770471964501815 0.020327498588368152
0 0.21803146430012102 0.1686900056465274 0.03509479628882614 0.020045172219085264
0 0.24041952400161357 0.16798418972332016 0.03469140782573618 0.017504234895539244
0 0.29951593384429204 0.1681253529079616 0.10568777732956837 0.018068887634105024
0 0.3525615167406212 0.17080745341614906 0.09640984267849939 0.023715415019762844
0 0.38886647841871724 0.1675607001693958 0.056070996369503835 0.017786561264822136
0 0.41770875352964904 0.16727837380011293 0.03469140782573618 0.018633540372670808
0 0.13916901976603469 0.19395821569734614 0.13432835820895522 0.0189158667419537
0 0.14501815248083905 0.1979107848673066 0.004437273093989512 0.012987012987012988
0 0.19766034691407824 0.19367588932806323 0.08551835417507059 0.017786561264822136
0 0.2029043969342477 0.1981931112365895 0.0028237192416296895 0.01129305477131564
0 0.25776522791448164 0.1966403162055336 0.09600645421540945 0.022868435911914172
0 0.29265832997176283 0.19367588932806323 0.04759983864461476 0.01637492941840768
0 0.37575635336829366 0.19381705251270467 0.14885034288019364 0.018351214003387916
0 0.3810004033884631 0.19678147939017504 0.0024203307785397336 0.011575381140598532
0 0.4245663574021783 0.19339356295878035 0.07503025413473174 0.018351214003387916
0 0.08713190802743041 0.21936758893280633 0.033884630899556276 0.017786561264822136
0 0.13695038321903993 0.22007340485601354 0.08955223880597014 0.019198193111236588
0 0.1990722065348931 0.21936758893280633 0.1044776119402985 0.0189158667419537
0 0.23033481242436465 0.21880293619424054 0.04235578862444534 0.012422360248447204
0 0.2712787414279952 0.21894409937888198 0.06171843485276321 0.017786561264822136
0 0.29810407422347723 0.2199322416713721 0.03509479628882614 0.020045172219085264
0 0.37878176684146836 0.22275550536420102 0.1444130697862041 0.025691699604743084
0 0.382008874546188 0.2220496894409938 0.003227107704719645 0.010728402032749858
0 0.13876563130294473 0.24463579898362506 0.1383622428398548 0.0189158667419537
0 0.14239612747075434 0.24774138904573687 0.003227107704719645 0.010163749294184076
0 0.21500605082694635 0.24477696216826653 0.12706736587333603 0.020045172219085264
0 0.26220250100847114 0.24435347261434218 0.07099636950383219 0.016657255787690572
0 0.26643807987091567 0.24858836815358554 0.003227107704719645 0.011857707509881422
0 0.3029447357805567 0.2456239412761152 0.04800322710770472 0.019198193111236588
0 0.3652682533279548 0.24421230942970074 0.10044372730939895 0.01948051948051948
0 0.4136748688987495 0.24336533032185206 0.0782573618394514 0.020045172219085264
0 0.08935054457442518 0.2694805194805195 0.04154901169826543 0.013269339356295878
0 0.13614360629286001 0.2686335403726708 0.07503025413473174 0.016657255787690572
0 0.15832997176280758 0.26976284584980237 0.02379991932230738 0.018351214003387916
0 0.19705526421944333 0.269339356295878 0.06212182331585317 0.017221908526256352
0 0.20592981040742234 0.27216261998870694 0.003630496167809601 0.010163749294184076
0 0.29225494150867287 0.2717391304347826 0.1565147236789028 0.021456804065499716
0 0.31343283582089554 0.269339356295878 0.02501008471157725 0.012140033879164314
0 0.35316659943525613 0.27004517221908525 0.063735377168213 0.015810276679841896
0 0.3622428398547802 0.27004517221908525 0.0028237192416296895 0.003105590062111801
0 0.40681726502622023 0.2689158667419537 0.06494554255748286 0.017504234895539244
0 0.11557079467527229 0.2937605872388481 0.09156918112141993 0.016657255787690572
0 0.1609519967728923 0.29460756634669677 0.07139975796692215 0.018068887634105024
0 0.21419927390076643 0.29757199322416716 0.08067769261799113 0.01948051948051948
0 0.23578055667607906 0.29460756634669677 0.021782977006857603 0.017786561264822136
0 0.272488906817265 0.29488989271597965 0.05445744251714401 0.01637492941840768
0 0.31343283582089554 0.2961603613777527 0.058491327148043566 0.020327498588368152
0 0.3773699072206535 0.2943252399774139 0.10931827349737798 0.015810276679841896
0 0.4110528438886648 0.2974308300395257 0.04759983864461476 0.02710333145115754
0 0.4154901169826543 0.2985601355166573 0.003227107704719645 0.015245623941276116
0 0.08894715611133522 0.3190287972896669 0.03630496167809601 0.017221908526256352
0 0.1409842678499395 0.3242518351214003 0.08713190802743041 0.027950310559006212
0 0.1464300121016539 0.32284020327498586 0.0028237192416296895 0.009316770186335404
0 0.16942315449778136 0.3190287972896669 0.021782977006857603 0.017221908526256352
0 0.23073820088745461 0.3197346132128741 0.10770471964501815 0.018068887634105024
0 0.24606696248487292 0.3197346132128741 0.014118596208148447 0.0189158667419537
0 0.2537313432835821 0.32382834556747603 0.0028237192416296895 0.012704686617730096
0 0.28600242033077855 0.32029926595143987 0.038321903993545785 0.020045172219085264
0 0.35498184751916095 0.32029926595143987 0.12222670431625655 0.01948051948051948
0 0.36062928600242034 0.3201581027667984 0.0028237192416296895 0.003952569169960474
