0 364.0163372327551 707.0104460756635 0.0326744655102864 0.020892151326933936
0 489.02944735780557 720.009457933371 0.05889471561113352 0.0189158667419537
0 684.0290439693425 714.0098814229249 0.05808793868495361 0.019762845849802372
0 863.0223880597015 719.0091756070017 0.04477611940298507 0.018351214003387916
0 1034.047801532876 711.0095990965556 0.09560306575231949 0.019198193111236588
0 1341.0145219846713 711.0103049124788 0.029043969342476807 0.020609824957651044
0 1446.0467930617185 711.0097402597403 0.0935861234368697 0.01948051948051948
0 1748.034086325131 708.0135516657256 0.0681726502622025 0.02710333145115754
0 343.02763210972165 890.0103049124788 0.05526421944332392 0.020609824957651044
0 520.0125050423558 892.0087521174478 0.02501008471157725 0.017504234895539244
0 632.0237999193223 913.0067758328628 0.04759983864461476 0.01355166572557877
0 801.0070592981041 916.0057876905703 0.014118596208148447 0.011575381140598532
0 884.0356998789835 889.0173630717109 0.07139975796692215 0.03472614342179559
0 1124.0300524405002 915.0060700169396 0.06010488100040339 0.012140033879164314
0 1334.0165389269866 884.0110107284021 0.03307785397337636 0.0220214568040655
0 1473.027027027027 885.0107284020328 0.05405405405405406 0.021456804065499716
0 1643.0046389673255 918.0005646527386 0.00927793465106898 0.001129305477131564
0 1710.047801532876 912.0139751552795 0.09560306575231949 0.027950310559006212
0 336.01411859620816 1095.0071993224167 0.028237192416296894 0.014398644833427442
0 458.0334812424365 1085.0080463015245 0.06696248487293263 0.016092603049124788
0 667.0157321500606 1100.0069169960475 0.03146430012101654 0.01383399209486166
0 788.0094796288826 1070.009881422925 0.018959257765227916 0.019762845849802372
0 893.0167406212182 1063.0107284020328 0.033481242436466316 0.021456804065499716
0 1027.0080677692617 1095.005505364201 0.016135538523598225 0.01101072840203275
0 1142.02218636547 1068.009881422925 0.04437273093989512 0.019762845849802372
0 1315.036304961678 1068.0093167701864 0.07260992335619201 0.018633540372670808
0 1492.0018152480839 1125.0007058159233 0.003630496167809601 0.001411631846414455
0 1534.0246066962484 1065.0101637492942 0.04921339249697459 0.020327498588368152
0 1711.0330778539733 1061.0112930547714 0.06615570794675273 0.02258610954263128
0 347.04538120209764 1235.0121400338792 0.09076240419524001 0.024280067758328628
0 627.038120209762 1273.0064935064936 0.07624041952400161 0.012987012987012988
0 878.0141185962082 1257.0095990965556 0.028237192416296894 0.019198193111236588
0 1015.0258168616377 1276.0067758328628 0.05163372327551432 0.01355166572557877
0 1196.0566760790641 1258.0143986448334 0.11335215812827754 0.028797289666854884
0 1527.0131101250504 1268.0094579333709 0.026220250100847116 0.0189158667419537
0 1644.0155304558289 1255.0091756070017 0.031060911657926585 0.018351214003387916
0 1772.0153287615974 1278.006352343309 0.03065752319483663 0.012704686617730096
0 1895.037716821299 1252.0097402597403 0.0754336425978217 0.01948051948051948
0 351.015530455829 1424.010304912479 0.031060911657926585 0.020609824957651044
0 482.02178297700686 1428.009881422925 0.04356595401371521 0.019762845849802372
0 653.0300524405002 1423.0146809712028 0.06010488100040339 0.029361942405420668
0 812.0020169423154 1484.0038114059853 0.004033884630899556 0.007622811970638058
0 864.017749092376 1420.0122811970639 0.035498184751916094 0.02456239412761152
0 999.0157321500606 1430.009034443817 0.03146430012101654 0.018068887634105024
0 1135.0508269463494 1421.0108695652175 0.10165389269866881 0.021739130434782608
0 1435.038523598225 1429.0146809712028 0.07704719645018153 0.029361942405420668
0 1650.0014118596207 1452.0050818746472 0.0028237192416296895 0.010163749294184076
0 1695.0012101653892 1430.0028232636928 0.0024203307785397336 0.00564652738565782
0 1744.0171440096813 1431.0152456239414 0.03428801936264623 0.030491247882552232
0 1897.0272287212586 1430.010304912479 0.05445744251714401 0.020609824957651044
0 346.02763210972165 1606.0100225861095 0.05526421944332392 0.020045172219085264
0 554.0014118596208 1605.0080463015245 0.0028237192416296895 0.016092603049124788
0 608.0169423154498 1598.0115753811406 0.033884630899556276 0.023150762281197064
0 759.0229931423961 1602.0094579333709 0.045986284792254944 0.0189158667419537
0 927.0379185155305 1598.0115753811406 0.07583703106091166 0.023150762281197064
0 1166.0197660346914 1640.01185770751 0.03953206938281565 0.023715415019762844
0 1301.020371117386 1611.0097402597403 0.040742234772085516 0.01948051948051948
0 1457.033279548205 1610.0170807453417 0.06655909640984267 0.034161490683229816
0 1682.0480032271078 1606.0177865612648 0.09600645421540945 0.03557312252964427
0 347.0135135135135 1779.0095990965556 0.02702702702702703 0.019198193111236588
0 481.02924566357405 1791.0095990965556 0.058491327148043566 0.019198193111236588
0 688.020371117386 1796.0088932806325 0.040742234772085516 0.017786561264822136
0 850.0354981847519 1807.0131281761717 0.07099636950383219 0.026256352343308864
0 1090.0373134328358 1781.010587238848 0.07462686567164178 0.021174477696216828
0 1294.0014118596207 1849.0008469791078 0.0028237192416296895 0.0016939582156973462
0 1337.0016135538524 1774.0045172219086 0.003227107704719645 0.009034443817052512
