0 0.12303348124243646 0.11335403726708075 0.10165389269866881 0.021456804065499716
0 0.18192819685356998 0.11293054771315642 0.09519967728922953 0.017786561264822136
0 0.20512303348124244 0.11250705815923208 0.026220250100847116 0.018068887634105024
0 0.2317466720451795 0.11222473178994918 0.040742234772085516 0.017786561264822136
0 0.2648245260185559 0.11250705815923208 0.04881000403388463 0.019762845849802372
0 0.2843888664784187 0.11307171089779786 0.01734570391286809 0.019198193111236588
0 0.37051230334812424 0.11335403726708075 0.14965711980637353 0.019762845849802372
0 0.4173053650665591 0.11222473178994918 0.07018959257765228 0.016092603049124788
0 0.4235578862444534 0.11533032185206098 0.004033884630899556 0.010728402032749858
0 0.10488100040338846 0.1373517786561265 0.06897942718838242 0.01948051948051948
0 0.22065348931020573 0.1380575945793337 0.20774505849132716 0.01948051948051948
0 0.2888261395724082 0.13975155279503104 0.11657926583299717 0.018633540372670808
0 0.3654699475594998 0.14130434782608695 0.13150463896732553 0.024844720496894408
0 0.4223477208551835 0.13791643139469226 0.08511496571198064 0.019762845849802372
0 0.09177087535296491 0.16290231507622813 0.043969342476805166 0.014116318464144552
0 0.11375554659136748 0.16332580463015245 0.02501008471157725 0.019198193111236588
0 0.14158935054457442 0.16205533596837945 0.03993545784590561 0.016657255787690572
0 0.20532472771278742 0.16247882552230378 0.10568777732956837 0.016092603049124788
0 0.3011294876966519 0.16558441558441558 0.1690197660346914 0.02258610954263128
0 0.3215006050826946 0.16233766233766234 0.02501008471157725 0.017221908526256352
0 0.34953610326744655 0.1637492941840768 0.04154901169826543 0.019762845849802372
0 0.40782573618394513 0.16417278373800112 0.09842678499394918 0.018633540372670808
0 0.41306978620411455 0.16403162055335968 0.0028237192416296895 0.004234895539243365
0 0.07785397337636143 0.1876058723884811 0.01371520774505849 0.020892151326933936
0 0.13331988705123032 0.1880293619424054 0.09479628882613957 0.017221908526256352
0 0.2299314239612747 0.191699604743083 0.17386042759177087 0.027385657820440428
0 0.236385639370714 0.19240542066629024 0.0028237192416296895 0.012422360248447204
0 0.2866075030254135 0.1885940146809712 0.07382008874546188 0.014116318464144552
0 0.33057684550221866 0.1880293619424054 0.06897942718838242 0.017504234895539244
0 0.35861234368697054 0.18845285149632976 0.03227107704719645 0.01948051948051948
0 0.41871722468737393 0.18887634105025408 0.10205728116175877 0.017221908526256352
0 0.09096409842678499 0.2127329192546584 0.04356595401371521 0.015245623941276116
0 0.1609519967728923 0.21329757199322416 0.118192819685357 0.019762845849802372
0 0.17870108914885036 0.20863918690005648 0.003227107704719645 0.010446075663466968
0 0.2309398951189996 0.21753246753246752 0.10205728116175877 0.027385657820440428
0 0.23779749899152886 0.20892151326933936 0.003630496167809601 0.01101072840203275
0 0.24586526825332797 0.21640316205533597 0.003227107704719645 0.00846979107848673
0 0.2682533279548205 0.2155561829474873 0.021379588543767647 0.019198193111236588
0 0.3055667607906414 0.21823828345567475 0.052843888664784185 0.023433088650479956
0 0.3674868898749496 0.21386222473178995 0.09963695038321904 0.019198193111236588
0 0.40661557079467525 0.21470920383963862 0.060508269463493344 0.01948051948051948
0 0.12827753126260588 0.2404009034443817 0.12303348124243646 0.019198193111236588
0 0.16236385639370715 0.23898927159796726 0.042759177087535294 0.020045172219085264
0 0.22791448164582492 0.24378881987577639 0.10326744655102864 0.029644268774703556
0 0.2561516740621218 0.23997741389045738 0.029043969342476807 0.0220214568040655
0 0.2853973376361436 0.2385657820440429 0.0391286809197257 0.019198193111236588
0 0.34429205324727713 0.2419536984754376 0.09519967728922953 0.02456239412761152
0 0.34973779749899153 0.23828345567476003 0.004033884630899556 0.003105590062111801
0 0.37595804759983864 0.23842461885940147 0.022993142396127472 0.018633540372670808
0 0.3961274707543364 0.23870694522868435 0.019766034691407825 0.018633540372670808
0 0.4372730939895119 0.24265951439864483 0.063735377168213 0.021456804065499716
0 0.08007260992335619 0.26341050254093734 0.024203307785397338 0.018633540372670808
0 0.12767244856797097 0.2636928289102202 0.07624041952400161 0.0189158667419537
0 0.16861637757160144 0.26383399209486164 0.05929810407422348 0.018351214003387916
0 0.17668414683340056 0.2684923771880294 0.004033884630899556 0.013269339356295878
0 0.21924162968939087 0.26355166572557875 0.05970149253731343 0.018351214003387916
0 0.22509076240419523 0.26778656126482214 0.003227107704719645 0.01129305477131564
0 0.28136345300524407 0.26693958215697344 0.09197256958450989 0.02456239412761152
0 0.3190802743041549 0.2641163184641446 0.0536506655909641 0.01693958215697346
0 0.34187172246873737 0.265527950310559 0.028237192416296894 0.0220214568040655
0 0.4146833400564744 0.26468097120271034 0.12303348124243646 0.020045172219085264
0 0.1290843081887858 0.29023150762281197 0.1218233158531666 0.020045172219085264
0 0.14885034288019364 0.28613777526821005 0.019766034691407825 0.001976284584980237
0 0.1718434852763211 0.2900903444381705 0.026220250100847116 0.017504234895539244
0 0.18939088342073418 0.2891022021456804 0.01936264622831787 0.016657255787690572
0 0.21520774505849133 0.2896668548842462 0.03993545784590561 0.0189158667419537
0 0.2579669221460266 0.29037267080745344 0.07260992335619201 0.017786561264822136
0 0.3162565550625252 0.29079616036137773 0.09318273497377975 0.018351214003387916
0 0.3717224687373941 0.29051383399209485 0.08793868495361033 0.01948051948051948
0 0.37696651875756354 0.29079616036137773 0.003630496167809601 0.004517221908526256
