0 0.09156918112141993 0.13537549407114624 0.04477611940298507 0.010163749294184076
0 0.14965711980637353 0.1429983060417843 0.08148446954417103 0.02258610954263128
0 0.22065348931020573 0.13763410502540938 0.10810810810810811 0.011857707509881422
0 0.2263009277934651 0.13650479954827782 0.0024203307785397336 0.001976284584980237
0 0.2757160145219847 0.13763410502540938 0.07624041952400161 0.01355166572557877
0 0.29709560306575233 0.13749294184076793 0.020572811617587738 0.014398644833427442
0 0.3150463896732553 0.1386222473178995 0.01734570391286809 0.012987012987012988
0 0.3598225090762404 0.14384528514963296 0.06494554255748286 0.025974025974025976
0 0.3993545784590561 0.13918690005646528 0.057684550221863654 0.009881422924901186
0 0.12686567164179105 0.16149068322981366 0.1145623235175474 0.010728402032749858
0 0.19060104881000403 0.16826651609260304 0.09398951189995966 0.023715415019762844
0 0.20492133924969747 0.16544325239977414 0.004437273093989512 0.017504234895539244
0 0.22730939895118998 0.163184641445511 0.01855586930213796 0.014963297571993224
0 0.2765227914481646 0.16459627329192547 0.07583703106091166 0.01693958215697346
0 0.3327954820492134 0.16784302653867872 0.08430818878580072 0.021174477696216828
0 0.35720048406615573 0.16431394692264256 0.024203307785397338 0.01355166572557877
0 0.4227511093182735 0.1702428006775833 0.10931827349737798 0.024280067758328628
0 0.1617587736990722 0.18746470920383965 0.18475191609519967 0.018068887634105024
0 0.23134328358208955 0.19268774703557312 0.0935861234368697 0.026821005081874648
0 0.3261395724082291 0.18901750423489555 0.1464300121016539 0.01383399209486166
0 0.37494957644211374 0.18887634105025408 0.07422347720855184 0.014398644833427442
0 0.3961274707543364 0.18591191417278374 0.01734570391286809 0.001976284584980237
0 0.13795885437676483 0.2165443252399774 0.13674868898749495 0.02258610954263128
0 0.14602662363856395 0.21739130434782608 0.0028237192416296895 0.00846979107848673
0 0.22025010084711577 0.22063805759457933 0.12787414279951592 0.027950310559006212
0 0.2317466720451795 0.21640316205533597 0.003227107704719645 0.00846979107848673
0 0.29931423961274706 0.2204968944099379 0.10851149657119806 0.021739130434782608
0 0.3499394917305365 0.21485036702428006 0.07583703106091166 0.01355166572557877
0 0.3578055667607906 0.21753246753246752 0.0024203307785397336 0.007340485601355167
0 0.39511899959661156 0.21668548842461885 0.060508269463493344 0.019198193111236588
0 0.40217829770068575 0.21583850931677018 0.0028237192416296895 0.005081874647092038
0 0.4300121016538927 0.21541501976284586 0.043969342476805166 0.014398644833427442
0 0.4386849536103267 0.21852060982495766 0.007260992335619202 0.017504234895539244
0 0.07402178297700686 0.23842461885940147 0.015328761597418314 0.014398644833427442
0 0.14864864864864866 0.23983625070581593 0.11577248890681727 0.014963297571993224
0 0.21803146430012102 0.2404009034443817 0.10407422347720856 0.01637492941840768
0 0.24425171440096813 0.23927159796725014 0.02379991932230738 0.012987012987012988
0 0.27611940298507465 0.23898927159796726 0.033884630899556276 0.01129305477131564
0 0.3622428398547802 0.23983625070581593 0.14037918515530456 0.014116318464144552
0 0.4233561920129084 0.2478825522303783 0.10246066962484873 0.028232636928289104
0 0.12686567164179105 0.2691981931112366 0.12263009277934651 0.027950310559006212
0 0.13614360629286001 0.2683512140033879 0.008067769261799113 0.020327498588368152
0 0.16014521984671237 0.264257481648786 0.015328761597418314 0.01693958215697346
0 0.18838241226300928 0.2652456239412761 0.022993142396127472 0.016657255787690572
0 0.2254941508672852 0.26439864483342745 0.04800322710770472 0.012987012987012988
0 0.31847519160952 0.2691981931112366 0.1565147236789028 0.021739130434782608
0 0.3691004437273094 0.26693958215697344 0.07866075030254134 0.016657255787690572
0 0.4265832997176281 0.26651609260304915 0.07503025413473174 0.01637492941840768
0 0.10064542154094393 0.2898080180688876 0.07382008874546188 0.015810276679841896
0 0.1952400161355385 0.2899491812535291 0.14199273900766438 0.015245623941276116
0 0.20492133924969747 0.294042913608131 0.006857603872529245 0.01637492941840768
0 0.22771278741427994 0.2900903444381705 0.01653892698668818 0.014680971202710334
0 0.2505042355788624 0.29037267080745344 0.01855586930213796 0.01383399209486166
0 0.2708753529649052 0.28952569169960474 0.014521984671238403 0.007905138339920948
0 0.34530052440500203 0.29488989271597965 0.12222670431625655 0.023433088650479956
0 0.42315449778136344 0.29107848673066067 0.12948769665187576 0.014116318464144552
0 0.10790641387656313 0.3411914172783738 0.09076240419524001 0.016657255787690572
0 0.1335215812827753 0.3411914172783738 0.016135538523598225 0.009316770186335404
0 0.20330778539733763 0.3403444381705251 0.1073013311819282 0.015810276679841896
0 0.28620411456232353 0.34105025409373235 0.13150463896732553 0.016657255787690572
0 0.3206938281565147 0.34528514963297574 0.035498184751916094 0.027385657820440428
0 0.36789027833803956 0.3416149068322981 0.06252521177894312 0.009881422924901186
0 0.3763614360629286 0.34415584415584416 0.0028237192416296895 0.00818746470920384
0 0.3963291649858814 0.3416149068322981 0.017749092375958047 0.019198193111236588
0 0.41972569584509883 0.3414737436476567 0.023396530859217425 0.01693958215697346
0 0.08430818878580072 0.3651891586674195 0.03307785397337636 0.015810276679841896
0 0.15449778136345302 0.36589497459062675 0.08511496571198064 0.012422360248447204
0 0.20875352964905203 0.36617730095990964 0.0653489310205728 0.011857707509881422
0 0.27611940298507465 0.37224731789949184 0.09762000806776926 0.029361942405420668
0 0.35215812827753123 0.36688311688311687 0.12061315046389673 0.014963297571993224
0 0.4124647035094796 0.3730942970073405 0.08793868495361033 0.023715415019762844
0 0.41871722468737393 0.36674195369847545 0.003630496167809601 0.002258610954263128
