0 0.08551835417507059 0.10897797854319594 0.035498184751916094 0.016657255787690572
0 0.1218233158531666 0.11462450592885376 0.05647438483259379 0.02456239412761152
0 0.14501815248083905 0.11730660643704122 0.028237192416296894 0.03359683794466403
0 0.17466720451795079 0.10968379446640317 0.04719645018152481 0.017221908526256352
0 0.23678902783380396 0.10897797854319594 0.10568777732956837 0.015245623941276116
0 0.28862444534086323 0.10968379446640317 0.08471157724889068 0.015527950310559006
0 0.3136345300524405 0.10714285714285714 0.02218636546994756 0.011857707509881422
0 0.373134328358209 0.10798983625070581 0.09237595804759983 0.014963297571993224
0 0.39673255344897135 0.10770750988142293 0.03146430012101654 0.014398644833427442
0 0.12505042355788623 0.14313946922642576 0.11980637353771682 0.031338226990400904
0 0.1482452601855587 0.13382269904009034 0.02702702702702703 0.015810276679841896
0 0.18253327954820492 0.13410502540937325 0.04800322710770472 0.015810276679841896
0 0.22065348931020573 0.13354037267080746 0.06171843485276321 0.015245623941276116
0 0.2583703106091166 0.1324110671936759 0.04437273093989512 0.013269339356295878
0 0.31988705123033484 0.13382269904009034 0.09842678499394918 0.017221908526256352
0 0.3408632513110125 0.14059853190287974 0.026623638563937072 0.028514963297571992
0 0.36849536103267444 0.13325804630152457 0.03630496167809601 0.012987012987012988
0 0.4110528438886648 0.1336815358554489 0.06413876563130294 0.01693958215697346
0 0.4146833400564744 0.13410502540937325 0.0016135538523598225 0.001411631846414455
0 0.09560306575231949 0.1588085827216262 0.05647438483259379 0.017221908526256352
0 0.14804356595401372 0.16854884246188595 0.07382008874546188 0.036420101637492944
0 0.16760790641387657 0.15979672501411632 0.02581686163775716 0.016092603049124788
0 0.19846712384025816 0.1590909090909091 0.03711173860427592 0.012704686617730096
0 0.22488906817265025 0.15937323546019197 0.0391286809197257 0.014680971202710334
0 0.24586526825332797 0.15923207227555053 0.022589753933037516 0.00818746470920384
0 0.28156514723678905 0.15937323546019197 0.0572811617587737 0.017221908526256352
0 0.318273497377975 0.15937323546019197 0.05244050020169423 0.01637492941840768
0 0.34530052440500203 0.16643139469226426 0.03307785397337636 0.034443817052512704
0 0.38019362646228316 0.15753811405985318 0.05647438483259379 0.014398644833427442
0 0.42416296893908834 0.1590909090909091 0.07220653489310205 0.017221908526256352
0 0.0808793868495361 0.18478260869565216 0.03227107704719645 0.017221908526256352
0 0.12484872932634127 0.18435911914172784 0.06292860024203308 0.0189158667419537
0 0.15409439290036306 0.1922642574816488 0.03509479628882614 0.03613777526821005
0 0.18737394110528438 0.18534726143421795 0.043969342476805166 0.020045172219085264
0 0.23658733360225898 0.18534726143421795 0.07664380798709157 0.022303783173348392
0 0.26663977410246065 0.1852060982495765 0.0318676885841065 0.018633540372670808
0 0.3065752319483663 0.18407679277244496 0.04921339249697459 0.014116318464144552
0 0.33198870512303347 0.18464144551101072 0.02218636546994756 0.017221908526256352
0 0.37878176684146836 0.18435911914172784 0.06897942718838242 0.015245623941276116
0 0.118192819685357 0.20990965556182947 0.0935861234368697 0.014680971202710334
0 0.12263009277934651 0.21174477696216826 0.008874546187979023 0.006211180124223602
0 0.15288422751109318 0.2090626764539808 0.02379991932230738 0.009034443817052512
0 0.19241629689390882 0.2165443252399774 0.05929810407422348 0.031055900621118012
0 0.22670431625655507 0.2100508187464709 0.04356595401371521 0.009599096555618294
0 0.2607906413876563 0.20934500282326368 0.04235578862444534 0.01637492941840768
0 0.33501411859620817 0.21781479390175043 0.11778943122226704 0.03585544889892716
0 0.3580072609923356 0.2080745341614907 0.021782977006857603 0.012987012987012988
0 0.39673255344897135 0.20863918690005648 0.050826946349334406 0.014680971202710334
0 0.11859620814844696 0.2339073969508752 0.0891488503428802 0.01637492941840768
0 0.12384025816861638 0.234472049689441 0.00927793465106898 0.004234895539243365
0 0.18051633723275515 0.23433088650479955 0.08390480032271078 0.017504234895539244
0 0.21803146430012102 0.23574251835121401 0.04800322710770472 0.021456804065499716
0 0.25433642597821704 0.2440711462450593 0.05163372327551432 0.03811405985319029
0 0.28620411456232353 0.23574251835121401 0.035498184751916094 0.020892151326933936
0 0.31665994352561516 0.23404856013551667 0.03307785397337636 0.010446075663466968
0 0.3830173457039129 0.23475437605872387 0.10568777732956837 0.018351214003387916
0 0.09136748688987495 0.2608695652173913 0.043969342476805166 0.018351214003387916
0 0.1355385235982251 0.25790513833992096 0.06252521177894312 0.017786561264822136
0 0.16276724485679708 0.25663466967814796 0.017749092375958047 0.015810276679841896
0 0.21581282775312627 0.2576228119706381 0.07341670028237192 0.01383399209486166
0 0.3065752319483663 0.25734048560135514 0.15328761597418314 0.016092603049124788
0 0.31020572811617586 0.25790513833992096 0.0024203307785397336 0.002258610954263128
