0 0.0954013715207745 0.11561264822134387 0.050826946349334406 0.017221908526256352
0 0.12141992739007665 0.11688311688311688 0.04961678096006454 0.019198193111236588
0 0.14743848325937878 0.12182382834556747 0.03509479628882614 0.020609824957651044
0 0.20754336425978218 0.12549407114624506 0.11536910044372731 0.03500846979107849
0 0.26200080677692617 0.12478825522303783 0.08713190802743041 0.040372670807453416
0 0.3116175877369907 0.12154150197628459 0.07704719645018153 0.03472614342179559
0 0.33783783783783783 0.1163184641445511 0.02743041549011698 0.021739130434782608
0 0.3672851956434046 0.11645962732919254 0.04517950786607503 0.021456804065499716
0 0.3872529245663574 0.12196499153020893 0.029850746268656716 0.03811405985319029
0 0.40237999193223073 0.11561264822134387 0.026623638563937072 0.023150762281197064
0 0.42940701895925776 0.11575381140598531 0.04154901169826543 0.02766798418972332
0 0.09560306575231949 0.14201016374929418 0.05244050020169423 0.024280067758328628
0 0.1438079870915692 0.14582156973461322 0.06292860024203308 0.019198193111236588
0 0.17668414683340056 0.14158667419536985 0.048406615570794675 0.0189158667419537
0 0.209156918112142 0.14045736871823827 0.043162565550625254 0.017504234895539244
0 0.23598225090762404 0.1401750423489554 0.043162565550625254 0.012140033879164314
0 0.2408229124647035 0.13975155279503104 0.0028237192416296895 0.001976284584980237
0 0.2734973779749899 0.14003387916431395 0.03993545784590561 0.015810276679841896
0 0.3152480839048003 0.14568040654997177 0.08390480032271078 0.02766798418972332
0 0.363251311012505 0.14596273291925466 0.07624041952400161 0.023150762281197064
0 0.3890681726502622 0.1398927159796725 0.03509479628882614 0.020327498588368152
0 0.13251311012505043 0.19184076792772445 0.12827753126260588 0.020609824957651044
0 0.16922146026623638 0.19141727837380013 0.05163372327551432 0.018068887634105024
0 0.191004437273094 0.19099378881987578 0.03065752319483663 0.017786561264822136
0 0.22690601048810005 0.19155844155844157 0.05687777329568374 0.021739130434782608
0 0.2517144009681323 0.19057029926595143 0.03307785397337636 0.01129305477131564
0 0.2874142799515934 0.19057029926595143 0.0572811617587737 0.023433088650479956
0 0.3096006454215409 0.20087521174477696 0.035901573215006054 0.04912478825522304
0 0.3608309802339653 0.19904009034443818 0.11012505042355789 0.04601919819311124
0 0.39774102460669625 0.19960474308300397 0.07260992335619201 0.03500846979107849
0 0.40217829770068575 0.19057029926595143 0.003227107704719645 0.0016939582156973462
0 0.10125050423557887 0.2171089779785432 0.060508269463493344 0.021456804065499716
0 0.12464703509479629 0.2165443252399774 0.03146430012101654 0.010163749294184076
0 0.19060104881000403 0.21682665160926032 0.11012505042355789 0.022303783173348392
0 0.2156111335215813 0.2267080745341615 0.0391286809197257 0.04601919819311124
0 0.28680919725695847 0.22289666854884246 0.13392496974586526 0.035290796160361376
0 0.3424768051633723 0.2161208356860531 0.09479628882613957 0.021456804065499716
0 0.40338846308995563 0.21640316205533597 0.10891488503428802 0.0220214568040655
0 0.42396127470754336 0.21626199887069453 0.0318676885841065 0.010446075663466968
0 0.44695441710367084 0.21597967250141162 0.03509479628882614 0.024280067758328628
0 0.09237595804759983 0.24237718802936195 0.04033884630899556 0.020045172219085264
0 0.11093182734973779 0.24237718802936195 0.01936264622831787 0.010728402032749858
0 0.15490116982654295 0.2453416149068323 0.07503025413473174 0.02710333145115754
0 0.17648245260185558 0.24929418407679277 0.028237192416296894 0.037549407114624504
0 0.21500605082694635 0.24703557312252963 0.0645421540943929 0.03387916431394692
0 0.24969745865268253 0.24463579898362506 0.040742234772085516 0.03190287972896669
0 0.2767244856797096 0.24124788255223037 0.0391286809197257 0.01129305477131564
0 0.29790237999193225 0.24124788255223037 0.0318676885841065 0.018351214003387916
0 0.36405808793868494 0.24153020892151328 0.10972166196046793 0.021739130434782608
0 0.38584106494554254 0.24816487859966121 0.0326744655102864 0.034161490683229816
0 0.4292053247277128 0.24181253529079616 0.06857603872529246 0.026256352343308864
