0 0.09842678499394918 0.11575381140598531 0.05163372327551432 0.02258610954263128
0 0.1319080274304155 0.12012987012987013 0.045986284792254944 0.031338226990400904
0 0.15732150060508268 0.12323546019198194 0.03509479628882614 0.04009034443817053
0 0.1897942718838241 0.11688311688311688 0.050826946349334406 0.028232636928289104
0 0.20512303348124244 0.11871823828345568 0.014925373134328358 0.028514963297571992
0 0.25131101250504234 0.12521174477696217 0.08027430415490117 0.029079616036137776
0 0.30395320693828154 0.11688311688311688 0.09156918112141993 0.015527950310559006
0 0.3192819685356999 0.12351778656126482 0.009681323114158934 0.0378317334839074
0 0.3523598225090762 0.11730660643704122 0.06978620411456232 0.029644268774703556
0 0.3618394513916902 0.12224731789949181 0.01855586930213796 0.039243365330321855
0 0.37898346107301334 0.11674195369847544 0.02501008471157725 0.011575381140598532
0 0.42053247277127875 0.11716544325239978 0.07220653489310205 0.02456239412761152
0 0.10508269463493344 0.14088085827216262 0.0653489310205728 0.02766798418972332
0 0.14582492940701897 0.14215132693393562 0.06131504638967326 0.025409373235460192
0 0.1809197256958451 0.14215132693393562 0.053247277127874144 0.026538678712591756
0 0.1972569584509883 0.1411631846414455 0.020572811617587738 0.01101072840203275
0 0.2589753933037515 0.1486448334274421 0.10488100040338846 0.03980801806888763
0 0.35034288019362647 0.15019762845849802 0.17063331988705124 0.04630152456239413
0 0.3918918918918919 0.1429983060417843 0.0790641387656313 0.025691699604743084
0 0.3989511899959661 0.14497459062676454 0.01008471157724889 0.010163749294184076
0 0.41851553045582895 0.14695087521174477 0.022993142396127472 0.03811405985319029
0 0.10246066962484873 0.17504234895539245 0.05526421944332392 0.028797289666854884
0 0.12989108511496572 0.1668548842461886 0.0391286809197257 0.012422360248447204
0 0.17708753529649052 0.17236024844720496 0.07462686567164178 0.03811405985319029
0 0.20108914885034287 0.16798418972332016 0.029043969342476807 0.025691699604743084
0 0.2373941105284389 0.16629023150762282 0.0609116579265833 0.027950310559006212
0 0.27188382412263007 0.17433653303218521 0.05526421944332392 0.028232636928289104
0 0.2799515933844292 0.1668548842461886 0.004840661557079467 0.0016939582156973462
0 0.31222267043162566 0.16798418972332016 0.043162565550625254 0.02456239412761152
0 0.34509883017345705 0.1767363071710898 0.051230334812424366 0.046583850931677016
0 0.3850342880193626 0.1681253529079616 0.07018959257765228 0.030491247882552232
0 0.4300121016538927 0.16784302653867872 0.08309802339653086 0.017786561264822136
0 0.09378781766841468 0.21682665160926032 0.0391286809197257 0.02710333145115754
0 0.1254538120209762 0.2204968944099379 0.0391286809197257 0.030491247882552232
0 0.15853166599435256 0.21668548842461885 0.043162565550625254 0.020327498588368152
0 0.18939088342073418 0.22543760587238848 0.042759177087535294 0.045454545454545456
0 0.19564340459862847 0.21626199887069453 0.003630496167809601 0.0016939582156973462
0 0.2462686567164179 0.21852060982495766 0.0754336425978217 0.029079616036137776
0 0.26220250100847114 0.21668548842461885 0.018959257765227916 0.01101072840203275
0 0.3029447357805567 0.22586109542631283 0.06736587333602259 0.028514963297571992
0 0.3620411456232352 0.217673630717109 0.10246066962484873 0.032185206098249576
0 0.39955627269060107 0.21795595708639187 0.063735377168213 0.03387916431394692
0 0.4257765227914482 0.22699040090344438 0.0463896732553449 0.046583850931677016
0 0.09318273497377975 0.2435064935064935 0.043969342476805166 0.03162055335968379
0 0.14340459862847924 0.2425183512140034 0.0782573618394514 0.017221908526256352
0 0.16760790641387657 0.2425183512140034 0.035901573215006054 0.027950310559006212
0 0.21520774505849133 0.24209486166007904 0.07866075030254134 0.030491247882552232
0 0.24223477208551836 0.2509881422924901 0.04195240016135539 0.048560135516657256
0 0.2579669221460266 0.2419536984754376 0.020572811617587738 0.010446075663466968
0 0.299919322307382 0.24971767363071712 0.07059298104074223 0.0409373235460192
0 0.33945139169019767 0.25141163184641446 0.06897942718838242 0.03867871259175607
0 0.3446954417103671 0.24237718802936195 0.0052440500201694235 0.0016939582156973462
0 0.42759177087535294 0.24378881987577639 0.1444130697862041 0.033314511575381144
0 0.08753529649052037 0.2670807453416149 0.029043969342476807 0.03303218520609825
0 0.12424364663170634 0.27540937323546016 0.06131504638967326 0.042348955392433656
0 0.17809600645421542 0.2766798418972332 0.08753529649052037 0.04912478825522304
0 0.2498991528842275 0.2768210050818746 0.12424364663170634 0.03867871259175607
0 0.25877369907220654 0.26651609260304915 0.004437273093989512 0.002258610954263128
