0 0.10770471964501815 0.11420101637492942 0.06413876563130294 0.023150762281197064
0 0.15469947559499797 0.11335403726708075 0.0681726502622025 0.021739130434782608
0 0.19846712384025816 0.1209768492377188 0.05970149253731343 0.02710333145115754
0 0.26845502218636547 0.12055335968379446 0.11980637353771682 0.034443817052512704
0 0.29709560306575233 0.11222473178994918 0.035901573215006054 0.017221908526256352
0 0.3354175070592981 0.11278938452851496 0.06010488100040339 0.014116318464144552
0 0.36789027833803956 0.11264822134387352 0.03791851553045583 0.015810276679841896
0 0.3890681726502622 0.11349520045172219 0.018959257765227916 0.005364201016374929
0 0.4342476805163372 0.1225296442687747 0.07139975796692215 0.034161490683229816
0 0.0881403791851553 0.146386222473179 0.0318676885841065 0.039243365330321855
0 0.14481645824929407 0.14511575381140598 0.08834207341670028 0.033314511575381144
0 0.17930617184348527 0.13763410502540938 0.03751512706736587 0.014398644833427442
0 0.24667204517950786 0.14469226425748166 0.10125050423557887 0.03274985883681536
0 0.2698668818071803 0.13763410502540938 0.024203307785397338 0.007058159232072276
0 0.29487696651875756 0.13791643139469226 0.02016942315449778 0.007340485601355167
0 0.3261395724082291 0.1383399209486166 0.04679306171843485 0.018633540372670808
0 0.3338039532069383 0.14186900056465274 0.008067769261799113 0.010728402032749858
0 0.3761597418313836 0.1427159796725014 0.06413876563130294 0.028232636928289104
0 0.41670028237192414 0.14511575381140598 0.05445744251714401 0.023150762281197064
0 0.10467930617184348 0.163184641445511 0.05647438483259379 0.017504234895539244
0 0.14320290439693426 0.16360813099943536 0.035498184751916094 0.018351214003387916
0 0.21117386042759176 0.16883116883116883 0.10205728116175877 0.023150762281197064
0 0.2488906817265026 0.16360813099943536 0.045986284792254944 0.016657255787690572
0 0.2755143202904397 0.16304347826086957 0.02016942315449778 0.005928853754940711
0 0.336224283985478 0.16897233201581027 0.0891488503428802 0.02710333145115754
0 0.3444937474788221 0.1675607001693958 0.0052440500201694235 0.010446075663466968
0 0.372730939895119 0.16247882552230378 0.03993545784590561 0.015527950310559006
0 0.40641387656313027 0.16431394692264256 0.050826946349334406 0.01693958215697346
0 0.12081484469544171 0.19339356295878035 0.10931827349737798 0.027385657820440428
0 0.1674062121823316 0.19438170525127046 0.06333198870512304 0.028232636928289104
0 0.23295683743444937 0.19706380575945792 0.10125050423557887 0.034161490683229816
0 0.26643807987091567 0.19184076792772445 0.040742234772085516 0.028232636928289104
0 0.34288019362646227 0.1932523997741389 0.12868091972569584 0.025409373235460192
0 0.36304961678096004 0.18831168831168832 0.019766034691407825 0.007340485601355167
0 0.40762404195240015 0.19268774703557312 0.07018959257765228 0.023433088650479956
0 0.11335215812827754 0.21414455110107283 0.07946752722872126 0.01693958215697346
0 0.12162162162162163 0.21315640880858272 0.0024203307785397336 0.002258610954263128
