0 0.08753529649052037 0.11744776962168267 0.029850746268656716 0.0220214568040655
0 0.15691811214199275 0.12309429700734048 0.09923356192012908 0.028514963297571992
0 0.1918112141992739 0.11674195369847544 0.03791851553045583 0.014680971202710334
0 0.22146026623638565 0.11716544325239978 0.03993545784590561 0.02258610954263128
0 0.22751109318273496 0.11998870694522869 0.006857603872529245 0.005364201016374929
0 0.2753126260588947 0.11716544325239978 0.07059298104074223 0.012422360248447204
0 0.30899556272690604 0.11688311688311688 0.04477611940298507 0.012987012987012988
0 0.3686970552642194 0.12549407114624506 0.09439290036304962 0.04601919819311124
0 0.39108511496571197 0.11518915866741954 0.01936264622831787 0.014680971202710334
0 0.418112141992739 0.11645962732919254 0.03872529245663574 0.0189158667419537
0 0.100040338846309 0.14285714285714285 0.05970149253731343 0.021456804065499716
0 0.127269060104881 0.14243365330321853 0.02379991932230738 0.022303783173348392
0 0.15348931020572812 0.14342179559570864 0.04154901169826543 0.019198193111236588
0 0.19281968535699878 0.14215132693393562 0.056070996369503835 0.01355166572557877
0 0.23215006050826947 0.14201016374929418 0.056070996369503835 0.011857707509881422
0 0.2791448164582493 0.14215132693393562 0.0609116579265833 0.032185206098249576
0 0.29951593384429204 0.14158667419536985 0.013311819281968536 0.012422360248447204
0 0.32513110125050426 0.14144551101072841 0.035901573215006054 0.025691699604743084
0 0.3501411859620815 0.14102202145680406 0.029850746268656716 0.015527950310559006
0 0.3864461476401775 0.14158667419536985 0.05405405405405406 0.022868435911914172
0 0.4225494150867285 0.1411631846414455 0.04800322710770472 0.017221908526256352
0 0.09721661960467931 0.19424054206662902 0.055667607906413875 0.025691699604743084
0 0.12263009277934651 0.19960474308300397 0.01936264622831787 0.036420101637492944
0 0.1789027833803953 0.20073404856013552 0.08793868495361033 0.03274985883681536
0 0.218233158531666 0.1922642574816488 0.0500201694231545 0.02258610954263128
0 0.2809600645421541 0.20031055900621117 0.10205728116175877 0.03867871259175607
0 0.31766841468334006 0.19212309429700733 0.041145623235175476 0.018068887634105024
0 0.3644614764017749 0.19889892715979673 0.06696248487293263 0.026256352343308864
0 0.39511899959661156 0.19311123658949747 0.03630496167809601 0.03162055335968379
0 0.42496974586526826 0.19127611518915866 0.05244050020169423 0.019198193111236588
0 0.09056070996369504 0.21979107848673066 0.04154901169826543 0.015810276679841896
0 0.11415893505445744 0.2186617730095991 0.01936264622831787 0.010446075663466968
0 0.1607503025413473 0.2186617730095991 0.06696248487293263 0.0189158667419537
0 0.18192819685356998 0.21781479390175043 0.01734570391286809 0.018633540372670808
0 0.2200484066155708 0.22755505364201017 0.05163372327551432 0.03698475437605872
0 0.23598225090762404 0.21795595708639187 0.012101653892698669 0.014116318464144552
0 0.24102460669624848 0.21668548842461885 0.003630496167809601 0.002258610954263128
0 0.2781363453005244 0.21725014116318464 0.057684550221863654 0.020045172219085264
0 0.3245260185558693 0.2171089779785432 0.048406615570794675 0.01101072840203275
0 0.3602258975393304 0.21696781479390176 0.051230334812424366 0.014963297571993224
0 0.40500201694231547 0.2165443252399774 0.063735377168213 0.01693958215697346
0 0.09096409842678499 0.24491812535290797 0.03711173860427592 0.01383399209486166
0 0.13614360629286001 0.24477696216826653 0.06212182331585317 0.020327498588368152
0 0.19705526421944333 0.24378881987577639 0.09640984267849939 0.01948051948051948
0 0.22065348931020573 0.24336533032185206 0.018959257765227916 0.01101072840203275
0 0.2591770875352965 0.24745906267645398 0.04719645018152481 0.025974025974025976
0 0.3021379588543768 0.24265951439864483 0.06131504638967326 0.021739130434782608
0 0.33642597821702297 0.24237718802936195 0.04719645018152481 0.014963297571993224
0 0.3608309802339653 0.24308300395256918 0.02016942315449778 0.017221908526256352
0 0.43263412666397744 0.2422360248447205 0.12222670431625655 0.022868435911914172
0 0.13876563130294473 0.27004517221908525 0.13110125050423557 0.021739130434782608
0 0.2018959257765228 0.27837380011293056 0.08834207341670028 0.037549407114624504
0 0.23416700282371924 0.26778656126482214 0.02016942315449778 0.010728402032749858
0 0.26119402985074625 0.2683512140033879 0.03670835014118596 0.01383399209486166
0 0.31121419927390076 0.26778656126482214 0.06776926179911255 0.020609824957651044
0 0.373134328358209 0.26905702992659514 0.08632513110125051 0.023433088650479956
0 0.4292053247277128 0.2682100508187465 0.07139975796692215 0.0220214568040655
0 0.4312222670431626 0.26651609260304915 0.0028237192416296895 0.001976284584980237
