0 0.09217426381605485 0.11674195369847544 0.04154901169826543 0.02766798418972332
0 0.13432835820895522 0.12140033879164314 0.05244050020169423 0.035290796160361376
0 0.1526825332795482 0.11533032185206098 0.015328761597418314 0.0220214568040655
0 0.15711980637353773 0.11617730095990965 0.002016942315449778 0.001411631846414455
0 0.20835014118596207 0.11547148503670243 0.08511496571198064 0.0220214568040655
0 0.25211778943122226 0.11744776962168267 0.052843888664784185 0.016092603049124788
0 0.30576845502218636 0.11716544325239978 0.07099636950383219 0.024844720496894408
0 0.3588140379185155 0.12380011293054771 0.07664380798709157 0.03557312252964427
0 0.40439693424768053 0.11744776962168267 0.05405405405405406 0.023433088650479956
0 0.12323517547398144 0.1442687747035573 0.10084711577248891 0.0251270468661773
0 0.17244856797095603 0.14045736871823827 0.06010488100040339 0.020045172219085264
0 0.2244856797095603 0.14511575381140598 0.07341670028237192 0.028514963297571992
0 0.2299314239612747 0.1411631846414455 0.005647438483259379 0.0033879164313946925
0 0.24606696248487292 0.14073969508752118 0.01653892698668818 0.026256352343308864
0 0.3116175877369907 0.14144551101072841 0.10326744655102864 0.024280067758328628
0 0.3628479225494151 0.14525691699604742 0.07382008874546188 0.025691699604743084
0 0.39592577652279143 0.14130434782608695 0.0318676885841065 0.0220214568040655
0 0.4189189189189189 0.14201016374929418 0.01371520774505849 0.02456239412761152
0 0.4441306978620411 0.1427159796725014 0.03146430012101654 0.017221908526256352
0 0.08632513110125051 0.1696781479390175 0.02944735780556676 0.032185206098249576
0 0.11335215812827754 0.1665725578769057 0.01371520774505849 0.024844720496894408
0 0.14703509479628882 0.16459627329192547 0.035901573215006054 0.023997741389045736
0 0.17144009681323114 0.1665725578769057 0.033884630899556276 0.017221908526256352
0 0.19443323920935862 0.17080745341614906 0.024606696248487294 0.028514963297571992
0 0.22609923356192013 0.16544325239977414 0.021782977006857603 0.020892151326933936
0 0.2559499798305768 0.1675607001693958 0.0326744655102864 0.01693958215697346
0 0.30576845502218636 0.16643139469226426 0.09035901573215006 0.022303783173348392
0 0.33198870512303347 0.16614906832298137 0.01734570391286809 0.015245623941276116
0 0.39007664380798707 0.1668548842461886 0.08027430415490117 0.028232636928289104
0 0.4390883420734167 0.16784302653867872 0.07503025413473174 0.01637492941840768
0 0.09378781766841468 0.1907114624505929 0.04679306171843485 0.028797289666854884
0 0.13654699475594997 0.191699604743083 0.04759983864461476 0.02258610954263128
0 0.1690197660346914 0.1907114624505929 0.027833803953206938 0.022868435911914172
0 0.2063331988705123 0.19127611518915866 0.04679306171843485 0.023433088650479956
0 0.2743041549011698 0.19988706945228685 0.10609116579265833 0.04206662902315076
0 0.3217022993142396 0.19480519480519481 0.05970149253731343 0.03077357425183512
0 0.35316659943525613 0.1922642574816488 0.029850746268656716 0.01383399209486166
0 0.39874949576442115 0.19268774703557312 0.057684550221863654 0.015527950310559006
0 0.42617991125453814 0.19240542066629024 0.026220250100847116 0.020045172219085264
0 0.10125050423557887 0.22233201581027667 0.06131504638967326 0.037549407114624504
0 0.11738604275917709 0.2165443252399774 0.014925373134328358 0.0251270468661773
0 0.172851956434046 0.21823828345567475 0.07341670028237192 0.02766798418972332
0 0.22065348931020573 0.2171089779785432 0.06010488100040339 0.025691699604743084
0 0.28156514723678905 0.21781479390175043 0.08148446954417103 0.023715415019762844
0 0.3249294070189593 0.21739130434782608 0.053247277127874144 0.0251270468661773
0 0.3491327148043566 0.21880293619424054 0.017749092375958047 0.013269339356295878
0 0.4007664380798709 0.22219085262563523 0.07745058491327148 0.026256352343308864
0 0.4308188785800726 0.2180971202710333 0.035901573215006054 0.0220214568040655
0 0.15248083904800322 0.24280067758328627 0.16377571601452198 0.02710333145115754
0 0.1855586930213796 0.24322416713721062 0.017749092375958047 0.016092603049124788
0 0.25857200484066156 0.2429418407679277 0.10326744655102864 0.023433088650479956
0 0.31323114158935056 0.2422360248447205 0.07260992335619201 0.025974025974025976
0 0.3870512303348124 0.24520045172219085 0.11173860427591771 0.02710333145115754
0 0.46409842678499397 0.2429418407679277 0.12787414279951592 0.026821005081874648
0 0.08975393303751512 0.26750423489553926 0.04759983864461476 0.03500846979107849
0 0.1399757966922146 0.27089215132693395 0.060508269463493344 0.021456804065499716
0 0.2172246873739411 0.27555053642010163 0.11657926583299717 0.04206662902315076
0 0.25776522791448164 0.268068887634105 0.05244050020169423 0.023997741389045736
0 0.31242436466317064 0.2670807453416149 0.07462686567164178 0.0220214568040655
0 0.37232755143202906 0.2683512140033879 0.0826946349334409 0.027950310559006212
0 0.463695038321904 0.26905702992659514 0.1581282775312626 0.02766798418972332
0 0.09378781766841468 0.29263128176171654 0.050826946349334406 0.028232636928289104
0 0.163574021782977 0.295313382269904 0.09318273497377975 0.03162055335968379
0 0.2127874142799516 0.29361942405420666 0.06212182331585317 0.029926595143986448
0 0.27067365873336025 0.2964426877470356 0.08108108108108109 0.029926595143986448
0 0.327349737797499 0.2964426877470356 0.06857603872529246 0.029361942405420668
0 0.3656716417910448 0.29347826086956524 0.041145623235175476 0.024280067758328628
0 0.4505849132714804 0.2972896668548842 0.1355385235982251 0.029926595143986448
0 0.09600645421540945 0.31945228684359117 0.055667607906413875 0.033314511575381144
0 0.17809600645421542 0.3245341614906832 0.11657926583299717 0.04601919819311124
0 0.23376361436062928 0.3221343873517787 0.07422347720855184 0.03359683794466403
0 0.23880597014925373 0.3191699604743083 0.004840661557079467 0.003105590062111801
