0 332.03065752319486 704.012987012987 0.06131504638967326 0.025974025974025976
0 525.0246066962485 736.0080463015246 0.04921339249697459 0.016092603049124788
0 694.0229931423961 722.0101637492942 0.045986284792254944 0.020327498588368152
0 821.0403388463089 727.0127046866178 0.08067769261799113 0.025409373235460192
0 1062.0278338039532 690.0142574816488 0.055667607906413875 0.028514963297571992
0 1178.02743041549 745.0067758328628 0.05486083098023396 0.01355166572557877
0 1331.0324727712787 747.0125635234331 0.06494554255748286 0.0251270468661773
0 1512.0814844695442 713.0146809712027 0.16296893908834206 0.029361942405420668
0 1935.0383219039936 727.0107284020328 0.07664380798709157 0.021456804065499716
0 337.0478015328762 904.0153867871259 0.09560306575231949 0.03077357425183512
0 624.0439693424768 900.014963297572 0.08793868495361033 0.029926595143986448
0 869.0389269866881 929.0105872388481 0.07785397337636143 0.021174477696216828
0 1093.0250100847115 885.0131281761717 0.0500201694231545 0.026256352343308864
0 1210.0445744251715 900.0112930547713 0.0891488503428802 0.02258610954263128
0 1479.0078660750303 904.0098814229249 0.01573215006050827 0.019762845849802372
0 1537.0401371520775 911.0091756070017 0.08027430415490117 0.018351214003387916
0 1743.047801532876 902.0107284020328 0.09560306575231949 0.021456804065499716
0 1987.026623638564 915.0091756070017 0.053247277127874144 0.018351214003387916
0 330.0318676885841 1080.011010728402 0.063735377168213 0.0220214568040655
0 495.0026220250101 1127.002399774139 0.0052440500201694235 0.004799548277809147
0 532.015933844292 1073.0104460756634 0.0318676885841065 0.020892151326933936
0 625.0108914885034 1086.0087521174478 0.021782977006857603 0.017504234895539244
0 726.0713997579669 1078.0143986448334 0.1427995159338443 0.028797289666854884
0 1116.0574828559904 1082.0138339920948 0.11496571198063735 0.02766798418972332
0 1434.026623638564 1073.01185770751 0.053247277127874144 0.023715415019762844
0 1593.0770471964502 1085.0131281761717 0.15409439290036306 0.026256352343308864
0 1988.0179507866076 1091.0077639751553 0.035901573215006054 0.015527950310559006
0 325.09358612343686 1258.0111518915867 0.1871722468737394 0.022303783173348392
0 781.0048406615571 1321.0029644268775 0.009681323114158934 0.005928853754940711
0 843.0722065348931 1265.0119988706945 0.1444130697862041 0.023997741389045736
0 1235.033279548205 1272.0088932806325 0.06655909640984267 0.017786561264822136
0 1432.0677692617992 1266.0141163184642 0.1355385235982251 0.028232636928289104
0 1783.0254134731747 1258.0119988706945 0.050826946349334406 0.023997741389045736
0 1897.0453812020976 1276.0107284020328 0.09076240419524001 0.021456804065499716
0 2114.0036304961677 1327.0022586109542 0.007260992335619202 0.004517221908526256
0 330.02682533279545 1441.0093167701864 0.0536506655909641 0.018633540372670808
0 500.0663574021783 1464.006634669678 0.1327148043565954 0.013269339356295878
0 880.1103267446551 1443.0134105025409 0.22065348931020573 0.026821005081874648
0 1465.0149253731342 1449.0088932806325 0.029850746268656716 0.017786561264822136
0 1526.027027027027 1444.0100225861095 0.05405405405405406 0.020045172219085264
0 1675.0209762000807 1441.012987012987 0.04195240016135539 0.025974025974025976
0 1801.0121016538926 1447.0084697910786 0.024203307785397338 0.01693958215697346
0 1854.0250100847115 1441.0100225861095 0.0500201694231545 0.020045172219085264
0 1986.0280354981849 1441.009034443817 0.056070996369503835 0.018068887634105024
0 330.05143202904395 1615.0138339920948 0.10286405808793868 0.02766798418972332
0 633.0326744655102 1619.0138339920948 0.0653489310205728 0.02766798418972332
0 826.0225897539331 1623.010587238848 0.04517950786607503 0.021174477696216828
0 970.0205728116176 1631.008328627894 0.041145623235175476 0.016657255787690572
0 1097.0272287212586 1627.0091756070017 0.05445744251714401 0.018351214003387916
0 1264.0342880193627 1651.0062111801242 0.06857603872529246 0.012422360248447204
0 1466.0480032271078 1644.0094579333709 0.09600645421540945 0.0189158667419537
0 1730.0435659540137 1619.0100225861095 0.08713190802743041 0.020045172219085264
0 1939.042960871319 1632.0112930547714 0.08592174263816055 0.02258610954263128
0 341.02722872125855 1795.010304912479 0.05445744251714401 0.020609824957651044
0 534.019967728923 1827.0060700169395 0.03993545784590561 0.012140033879164314
0 681.069584509883 1805.0095990965556 0.13916901976603469 0.019198193111236588
0 1073.0504235578862 1803.009881422925 0.10084711577248891 0.019762845849802372
0 1368.0435659540137 1800.0104460756634 0.08713190802743041 0.020892151326933936
0 1616.0141185962082 1827.006352343309 0.028237192416296894 0.012704686617730096
0 1700.0837031060912 1790.0127046866178 0.1674062121823316 0.025409373235460192
0 354.0574828559903 1982.0121400338792 0.11496571198063735 0.024280067758328628
0 680.0248083904801 1965.0117165443253 0.04961678096006454 0.023433088650479956
0 817.0822912464704 1960.0136928289103 0.1645824929407019 0.027385657820440428
0 1216.0020169423155 2030.001552795031 0.004033884630899556 0.003105590062111801
