0 0.11536910044372731 0.11053077357425184 0.0653489310205728 0.02766798418972332
0 0.17224687373941105 0.1082721626199887 0.050826946349334406 0.01948051948051948
0 0.25857200484066156 0.10756634669678147 0.10810810810810811 0.023150762281197064
0 0.31968535699878986 0.10770750988142293 0.05687777329568374 0.017221908526256352
0 0.3783783783783784 0.10798983625070581 0.053247277127874144 0.020327498588368152
0 0.1607503025413473 0.13438735177865613 0.16337232755143202 0.023433088650479956
0 0.2045179507866075 0.13382269904009034 0.02864058087938685 0.023433088650479956
0 0.2702702702702703 0.13848108413325805 0.07946752722872126 0.034443817052512704
0 0.32412263009277936 0.13410502540937325 0.031060911657926585 0.010446075663466968
0 0.3618394513916902 0.1336815358554489 0.029043969342476807 0.018068887634105024
0 0.4056070996369504 0.13269339356295878 0.04719645018152481 0.024280067758328628
0 0.15167406212182333 0.1588085827216262 0.14118596208148446 0.02258610954263128
0 0.2573618394513917 0.16629023150762282 0.1335215812827753 0.032467532467532464
0 0.2680516337232755 0.16022021456804064 0.004437273093989512 0.0016939582156973462
0 0.30576845502218636 0.16403162055335968 0.043969342476805166 0.037549407114624504
0 0.36143606292860025 0.17094861660079053 0.05970149253731343 0.033314511575381144
0 0.41488503428801937 0.1603613777526821 0.0681726502622025 0.023150762281197064
0 0.09056070996369504 0.18464144551101072 0.024203307785397338 0.012140033879164314
0 0.16680112948769665 0.18478260869565216 0.10931827349737798 0.020609824957651044
0 0.23598225090762404 0.1895821569734613 0.0826946349334409 0.03274985883681536
0 0.2882210568777733 0.1935347261434218 0.04961678096006454 0.028514963297571992
0 0.3400564743848326 0.18605307735742518 0.04719645018152481 0.013269339356295878
0 0.39229528035498185 0.1852060982495765 0.045986284792254944 0.011575381140598532
0 0.08612343686970553 0.2425183512140034 0.026220250100847116 0.03811405985319029
0 0.14340459862847924 0.23517786561264822 0.05486083098023396 0.024280067758328628
0 0.16599435256151673 0.24209486166007904 0.0060508269463493344 0.021174477696216828
0 0.20108914885034287 0.23517786561264822 0.04961678096006454 0.013269339356295878
0 0.2446551028640581 0.23433088650479955 0.02016942315449778 0.007340485601355167
0 0.31847519160952 0.24011857707509882 0.08390480032271078 0.034161490683229816
0 0.41629689390883423 0.23560135516657255 0.13392496974586526 0.026821005081874648
0 0.10205728116175877 0.2875494071146245 0.050423557886244454 0.023433088650479956
0 0.16518757563533684 0.29460756634669677 0.09398951189995966 0.03585544889892716
0 0.21117386042759176 0.2859966120835686 0.03953206938281565 0.012422360248447204
0 0.2866075030254135 0.2868435911914173 0.11294876966518758 0.026538678712591756
0 0.35417507059298103 0.28952569169960474 0.07785397337636143 0.031055900621118012
0 0.36607503025413474 0.2855731225296443 0.003227107704719645 0.002258610954263128
0 0.39874949576442115 0.2844438170525127 0.03751512706736587 0.01948051948051948
0 0.10185558693021379 0.31126482213438733 0.048406615570794675 0.014680971202710334
0 0.13574021782977008 0.3105590062111801 0.028237192416296894 0.008752117447769622
0 0.21359419120613152 0.3176171654432524 0.09721661960467931 0.035290796160361376
0 0.2692617991125454 0.3104178430265387 0.0536506655909641 0.020892151326933936
0 0.3301734570391287 0.3101355166572558 0.0653489310205728 0.019762845849802372
0 0.3691004437273094 0.3104178430265387 0.03146430012101654 0.009599096555618294
0 0.40863251311012505 0.3105590062111801 0.02702702702702703 0.014116318464144552
0 0.1327148043565954 0.3451439864483343 0.1044776119402985 0.044607566346696784
0 0.16518757563533684 0.3352625635234331 0.0318676885841065 0.023715415019762844
0 0.17325534489713595 0.33667419536984755 0.0028237192416296895 0.0016939582156973462
