0 0.11113352158128277 0.16487859966120835 0.08592174263816055 0.027385657820440428
0 0.1791044776119403 0.17659514398644832 0.12303348124243646 0.05251270468661773
0 0.24041952400161357 0.17687747035573123 0.08753529649052037 0.039525691699604744
0 0.30879386849536106 0.16459627329192547 0.11254538120209762 0.025974025974025976
0 0.33501411859620817 0.16290231507622813 0.03630496167809601 0.022868435911914172
0 0.36506655909640984 0.16516092603049123 0.04759983864461476 0.017786561264822136
0 0.4398951189995966 0.1653020892151327 0.13432835820895522 0.021739130434782608
0 0.1446147640177491 0.1994635798983625 0.14521984671238403 0.05307735742518351
0 0.25978217022993144 0.1901468097120271 0.208955223880597 0.023997741389045736
0 0.31020572811617586 0.19042913608130999 0.07422347720855184 0.03500846979107849
0 0.38584106494554254 0.19551101072840205 0.14158935054457442 0.039243365330321855
0 0.390681726502622 0.19028797289666854 0.003227107704719645 0.001976284584980237
0 0.09963695038321904 0.21470920383963862 0.05687777329568374 0.027950310559006212
0 0.17567567567567569 0.21682665160926032 0.12787414279951592 0.02710333145115754
0 0.21661960467930616 0.21583850931677018 0.06413876563130294 0.017221908526256352
0 0.2918515530455829 0.2161208356860531 0.12020976200080678 0.03077357425183512
0 0.3469140782573618 0.2165443252399774 0.09560306575231949 0.031338226990400904
0 0.37938684953610324 0.21513269339356295 0.056070996369503835 0.026256352343308864
0 0.4156918112141993 0.21442687747035574 0.07059298104074223 0.017786561264822136
0 0.418112141992739 0.21456804065499718 0.0024203307785397336 0.00282326369282891
0 0.1244453408632513 0.2660926030491248 0.12424364663170634 0.029361942405420668
0 0.18293666801129488 0.265527950310559 0.09721661960467931 0.02710333145115754
0 0.2529245663574022 0.2780914737436477 0.13513513513513514 0.051665725578769056
0 0.2882210568777733 0.26538678712591757 0.05244050020169423 0.025691699604743084
0 0.3245260185558693 0.265527950310559 0.06292860024203308 0.024844720496894408
0 0.3963291649858814 0.26595143986448333 0.12464703509479629 0.026821005081874648
0 0.4203307785397338 0.26651609260304915 0.03791851553045583 0.015527950310559006
0 0.12121823315853167 0.29079616036137773 0.10689794271883823 0.031338226990400904
0 0.19483662767244858 0.29136081309994355 0.11980637353771682 0.02710333145115754
0 0.23719241629689392 0.2912196499153021 0.06655909640984267 0.01637492941840768
0 0.30052440500201694 0.2924901185770751 0.10972166196046793 0.025409373235460192
0 0.33844292053247277 0.2920666290231508 0.0536506655909641 0.03020892151326934
0 0.39673255344897135 0.2912196499153021 0.10407422347720856 0.02766798418972332
0 0.1329164985881404 0.32580463015245625 0.11698265429608713 0.04630152456239413
0 0.17144009681323114 0.3156408808582722 0.04437273093989512 0.0251270468661773
0 0.2472771278741428 0.3169113495200452 0.13513513513513514 0.02710333145115754
0 0.2700685760387253 0.31634669678147936 0.018152480839048003 0.017504234895539244
0 0.3852359822509076 0.3178994918125353 0.19281968535699878 0.033314511575381144
0 0.118192819685357 0.3430265386787126 0.1044776119402985 0.029361942405420668
0 0.20653489310205728 0.3448616600790514 0.14885034288019364 0.03500846979107849
0 0.27329568374344493 0.3424618859401468 0.11012505042355789 0.02710333145115754
0 0.34045986284792257 0.3448616600790514 0.11375554659136748 0.03472614342179559
0 0.40762404195240015 0.3505081874647092 0.10488100040338846 0.04432523997741389
0 0.13331988705123032 0.37267080745341613 0.12787414279951592 0.028232636928289104
0 0.14199273900766438 0.36716544325239975 0.00927793465106898 0.005081874647092038
0 0.20794675272287214 0.36688311688311687 0.10407422347720856 0.025974025974025976
0 0.2757160145219847 0.3663184641445511 0.1073013311819282 0.028797289666854884
0 0.3483259378781767 0.3708356860530774 0.1427995159338443 0.026821005081874648
0 0.39693424768051633 0.36801242236024845 0.07422347720855184 0.029926595143986448
0 0.4310205728116176 0.36589497459062675 0.05889471561113352 0.024280067758328628
