0 352.01169826542963 916.0119988706945 0.023396530859217425 0.023997741389045736
0 481.01895925776523 916.0108695652174 0.03791851553045583 0.021739130434782608
0 641.060306575232 933.0077639751553 0.12061315046389673 0.015527950310559006
0 997.020371117386 924.0118577075099 0.040742234772085516 0.023715415019762844
0 1106.0254134731747 948.012987012987 0.050826946349334406 0.025974025974025976
0 1286.0861234368697 921.0159514398645 0.17224687373941105 0.03190287972896669
0 1775.0538523598225 917.0108695652174 0.10770471964501815 0.021739130434782608
0 342.02904396934247 1072.012987012987 0.05808793868495361 0.025974025974025976
0 547.018152480839 1092.0097402597403 0.03630496167809601 0.01948051948051948
0 669.0106897942719 1124.005505364201 0.021379588543767647 0.01101072840203275
0 782.0599031867689 1100.0094579333709 0.11980637353771682 0.0189158667419537
0 1132.0830980233966 1119.0124223602484 0.1661960467930617 0.024844720496894408
0 1602.0578862444534 1115.0114342179559 0.11577248890681727 0.022868435911914172
0 1924.0371117386044 1123.0108695652175 0.07422347720855184 0.021739130434782608
0 316.0187575635337 1277.0108695652175 0.03751512706736587 0.021739130434782608
0 473.07745058491327 1272.0115753811406 0.15490116982654295 0.023150762281197064
0 848.0016135538524 1329.0008469791078 0.003227107704719645 0.0016939582156973462
0 931.0272287212586 1263.0119988706945 0.05445744251714401 0.023997741389045736
0 1102.0389269866882 1265.0115753811406 0.07785397337636143 0.023150762281197064
0 1362.040742234772 1287.008328627894 0.08148446954417103 0.016657255787690572
0 1624.0504235578862 1282.0153867871259 0.10084711577248891 0.03077357425183512
0 1920.0209762000807 1284.0084697910786 0.04195240016135539 0.01693958215697346
0 2066.0427591770876 1296.0067758328628 0.08551835417507059 0.01355166572557877
0 355.0308592174264 1439.0122811970639 0.06171843485276321 0.02456239412761152
0 541.0365066559096 1439.0128458498023 0.07301331181928197 0.025691699604743084
0 780.0145219846712 1461.009881422925 0.029043969342476807 0.019762845849802372
0 859.0193626462283 1444.0134105025409 0.03872529245663574 0.026821005081874648
0 946.0564743848325 1459.0158102766798 0.11294876966518758 0.03162055335968379
0 1285.0231948366277 1486.005505364201 0.0463896732553449 0.01101072840203275
0 1473.0830980233966 1436.0179277244495 0.1661960467930617 0.03585544889892716
0 1890.00524405002 1510.0049407114625 0.010488100040338847 0.009881422924901186
0 1975.0330778539733 1436.0158102766798 0.06615570794675273 0.03162055335968379
0 2145.016337232755 1476.005928853755 0.0326744655102864 0.011857707509881422
0 364.01815248083903 1625.0119988706945 0.03630496167809601 0.023997741389045736
0 516.044776119403 1635.0108695652175 0.08955223880597014 0.021739130434782608
0 816.0306575231948 1640.0097402597403 0.06131504638967326 0.01948051948051948
0 1004.0324727712788 1625.0180688876342 0.06494554255748286 0.03613777526821005
0 1201.040742234772 1625.0112930547714 0.08148446954417103 0.02258610954263128
0 1453.0530455828964 1632.0159514398645 0.10609116579265833 0.03190287972896669
0 1756.0423557886245 1664.01185770751 0.08471157724889068 0.023715415019762844
0 2027.0227914481645 1634.0094579333709 0.045582896329164985 0.0189158667419537
0 361.03670835014117 1809.0158102766798 0.07341670028237192 0.03162055335968379
0 625.0248083904801 1830.0064935064936 0.04961678096006454 0.012987012987012988
0 823.0502218636547 1832.0148221343873 0.10044372730939895 0.029644268774703556
0 1146.082896329165 1800.0128458498023 0.16579265832997175 0.025691699604743084
0 1634.0369100443727 1812.0101637492942 0.07382008874546188 0.020327498588368152
0 1887.0187575635337 1805.008610954263 0.03751512706736587 0.017221908526256352
0 1998.0389269866882 1785.0134105025409 0.07785397337636143 0.026821005081874648
0 2162.001613553852 1865.0009881422925 0.003227107704719645 0.001976284584980237
0 359.03691004437275 1976.0170807453417 0.07382008874546188 0.034161490683229816
0 597.0296490520371 1991.0111518915867 0.05929810407422348 0.022303783173348392
0 784.0800726099234 2000.0158102766798 0.16014521984671237 0.03162055335968379
0 1226.0841064945544 2002.0148221343873 0.16821298910851148 0.029644268774703556
0 1699.0207745058492 2012.00790513834 0.04154901169826543 0.015810276679841896
0 1849.0369100443727 1997.010304912479 0.07382008874546188 0.020609824957651044
0 373.0887454618798 2165.010587238848 0.17749092375958048 0.021174477696216828
0 805.0014118596208 2222.0009881422925 0.0028237192416296895 0.001976284584980237
0 887.0463896732554 2165.019198193111 0.0927793465106898 0.038396386222473176
0 1227.120613150464 2165.012704686618 0.24122630092779346 0.025409373235460192
0 1859.020371117386 2198.005928853755 0.040742234772085516 0.011857707509881422
0 2015.068172650262 2167.016657255788 0.136345300524405 0.033314511575381144
0 382.0237999193223 2332.012987012987 0.04759983864461476 0.025974025974025976
0 549.0441710367083 2354.012563523433 0.08834207341670028 0.0251270468661773
0 722.0084711577249 2411.005928853755 0.016942315449778138 0.011857707509881422
0 803.019967728923 2346.0097402597403 0.03993545784590561 0.01948051948051948
0 899.0778539733764 2355.0183512140034 0.15570794675272287 0.03670242800677583
0 1350.0322710770472 2365.009175607002 0.0645421540943929 0.018351214003387916
0 1566.0096813231141 2373.005364201016 0.01936264622831787 0.010728402032749858
0 1651.0756353368295 2369.0080463015247 0.15127067365873337 0.016092603049124788
0 2076.0522388059703 2361.0097402597403 0.1044776119402985 0.01948051948051948
0 371.01936264622833 2519.011293054771 0.03872529245663574 0.02258610954263128
0 537.0841064945542 2549.0148221343875 0.16821298910851148 0.029644268774703556
0 1040.037716821299 2525.01185770751 0.0754336425978217 0.023715415019762844
0 1281.0213795885438 2522.0100225861097 0.042759177087535294 0.020045172219085264
0 1443.0231948366277 2521.017786561265 0.0463896732553449 0.03557312252964427
0 1634.0322710770472 2519.0124223602484 0.0645421540943929 0.024844720496894408
0 1835.0768455022187 2530.0155279503106 0.1536910044372731 0.031055900621118012
0 379.02581686163774 2716.0057876905703 0.05163372327551432 0.011575381140598532
0 602.0605082694635 2692.0131281761714 0.12101653892698669 0.026256352343308864
0 919.0443727309399 2687.0101637492944 0.08874546187979024 0.020327498588368152
0 1205.0379185155305 2677.011293054771 0.07583703106091166 0.02258610954263128
0 1465.02480839048 2677.01185770751 0.04961678096006454 0.023715415019762844
0 1640.0707946752723 2699.0080463015247 0.14158935054457442 0.016092603049124788
0 2057.051432029044 2678.0100225861097 0.10286405808793868 0.020045172219085264
