0 0.15288422751109318 0.1448334274421231 0.16216216216216217 0.035290796160361376
0 0.2035094796288826 0.14059853190287974 0.07946752722872126 0.028232636928289104
0 0.2561516740621218 0.13946922642574816 0.08672851956434045 0.026538678712591756
0 0.3610326744655103 0.15316205533596838 0.18757563533682936 0.051665725578769056
0 0.4372730939895119 0.15005646527385658 0.12868091972569584 0.04827780914737437
0 0.10326744655102864 0.16516092603049123 0.06615570794675273 0.019762845849802372
0 0.17567567567567569 0.16671372106154714 0.12827753126260588 0.028797289666854884
0 0.20814844695441712 0.1665725578769057 0.040742234772085516 0.023715415019762844
0 0.26421944332392094 0.16727837380011293 0.09197256958450989 0.029361942405420668
0 0.2876159741831384 0.16558441558441558 0.03630496167809601 0.015810276679841896
0 0.34489713594191207 0.16558441558441558 0.10084711577248891 0.026538678712591756
0 0.36304961678096004 0.17476002258610954 0.026623638563937072 0.04376058723884811
0 0.400363049616781 0.1647374364765669 0.05647438483259379 0.024844720496894408
0 0.15449778136345302 0.1979107848673066 0.16982654296087132 0.04432523997741389
0 0.2252924566357402 0.19099378881987578 0.12868091972569584 0.026538678712591756
0 0.23073820088745461 0.189158667419537 0.003630496167809601 0.0016939582156973462
0 0.3083904800322711 0.2031338226990401 0.11657926583299717 0.05194805194805195
0 0.4138765631302945 0.1907114624505929 0.1863654699475595 0.024844720496894408
0 0.10326744655102864 0.21626199887069453 0.060508269463493344 0.018633540372670808
0 0.15974183138362244 0.21725014116318464 0.09035901573215006 0.026538678712591756
0 0.23618394513916902 0.21753246753246752 0.14400968132311415 0.02766798418972332
0 0.2755143202904397 0.21668548842461885 0.045986284792254944 0.02456239412761152
0 0.32876159741831384 0.22826086956521738 0.0899556272690601 0.04912478825522304
0 0.3947156111335216 0.22571993224167136 0.10649455425574829 0.04178430265386787
0 0.17022993142396128 0.25381140598531904 0.19160951996772893 0.053924336533032184
0 0.2670431625655506 0.24858836815358554 0.17466720451795079 0.04121964991530209
0 0.27329568374344493 0.24011857707509882 0.003630496167809601 0.0033879164313946925
0 0.31444130697862044 0.24153020892151328 0.05526421944332392 0.026821005081874648
0 0.3989511899959661 0.24830604178430266 0.14885034288019364 0.0409373235460192
0 0.1189995966115369 0.26595143986448333 0.09318273497377975 0.029079616036137776
0 0.17587736990722067 0.26750423489553926 0.08027430415490117 0.029361942405420668
0 0.20169423154497781 0.26665725578769056 0.03227107704719645 0.020892151326933936
0 0.28075837031060913 0.2676453980801807 0.1290843081887858 0.037549407114624504
0 0.38886647841871724 0.27526821005081875 0.1799112545381202 0.0471485036702428
0 0.45764421137555467 0.2670807453416149 0.11698265429608713 0.026538678712591756
0 0.09096409842678499 0.2929136081309994 0.03307785397337636 0.027385657820440428
0 0.1791044776119403 0.2996894409937888 0.15853166599435256 0.03980801806888763
0 0.20875352964905203 0.30448898927159795 0.035498184751916094 0.04997176736307171
0 0.24606696248487292 0.29263128176171654 0.05647438483259379 0.020892151326933936
0 0.3654699475594998 0.2971485036702428 0.2101653892698669 0.037549407114624504
0 0.45764421137555467 0.30434782608695654 0.15853166599435256 0.049689440993788817
0 0.11617587736990723 0.31832298136645965 0.0782573618394514 0.026538678712591756
0 0.15308592174263816 0.3169113495200452 0.0391286809197257 0.027950310559006212
0 0.1952400161355385 0.3176171654432524 0.0536506655909641 0.027950310559006212
0 0.26744655102864057 0.33032185206098247 0.12666397741024607 0.05448898927159797
0 0.2983057684550222 0.3177583286278938 0.038321903993545785 0.02710333145115754
0 0.33118192819685355 0.3170525127046866 0.05445744251714401 0.026538678712591756
0 0.42053247277127875 0.32241671372106157 0.15933844292053248 0.03896103896103896
0 0.11536910044372731 0.34203839638622247 0.08188785800726099 0.021739130434782608
0 0.20976200080677693 0.352343308865048 0.14037918515530456 0.0471485036702428
0 0.29487696651875756 0.34345002823263693 0.1444130697862041 0.029361942405420668
0 0.299717628075837 0.3424618859401468 0.003227107704719645 0.0016939582156973462
