0 0.11294876966518758 0.11363636363636363 0.0790641387656313 0.0220214568040655
0 0.14703509479628882 0.11335403726708075 0.0463896732553449 0.021456804065499716
0 0.18596208148446955 0.11787125917560701 0.0536506655909641 0.028232636928289104
0 0.20976200080677693 0.11377752682100509 0.021379588543767647 0.0189158667419537
0 0.26845502218636547 0.11208356860530773 0.09640984267849939 0.020327498588368152
0 0.2946752722872126 0.11293054771315642 0.027833803953206938 0.014963297571993224
0 0.3247277127874143 0.11307171089779786 0.03953206938281565 0.02258610954263128
0 0.3852359822509076 0.1194240542066629 0.10044372730939895 0.027950310559006212
0 0.11436062928600242 0.1396103896103896 0.07946752722872126 0.020045172219085264
0 0.14582492940701897 0.13918690005646528 0.02743041549011698 0.017504234895539244
0 0.181726502622025 0.14031620553359683 0.053247277127874144 0.01693958215697346
0 0.21379588543767647 0.13946922642574816 0.03227107704719645 0.017786561264822136
0 0.2444534086325131 0.13876341050254093 0.0391286809197257 0.0220214568040655
0 0.2853973376361436 0.13890457368718237 0.04881000403388463 0.021174477696216828
0 0.3652682533279548 0.13890457368718237 0.12706736587333603 0.021456804065499716
0 0.3753529649052037 0.14003387916431395 0.0052440500201694235 0.007622811970638058
0 0.4112545381202098 0.1383399209486166 0.05405405405405406 0.020609824957651044
0 0.13856393707139975 0.17038396386222474 0.12585720048406615 0.02710333145115754
0 0.20471964501815249 0.1650197628458498 0.10084711577248891 0.01637492941840768
0 0.2835820895522388 0.16854884246188595 0.1262605889471561 0.02766798418972332
0 0.3164582492940702 0.16417278373800112 0.03630496167809601 0.020327498588368152
0 0.39108511496571197 0.1691134952004517 0.1254538120209762 0.031055900621118012
0 0.4225494150867285 0.16643139469226426 0.038321903993545785 0.0251270468661773
0 0.13311819281968534 0.19466403162055335 0.11496571198063735 0.028797289666854884
0 0.19423154497781364 0.19000564652738566 0.08229124647035095 0.021174477696216828
0 0.2579669221460266 0.18944099378881987 0.09398951189995966 0.018068887634105024
0 0.2644211375554659 0.1895821569734613 0.0028237192416296895 0.0016939582156973462
0 0.3194836627672449 0.1895821569734613 0.08027430415490117 0.017221908526256352
0 0.4048003227107705 0.19240542066629024 0.13755546591367487 0.02766798418972332
0 0.10972166196046793 0.22261434217955958 0.06494554255748286 0.02710333145115754
0 0.13957240822912464 0.21626199887069453 0.029043969342476807 0.020327498588368152
0 0.23275514320290439 0.21583850931677018 0.1536910044372731 0.014398644833427442
0 0.263614360629286 0.2149915302089215 0.03509479628882614 0.01693958215697346
0 0.29709560306575233 0.21541501976284586 0.04719645018152481 0.009881422924901186
0 0.3608309802339653 0.22162619988706944 0.09479628882613957 0.03190287972896669
0 0.41226300927793463 0.21470920383963862 0.0790641387656313 0.01637492941840768
0 0.10044372730939895 0.2422360248447205 0.048406615570794675 0.0251270468661773
0 0.15873336022589754 0.24703557312252963 0.08067769261799113 0.03077357425183512
0 0.22509076240419523 0.2404009034443817 0.09842678499394918 0.018633540372670808
0 0.23557886244453408 0.24378881987577639 0.00645421540943929 0.010728402032749858
0 0.25574828559903184 0.2404009034443817 0.015328761597418314 0.01637492941840768
0 0.373134328358209 0.24590626764539808 0.21782977006857604 0.03359683794466403
0 0.4334409035901573 0.2391304347826087 0.09035901573215006 0.020327498588368152
0 0.4322307382008875 0.24280067758328627 0.008471157724889069 0.007905138339920948
0 0.08793868495361033 0.2652456239412761 0.01936264622831787 0.014116318464144552
0 0.14118596208148446 0.2660926030491248 0.07341670028237192 0.020892151326933936
0 0.17325534489713595 0.265527950310559 0.024606696248487294 0.017786561264822136
0 0.2265026220250101 0.2717391304347826 0.07462686567164178 0.03020892151326934
0 0.25030254134731744 0.265527950310559 0.02218636546994756 0.007058159232072276
0 0.3021379588543768 0.2701863354037267 0.08309802339653086 0.026256352343308864
0 0.354780153287616 0.2660926030491248 0.07301331181928197 0.020892151326933936
0 0.3799919322307382 0.2649632975719932 0.03146430012101654 0.008752117447769622
0 0.4209358612343687 0.2649632975719932 0.05526421944332392 0.009881422924901186
0 0.16780960064542155 0.2972896668548842 0.18394513916901978 0.033314511575381144
0 0.2208551835417507 0.29164313946922643 0.0790641387656313 0.022303783173348392
0 0.2833803953206938 0.2999717673630717 0.09560306575231949 0.03613777526821005
0 0.363251311012505 0.29051383399209485 0.1327148043565954 0.017504234895539244
0 0.3707139975796692 0.29023150762281197 0.0052440500201694235 0.002258610954263128
0 0.15490116982654295 0.3221343873517787 0.1609519967728923 0.028232636928289104
0 0.18132311415893507 0.3157820440429136 0.023396530859217425 0.015810276679841896
0 0.21903993545784592 0.3170525127046866 0.03791851553045583 0.016657255787690572
0 0.2658329971762808 0.31620553359683795 0.0681726502622025 0.020327498588368152
0 0.32230738200887454 0.31592320722755507 0.08471157724889068 0.019198193111236588
0 0.35397337636143605 0.31592320722755507 0.033884630899556276 0.015527950310559006
0 0.36950383219039934 0.3085827216261999 0.00927793465106898 0.005081874647092038
0 0.42517144009681324 0.32171089779785433 0.09802339653085922 0.028797289666854884
0 0.1674062121823316 0.39384528514963296 0.17870108914885036 0.022303783173348392
0 0.17204517950786608 0.39271597967250144 0.003630496167809601 0.0016939582156973462
