0 0.17587736990722067 0.12055335968379446 0.2008874546187979 0.031055900621118012
0 0.21399757966922145 0.11787125917560701 0.06171843485276321 0.0251270468661773
0 0.24526018555869303 0.11391869000564653 0.050826946349334406 0.008752117447769622
0 0.29951593384429204 0.1132128740824393 0.09318273497377975 0.01693958215697346
0 0.37394110528438884 0.1163184641445511 0.13594191206131503 0.025691699604743084
0 0.37777329568374346 0.11589497459062677 0.007260992335619202 0.006211180124223602
0 0.40943929003630497 0.11307171089779786 0.048406615570794675 0.017221908526256352
0 0.1073013311819282 0.16516092603049123 0.06857603872529246 0.020045172219085264
0 0.10871319080274304 0.16459627329192547 0.0024203307785397336 0.0016939582156973462
0 0.1427995159338443 0.16487859966120835 0.05526421944332392 0.016657255787690572
0 0.18676885841064947 0.16981931112365894 0.07382008874546188 0.029644268774703556
0 0.23013311819281967 0.16403162055335968 0.07301331181928197 0.014680971202710334
0 0.282170229931424 0.16360813099943536 0.08108108108108109 0.0189158667419537
0 0.31585316659943524 0.1671372106154715 0.05203711173860428 0.025691699604743084
0 0.3773699072206535 0.16332580463015245 0.10568777732956837 0.018351214003387916
0 0.41972569584509883 0.16304347826086957 0.07462686567164178 0.012987012987012988
0 0.11657926583299717 0.1945228684359119 0.08390480032271078 0.028797289666854884
0 0.18959257765227913 0.19776962168266515 0.13392496974586526 0.03670242800677583
0 0.20229931423961275 0.19141727837380013 0.005647438483259379 0.006211180124223602
0 0.2743041549011698 0.19579333709768493 0.12505042355788623 0.034161490683229816
0 0.3126260588947156 0.1976284584980237 0.06131504638967326 0.03472614342179559
0 0.3481242436466317 0.18887634105025408 0.056070996369503835 0.00846979107848673
0 0.39431222267043164 0.18887634105025408 0.07745058491327148 0.017221908526256352
0 0.1464300121016539 0.22063805759457933 0.1464300121016539 0.023997741389045736
0 0.19322307382008874 0.21541501976284586 0.07664380798709157 0.01693958215697346
0 0.2382008874546188 0.21428571428571427 0.07866075030254134 0.016657255787690572
0 0.27732956837434447 0.22106154714850368 0.06171843485276321 0.029361942405420668
0 0.34045986284792257 0.21414455110107283 0.11778943122226704 0.0189158667419537
0 0.34489713594191207 0.2137210615471485 0.0024203307785397336 0.0016939582156973462
0 0.3711173860427592 0.21414455110107283 0.03993545784590561 0.012704686617730096
0 0.409035901573215 0.2140033879164314 0.05929810407422348 0.017786561264822136
0 0.11657926583299717 0.24153020892151328 0.08430818878580072 0.020892151326933936
0 0.17507059298104075 0.2404009034443817 0.09762000806776926 0.018633540372670808
0 0.18253327954820492 0.24280067758328627 0.004840661557079467 0.005081874647092038
0 0.23376361436062928 0.2404009034443817 0.08672851956434045 0.019198193111236588
0 0.2573618394513917 0.23983625070581593 0.027833803953206938 0.01355166572557877
0 0.3128277531262606 0.24703557312252963 0.09560306575231949 0.03274985883681536
0 0.3410649455425575 0.23997741389045738 0.04033884630899556 0.00818746470920384
0 0.43485276321097216 0.24336533032185206 0.17587736990722067 0.025691699604743084
0 0.09741831383622429 0.2696216826651609 0.048406615570794675 0.025974025974025976
0 0.12968939088342074 0.2658102766798419 0.05526421944332392 0.020045172219085264
0 0.18939088342073418 0.2723037831733484 0.1044776119402985 0.031338226990400904
0 0.2319483662767245 0.26538678712591757 0.07220653489310205 0.01637492941840768
0 0.24041952400161357 0.26750423489553926 0.00645421540943929 0.006775832862789385
0 0.26946349334409037 0.2652456239412761 0.04195240016135539 0.007622811970638058
0 0.31020572811617586 0.2728684359119142 0.06736587333602259 0.03387916431394692
0 0.35619201290843083 0.264257481648786 0.07583703106091166 0.01693958215697346
0 0.39552238805970147 0.264257481648786 0.06010488100040339 0.017786561264822136
0 0.14058087938684954 0.2912196499153021 0.12827753126260588 0.019198193111236588
0 0.23719241629689392 0.29686617730095993 0.17708753529649052 0.03162055335968379
0 0.2658329971762808 0.29361942405420666 0.03953206938281565 0.025974025974025976
0 0.3075837031060912 0.29785431959345005 0.08027430415490117 0.03274985883681536
0 0.3436869705526422 0.29023150762281197 0.05647438483259379 0.018068887634105024
0 0.38785800726099234 0.2964426877470356 0.07664380798709157 0.02766798418972332
0 0.13957240822912464 0.3170525127046866 0.12706736587333603 0.01948051948051948
0 0.22166196046793063 0.31648785996612083 0.1464300121016539 0.016657255787690572
0 0.2974989915288423 0.3160643704121965 0.13876563130294473 0.018068887634105024
0 0.32412263009277936 0.3160643704121965 0.03751512706736587 0.016092603049124788
0 0.40298507462686567 0.32029926595143987 0.14239612747075434 0.027950310559006212
0 0.09842678499394918 0.3448616600790514 0.04477611940298507 0.026538678712591756
0 0.1500605082694635 0.34937888198757766 0.08592174263816055 0.034161490683229816
0 0.19826542960871318 0.34839073969508755 0.08188785800726099 0.03274985883681536
0 0.25574828559903184 0.34528514963297574 0.09762000806776926 0.0251270468661773
0 0.26300927793465106 0.3403444381705251 0.002016942315449778 0.001129305477131564
