0 381.0643404598629 750.0084697910785 0.12868091972569584 0.01693958215697346
0 772.0207745058491 747.0084697910785 0.04154901169826543 0.01693958215697346
0 940.0506252521178 741.012987012987 0.10125050423557887 0.025974025974025976
0 1260.0439693424769 739.0145398080181 0.08793868495361033 0.029079616036137776
0 1550.0141185962082 736.0132693393563 0.028237192416296894 0.026538678712591756
0 1647.0845098830173 729.0100225861096 0.1690197660346914 0.020045172219085264
0 370.03529649052035 937.0076228119707 0.07059298104074223 0.015245623941276116
0 632.0197660346914 920.0091756070017 0.03953206938281565 0.018351214003387916
0 797.0304558289633 925.0087521174478 0.0609116579265833 0.017504234895539244
0 1016.0139169019766 926.0105872388481 0.027833803953206938 0.021174477696216828
0 1121.0165389269866 919.0090344438171 0.03307785397337636 0.018068887634105024
0 1270.0308592174263 939.0046583850932 0.06171843485276321 0.009316770186335404
0 1430.0036304961677 961.0049407114625 0.007260992335619202 0.009881422924901186
0 1498.0316659943526 907.0141163184642 0.06333198870512304 0.028232636928289104
0 1714.0308592174263 918.0118577075099 0.06171843485276321 0.023715415019762844
0 1921.0262202501008 936.0057876905703 0.05244050020169423 0.011575381140598532
0 365.03610326744655 1101.0093167701864 0.07220653489310205 0.018633540372670808
0 610.0135135135135 1110.008328627894 0.02702702702702703 0.016657255787690572
0 754.0649455425574 1101.0132693393564 0.12989108511496572 0.026538678712591756
0 1152.0683743444938 1110.008610954263 0.13674868898749495 0.017221908526256352
0 1523.0012101653892 1163.0008469791078 0.0024203307785397336 0.0016939582156973462
0 1603.013715207745 1114.0069169960475 0.02743041549011698 0.01383399209486166
0 1701.0102864058088 1113.0073404856014 0.020572811617587738 0.014680971202710334
0 1813.0494150867285 1106.012563523433 0.09883017345703912 0.0251270468661773
0 379.01089148850343 1293.0077639751553 0.021782977006857603 0.015527950310559006
0 507.02218636546996 1287.0087521174478 0.04437273093989512 0.017504234895539244
0 676.0584913271481 1286.0081874647092 0.11698265429608713 0.01637492941840768
0 1037.0328761597418 1299.006352343309 0.06575231948366277 0.012704686617730096
0 1282.0344897135942 1278.0088932806325 0.06897942718838242 0.017786561264822136
0 1506.01956434046 1276.0088932806325 0.0391286809197257 0.017786561264822136
0 1664.0790641387657 1273.0091756070017 0.1581282775312626 0.018351214003387916
0 373.033682936668 1458.0101637492942 0.06736587333602259 0.020327498588368152
0 607.0417507059298 1466.0088932806325 0.08350141185962082 0.017786561264822136
0 892.0736183945139 1456.0143986448334 0.1472367890278338 0.028797289666854884
0 1300.0020169423155 1512.0028232636928 0.004033884630899556 0.00564652738565782
0 1352.035498184752 1462.0081874647092 0.07099636950383219 0.01637492941840768
0 1577.0675675675675 1455.0127046866178 0.13513513513513514 0.025409373235460192
0 380.07422347720853 1663.0062111801242 0.14844695441710368 0.012422360248447204
0 800.0504235578862 1654.0067758328628 0.10084711577248891 0.01355166572557877
0 1123.0302541347316 1645.012987012987 0.060508269463493344 0.025974025974025976
0 1323.033682936668 1647.0117165443253 0.06736587333602259 0.023433088650479956
0 1552.02218636547 1664.004376058724 0.04437273093989512 0.008752117447769622
0 1700.0397337636143 1649.0073404856014 0.07946752722872126 0.014680971202710334
0 1930.0367083501412 1634.0094579333709 0.07341670028237192 0.0189158667419537
0 382.03489310205725 1842.0093167701864 0.06978620411456232 0.018633540372670808
0 574.002218636547 1872.0038114059853 0.004437273093989512 0.007622811970638058
0 635.0324727712788 1816.01185770751 0.06494554255748286 0.023715415019762844
0 847.0223880597015 1841.005928853755 0.04477611940298507 0.011857707509881422
0 1011.0451795078661 1815.0122811970639 0.09035901573215006 0.02456239412761152
0 1266.0348931020574 1814.0087521174478 0.06978620411456232 0.017504234895539244
0 1498.0286405808795 1814.0119988706945 0.0572811617587737 0.023997741389045736
0 1699.0326744655104 1838.0053642010164 0.0653489310205728 0.010728402032749858
0 1914.0175473981444 1823.007058159232 0.03509479628882614 0.014116318464144552
0 374.01270673658735 2197.0062111801244 0.025413473174667203 0.012422360248447204
0 516.0312626058894 2187.00790513834 0.06252521177894312 0.015810276679841896
0 721.0748285599032 2173.009881422925 0.14965711980637353 0.019762845849802372
0 1135.020371117386 2181.0117165443253 0.040742234772085516 0.023433088650479956
0 1300.0322710770472 2176.0128458498025 0.0645421540943929 0.025691699604743084
0 1550.029245663574 2173.0081874647094 0.058491327148043566 0.01637492941840768
0 1736.0229931423962 2201.005505364201 0.045986284792254944 0.01101072840203275
0 1926.0155304558289 2174.0081874647094 0.031060911657926585 0.01637492941840768
0 367.06797095603065 2346.010587238848 0.13594191206131503 0.021174477696216828
0 759.0179507866075 2367.007481648786 0.035901573215006054 0.014963297571993224
0 891.0094796288826 2389.005505364201 0.018959257765227916 0.01101072840203275
0 1022.0877369907221 2351.0136928289103 0.1754739814441307 0.027385657820440428
0 1493.0371117386044 2366.012563523433 0.07422347720855184 0.0251270468661773
0 1705.0026220250102 2407.002823263693 0.0052440500201694235 0.00564652738565782
0 1750.0482049213392 2358.0119988706947 0.09640984267849939 0.023997741389045736
0 2025.02218636547 2351.009175607002 0.04437273093989512 0.018351214003387916
0 379.07906413876566 2516.011010728402 0.1581282775312626 0.0220214568040655
0 803.0379185155305 2565.0081874647094 0.07583703106091166 0.01637492941840768
0 1029.0268253327954 2537.013833992095 0.0536506655909641 0.02766798418972332
0 1226.0427591770876 2516.011434217956 0.08551835417507059 0.022868435911914172
0 1500.0223880597016 2559.005364201016 0.04477611940298507 0.010728402032749858
0 1685.039935457846 2544.0064935064934 0.07987091569181122 0.012987012987012988
0 1920.0191609519968 2557.0040937323547 0.038321903993545785 0.00818746470920384
0 379.0889471561113 2718.0084697910784 0.17789431222267044 0.01693958215697346
0 870.0637353771682 2726.00790513834 0.127470754336426 0.015810276679841896
0 1250.0171440096813 2717.008752117448 0.03428801936264623 0.017504234895539244
0 1368.0657523194836 2726.0095990965556 0.13150463896732553 0.019198193111236588
0 1733.0613150463896 2709.008752117448 0.12263009277934651 0.017504234895539244
