0 0.08713190802743041 0.11250705815923208 0.03670835014118596 0.024280067758328628
0 0.11294876966518758 0.11123658949745906 0.040742234772085516 0.022868435911914172
0 0.1565147236789028 0.11095426312817618 0.06615570794675273 0.024844720496894408
0 0.2563533682936668 0.12238848108413326 0.18596208148446955 0.04517221908526256
0 0.28297700685760385 0.11236589497459062 0.03428801936264623 0.024844720496894408
0 0.3281565147236789 0.11984754376058723 0.07422347720855184 0.039525691699604744
0 0.41750705929810406 0.11843591191417278 0.15449778136345302 0.041501976284584984
0 0.10225897539330375 0.13791643139469226 0.06171843485276321 0.02766798418972332
0 0.1789027833803953 0.1507622811970638 0.1254538120209762 0.04799548277809147
0 0.23678902783380396 0.14963297571993225 0.08955223880597014 0.04178430265386787
0 0.3348124243646632 0.13848108413325805 0.16377571601452198 0.023997741389045736
0 0.3410649455425575 0.13664596273291926 0.003227107704719645 0.0016939582156973462
0 0.37394110528438884 0.13932806324110672 0.04033884630899556 0.029079616036137776
0 0.41407825736183945 0.13777526821005082 0.042759177087535294 0.012704686617730096
0 0.20532472771278742 0.17532467532467533 0.2799515933844292 0.04432523997741389
0 0.22388059701492538 0.1668548842461886 0.01734570391286809 0.024844720496894408
0 0.27591770875352967 0.16459627329192547 0.09883017345703912 0.012140033879164314
0 0.4213392496974587 0.1777244494635799 0.26663977410246065 0.04997176736307171
0 0.2400161355385236 0.20525127046866176 0.35175473981444133 0.05307735742518351
0 0.2987091569181121 0.1919819311123659 0.08188785800726099 0.028797289666854884
0 0.4164985881403792 0.20383963862224733 0.20209762000806777 0.051665725578769056
0 0.09560306575231949 0.2161208356860531 0.06333198870512304 0.025974025974025976
0 0.200080677692618 0.22416713721061546 0.18031464300121017 0.04743083003952569
0 0.2736990722065349 0.2140033879164314 0.1145623235175474 0.021456804065499716
0 0.4552238805970149 0.22275550536420102 0.3412666397741025 0.039243365330321855
0 0.45885437676482455 0.2134387351778656 0.004437273093989512 0.001411631846414455
0 0.11557079467527229 0.25381140598531904 0.08793868495361033 0.05815923207227555
0 0.1974586526825333 0.24124788255223037 0.12787414279951592 0.034443817052512704
0 0.27289229528035497 0.2404009034443817 0.11415893505445744 0.026538678712591756
0 0.31222267043162566 0.2385657820440429 0.051230334812424366 0.028232636928289104
0 0.4618797902379992 0.25296442687747034 0.26865671641791045 0.0533596837944664
0 0.18737394110528438 0.27639751552795033 0.24526018555869303 0.048560135516657256
0 0.21419927390076643 0.269339356295878 0.013311819281968536 0.009034443817052512
0 0.27954820492133925 0.2769621682665161 0.11778943122226704 0.037267080745341616
0 0.29386849536103266 0.25734048560135514 0.012101653892698669 0.009881422924901186
0 0.3699072206534893 0.2673630717108978 0.1319080274304155 0.030491247882552232
0 0.48204921339249696 0.2826086956521739 0.22751109318273496 0.055900621118012424
0 0.12767244856797097 0.2899491812535291 0.11496571198063735 0.025409373235460192
0 0.19342476805163372 0.2912196499153021 0.10205728116175877 0.029926595143986448
0 0.30597014925373134 0.307029926595144 0.190802743041549 0.060982495765104464
0 0.3471157724889068 0.2996894409937888 0.04961678096006454 0.0409373235460192
0 0.46853569987898347 0.3027950310559006 0.21742638160548608 0.03811405985319029
0 0.1653892698668818 0.32834556747600224 0.20371117386042759 0.051665725578769056
0 0.24142799515933844 0.31874647092038394 0.13029447357805568 0.03162055335968379
0 0.3206938281565147 0.3160643704121965 0.14239612747075434 0.025691699604743084
0 0.3608309802339653 0.31832298136645965 0.04477611940298507 0.028514963297571992
0 0.38866478418717226 0.3166290231507623 0.0326744655102864 0.015527950310559006
0 0.46994755949979833 0.32396950875211744 0.14078257361839452 0.0378317334839074
0 0.2146026623638564 0.3438735177865613 0.29487696651875756 0.031338226990400904
0 0.30032271077047196 0.34627329192546585 0.14683340056474384 0.043478260869565216
0 0.3646631706333199 0.34260304912478823 0.10246066962484873 0.029926595143986448
0 0.42718838241226303 0.3414737436476567 0.09802339653085922 0.028797289666854884
0 0.2200484066155708 0.38015245623941274 0.3041549011698265 0.05251270468661773
0 0.30032271077047196 0.3750705815923207 0.136345300524405 0.04601919819311124
0 0.3773699072206535 0.36645962732919257 0.13029447357805568 0.026821005081874648
0 0.4505849132714804 0.36688311688311687 0.11577248890681727 0.031055900621118012
0 0.4810407422347721 0.36688311688311687 0.04033884630899556 0.00564652738565782
