0 0.09116579265832997 0.12041219649915302 0.030254134731746672 0.020045172219085264
0 0.12605889471561113 0.12648221343873517 0.05647438483259379 0.023997741389045736
0 0.16296893908834206 0.12012987012987013 0.0572811617587737 0.011857707509881422
0 0.20048406615570794 0.11984754376058723 0.051230334812424366 0.01637492941840768
0 0.23336022589753933 0.11984754376058723 0.04719645018152481 0.0189158667419537
0 0.26099233561920127 0.12041219649915302 0.03751512706736587 0.018068887634105024
0 0.30899556272690604 0.12111801242236025 0.08551835417507059 0.018351214003387916
0 0.36607503025413474 0.1259175607001694 0.09035901573215006 0.029926595143986448
0 0.39572408229124645 0.1206945228684359 0.03993545784590561 0.020045172219085264
0 0.41407825736183945 0.12083568605307736 0.026623638563937072 0.01637492941840768
0 0.10266236385639371 0.14568040654997177 0.0536506655909641 0.014398644833427442
0 0.1772892295280355 0.14553924336533033 0.1327148043565954 0.019762845849802372
0 0.22771278741427994 0.1510446075663467 0.08551835417507059 0.03020892151326934
0 0.2408229124647035 0.14511575381140598 0.015328761597418314 0.01693958215697346
0 0.24203307785397338 0.14539808018068887 0.003227107704719645 0.002258610954263128
0 0.3043565954013715 0.1510446075663467 0.10972166196046793 0.032467532467532464
0 0.3263412666397741 0.1445511010728402 0.033481242436466316 0.015810276679841896
0 0.4007664380798709 0.15302089215132694 0.13755546591367487 0.03500846979107849
0 0.4277934651068979 0.1466685488424619 0.038321903993545785 0.018351214003387916
0 0.08551835417507059 0.17010163749294185 0.02379991932230738 0.017504234895539244
0 0.10709963695038321 0.1702428006775833 0.03065752319483663 0.01948051948051948
0 0.16579265832997175 0.17574816487859965 0.10488100040338846 0.027950310559006212
0 0.18838241226300928 0.17080745341614906 0.02218636546994756 0.0189158667419537
0 0.24142799515933844 0.17080745341614906 0.09318273497377975 0.020609824957651044
0 0.2769261799112545 0.17010163749294185 0.050826946349334406 0.01693958215697346
0 0.3204921339249697 0.17080745341614906 0.07382008874546188 0.0189158667419537
0 0.38563937071399756 0.17476002258610954 0.11133521581282775 0.028514963297571992
0 0.4336425978217023 0.17052512704686618 0.08188785800726099 0.020045172219085264
0 0.09419120613150464 0.19438170525127046 0.03670835014118596 0.019198193111236588
0 0.1381605486083098 0.19593450028232637 0.06615570794675273 0.018068887634105024
0 0.15954013715207746 0.20115753811405984 0.024606696248487294 0.03190287972896669
0 0.20794675272287214 0.19932241671372106 0.08672851956434045 0.0189158667419537
0 0.23275514320290439 0.19579333709768493 0.021379588543767647 0.01693958215697346
0 0.26603469140782576 0.19621682665160925 0.05405405405405406 0.01948051948051948
0 0.30778539733763616 0.20045172219085264 0.0681726502622025 0.028797289666854884
0 0.3136345300524405 0.1994635798983625 0.0052440500201694235 0.010728402032749858
0 0.3598225090762404 0.19649915302089216 0.08350141185962082 0.017504234895539244
0 0.3783783783783784 0.19678147939017504 0.022993142396127472 0.01355166572557877
0 0.4080274304154901 0.19579333709768493 0.04759983864461476 0.0189158667419537
0 0.43686970552642196 0.20271033314511575 0.0463896732553449 0.03020892151326934
0 0.1383622428398548 0.2245906267645398 0.12303348124243646 0.026538678712591756
0 0.17849939491730538 0.22077922077922077 0.050826946349334406 0.018068887634105024
0 0.2379991932230738 0.2285431959345003 0.10528438886647842 0.031055900621118012
0 0.2593787817668415 0.22092038396386224 0.02379991932230738 0.01693958215697346
0 0.28378378378378377 0.2217673630717109 0.02864058087938685 0.018351214003387916
0 0.3108108108108108 0.221485036702428 0.04679306171843485 0.011857707509881422
0 0.3707139975796692 0.22571993224167136 0.10326744655102864 0.022868435911914172
0 0.3763614360629286 0.22077922077922077 0.002016942315449778 0.001411631846414455
0 0.4005647438483259 0.22162619988706944 0.029043969342476807 0.017221908526256352
0 0.43606292860024204 0.221485036702428 0.05808793868495361 0.017221908526256352
0 0.09983864461476402 0.25 0.04356595401371521 0.021456804065499716
0 0.1355385235982251 0.2466120835686053 0.050826946349334406 0.021174477696216828
0 0.17688584106494554 0.2471767363071711 0.0609116579265833 0.020327498588368152
0 0.20572811617587736 0.24590626764539808 0.03630496167809601 0.017786561264822136
0 0.25231948366276724 0.251270468661773 0.08430818878580072 0.03020892151326934
0 0.2753126260588947 0.2509881422924901 0.023396530859217425 0.029361942405420668
0 0.3691004437273094 0.25381140598531904 0.17063331988705124 0.035290796160361376
0 0.41770875352964904 0.2471767363071711 0.0782573618394514 0.0189158667419537
0 0.11617587736990723 0.27625635234330886 0.0782573618394514 0.026538678712591756
0 0.145421540943929 0.2720214568040655 0.03630496167809601 0.012987012987012988
0 0.20330778539733763 0.2728684359119142 0.09802339653085922 0.019762845849802372
0 0.20976200080677693 0.27526821005081875 0.0028237192416296895 0.010728402032749858
0 0.23315853166599435 0.2715979672501412 0.03469140782573618 0.01101072840203275
0 0.25211778943122226 0.27188029361942406 0.02944735780556676 0.0189158667419537
0 0.2779346510689794 0.2717391304347826 0.03065752319483663 0.01355166572557877
0 0.31020572811617586 0.2714568040654997 0.048406615570794675 0.015810276679841896
0 0.3289632916498588 0.27216261998870694 0.02218636546994756 0.019198193111236588
0 0.35941912061315046 0.2725861095426313 0.05203711173860428 0.01948051948051948
0 0.37676482452601856 0.2725861095426313 0.02016942315449778 0.01355166572557877
0 0.39552238805970147 0.27710333145115756 0.03065752319483663 0.03274985883681536
0 0.41589350544574427 0.2715979672501412 0.02218636546994756 0.012140033879164314
0 0.13432835820895522 0.3036420101637493 0.12141992739007665 0.03359683794466403
0 0.15510286405808793 0.2961603613777527 0.012101653892698669 0.01637492941840768
0 0.21419927390076643 0.2974308300395257 0.11214199273900767 0.018633540372670808
0 0.23114158935054457 0.29164313946922643 0.014118596208148447 0.003105590062111801
0 0.2613957240822912 0.29700734048560135 0.05808793868495361 0.020892151326933936
0 0.31323114158935056 0.30194805194805197 0.09197256958450989 0.029644268774703556
0 0.3400564743848326 0.2964426877470356 0.03509479628882614 0.011575381140598532
0 0.3628479225494151 0.29686617730095993 0.03630496167809601 0.018068887634105024
0 0.4154901169826543 0.2972896668548842 0.09600645421540945 0.013269339356295878
0 0.43485276321097216 0.3027950310559006 0.024203307785397338 0.030491247882552232
0 0.09217426381605485 0.32142857142857145 0.03428801936264623 0.015527950310559006
0 0.22851956434045986 0.3300395256916996 0.24687373941105284 0.03613777526821005
0 0.23215006050826947 0.3219932241671372 0.003227107704719645 0.002540937323546019
