0 0.0645421540943929 0.11405985319028797 0.011698265429608713 0.012987012987012988
0 0.0681726502622025 0.11420101637492942 0.0024203307785397336 0.0016939582156973462
0 0.09298104074223477 0.11434217955957086 0.03953206938281565 0.01693958215697346
0 0.1373537716821299 0.11561264822134387 0.06615570794675273 0.021456804065499716
0 0.22609923356192013 0.11914172783738002 0.15248083904800322 0.027950310559006212
0 0.25332795482049214 0.11645962732919254 0.018959257765227916 0.014963297571993224
0 0.33864461476401775 0.12267080745341614 0.14965711980637353 0.036420101637492944
0 0.3686970552642194 0.11490683229813664 0.024203307785397338 0.015810276679841896
0 0.436264622831787 0.12309429700734048 0.09640984267849939 0.030491247882552232
0 0.0945945945945946 0.1396103896103896 0.043162565550625254 0.01948051948051948
0 0.18757563533682936 0.14088085827216262 0.13432835820895522 0.0220214568040655
0 0.26744655102864057 0.1492094861660079 0.13231141589350545 0.029926595143986448
0 0.2972972972972973 0.1401750423489554 0.024203307785397338 0.015810276679841896
0 0.3307785397337636 0.1398927159796725 0.03872529245663574 0.015527950310559006
0 0.43485276321097216 0.14553924336533033 0.1674062121823316 0.028797289666854884
0 0.10427591770875352 0.16643139469226426 0.06333198870512304 0.01693958215697346
0 0.1345300524405002 0.17094861660079053 0.018959257765227916 0.03077357425183512
0 0.22670431625655507 0.17419536984754377 0.15691811214199275 0.03359683794466403
0 0.24102460669624848 0.1671372106154715 0.01290843081887858 0.023150762281197064
0 0.254538120209762 0.16516092603049123 0.01371520774505849 0.015527950310559006
0 0.26058894715611136 0.16671372106154714 0.0028237192416296895 0.001976284584980237
0 0.2743041549011698 0.16925465838509315 0.020572811617587738 0.022868435911914172
0 0.3021379588543768 0.16741953698475437 0.02379991932230738 0.009881422924901186
0 0.31323114158935056 0.17066629023150762 0.004840661557079467 0.004234895539243365
0 0.3654699475594998 0.1665725578769057 0.07785397337636143 0.018633540372670808
0 0.47337636143606293 0.17066629023150762 0.17950786607503025 0.03020892151326934
0 0.11113352158128277 0.19155844155844157 0.07987091569181122 0.018351214003387916
0 0.14844695441710368 0.1907114624505929 0.04033884630899556 0.00846979107848673
0 0.18414683340056473 0.19113495200451722 0.03872529245663574 0.018633540372670808
0 0.2317466720451795 0.19085262563523434 0.063735377168213 0.021456804065499716
0 0.2607906413876563 0.19057029926595143 0.019766034691407825 0.007622811970638058
0 0.29265832997176283 0.19000564652738566 0.04154901169826543 0.020045172219085264
0 0.35498184751916095 0.1945228684359119 0.08511496571198064 0.015527950310559006
0 0.4396934247680516 0.1950875211744777 0.1262605889471561 0.023715415019762844
0 0.09177087535296491 0.21950875211744778 0.038321903993545785 0.024280067758328628
0 0.18233158531665994 0.21979107848673066 0.14239612747075434 0.02456239412761152
0 0.28580072609923357 0.2236024844720497 0.16377571601452198 0.033314511575381144
0 0.31807180314643 0.21696781479390176 0.018152480839048003 0.018068887634105024
0 0.41327148043565953 0.2171089779785432 0.15611133521581283 0.024280067758328628
0 0.45461879790237997 0.21696781479390176 0.05647438483259379 0.016092603049124788
0 0.08491327148043566 0.2409655561829475 0.016135538523598225 0.016657255787690572
0 0.13574021782977008 0.2419536984754376 0.05889471561113352 0.020892151326933936
0 0.20794675272287214 0.24604743083003952 0.1044776119402985 0.031055900621118012
0 0.23033481242436465 0.2435064935064935 0.020976200080677694 0.023433088650479956
0 0.2505042355788624 0.2413890457368718 0.015328761597418314 0.015810276679841896
0 0.2535296490520371 0.24167137210615472 0.0024203307785397336 0.001129305477131564
0 0.2991125453812021 0.24280067758328627 0.06615570794675273 0.021456804065499716
0 0.34288019362646227 0.24082439299830605 0.048406615570794675 0.018068887634105024
0 0.43162565550625254 0.24237718802936195 0.14118596208148446 0.016092603049124788
0 0.1329164985881404 0.2670807453416149 0.11859620814844696 0.02258610954263128
0 0.21036708350141187 0.2713156408808583 0.10891488503428802 0.031338226990400904
0 0.23840258168616377 0.26665725578769056 0.016942315449778138 0.007340485601355167
0 0.3259378781766841 0.26778656126482214 0.13150463896732553 0.025974025974025976
0 0.3672851956434046 0.2696216826651609 0.04195240016135539 0.023433088650479956
0 0.45482049213392495 0.27428006775832864 0.1383622428398548 0.03811405985319029
0 0.08007260992335619 0.29136081309994355 0.014118596208148447 0.006775832862789385
0 0.21520774505849133 0.2951722190852626 0.23275514320290439 0.029644268774703556
0 0.30052440500201694 0.30194805194805197 0.1355385235982251 0.03585544889892716
0 0.3402581686163776 0.29107848673066067 0.04679306171843485 0.015527950310559006
0 0.4463493344090359 0.2951722190852626 0.17103670835014118 0.027950310559006212
0 0.16014521984671237 0.3232636928289102 0.1690197660346914 0.020892151326933936
0 0.19060104881000403 0.3181818181818182 0.02379991932230738 0.019198193111236588
0 0.22509076240419523 0.3167701863354037 0.04195240016135539 0.016092603049124788
0 0.2799515933844292 0.31832298136645965 0.07503025413473174 0.017504234895539244
0 0.3160548608309802 0.31959345002823264 0.02379991932230738 0.026538678712591756
0 0.3652682533279548 0.3178994918125353 0.07503025413473174 0.020892151326933936
0 0.4499798305768455 0.32298136645962733 0.1399757966922146 0.026821005081874648
0 0.08491327148043566 0.3461321287408244 0.021782977006857603 0.0251270468661773
0 0.172851956434046 0.34570863918690004 0.12666397741024607 0.02766798418972332
0 0.2972972972972973 0.34655561829474874 0.20855183541750705 0.029926595143986448
0 0.3620411456232352 0.34345002823263693 0.08955223880597014 0.020609824957651044
0 0.3836224283985478 0.34288537549407117 0.022993142396127472 0.023997741389045736
