0 366.0231948366277 711.0138339920949 0.0463896732553449 0.02766798418972332
0 557.0344897135942 737.011434217956 0.06897942718838242 0.022868435911914172
0 783.0185558693022 759.0069169960474 0.03711173860427592 0.01383399209486166
0 929.0213795885438 754.0079051383399 0.042759177087535294 0.015810276679841896
0 1064.045582896329 769.0135516657256 0.09116579265832997 0.02710333145115754
0 1373.0752319483663 731.0127046866178 0.15046389673255345 0.025409373235460192
0 1835.0149253731342 775.0056465273857 0.029850746268656716 0.01129305477131564
0 1981.0431625655506 751.0143986448335 0.08632513110125051 0.028797289666854884
0 354.0552642194433 950.0052230378317 0.11052843888664785 0.010446075663466968
0 653.0034288019363 990.003529079616 0.006857603872529245 0.007058159232072276
0 701.0252117789431 914.0104460756635 0.050423557886244454 0.020892151326933936
0 870.0201694231545 948.0045172219085 0.04033884630899556 0.009034443817052512
0 973.0681726502622 955.0139751552795 0.136345300524405 0.027950310559006212
0 1415.0123033481243 918.0136928289102 0.024606696248487294 0.027385657820440428
0 1532.034086325131 930.0076228119707 0.0681726502622025 0.015245623941276116
0 1764.0262202501008 935.0090344438171 0.05244050020169423 0.018068887634105024
0 1960.0219846712384 913.0107284020328 0.043969342476805166 0.021456804065499716
0 365.07745058491327 1106.0139751552795 0.15490116982654295 0.027950310559006212
0 827.0399354578459 1129.0050818746472 0.07987091569181122 0.010163749294184076
0 1076.0145219846713 1126.01185770751 0.029043969342476807 0.023715415019762844
0 1177.0814844695442 1077.018915866742 0.16296893908834206 0.0378317334839074
0 1649.015933844292 1132.0040937323547 0.0318676885841065 0.00818746470920384
0 1774.045582896329 1124.006352343309 0.09116579265832997 0.012704686617730096
0 2036.0026220250102 1164.0011293054772 0.0052440500201694235 0.002258610954263128
0 358.06131504638967 1224.016939582157 0.12263009277934651 0.03387916431394692
0 731.0225897539331 1252.0141163184642 0.04517950786607503 0.028232636928289104
0 916.0266236385639 1288.0071993224167 0.053247277127874144 0.014398644833427442
0 1086.02480839048 1262.0153867871259 0.04961678096006454 0.03077357425183512
0 1286.0393303751512 1265.0108695652175 0.07866075030254134 0.021739130434782608
0 1485.004437273094 1337.0057876905703 0.008874546187979023 0.011575381140598532
0 1540.0290439693424 1274.0108695652175 0.05808793868495361 0.021739130434782608
0 1689.0588947156111 1256.0131281761717 0.11778943122226704 0.026256352343308864
0 1987.0524405002018 1266.0242800677584 0.10488100040338846 0.048560135516657256
0 2234.0056474384833 1339.0067758328628 0.011294876966518758 0.01355166572557877
0 342.0175473981444 1469.0069169960475 0.03509479628882614 0.01383399209486166
0 483.082896329165 1439.0218802936195 0.16579265832997175 0.04376058723884811
0 978.0931827349738 1388.0227272727273 0.1863654699475595 0.045454545454545456
0 1493.0633319887052 1405.0241389045736 0.12666397741024607 0.04827780914737437
0 1858.0231948366277 1448.0167984189723 0.0463896732553449 0.03359683794466403
0 327.1066962484873 1578.026397515528 0.21339249697458654 0.052795031055900624
0 899.0411456232351 1622.0203274985884 0.08229124647035095 0.040654997176736304
0 1154.0282371924163 1656.0064935064936 0.05647438483259379 0.012987012987012988
0 1343.0096813231141 1661.005928853755 0.01936264622831787 0.011857707509881422
0 1446.0560709963695 1618.0122811970639 0.11214199273900767 0.02456239412761152
0 1795.0235982250908 1622.0214568040656 0.04719645018152481 0.04291360813099943
0 1993.0256151674062 1610.014539808018 0.051230334812424366 0.029079616036137776
0 334.0143202904397 1971.0135516657256 0.02864058087938685 0.02710333145115754
0 466.0260185558693 1962.0158102766798 0.05203711173860428 0.03162055335968379
0 651.0346914078258 1987.011010728402 0.06938281565147236 0.0220214568040655
0 885.0621218233158 1946.0162337662337 0.12424364663170634 0.032467532467532464
0 1224.0246066962484 1964.020892151327 0.04921339249697459 0.04178430265386787
0 1391.0768455022187 1994.0231507622811 0.1536910044372731 0.04630152456239413
0 1782.0072609923357 2049.005223037832 0.014521984671238403 0.010446075663466968
0 1839.0272287212586 1989.0117165443253 0.05445744251714401 0.023433088650479956
0 1991.0532472771279 1988.0151044607567 0.10649455425574829 0.03020892151326934
0 347.0167406212182 2343.0117165443253 0.033481242436466316 0.023433088650479956
0 511.03428801936263 2337.0117165443253 0.06857603872529246 0.023433088650479956
0 728.0433642597822 2362.009175607002 0.08672851956434045 0.018351214003387916
0 1012.029245663574 2325.016092603049 0.058491327148043566 0.032185206098249576
0 1228.0264219443325 2325.0148221343875 0.052843888664784185 0.029644268774703556
0 1368.0907624041952 2341.0203274985884 0.18152480839048002 0.040654997176736304
0 1890.0346914078257 2326.015386787126 0.06938281565147236 0.03077357425183512
0 2080.0504235578865 2337.011010728402 0.10084711577248891 0.0220214568040655
0 338.04195240016134 2529.009175607002 0.08390480032271078 0.018351214003387916
0 613.0659540137152 2531.009316770186 0.1319080274304155 0.018633540372670808
0 997.0282371924163 2549.0069169960475 0.05647438483259379 0.01383399209486166
0 1182.0233965308591 2489.016939582157 0.04679306171843485 0.03387916431394692
0 1335.0552642194434 2521.016939582157 0.11052843888664785 0.03387916431394692
0 1680.0219846712384 2520.017363071711 0.043969342476805166 0.03472614342179559
0 1813.0933844292053 2512.012704686618 0.18676885841064947 0.025409373235460192
