0 401.01371520774507 877.014963297572 0.02743041549011698 0.029926595143986448
0 507.0076643807987 915.007481648786 0.015328761597418314 0.014963297571993224
0 601.0413473174667 874.013410502541 0.0826946349334409 0.026821005081874648
0 810.0016135538524 952.0040937323546 0.003227107704719645 0.00818746470920384
0 855.0197660346914 885.0121400338792 0.03953206938281565 0.024280067758328628
0 988.0512303348124 873.0203274985884 0.10246066962484873 0.040654997176736304
0 1292.0742234772085 858.0163749294184 0.14844695441710368 0.03274985883681536
0 1695.0502218636548 870.0135516657256 0.10044372730939895 0.02710333145115754
0 1979.0367083501412 896.0090344438171 0.07341670028237192 0.018068887634105024
0 406.02258975393306 1064.0124223602484 0.04517950786607503 0.024844720496894408
0 564.0324727712788 1057.0194805194806 0.06494554255748286 0.03896103896103896
0 780.0090762404195 1067.0114342179559 0.018152480839048003 0.022868435911914172
0 857.0284388866478 1065.0172219085262 0.05687777329568374 0.034443817052512704
0 1016.0018152480839 1127.0050818746472 0.003630496167809601 0.010163749294184076
0 1048.0356998789835 1058.0141163184642 0.07139975796692215 0.028232636928289104
0 1237.0024203307785 1124.0053642010164 0.004840661557079467 0.010728402032749858
0 1277.0240016135538 1058.0122811970639 0.04800322710770472 0.02456239412761152
0 1438.0171440096813 1050.0160926030492 0.03428801936264623 0.032185206098249576
0 1556.0437676482452 1056.0138339920948 0.08753529649052037 0.02766798418972332
0 1815.033279548205 1046.0141163184642 0.06655909640984267 0.028232636928289104
0 2002.0169423154498 1079.0081874647092 0.033884630899556276 0.01637492941840768
0 414.0461879790238 1413.0139751552795 0.09237595804759983 0.027950310559006212
0 685.0217829770069 1431.0104460756634 0.04356595401371521 0.020892151326933936
0 822.0391286809197 1411.0136928289103 0.0782573618394514 0.027385657820440428
0 1047.0657523194836 1411.0135516657256 0.13150463896732553 0.02710333145115754
0 1411.015933844292 1429.0095990965556 0.0318676885841065 0.019198193111236588
0 1534.0703912868091 1411.012987012987 0.14078257361839452 0.025974025974025976
0 1924.0280354981849 1415.0115753811406 0.056070996369503835 0.023150762281197064
0 405.07724889068174 1583.0210333145117 0.15449778136345302 0.04206662902315076
0 818.0225897539331 1599.0163749294184 0.04517950786607503 0.03274985883681536
0 973.0722065348931 1583.0153867871259 0.1444130697862041 0.03077357425183512
0 1337.0024203307785 1673.004658385093 0.004840661557079467 0.009316770186335404
0 1381.0165389269866 1621.00790513834 0.03307785397337636 0.015810276679841896
0 1496.0147236789028 1622.008610954263 0.02944735780556676 0.017221908526256352
0 1601.0897539330376 1588.0199040090345 0.17950786607503025 0.03980801806888763
0 404.05183541750705 1762.0156691134953 0.1036708350141186 0.031338226990400904
0 680.0010084711578 1851.001976284585 0.002016942315449778 0.003952569169960474
0 738.0240016135539 1773.0136928289103 0.04800322710770472 0.027385657820440428
0 885.0478015328762 1764.0180688876342 0.09560306575231949 0.03613777526821005
0 1153.0467930617185 1768.0141163184642 0.0935861234368697 0.028232636928289104
0 1414.0167406212183 1776.0163749294184 0.033481242436466316 0.03274985883681536
0 1526.0885437676482 1760.0201863354037 0.17708753529649052 0.040372670807453416
0 1989.0316659943526 1763.0187747035573 0.06333198870512304 0.037549407114624504
0 395.02137958854377 1957.0132693393564 0.042759177087535294 0.026538678712591756
0 539.0564743848325 1955.0200451722192 0.11294876966518758 0.04009034443817053
0 853.0738200887455 1954.018915866742 0.14764017749092376 0.0378317334839074
0 1241.0473981444131 1947.0143986448334 0.09479628882613957 0.028797289666854884
0 1507.0701895925777 1941.014539808018 0.14037918515530456 0.029079616036137776
0 1881.0853166599436 1946.0193393562959 0.17063331988705124 0.03867871259175607
0 2293.005849132715 1994.010587238848 0.011698265429608713 0.021174477696216828
0 389.0223880597015 2134.0136928289103 0.04477611940298507 0.027385657820440428
0 548.0584913271481 2121.015245623941 0.11698265429608713 0.030491247882552232
0 885.0867285195643 2135.0139751552797 0.1734570391286809 0.027950310559006212
0 1351.0746268656717 2127.0135516657256 0.14925373134328357 0.02710333145115754
0 1740.0032271077048 2174.0084697910784 0.00645421540943929 0.01693958215697346
0 1792.0187575635337 2131.012987012987 0.03751512706736587 0.025974025974025976
0 1929.0627269060105 2121.01976284585 0.1254538120209762 0.039525691699604744
0 391.09358612343686 2304.015245623941 0.1871722468737394 0.030491247882552232
0 907.0671641791045 2303.0155279503106 0.13432835820895522 0.031055900621118012
0 1296.071399757967 2297.014116318464 0.1427995159338443 0.028232636928289104
0 1671.0282371924163 2309.0122811970637 0.05647438483259379 0.02456239412761152
0 1835.0901573215006 2297.0196216826653 0.18031464300121017 0.039243365330321855
0 402.0143202904397 2490.0190570299264 0.02864058087938685 0.03811405985319029
0 530.0849132714804 2481.023150762281 0.16982654296087132 0.04630152456239413
0 985.0018152480839 2573.00395256917 0.003630496167809601 0.007905138339920948
0 1035.06918112142 2481.014963297572 0.1383622428398548 0.029926595143986448
0 1413.0250100847115 2491.0131281761714 0.0500201694231545 0.026256352343308864
0 1533.0435659540137 2493.012987012987 0.08713190802743041 0.025974025974025976
0 1774.0530455828964 2500.0108695652175 0.10609116579265833 0.021739130434782608
0 2053.0038321903994 2525.009881422925 0.007664380798709157 0.019762845849802372
0 2121.001411859621 2555.0016939582156 0.0028237192416296895 0.0033879164313946925
0 -1.000201694231545 -1.0001411631846415 -0.0004033884630899556 -0.000282326369282891
