0 0.07765227914481646 0.14497459062676454 0.03307785397337636 0.00846979107848673
0 0.10588947156111335 0.14553924336533033 0.04759983864461476 0.016657255787690572
0 0.15691811214199275 0.14624505928853754 0.08430818878580072 0.010728402032749858
0 0.15994352561516742 0.14680971202710333 0.003630496167809601 0.006211180124223602
0 0.19302137958854376 0.14469226425748166 0.05889471561113352 0.011575381140598532
0 0.2801532876159742 0.14553924336533033 0.16296893908834206 0.015527950310559006
0 0.28378378378378377 0.14596273291925466 0.004437273093989512 0.006775832862789385
0 0.3491327148043566 0.1466685488424619 0.11778943122226704 0.01948051948051948
0 0.3785800726099234 0.14398644833427443 0.04235578862444534 0.010728402032749858
0 0.4138765631302945 0.1432806324110672 0.05808793868495361 0.012140033879164314
0 0.42617991125453814 0.14201016374929418 0.014118596208148447 0.007058159232072276
0 0.09156918112141993 0.17038396386222474 0.058491327148043566 0.009316770186335404
0 0.1244453408632513 0.17080745341614906 0.051230334812424366 0.014680971202710334
0 0.1581282775312626 0.17137210615471485 0.05163372327551432 0.01355166572557877
0 0.19564340459862847 0.17094861660079053 0.05808793868495361 0.014116318464144552
0 0.254941508672852 0.17137210615471485 0.09842678499394918 0.01637492941840768
0 0.29225494150867287 0.16939582156973462 0.06494554255748286 0.01383399209486166
0 0.3592174263816055 0.16996047430830039 0.12020976200080678 0.0189158667419537
0 0.41064945542557485 0.16883116883116883 0.08793868495361033 0.01129305477131564
0 0.43061718434852764 0.1686900056465274 0.02944735780556676 0.00846979107848673
0 0.07866075030254134 0.19551101072840205 0.0318676885841065 0.007905138339920948
0 0.14037918515530456 0.19706380575945792 0.11536910044372731 0.014680971202710334
0 0.19322307382008874 0.19621682665160925 0.08955223880597014 0.01355166572557877
0 0.19584509883017345 0.19621682665160925 0.004437273093989512 0.004234895539243365
0 0.2254941508672852 0.19438170525127046 0.052843888664784185 0.009599096555618294
0 0.26845502218636547 0.1950875211744777 0.07462686567164178 0.019762845849802372
0 0.3259378781766841 0.19522868435911914 0.10528438886647842 0.01637492941840768
0 0.38765631302944736 0.19551101072840205 0.1044776119402985 0.015245623941276116
0 0.42416296893908834 0.19282891022021456 0.06413876563130294 0.010163749294184076
0 0.10951996772892296 0.24830604178430266 0.09116579265832997 0.016657255787690572
0 0.13957240822912464 0.24590626764539808 0.048406615570794675 0.009034443817052512
0 0.17426381605486083 0.2490118577075099 0.05687777329568374 0.023150762281197064
0 0.23396530859217426 0.24745906267645398 0.100040338846309 0.01693958215697346
0 0.25030254134731744 0.24520045172219085 0.016135538523598225 0.006493506493506494
0 0.299717628075837 0.24520045172219085 0.08350141185962082 0.014398644833427442
0 0.40964098426784995 0.24449463579898362 0.20411456232351755 0.01383399209486166
0 0.4312222670431626 0.24449463579898362 0.02944735780556676 0.011857707509881422
0 0.09056070996369504 0.27117447769621683 0.04800322710770472 0.01129305477131564
0 0.14017749092375958 0.27216261998870694 0.08672851956434045 0.01383399209486166
0 0.1708350141185962 0.2717391304347826 0.043162565550625254 0.010163749294184076
0 0.2569584509883017 0.27216261998870694 0.15691811214199275 0.017221908526256352
0 0.27853973376361435 0.27004517221908525 0.03065752319483663 0.010728402032749858
0 0.345502218636547 0.2704686617730096 0.12101653892698669 0.01383399209486166
0 0.37353771682129894 0.2689158667419537 0.04477611940298507 0.00818746470920384
0 0.4356595401371521 0.2724449463579898 0.11093182734973779 0.017504234895539244
0 0.09035901573215006 0.29672501411631846 0.03227107704719645 0.015810276679841896
0 0.1482452601855587 0.296583850931677 0.09681323114158935 0.01383399209486166
0 0.18253327954820492 0.29545454545454547 0.04719645018152481 0.011575381140598532
0 0.21621621621621623 0.29601919819311123 0.050826946349334406 0.015527950310559006
0 0.2599838644614764 0.296583850931677 0.06938281565147236 0.014963297571993224
0 0.2656313029447358 0.29884246188594016 0.004437273093989512 0.006211180124223602
0 0.30899556272690604 0.29601919819311123 0.08188785800726099 0.015527950310559006
0 0.3414683340056474 0.29545454545454547 0.05244050020169423 0.01101072840203275
0 0.4116579265832997 0.2972896668548842 0.11940298507462686 0.018068887634105024
0 0.4300121016538927 0.295313382269904 0.02702702702702703 0.010446075663466968
0 0.17567567567567569 0.34980237154150196 0.18838241226300928 0.020045172219085264
0 0.17849939491730538 0.34641445511010727 0.002016942315449778 0.001976284584980237
