0 349.0090762404195 719.0090344438171 0.018152480839048003 0.018068887634105024
0 426.0240016135539 726.0079051383399 0.04800322710770472 0.015810276679841896
0 604.0254134731747 714.0091756070017 0.050826946349334406 0.018351214003387916
0 780.0530455828963 714.0098814229249 0.10609116579265833 0.019762845849802372
0 1081.0227914481645 714.0091756070017 0.045582896329164985 0.018351214003387916
0 1228.044776119403 714.0084697910785 0.08955223880597014 0.01693958215697346
0 1486.0262202501008 714.0108695652174 0.05244050020169423 0.021739130434782608
0 1647.011496571198 714.0083286278939 0.022993142396127472 0.016657255787690572
0 1738.0112948769665 724.0071993224167 0.022589753933037516 0.014398644833427442
0 1832.0457845905607 715.0073404856014 0.09156918112141993 0.014680971202710334
0 2072.0010084711575 750.0007058159232 0.002016942315449778 0.001411631846414455
0 335.01956434045985 872.0119988706945 0.0391286809197257 0.023997741389045736
0 440.0304558289633 885.0097402597403 0.0609116579265833 0.01948051948051948
0 633.0306575231948 862.0131281761717 0.06131504638967326 0.026256352343308864
0 836.0613150463897 864.0187747035573 0.12263009277934651 0.037549407114624504
0 1176.0365066559095 876.0117165443253 0.07301331181928197 0.023433088650479956
0 1396.012908430819 872.0098814229249 0.02581686163775716 0.019762845849802372
0 1492.0568777732956 864.0152456239413 0.11375554659136748 0.030491247882552232
0 1801.073618394514 861.0127046866178 0.1472367890278338 0.025409373235460192
0 316.05183541750705 1046.0124223602484 0.1036708350141186 0.024844720496894408
0 602.0020169423154 1110.007481648786 0.004033884630899556 0.014963297571993224
0 639.0244050020169 1040.0132693393564 0.04881000403388463 0.026538678712591756
0 799.0102864058088 1077.007481648786 0.020572811617587738 0.014963297571993224
0 886.0760387252925 1024.0155279503106 0.15207745058491326 0.031055900621118012
0 1285.0413473174667 1057.0148221343873 0.0826946349334409 0.029644268774703556
0 1526.0361032674466 1052.0111518915867 0.07220653489310205 0.022303783173348392
0 1737.0280354981849 1044.0124223602484 0.056070996369503835 0.024844720496894408
0 1920.0326744655104 1030.0159514398645 0.0653489310205728 0.03190287972896669
0 2094.014118596208 1062.0097402597403 0.028237192416296894 0.01948051948051948
0 318.0320693828157 1215.0127046866178 0.06413876563130294 0.025409373235460192
0 518.0711980637353 1207.0142574816489 0.14239612747075434 0.028514963297571992
0 936.0399354578459 1210.0136928289103 0.07987091569181122 0.027385657820440428
0 1169.0185558693022 1228.0100225861095 0.03711173860427592 0.020045172219085264
0 1297.0427591770876 1231.0119988706945 0.08551835417507059 0.023997741389045736
0 1535.1119402985075 1212.0142574816489 0.22388059701492538 0.028514963297571992
0 2115.0012101653892 1295.0008469791078 0.0024203307785397336 0.0016939582156973462
0 326.0256151674062 1391.0158102766798 0.051230334812424366 0.03162055335968379
0 479.01230334812425 1411.0124223602484 0.024606696248487294 0.024844720496894408
0 589.0086728519565 1432.0077639751553 0.01734570391286809 0.015527950310559006
0 685.0338846308996 1419.009881422925 0.06776926179911255 0.019762845849802372
0 921.0149253731344 1397.0111518915867 0.029850746268656716 0.022303783173348392
0 1032.0498184751916 1400.0131281761717 0.09963695038321904 0.026256352343308864
0 1298.0014118596207 1484.0069169960475 0.0028237192416296895 0.01383399209486166
0 1328.0375151270673 1385.0156691134953 0.07503025413473174 0.031338226990400904
0 1538.0316659943526 1417.0111518915867 0.06333198870512304 0.022303783173348392
0 1740.049213392497 1387.0194805194806 0.09842678499394918 0.03896103896103896
0 2016.035901573215 1385.0132693393564 0.07180314643001211 0.026538678712591756
0 325.02944735780557 1554.0152456239414 0.05889471561113352 0.030491247882552232
0 517.0520371117386 1555.0162337662337 0.10407422347720856 0.032467532467532464
0 813.0990318676886 1566.0183512140034 0.1980637353771682 0.03670242800677583
0 1349.0300524405002 1579.0131281761717 0.06010488100040339 0.026256352343308864
0 1529.0268253327954 1576.0148221343873 0.0536506655909641 0.029644268774703556
0 1689.0675675675675 1565.0160926030492 0.13513513513513514 0.032185206098249576
0 2060.0296490520373 1568.014539808018 0.05929810407422348 0.029079616036137776
0 309.0330778539734 1753.014963297572 0.06615570794675273 0.029926595143986448
0 506.0229931423961 1765.0127046866178 0.045986284792254944 0.025409373235460192
0 664.0300524405002 1756.0211744776961 0.06010488100040339 0.042348955392433656
0 843.0171440096814 1725.0173630717109 0.03428801936264623 0.03472614342179559
0 938.035901573215 1771.0117165443253 0.07180314643001211 0.023433088650479956
0 1154.0389269866882 1761.0136928289103 0.07785397337636143 0.027385657820440428
0 1369.0100847115773 1713.018915866742 0.02016942315449778 0.0378317334839074
0 1443.0280354981849 1749.0134105025409 0.056070996369503835 0.026821005081874648
0 1590.0526421944332 1736.0203274985884 0.10528438886647842 0.040654997176736304
0 1872.0588947156111 1747.0138339920948 0.11778943122226704 0.02766798418972332
0 349.0296490520371 2285.012987012987 0.05929810407422348 0.025974025974025976
0 565.0427591770875 2266.0167984189725 0.08551835417507059 0.03359683794466403
0 827.0153287615974 2304.0131281761714 0.03065752319483663 0.026256352343308864
0 927.038120209762 2265.0187747035575 0.07624041952400161 0.037549407114624504
0 1137.0350947962888 2285.0156691134953 0.07018959257765228 0.031338226990400904
0 1318.029649052037 2310.0095990965556 0.05929810407422348 0.019198193111236588
0 1487.0316659943526 2277.015245623941 0.06333198870512304 0.030491247882552232
0 1674.0437676482452 2265.0179277244492 0.08753529649052037 0.03585544889892716
0 1899.0488100040338 2263.017221908526 0.09762000806776926 0.034443817052512704
0 286.0645421540944 2449.0167984189725 0.1290843081887858 0.03359683794466403
0 639.0409439290037 2469.0245623941278 0.08188785800726099 0.04912478825522304
0 874.0526421944332 2450.024421230943 0.10528438886647842 0.048842461885940144
0 1157.015933844292 2474.0131281761714 0.0318676885841065 0.026256352343308864
0 1272.0663574021783 2441.0247035573125 0.1327148043565954 0.04940711462450593
0 1607.0254134731747 2446.016939582157 0.050826946349334406 0.03387916431394692
0 1706.0054457442518 2559.007340485601 0.010891488503428802 0.014680971202710334
0 1757.0300524405002 2447.016657255788 0.06010488100040339 0.033314511575381144
0 1930.0304558289633 2463.0142574816487 0.0609116579265833 0.028514963297571992
0 2128.036304961678 2443.015245623941 0.07260992335619201 0.030491247882552232
