0 379.008874546188 823.0083286278939 0.017749092375958047 0.016657255787690572
0 460.03670835014117 807.0158102766799 0.07341670028237192 0.03162055335968379
0 717.0599031867689 810.0136928289102 0.11980637353771682 0.027385657820440428
0 1071.0330778539733 808.0098814229249 0.06615570794675273 0.019762845849802372
0 1293.0189592577651 816.0091756070017 0.03791851553045583 0.018351214003387916
0 1446.0314643001211 817.0098814229249 0.06292860024203308 0.019762845849802372
0 1641.062121823316 819.0131281761717 0.12424364663170634 0.026256352343308864
0 401.0229931423961 1000.0093167701864 0.045986284792254944 0.018633540372670808
0 571.0286405808794 995.0101637492942 0.0572811617587737 0.020327498588368152
0 756.0328761597418 1020.0066346696782 0.06575231948366277 0.013269339356295878
0 977.0439693424768 991.0103049124788 0.08793868495361033 0.020609824957651044
0 1232.0256151674062 1025.006352343309 0.051230334812424366 0.012704686617730096
0 1430.0645421540944 996.0127046866178 0.1290843081887858 0.025409373235460192
0 1801.0193626462283 1028.006352343309 0.03872529245663574 0.012704686617730096
0 1931.0215812827753 995.0093167701864 0.043162565550625254 0.018633540372670808
0 408.0413473174667 1195.0073404856014 0.0826946349334409 0.014680971202710334
0 670.0576845502219 1165.0162337662337 0.11536910044372731 0.032467532467532464
0 1004.04699475595 1171.0170807453417 0.09398951189995966 0.034161490683229816
0 1291.0393303751512 1174.010304912479 0.07866075030254134 0.020609824957651044
0 1557.0655506252522 1165.016516092603 0.13110125050423557 0.03303218520609825
0 1941.0147236789028 1186.008610954263 0.02944735780556676 0.017221908526256352
0 396.0086728519564 1385.005505364201 0.01734570391286809 0.01101072840203275
0 490.08531665994354 1347.0108695652175 0.17063331988705124 0.021739130434782608
0 985.114764017749 1347.0143986448334 0.22952803549818476 0.028797289666854884
0 1613.0213795885438 1352.0121400338792 0.042759177087535294 0.024280067758328628
0 1758.0233965308591 1357.009881422925 0.04679306171843485 0.019762845849802372
0 405.04296087131905 1523.01185770751 0.08592174263816055 0.023715415019762844
0 705.0379185155305 1532.0114342179559 0.07583703106091166 0.022868435911914172
0 939.0601048810004 1529.0117165443253 0.12020976200080678 0.023433088650479956
0 1310.0548608309803 1526.0170807453417 0.10972166196046793 0.034161490683229816
0 1642.018152480839 1530.01185770751 0.03630496167809601 0.023715415019762844
0 1790.04699475595 1531.0100225861095 0.09398951189995966 0.020045172219085264
0 419.0229931423961 1714.0087521174478 0.045986284792254944 0.017504234895539244
0 564.0286405808794 1737.0067758328628 0.0572811617587737 0.01355166572557877
0 778.0231948366277 1699.0119988706945 0.0463896732553449 0.023997741389045736
0 941.0572811617587 1699.016939582157 0.1145623235175474 0.03387916431394692
0 1257.0026220250102 1771.0007058159233 0.0052440500201694235 0.001411631846414455
0 1309.0371117386044 1712.01185770751 0.07422347720855184 0.023715415019762844
0 1537.031060911658 1713.0112930547714 0.06212182331585317 0.02258610954263128
0 1740.0498184751916 1717.0104460756634 0.09963695038321904 0.020892151326933936
0 408.0421540943929 1885.0107284020328 0.08430818878580072 0.021456804065499716
0 675.0548608309803 1883.0156691134953 0.10972166196046793 0.031338226990400904
0 1011.0312626058894 1883.012987012987 0.06252521177894312 0.025974025974025976
0 1228.0471964501814 1889.0101637492942 0.09439290036304962 0.020327498588368152
0 1510.0163372327552 1896.0146809712028 0.0326744655102864 0.029361942405420668
0 1679.0554659136749 1887.0156691134953 0.11093182734973779 0.031338226990400904
0 411.0320693828157 2097.005928853755 0.06413876563130294 0.011857707509881422
0 629.0401371520775 2063.0111518915865 0.08027430415490117 0.022303783173348392
0 901.0663574021783 2026.016516092603 0.1327148043565954 0.03303218520609825
0 1293.0280354981849 2073.0103049124787 0.056070996369503835 0.020609824957651044
0 1474.0778539733762 2064.0190570299264 0.15570794675272287 0.03811405985319029
0 400.02077450584915 2236.0111518915865 0.04154901169826543 0.022303783173348392
0 584.038120209762 2240.012140033879 0.07624041952400161 0.024280067758328628
0 836.0754336425978 2240.014963297572 0.1508672851956434 0.029926595143986448
0 1234.003025413473 2308.0014116318466 0.0060508269463493344 0.00282326369282891
0 1273.0246066962484 2244.0122811970637 0.04921339249697459 0.02456239412761152
0 1427.036304961678 2250.009316770186 0.07260992335619201 0.018633540372670808
0 1675.069584509883 2234.0135516657256 0.13916901976603469 0.02710333145115754
0 415.0401371520775 2413.011010728402 0.08027430415490117 0.0220214568040655
0 671.0298507462686 2420.014963297572 0.05970149253731343 0.029926595143986448
0 858.0322710770472 2420.0101637492944 0.0645421540943929 0.020327498588368152
0 1052.0373134328358 2411.011434217956 0.07462686567164178 0.022868435911914172
0 1281.033682936668 2431.0095990965556 0.06736587333602259 0.019198193111236588
0 1514.0645421540944 2421.018633540373 0.1290843081887858 0.037267080745341616
0 1884.0227914481645 2424.0108695652175 0.045582896329164985 0.021739130434782608
0 384.05163372327553 2594.012987012987 0.10326744655102864 0.025974025974025976
0 735.0703912868092 2607.0142574816487 0.14078257361839452 0.028514963297571992
0 1124.0034288019363 2667.005081874647 0.006857603872529245 0.010163749294184076
0 1169.0328761597418 2620.009175607002 0.06575231948366277 0.018351214003387916
0 1407.0197660346914 2614.009457933371 0.03953206938281565 0.0189158667419537
0 1545.0990318676886 2602.0108695652175 0.1980637353771682 0.021739130434782608
