0 0.0881403791851553 0.11024844720496894 0.03227107704719645 0.012422360248447204
0 0.118192819685357 0.11067193675889328 0.04477611940298507 0.010446075663466968
0 0.16438079870915692 0.11123658949745906 0.07624041952400161 0.014398644833427442
0 0.1680112948769665 0.11123658949745906 0.003227107704719645 0.00282326369282891
0 0.19060104881000403 0.11067193675889328 0.03953206938281565 0.011575381140598532
0 0.21682129891085114 0.11166007905138339 0.042759177087535294 0.014680971202710334
0 0.23396530859217426 0.11053077357425184 0.024203307785397338 0.00818746470920384
0 0.25413473174667206 0.11067193675889328 0.03227107704719645 0.006775832862789385
0 0.28721258572004843 0.11123658949745906 0.05687777329568374 0.01383399209486166
0 0.29064138765631303 0.11222473178994918 0.002016942315449778 0.003105590062111801
0 0.3106091165792658 0.11194240542066629 0.03428801936264623 0.00846979107848673
0 0.3336022589753933 0.11194240542066629 0.03509479628882614 0.010163749294184076
0 0.36385639370713996 0.11236589497459062 0.04759983864461476 0.009316770186335404
0 0.38321903993545786 0.11208356860530773 0.03428801936264623 0.009034443817052512
0 0.3973376361436063 0.11123658949745906 0.016942315449778138 0.006211180124223602
0 0.41871722468737393 0.11151891586674195 0.03670835014118596 0.009034443817052512
0 0.10871319080274304 0.13664596273291926 0.07987091569181122 0.011857707509881422
0 0.12767244856797097 0.13636363636363635 0.02501008471157725 0.009316770186335404
0 0.1663977410246067 0.13636363636363635 0.06615570794675273 0.014398644833427442
0 0.20411456232351755 0.13565782044042915 0.05647438483259379 0.007905138339920948
0 0.25231948366276724 0.13565782044042915 0.08229124647035095 0.013269339356295878
0 0.254941508672852 0.13650479954827782 0.0028237192416296895 0.0033879164313946925
0 0.2928600242033078 0.13721061547148503 0.06736587333602259 0.01637492941840768
0 0.318273497377975 0.13608130999435347 0.03509479628882614 0.008752117447769622
0 0.3828156514723679 0.13692828910220214 0.11738604275917709 0.013269339356295878
0 0.38563937071399756 0.13721061547148503 0.003630496167809601 0.004517221908526256
0 0.4189189189189189 0.13749294184076793 0.06010488100040339 0.012422360248447204
0 0.09661153691004437 0.1616318464144551 0.051230334812424366 0.012704686617730096
0 0.10165389269866881 0.16233766233766234 0.0028237192416296895 0.004234895539243365
0 0.13110125050423557 0.1621964991530209 0.05163372327551432 0.01383399209486166
0 0.16034691407825735 0.16149068322981366 0.040742234772085516 0.008752117447769622
0 0.19120613150463897 0.16191417278373801 0.0463896732553449 0.010446075663466968
0 0.23497377974989916 0.1621964991530209 0.063735377168213 0.015810276679841896
0 0.2599838644614764 0.1616318464144551 0.0318676885841065 0.01129305477131564
0 0.2747075433642598 0.16106719367588934 0.01734570391286809 0.006493506493506494
0 0.30778539733763616 0.16261998870694522 0.05203711173860428 0.018068887634105024
0 0.31323114158935056 0.16177300959909655 0.004033884630899556 0.004799548277809147
0 0.33521581282775315 0.1621964991530209 0.03791851553045583 0.015527950310559006
0 0.37494957644211374 0.16247882552230378 0.06736587333602259 0.014398644833427442
0 0.40439693424768053 0.16205533596837945 0.03953206938281565 0.01129305477131564
0 0.4233561920129084 0.16233766233766234 0.02864058087938685 0.015810276679841896
0 0.09741831383622429 0.18661773009599097 0.05244050020169423 0.014398644833427442
0 0.1218233158531666 0.18633540372670807 0.03227107704719645 0.012422360248447204
0 0.15227914481645824 0.18690005646527386 0.04881000403388463 0.016092603049124788
0 0.15469947559499797 0.1857707509881423 0.0024203307785397336 0.00282326369282891
0 0.21924162968939087 0.1876058723884811 0.11738604275917709 0.017504234895539244
0 0.23961274707543365 0.18675889328063242 0.02702702702702703 0.011857707509881422
0 0.27269060104881 0.1876058723884811 0.04961678096006454 0.014116318464144552
0 0.31121419927390076 0.18774703557312253 0.05929810407422348 0.010728402032749858
0 0.3170633319887051 0.1873235460191982 0.004437273093989512 0.004517221908526256
0 0.34429205324727713 0.1876058723884811 0.042759177087535294 0.012140033879164314
0 0.373134328358209 0.18845285149632976 0.043969342476805166 0.014680971202710334
0 0.399959661153691 0.18817052512704688 0.03630496167809601 0.01129305477131564
0 0.42940701895925776 0.18774703557312253 0.04517950786607503 0.017786561264822136
0 0.12505042355788623 0.21329757199322416 0.11093182734973779 0.012987012987012988
0 0.14320290439693426 0.2124505928853755 0.020572811617587738 0.007340485601355167
0 0.19685356998789835 0.21357989836250707 0.09802339653085922 0.01693958215697346
0 0.20250100847115773 0.21301524562394128 0.004437273093989512 0.0036702428006775835
0 0.2263009277934651 0.21301524562394128 0.03953206938281565 0.01693958215697346
0 0.25514320290439696 0.2124505928853755 0.03953206938281565 0.009881422924901186
0 0.3043565954013715 0.2127329192546584 0.08390480032271078 0.018068887634105024
0 0.33662767244856795 0.2127329192546584 0.04719645018152481 0.01101072840203275
0 0.3652682533279548 0.21315640880858272 0.043969342476805166 0.013269339356295878
0 0.39209358612343687 0.2127329192546584 0.03953206938281565 0.015810276679841896
0 0.4062121823315853 0.2121682665160926 0.01734570391286809 0.007058159232072276
0 0.4342476805163372 0.2124505928853755 0.04961678096006454 0.014116318464144552
0 0.10266236385639371 0.237012987012987 0.07018959257765228 0.011575381140598532
0 0.1054860830980234 0.23560135516657255 0.0028237192416296895 0.002258610954263128
