0 0.10306575231948366 0.11208356860530773 0.05808793868495361 0.017786561264822136
0 0.13856393707139975 0.11151891586674195 0.050826946349334406 0.015527950310559006
0 0.18959257765227913 0.11166007905138339 0.08108108108108109 0.016092603049124788
0 0.2263009277934651 0.11151891586674195 0.05808793868495361 0.018633540372670808
0 0.2559499798305768 0.11151891586674195 0.04154901169826543 0.0189158667419537
0 0.29588543767648245 0.11109542631281762 0.07139975796692215 0.012987012987012988
0 0.31887858007260994 0.11109542631281762 0.029850746268656716 0.017786561264822136
0 0.3676885841064946 0.11137775268210051 0.08350141185962082 0.014116318464144552
0 0.4344493747478822 0.11702428006775834 0.10286405808793868 0.03020892151326934
0 0.4421137555465914 0.11236589497459062 0.00645421540943929 0.00846979107848673
0 0.09096409842678499 0.13650479954827782 0.0463896732553449 0.022868435911914172
0 0.1329164985881404 0.13763410502540938 0.07422347720855184 0.02258610954263128
0 0.17022993142396128 0.1367871259175607 0.05970149253731343 0.01693958215697346
0 0.2101653892698669 0.1362224731789949 0.0681726502622025 0.021174477696216828
0 0.26220250100847114 0.14088085827216262 0.09035901573215006 0.032185206098249576
0 0.28479225494150867 0.13594014680971203 0.03146430012101654 0.01383399209486166
0 0.3128277531262606 0.13537549407114624 0.045582896329164985 0.022868435911914172
0 0.3412666397741025 0.13918690005646528 0.050423557886244454 0.03190287972896669
0 0.38241226300927794 0.13594014680971203 0.07260992335619201 0.025409373235460192
0 0.4171036708350141 0.13325804630152457 0.0572811617587737 0.021174477696216828
0 0.1308995562726906 0.1616318464144551 0.12666397741024607 0.02258610954263128
0 0.18596208148446955 0.16205533596837945 0.08793868495361033 0.022303783173348392
0 0.21359419120613152 0.1616318464144551 0.04195240016135539 0.022868435911914172
0 0.25574828559903184 0.16205533596837945 0.07139975796692215 0.026821005081874648
0 0.2876159741831384 0.16247882552230378 0.04759983864461476 0.014963297571993224
0 0.34852763210972165 0.16134952004517222 0.09842678499394918 0.0220214568040655
0 0.37131908027430416 0.1647374364765669 0.03469140782573618 0.028797289666854884
0 0.41206131504638965 0.16177300959909655 0.06736587333602259 0.016092603049124788
0 0.10125050423557887 0.18661773009599097 0.06736587333602259 0.020327498588368152
0 0.14138765631302944 0.18788819875776397 0.06696248487293263 0.028232636928289104
0 0.16942315449778136 0.18619424054206662 0.045986284792254944 0.024844720496894408
0 0.21480435659540137 0.18661773009599097 0.07785397337636143 0.02456239412761152
0 0.2755143202904397 0.19395821569734614 0.10286405808793868 0.04009034443817053
0 0.30395320693828154 0.18591191417278374 0.04517950786607503 0.023150762281197064
0 0.354578459056071 0.18661773009599097 0.08309802339653086 0.025691699604743084
0 0.3588140379185155 0.1852060982495765 0.002016942315449778 0.001411631846414455
0 0.4035901573215006 0.18534726143421795 0.07139975796692215 0.022868435911914172
0 0.44392900363049614 0.18746470920383965 0.06615570794675273 0.01948051948051948
0 0.08430818878580072 0.21075663466967814 0.026220250100847116 0.018068887634105024
0 0.14058087938684954 0.21259175607001693 0.0935861234368697 0.026256352343308864
0 0.1645824929407019 0.21202710333145117 0.033481242436466316 0.015810276679841896
0 0.21661960467930616 0.2155561829474873 0.09035901573215006 0.023997741389045736
0 0.25958047599838646 0.21301524562394128 0.07422347720855184 0.027385657820440428
0 0.2864058087938685 0.21259175607001693 0.03307785397337636 0.016092603049124788
0 0.3215006050826946 0.2127329192546584 0.051230334812424366 0.02456239412761152
0 0.34187172246873737 0.2121682665160926 0.030254134731746672 0.022303783173348392
0 0.39874949576442115 0.21188594014680973 0.09963695038321904 0.019198193111236588
0 0.44796288826139574 0.21259175607001693 0.07785397337636143 0.029926595143986448
0 0.12121823315853167 0.23771880293619424 0.11052843888664785 0.029361942405420668
0 0.1252521177894312 0.24110671936758893 0.004437273093989512 0.014398644833427442
0 0.14663170633319886 0.23715415019762845 0.031060911657926585 0.017504234895539244
0 0.19443323920935862 0.2422360248447205 0.08148446954417103 0.02456239412761152
0 0.19826542960871318 0.2435064935064935 0.004437273093989512 0.01129305477131564
0 0.2291246470350948 0.23941276115189158 0.055667607906413875 0.025409373235460192
0 0.25010084711577246 0.23870694522868435 0.03227107704719645 0.01355166572557877
0 0.3130294473578056 0.24153020892151328 0.10689794271883823 0.03303218520609825
0 0.3654699475594998 0.23828345567476003 0.09076240419524001 0.023997741389045736
0 0.3701089148850343 0.237012987012987 0.0016135538523598225 0.0016939582156973462
0 0.39693424768051633 0.24054206662902314 0.033884630899556276 0.03162055335968379
0 0.4334409035901573 0.23842461885940147 0.06131504638967326 0.023997741389045736
0 0.11617587736990723 0.2689158667419537 0.09237595804759983 0.03274985883681536
0 0.15893505445744252 0.26468097120271034 0.06696248487293263 0.019762845849802372
0 0.2045179507866075 0.26990400903444384 0.06736587333602259 0.03980801806888763
0 0.2765227914481646 0.27188029361942406 0.12868091972569584 0.04206662902315076
0 0.32755143202904397 0.26439864483342745 0.08551835417507059 0.03020892151326934
0 0.35074626865671643 0.2649632975719932 0.042759177087535294 0.026256352343308864
0 0.41044776119402987 0.264257481648786 0.10810810810810811 0.028797289666854884
0 0.4562323517547398 0.2636928289102202 0.07139975796692215 0.018351214003387916
0 0.09620814844695441 0.28740824392998304 0.05647438483259379 0.023150762281197064
0 0.1563130294473578 0.2893845285149633 0.10044372730939895 0.023433088650479956
0 0.18152480839048002 0.29136081309994355 0.03670835014118596 0.027950310559006212
0 0.22509076240419523 0.2899491812535291 0.06171843485276321 0.026256352343308864
0 0.23215006050826947 0.2950310559006211 0.007260992335619202 0.015810276679841896
0 0.26764824526018555 0.2891022021456804 0.051230334812424366 0.025409373235460192
0 0.2932634126663977 0.28952569169960474 0.035498184751916094 0.019198193111236588
0 0.3979427188382412 0.28952569169960474 0.18838241226300928 0.028232636928289104
0 0.4346510689794272 0.2891022021456804 0.05970149253731343 0.018068887634105024
0 0.15933844292053248 0.3211462450592885 0.18071803146430013 0.04601919819311124
0 0.22226704316256554 0.31437041219649914 0.10770471964501815 0.02766798418972332
0 0.2581686163775716 0.3160643704121965 0.05687777329568374 0.0220214568040655
0 0.33763614360629285 0.32185206098249575 0.14360629286002422 0.035290796160361376
0 0.3783783783783784 0.3142292490118577 0.06736587333602259 0.026256352343308864
0 0.40399354578459057 0.314652738565782 0.03993545784590561 0.016657255787690572
0 0.445139169019766 0.32029926595143987 0.07220653489310205 0.028797289666854884
0 0.10508269463493344 0.3390739695087521 0.07099636950383219 0.03077357425183512
0 0.11093182734973779 0.34528514963297574 0.0060508269463493344 0.016657255787690572
0 0.1446147640177491 0.3390739695087521 0.0536506655909641 0.018068887634105024
0 0.1801129487696652 0.34232072275550535 0.057684550221863654 0.024280067758328628
0 0.27874142799515933 0.3461321287408244 0.18797902379991932 0.03387916431394692
0 0.3608309802339653 0.34528514963297574 0.14965711980637353 0.037267080745341616
0 0.38785800726099234 0.3382269904009034 0.043162565550625254 0.01693958215697346
0 0.4570391286809197 0.3409090909090909 0.11778943122226704 0.029644268774703556
0 0.10810810810810811 0.36377752682100506 0.07018959257765228 0.028232636928289104
0 0.16518757563533684 0.3730942970073405 0.09721661960467931 0.04206662902315076
0 0.2353771682129891 0.36490683229813664 0.11052843888664785 0.026821005081874648
0 0.24021782977006859 0.3634952004517222 0.0028237192416296895 0.001976284584980237
