0 0.0935861234368697 0.11123658949745906 0.03711173860427592 0.021174477696216828
0 0.1228317870108915 0.11166007905138339 0.042759177087535294 0.02456239412761152
0 0.1563130294473578 0.11603613777526821 0.051230334812424366 0.019762845849802372
0 0.18031464300121017 0.11180124223602485 0.03953206938281565 0.017221908526256352
0 0.2146026623638564 0.11166007905138339 0.05486083098023396 0.021739130434782608
0 0.21944332392093585 0.11264822134387352 0.004437273093989512 0.00564652738565782
0 0.24263816054860832 0.11123658949745906 0.03711173860427592 0.01948051948051948
0 0.26058894715611136 0.11123658949745906 0.020976200080677694 0.02258610954263128
0 0.3063735377168213 0.11716544325239978 0.08027430415490117 0.031338226990400904
0 0.3118192819685357 0.11405985319028797 0.004840661557079467 0.005081874647092038
0 0.3400564743848326 0.11137775268210051 0.04437273093989512 0.007905138339920948
0 0.36385639370713996 0.116600790513834 0.03630496167809601 0.019762845849802372
0 0.39330375151270675 0.11208356860530773 0.045582896329164985 0.023997741389045736
0 0.41044776119402987 0.11166007905138339 0.021782977006857603 0.024280067758328628
0 0.4411052843888665 0.11829474872953134 0.04759983864461476 0.037267080745341616
0 0.09116579265832997 0.1367871259175607 0.041145623235175476 0.007340485601355167
0 0.1228317870108915 0.14313946922642576 0.04881000403388463 0.03303218520609825
0 0.13856393707139975 0.13650479954827782 0.021379588543767647 0.020892151326933936
0 0.19402985074626866 0.1373517786561265 0.09479628882613957 0.026256352343308864
0 0.1974586526825333 0.1357989836250706 0.002016942315449778 0.001411631846414455
0 0.24162968939088342 0.13706945228684358 0.07704719645018153 0.0251270468661773
0 0.25877369907220654 0.13664596273291926 0.022993142396127472 0.020045172219085264
0 0.29144816458249295 0.1373517786561265 0.05526421944332392 0.021456804065499716
0 0.31464300121016536 0.1362224731789949 0.03428801936264623 0.009316770186335404
0 0.33783783783783783 0.1367871259175607 0.03065752319483663 0.021456804065499716
0 0.37152077450584914 0.1432806324110672 0.05163372327551432 0.034443817052512704
0 0.40762404195240015 0.14313946922642576 0.06494554255748286 0.03387916431394692
0 0.41952400161355385 0.13721061547148503 0.016942315449778138 0.018351214003387916
0 0.09701492537313433 0.1668548842461886 0.05244050020169423 0.037267080745341616
0 0.1264622831787011 0.1616318464144551 0.03872529245663574 0.022868435911914172
0 0.14602662363856395 0.16247882552230378 0.024606696248487294 0.024844720496894408
0 0.17224687373941105 0.16177300959909655 0.033481242436466316 0.023433088650479956
0 0.19766034691407824 0.16177300959909655 0.03469140782573618 0.023150762281197064
0 0.24788221056877774 0.16840767927724448 0.08350141185962082 0.023715415019762844
0 0.2779346510689794 0.16177300959909655 0.04881000403388463 0.022303783173348392
0 0.3136345300524405 0.16643139469226426 0.058491327148043566 0.017221908526256352
0 0.32311415893505446 0.16050254093732355 0.004840661557079467 0.001976284584980237
0 0.3356192012908431 0.16205533596837945 0.014521984671238403 0.023997741389045736
0 0.3666801129487697 0.16784302653867872 0.050826946349334406 0.030491247882552232
0 0.382008874546188 0.1616318464144551 0.020572811617587738 0.01693958215697346
0 0.4372730939895119 0.16445511010728403 0.09681323114158935 0.029079616036137776
0 0.10709963695038321 0.19381705251270467 0.07946752722872126 0.028514963297571992
0 0.12686567164179105 0.18690005646527386 0.021379588543767647 0.021456804065499716
0 0.17244856797095603 0.18788819875776397 0.06978620411456232 0.016657255787690572
0 0.22146026623638565 0.18788819875776397 0.08350141185962082 0.021456804065499716
0 0.24667204517950786 0.1880293619424054 0.03670835014118596 0.022303783173348392
0 0.2991125453812021 0.19282891022021456 0.08753529649052037 0.032185206098249576
0 0.33098023396530857 0.19268774703557312 0.04800322710770472 0.032185206098249576
0 0.35498184751916095 0.18817052512704688 0.03469140782573618 0.025409373235460192
0 0.38120209762000806 0.18774703557312253 0.03711173860427592 0.024280067758328628
0 0.4082291246470351 0.18690005646527386 0.043162565550625254 0.019762845849802372
0 0.4227511093182735 0.1870412196499153 0.01855586930213796 0.010163749294184076
0 0.4417103670835014 0.18788819875776397 0.02501008471157725 0.024844720496894408
0 0.12686567164179105 0.21908526256352343 0.11415893505445744 0.03190287972896669
0 0.1609519967728923 0.21301524562394128 0.04881000403388463 0.025974025974025976
0 0.17970956030657523 0.21329757199322416 0.022589753933037516 0.0220214568040655
0 0.21137555465913674 0.21202710333145117 0.04477611940298507 0.020327498588368152
0 0.23699072206534894 0.217673630717109 0.035901573215006054 0.035290796160361376
0 0.2434449374747882 0.2140033879164314 0.0052440500201694235 0.005081874647092038
0 0.26865671641791045 0.21230942970073405 0.03670835014118596 0.02456239412761152
0 0.291044776119403 0.2127329192546584 0.031060911657926585 0.020609824957651044
0 0.31222267043162566 0.21329757199322416 0.03509479628882614 0.018633540372670808
0 0.3354175070592981 0.2127329192546584 0.033481242436466316 0.021174477696216828
0 0.3620411456232352 0.21739130434782608 0.03791851553045583 0.03472614342179559
0 0.39330375151270675 0.21315640880858272 0.04961678096006454 0.02258610954263128
0 0.3979427188382412 0.21569734613212874 0.005647438483259379 0.006211180124223602
0 0.4237595804759984 0.2127329192546584 0.042759177087535294 0.01129305477131564
0 0.4396934247680516 0.21202710333145117 0.018959257765227916 0.0189158667419537
0 0.08612343686970553 0.2381422924901186 0.0326744655102864 0.028232636928289104
0 0.1200080677692618 0.23743647656691136 0.04961678096006454 0.020045172219085264
0 0.1500605082694635 0.2419536984754376 0.04154901169826543 0.029926595143986448
0 0.16680112948769665 0.23800112930547712 0.019766034691407825 0.020045172219085264
0 0.1926179911254538 0.23828345567476003 0.04033884630899556 0.012704686617730096
0 0.23961274707543365 0.23941276115189158 0.07583703106091166 0.023150762281197064
0 0.27208551835417505 0.2435064935064935 0.0463896732553449 0.037549407114624504
0 0.32755143202904397 0.23842461885940147 0.08955223880597014 0.024280067758328628
0 0.3301734570391287 0.23785996612083568 0.003227107704719645 0.0016939582156973462
