0 0.07866075030254134 0.10220214568040654 0.021379588543767647 0.0189158667419537
0 0.20169423154497781 0.10544889892715979 0.21702299314239612 0.02710333145115754
0 0.2700685760387253 0.10502540937323546 0.11254538120209762 0.023715415019762844
0 0.32129891085114964 0.10121400338791643 0.0754336425978217 0.015527950310559006
0 0.3882613957240823 0.1020609824957651 0.11173860427591771 0.01637492941840768
0 0.4227511093182735 0.10121400338791643 0.04759983864461476 0.014963297571993224
0 0.44917305365066557 0.10022586109542632 0.03428801936264623 0.017221908526256352
0 0.100040338846309 0.1256352343308865 0.06857603872529246 0.017221908526256352
0 0.18212989108511496 0.1274703557312253 0.14037918515530456 0.0220214568040655
0 0.29265832997176283 0.12464709203839638 0.19483662767244858 0.014398644833427442
0 0.3307785397337636 0.12549407114624506 0.04437273093989512 0.017786561264822136
0 0.38039532069382814 0.12337662337662338 0.08148446954417103 0.010163749294184076
0 0.41044776119402987 0.12549407114624506 0.03751512706736587 0.019198193111236588
0 0.4824526018555869 0.12676453980801808 0.12384025816861638 0.019762845849802372
0 0.08652682533279549 0.1528797289666855 0.04235578862444534 0.009034443817052512
0 0.13916901976603469 0.15245623941276115 0.07422347720855184 0.016657255787690572
0 0.1663977410246067 0.15189158667419536 0.040742234772085516 0.00818746470920384
0 0.21157724889068172 0.15316205533596838 0.06938281565147236 0.018351214003387916
0 0.2809600645421541 0.1566911349520045 0.11415893505445744 0.023150762281197064
0 0.3174667204517951 0.15711462450592886 0.05647438483259379 0.024844720496894408
0 0.3828156514723679 0.1520327498588368 0.11133521581282775 0.016092603049124788
0 0.4346510689794272 0.1551383399209486 0.08834207341670028 0.023715415019762844
0 0.48426784993949173 0.15118577075098813 0.08753529649052037 0.015810276679841896
0 0.10427591770875352 0.17786561264822134 0.07503025413473174 0.014963297571993224
0 0.1464300121016539 0.17800677583286278 0.050423557886244454 0.009599096555618294
0 0.24223477208551836 0.17843026538678713 0.16054860830980233 0.015245623941276116
0 0.2488906817265026 0.17843026538678713 0.0060508269463493344 0.00282326369282891
0 0.3325937878176684 0.1808300395256917 0.1399757966922146 0.0220214568040655
0 0.3426784993949173 0.17970073404856013 0.0028237192416296895 0.00846979107848673
0 0.38241226300927794 0.18097120271033315 0.05889471561113352 0.021456804065499716
0 0.4693424768051634 0.18195934500282326 0.1536910044372731 0.021739130434782608
0 0.4759983864461476 0.18280632411067194 0.0052440500201694235 0.012140033879164314
0 0.10306575231948366 0.2031338226990401 0.07180314643001211 0.015810276679841896
0 0.1345300524405002 0.2031338226990401 0.02501008471157725 0.00846979107848673
0 0.2063331988705123 0.20708639186900057 0.11617587736990723 0.0220214568040655
0 0.3170633319887051 0.20426312817617165 0.18757563533682936 0.021174477696216828
0 0.3563937071399758 0.205957086391869 0.050423557886244454 0.023715415019762844
0 0.4318273497377975 0.20271033314511575 0.12666397741024607 0.019198193111236588
0 0.10246066962484873 0.2339073969508752 0.08027430415490117 0.025974025974025976
0 0.11052843888664785 0.2326369282891022 0.003630496167809601 0.009881422924901186
0 0.22246873739411052 0.23193111236589498 0.190802743041549 0.023997741389045736
0 0.2736990722065349 0.22882552230378317 0.0790641387656313 0.017221908526256352
0 0.30133118192819686 0.2289666854884246 0.02581686163775716 0.01693958215697346
0 0.40641387656313027 0.23094297007340486 0.17870108914885036 0.0220214568040655
0 0.44675272287212586 0.22826086956521738 0.0645421540943929 0.016092603049124788
0 0.10427591770875352 0.2852907961603614 0.07220653489310205 0.025691699604743084
0 0.1619604679306172 0.281055900621118 0.06776926179911255 0.01383399209486166
0 0.24848729326341268 0.28387916431394694 0.13231141589350545 0.015810276679841896
0 0.36486486486486486 0.28190287972896666 0.1964501815248084 0.019198193111236588
0 0.40116982654296085 0.28402032749858835 0.03630496167809601 0.023150762281197064
0 0.42295280354981846 0.2813382269904009 0.026220250100847116 0.009599096555618294
0 0.12686567164179105 0.30844155844155846 0.12061315046389673 0.021174477696216828
0 0.1674062121823316 0.3073122529644269 0.03872529245663574 0.020045172219085264
0 0.2539330375151271 0.3064652738565782 0.13432835820895522 0.01129305477131564
0 0.33057684550221866 0.30533596837944665 0.11415893505445744 0.015527950310559006
0 0.38039532069382814 0.3039243365330322 0.06857603872529246 0.014116318464144552
0 0.4100443727309399 0.30434782608695654 0.022993142396127472 0.009316770186335404
0 0.11012505042355789 0.3308865047995483 0.0891488503428802 0.018068887634105024
0 0.15147236789027835 0.33483907396950874 0.03630496167809601 0.022303783173348392
0 0.2099636950383219 0.3307453416149068 0.08511496571198064 0.018633540372670808
0 0.2156111335215813 0.3300395256916996 0.004437273093989512 0.002258610954263128
