0 380.0810810810811 736.013410502541 0.16216216216216217 0.026821005081874648
0 819.0229931423961 735.0091756070017 0.045986284792254944 0.018351214003387916
0 996.0405405405405 735.0132693393563 0.08108108108108109 0.026538678712591756
0 1256.0014118596207 794.0038114059853 0.0028237192416296895 0.007622811970638058
0 1313.0361032674466 744.0093167701864 0.07220653489310205 0.018633540372670808
0 1553.0473981444131 739.0091756070017 0.09479628882613957 0.018351214003387916
0 1817.0020169423155 791.0033879164314 0.004033884630899556 0.006775832862789385
0 1880.060709963695 738.0095990965556 0.12141992739007665 0.019198193111236588
0 378.04517950786607 906.0097402597403 0.09035901573215006 0.01948051948051948
0 680.033279548205 915.0088932806324 0.06655909640984267 0.017786561264822136
0 917.0597014925373 913.0128458498024 0.11940298507462686 0.025691699604743084
0 1281.0548608309803 913.0139751552795 0.10972166196046793 0.027950310559006212
0 1613.0155304558289 908.0127046866178 0.031060911657926585 0.025409373235460192
0 1747.0814844695442 924.0115753811406 0.16296893908834206 0.023150762281197064
0 388.04457442517145 1109.010587238848 0.0891488503428802 0.021174477696216828
0 665.0151270673658 1094.0081874647092 0.030254134731746672 0.01637492941840768
0 810.0849132714804 1089.0146809712028 0.16982654296087132 0.029361942405420668
0 1293.0272287212586 1090.0094579333709 0.05445744251714401 0.0189158667419537
0 1482.0859217426382 1094.0143986448334 0.1718434852763211 0.028797289666854884
0 1972.019967728923 1072.0131281761717 0.03993545784590561 0.026256352343308864
0 384.0570794675272 1270.011010728402 0.11415893505445744 0.0220214568040655
0 717.0014118596208 1312.0045172219086 0.0028237192416296895 0.009034443817052512
0 796.0149253731344 1289.006634669678 0.029850746268656716 0.013269339356295878
0 891.0018152480839 1320.0032467532467 0.003630496167809601 0.006493506493506494
0 957.0197660346914 1286.0064935064936 0.03953206938281565 0.012987012987012988
0 1118.0667607906414 1263.0111518915867 0.1335215812827753 0.022303783173348392
0 1534.0314643001211 1265.0097402597403 0.06292860024203308 0.01948051948051948
0 1747.0611133521581 1262.0153867871259 0.12222670431625655 0.03077357425183512
0 385.06696248487293 1812.0115753811406 0.13392496974586526 0.023150762281197064
0 789.0354981847519 1826.0062111801242 0.07099636950383219 0.012422360248447204
0 1034.0443727309398 1816.0088932806325 0.08874546187979024 0.017786561264822136
0 1327.024405002017 1809.0101637492942 0.04881000403388463 0.020327498588368152
0 1503.0300524405002 1840.005505364201 0.06010488100040339 0.01101072840203275
0 1700.0014118596207 1851.0060700169395 0.0028237192416296895 0.012140033879164314
0 1766.0282371924163 1806.0093167701864 0.05647438483259379 0.018633540372670808
0 1967.076240419524 1808.0141163184642 0.15248083904800322 0.028232636928289104
0 390.0843081887858 1976.0143986448334 0.16861637757160144 0.028797289666854884
0 885.0272287212586 1986.0094579333709 0.05445744251714401 0.0189158667419537
0 1095.0685760387253 1987.0093167701864 0.1371520774505849 0.018633540372670808
0 1528.1046793061719 1979.0142574816489 0.20935861234368697 0.028514963297571992
0 384.089552238806 2166.0097402597403 0.1791044776119403 0.01948051948051948
0 898.0123033481242 2193.005505364201 0.024606696248487294 0.01101072840203275
0 1007.0576845502219 2167.009316770186 0.11536910044372731 0.018633540372670808
0 1392.0726099233561 2193.0057876905703 0.14521984671238403 0.011575381140598532
0 1822.0171440096813 2165.0124223602484 0.03428801936264623 0.024844720496894408
0 1972.0675675675675 2170.01581027668 0.13513513513513514 0.03162055335968379
0 2319.0012101653892 2226.001270468662 0.0024203307785397336 0.002540937323546019
