0 351.02904396934247 852.0107284020328 0.05808793868495361 0.021456804065499716
0 581.0619201290843 841.023997741389 0.12384025816861638 0.04799548277809147
0 946.0574828559903 843.0184923771881 0.11496571198063735 0.03698475437605872
0 1321.0161355385235 853.0136928289102 0.03227107704719645 0.027385657820440428
0 1465.0845098830173 841.0155279503106 0.1690197660346914 0.031055900621118012
0 1965.05223880597 861.011434217956 0.1044776119402985 0.022868435911914172
0 362.0941912061315 1036.0190570299267 0.18838241226300928 0.03811405985319029
0 866.031060911658 1037.01185770751 0.06212182331585317 0.023715415019762844
0 1082.0722065348932 1020.0180688876341 0.1444130697862041 0.03613777526821005
0 1518.0143202904396 1030.0142574816489 0.02864058087938685 0.028514963297571992
0 1627.0290439693424 1015.0107284020328 0.05808793868495361 0.021456804065499716
0 1849.0467930617185 1029.0112930547714 0.0935861234368697 0.02258610954263128
0 2119.0020169423155 1096.0011293054772 0.004033884630899556 0.002258610954263128
0 2163.0217829770068 1025.0114342179559 0.04356595401371521 0.022868435911914172
0 355.0157321500605 1222.0094579333709 0.03146430012101654 0.0189158667419537
0 495.040338846309 1216.0104460756634 0.08067769261799113 0.020892151326933936
0 726.0451795078661 1184.0135516657256 0.09035901573215006 0.02710333145115754
0 990.0435659540137 1214.0091756070017 0.08713190802743041 0.018351214003387916
0 1279.0135135135135 1218.0076228119706 0.02702702702702703 0.015245623941276116
0 1421.064340459863 1203.0153867871259 0.12868091972569584 0.03077357425183512
0 1817.0316659943526 1234.0064935064936 0.06333198870512304 0.012987012987012988
0 2050.045381202098 1194.0119988706945 0.09076240419524001 0.023997741389045736
0 321.03025413473176 1414.010587238848 0.060508269463493344 0.021174477696216828
0 552.0318676885842 1434.0077639751553 0.063735377168213 0.015527950310559006
0 722.0036304961678 1465.0069169960475 0.007260992335619202 0.01383399209486166
0 796.0320693828156 1386.0128458498023 0.06413876563130294 0.025691699604743084
0 1000.0835014118596 1393.0172219085262 0.16700282371924163 0.034443817052512704
0 1512.0915691811215 1379.0182100508187 0.18313836224283986 0.036420101637492944
0 1996.0304558289633 1379.0114342179559 0.0609116579265833 0.022868435911914172
0 268.0788624445341 1558.0138339920948 0.15772488906817264 0.02766798418972332
0 746.1133521581282 1558.0163749294184 0.22670431625655507 0.03274985883681536
0 1386.0976200080677 1562.0108695652175 0.1952400161355385 0.021739130434782608
0 1923.0135135135135 1603.004376058724 0.02702702702702703 0.008752117447769622
0 2058.059298104074 1558.0115753811406 0.11859620814844696 0.023150762281197064
0 288.076240419524 1787.0080463015245 0.15248083904800322 0.016092603049124788
0 789.0189592577652 1788.012563523433 0.03791851553045583 0.0251270468661773
0 965.0744251714401 1765.0175042348956 0.14885034288019364 0.03500846979107849
0 1343.0016135538524 1852.0012704686617 0.003227107704719645 0.002540937323546019
