0 308.05889471561113 893.0139751552795 0.11778943122226704 0.027950310559006212
0 651.0342880193626 924.0121400338792 0.06857603872529246 0.024280067758328628
0 883.0451795078661 921.014963297572 0.09035901573215006 0.029926595143986448
0 1166.0169423154498 883.0197628458498 0.033884630899556276 0.039525691699604744
0 1297.0705929810408 883.0197628458498 0.14118596208148446 0.039525691699604744
0 1701.0427591770876 891.0128458498024 0.08551835417507059 0.025691699604743084
0 307.05365066559096 1090.0155279503106 0.1073013311819282 0.031055900621118012
0 627.0201694231545 1091.0153867871259 0.04033884630899556 0.03077357425183512
0 782.0849132714804 1063.0199040090345 0.16982654296087132 0.03980801806888763
0 1241.0383219039936 1070.0127046866178 0.07664380798709157 0.025409373235460192
0 1485.0677692617992 1064.0197628458498 0.1355385235982251 0.039525691699604744
0 1846.0018152480839 1151.0025409373236 0.003630496167809601 0.005081874647092038
0 1899.0516337232755 1074.0114342179559 0.10326744655102864 0.022868435911914172
0 300.07503025413473 1256.0127046866178 0.1500605082694635 0.025409373235460192
0 731.0395320693829 1285.0143986448334 0.0790641387656313 0.028797289666854884
0 989.0068576038725 1280.0060700169395 0.01371520774505849 0.012140033879164314
0 1074.054457442517 1263.0159514398645 0.10891488503428802 0.03190287972896669
0 1409.0443727309398 1231.018915866742 0.08874546187979024 0.0378317334839074
0 1661.029245663574 1233.0146809712028 0.058491327148043566 0.029361942405420668
0 1854.0812827753127 1262.016516092603 0.16256555062525213 0.03303218520609825
0 310.0389269866882 1420.0146809712028 0.07785397337636143 0.029361942405420668
0 566.0348931020573 1458.00790513834 0.06978620411456232 0.015810276679841896
0 789.0104881000403 1461.0069169960475 0.020976200080677694 0.01383399209486166
0 882.0504235578862 1426.0193393562959 0.10084711577248891 0.03867871259175607
0 1136.0016135538524 1512.0036702428006 0.003227107704719645 0.007340485601355167
0 1211.049213392497 1442.0117165443253 0.09842678499394918 0.023433088650479956
0 1519.0211778943121 1446.009881422925 0.04235578862444534 0.019762845849802372
0 1706.053650665591 1433.011010728402 0.1073013311819282 0.0220214568040655
0 2009.0538523598225 1420.0180688876342 0.10770471964501815 0.03613777526821005
0 2284.00262202501 1506.0062111801242 0.0052440500201694235 0.012422360248447204
0 318.07180314643 1953.0153867871259 0.14360629286002422 0.03077357425183512
0 759.0106897942719 2004.005928853755 0.021379588543767647 0.011857707509881422
0 831.0320693828156 1967.0122811970639 0.06413876563130294 0.02456239412761152
0 1054.0153287615974 1953.0186335403728 0.03065752319483663 0.037267080745341616
0 1163.0738200887454 1964.0190570299267 0.14764017749092376 0.03811405985319029
0 1592.0566760790641 1963.01185770751 0.11335215812827754 0.023715415019762844
0 1936.0413473174667 1965.01185770751 0.0826946349334409 0.023715415019762844
0 2160.0038321903994 1997.0134105025409 0.007664380798709157 0.026821005081874648
0 345.0475998386446 2115.014116318464 0.09519967728922953 0.028232636928289104
0 625.0326744655102 2148.0108695652175 0.0653489310205728 0.021739130434782608
0 850.0488100040338 2146.0128458498025 0.09762000806776926 0.025691699604743084
0 1142.029245663574 2145.012563523433 0.058491327148043566 0.0251270468661773
0 1357.0818878580073 2128.023150762281 0.16377571601452198 0.04630152456239413
0 1820.07180314643 2126.0218802936192 0.14360629286002422 0.04376058723884811
0 346.0564743848326 2337.0139751552797 0.11294876966518758 0.027950310559006212
0 650.0034288019363 2406.005364201016 0.006857603872529245 0.010728402032749858
0 737.0391286809197 2324.0128458498025 0.0782573618394514 0.025691699604743084
0 1019.0933844292053 2325.020045172219 0.18676885841064947 0.04009034443817053
0 1562.0609116579267 2323.013269339356 0.1218233158531666 0.026538678712591756
0 1935.0411456232353 2307.0148221343875 0.08229124647035095 0.029644268774703556
0 356.0413473174667 2500.0208921513267 0.0826946349334409 0.04178430265386787
0 635.0582896329165 2501.0196216826653 0.11657926583299717 0.039243365330321855
0 997.0461879790238 2551.007058159232 0.09237595804759983 0.014116318464144552
0 1261.0014118596207 2594.000423489554 0.0028237192416296895 0.0008469791078486731
