0 375.05183541750705 1057.0111518915867 0.1036708350141186 0.022303783173348392
0 667.0568777732957 1056.0100225861095 0.11375554659136748 0.020045172219085264
0 991.0195643404599 1065.007481648786 0.0391286809197257 0.014963297571993224
0 1124.0373134328358 1054.0081874647092 0.07462686567164178 0.01637492941840768
0 1343.0094796288827 1085.0036702428006 0.018959257765227916 0.007340485601355167
0 1422.0314643001211 1084.0045172219086 0.06292860024203308 0.009034443817052512
0 1610.0554659136749 1070.009881422925 0.11093182734973779 0.019762845849802372
0 1918.0215812827753 1070.0062111801242 0.043162565550625254 0.012422360248447204
0 372.0556676079064 1251.00790513834 0.11133521581282775 0.015810276679841896
0 702.0681726502622 1239.0119988706945 0.136345300524405 0.023997741389045736
0 1079.0131101250504 1246.007058159232 0.026220250100847116 0.014116318464144552
0 1167.0229931423962 1242.007481648786 0.045986284792254944 0.014963297571993224
0 1325.0451795078661 1264.007058159232 0.09035901573215006 0.014116318464144552
0 1588.0590964098426 1240.0088932806325 0.118192819685357 0.017786561264822136
0 1923.0131101250504 1229.0081874647092 0.026220250100847116 0.01637492941840768
0 2022.02480839048 1229.0080463015245 0.04961678096006454 0.016092603049124788
0 385.0231948366277 1623.0045172219086 0.0463896732553449 0.009034443817052512
0 546.0072609923357 1630.0036702428006 0.014521984671238403 0.007340485601355167
0 625.0431625655506 1600.0093167701864 0.08632513110125051 0.018633540372670808
0 880.0125050423558 1600.0080463015245 0.02501008471157725 0.016092603049124788
0 988.013311819282 1627.0038114059853 0.026623638563937072 0.007622811970638058
0 1095.0300524405002 1596.0076228119706 0.06010488100040339 0.015245623941276116
0 1269.0699878983462 1596.0100225861095 0.1399757966922146 0.020045172219085264
0 1644.013311819282 1591.0077639751553 0.026623638563937072 0.015527950310559006
0 1733.0187575635337 1591.007481648786 0.03751512706736587 0.014963297571993224
0 1850.047801532876 1592.0076228119706 0.09560306575231949 0.015245623941276116
0 2106.0012101653892 1639.0011293054772 0.0024203307785397336 0.002258610954263128
0 379.0312626058895 1782.008328627894 0.06252521177894312 0.016657255787690572
0 579.0661557079468 1781.007481648786 0.13231141589350545 0.014963297571993224
0 947.049213392497 1762.0081874647092 0.09842678499394918 0.01637492941840768
0 1235.0143202904396 1781.0050818746472 0.02864058087938685 0.010163749294184076
0 1349.0498184751916 1761.011010728402 0.09963695038321904 0.0220214568040655
0 1623.008874546188 1786.0032467532467 0.017749092375958047 0.006493506493506494
0 1709.0264219443325 1777.0077639751553 0.052843888664784185 0.015527950310559006
0 1875.0538523598225 1748.008610954263 0.10770471964501815 0.017221908526256352
0 401.04598628479226 2119.010728402033 0.09197256958450989 0.021456804065499716
0 688.013715207745 2132.0084697910784 0.02743041549011698 0.01693958215697346
0 792.0508269463494 2126.009175607002 0.10165389269866881 0.018351214003387916
0 1099.0254134731747 2124.009175607002 0.050826946349334406 0.018351214003387916
0 1273.0127067365872 2135.0077639751553 0.025413473174667203 0.015527950310559006
0 1367.0298507462687 2129.0084697910784 0.05970149253731343 0.01693958215697346
0 1550.0482049213392 2130.0081874647094 0.09640984267849939 0.01637492941840768
0 1822.0227914481645 2118.008752117448 0.045582896329164985 0.017504234895539244
0 397.0498184751916 2319.0077639751553 0.09963695038321904 0.015527950310559006
0 684.0116982654296 2310.0083286278937 0.023396530859217425 0.016657255787690572
0 776.047398144413 2311.0084697910784 0.09479628882613957 0.01693958215697346
0 1050.0219846712384 2312.007340485601 0.043969342476805166 0.014680971202710334
0 1213.06655909641 2313.0088932806325 0.13311819281968534 0.017786561264822136
0 1582.0227914481645 2310.009316770186 0.045582896329164985 0.018633540372670808
0 1737.0506252521177 2310.00790513834 0.10125050423557887 0.015810276679841896
0 396.0179507866075 2484.008752117448 0.035901573215006054 0.017504234895539244
0 534.0409439290037 2480.008752117448 0.08188785800726099 0.017504234895539244
0 743.0014118596208 2542.000705815923 0.0028237192416296895 0.001411631846414455
