0 0.11133521581282775 0.1562676453980802 0.07583703106091166 0.014398644833427442
0 0.15570794675272287 0.15654997176736307 0.07139975796692215 0.01383399209486166
0 0.1827349737797499 0.15767927724449463 0.03953206938281565 0.014963297571993224
0 0.2018959257765228 0.15993788819875776 0.029043969342476807 0.018068887634105024
0 0.2654296087131908 0.16078486730660643 0.10931827349737798 0.021456804065499716
0 0.28035498184751917 0.15767927724449463 0.017749092375958047 0.007905138339920948
0 0.33420734167002825 0.15838509316770186 0.09842678499394918 0.016092603049124788
0 0.3761597418313836 0.16022021456804064 0.06736587333602259 0.017504234895539244
0 0.40742234772085517 0.1585262563523433 0.04921339249697459 0.016092603049124788
0 0.4247680516337233 0.15838509316770186 0.02501008471157725 0.017221908526256352
0 0.4298104074223477 0.16050254093732355 0.004840661557079467 0.007058159232072276
0 0.12968939088342074 0.18280632411067194 0.11254538120209762 0.01355166572557877
0 0.1718434852763211 0.18308865047995482 0.06413876563130294 0.015810276679841896
0 0.20794675272287214 0.1852060982495765 0.057684550221863654 0.018633540372670808
0 0.2482855990318677 0.18337097684923773 0.06615570794675273 0.015527950310559006
0 0.2747075433642598 0.18322981366459629 0.03953206938281565 0.016092603049124788
0 0.3138362242839855 0.1836533032185206 0.06494554255748286 0.016657255787690572
0 0.345703912868092 0.1842179559570864 0.0500201694231545 0.017504234895539244
0 0.35215812827753123 0.18619424054206662 0.006857603872529245 0.012422360248447204
0 0.37575635336829366 0.18407679277244496 0.04517950786607503 0.014680971202710334
0 0.4189189189189189 0.1839356295878035 0.07139975796692215 0.016092603049124788
0 0.09257765227914481 0.23376623376623376 0.0391286809197257 0.014116318464144552
0 0.16962484872932634 0.237012987012987 0.13311819281968534 0.025409373235460192
0 0.19241629689390882 0.23277809147374365 0.027833803953206938 0.014398644833427442
0 0.22307382008874546 0.23348390739695088 0.05203711173860428 0.015810276679841896
0 0.24868898749495763 0.23334274421230944 0.03993545784590561 0.015810276679841896
0 0.26502622025010086 0.23306041784302653 0.017749092375958047 0.007058159232072276
0 0.300121016538927 0.23334274421230944 0.057684550221863654 0.010163749294184076
0 0.31968535699878986 0.23376623376623376 0.02379991932230738 0.016657255787690572
0 0.37918515530455826 0.23785996612083568 0.1073013311819282 0.024844720496894408
0 0.3929003630496168 0.2326369282891022 0.018152480839048003 0.001976284584980237
0 0.42053247277127875 0.23475437605872387 0.043969342476805166 0.01693958215697346
0 0.10709963695038321 0.25889328063241107 0.07139975796692215 0.016092603049124788
0 0.13937071399757966 0.25790513833992096 0.04033884630899556 0.007058159232072276
0 0.1772892295280355 0.2583286278938453 0.05970149253731343 0.01383399209486166
0 0.1990722065348931 0.25945793337097683 0.025413473174667203 0.01693958215697346
0 0.23073820088745461 0.25903444381705254 0.050423557886244454 0.015245623941276116
0 0.2946752722872126 0.2595990965556183 0.11254538120209762 0.018351214003387916
0 0.3154497781363453 0.25804630152456237 0.02379991932230738 0.014680971202710334
0 0.3610326744655103 0.26129305477131565 0.07462686567164178 0.021456804065499716
0 0.40661557079467525 0.25903444381705254 0.07664380798709157 0.01693958215697346
0 0.11052843888664785 0.28430265386787124 0.07664380798709157 0.016657255787690572
0 0.14118596208148446 0.28430265386787124 0.04759983864461476 0.016657255787690572
0 0.21419927390076643 0.2854319593450028 0.13231141589350545 0.017786561264822136
0 0.26603469140782576 0.2881140598531903 0.08672851956434045 0.023150762281197064
0 0.26865671641791045 0.2854319593450028 0.0024203307785397336 0.0016939582156973462
