0 0.08148446954417103 0.14313946922642576 0.031060911657926585 0.03698475437605872
0 0.1661960467930617 0.14469226425748166 0.13392496974586526 0.0378317334839074
0 0.21883824122630094 0.1380575945793337 0.0826946349334409 0.028232636928289104
0 0.26643807987091567 0.13890457368718237 0.07180314643001211 0.025974025974025976
0 0.3120209762000807 0.14257481648785997 0.07018959257765228 0.0378317334839074
0 0.3239209358612344 0.13325804630152457 0.014521984671238403 0.014963297571993224
0 0.36304961678096004 0.13918690005646528 0.07220653489310205 0.027385657820440428
0 0.44392900363049614 0.13890457368718237 0.14239612747075434 0.029926595143986448
0 0.12323517547398144 0.16487859966120835 0.12868091972569584 0.026256352343308864
0 0.12948769665187576 0.16699604743083005 0.0024203307785397336 0.008752117447769622
0 0.14663170633319886 0.16389045736871824 0.005647438483259379 0.025409373235460192
0 0.22206534893102056 0.1637492941840768 0.13029447357805568 0.025974025974025976
0 0.22670431625655507 0.16826651609260304 0.004437273093989512 0.008752117447769622
0 0.27853973376361435 0.16487859966120835 0.08753529649052037 0.026256352343308864
0 0.30778539733763616 0.1647374364765669 0.035498184751916094 0.0251270468661773
0 0.36405808793868494 0.16332580463015245 0.09883017345703912 0.024280067758328628
0 0.4146833400564744 0.16261998870694522 0.0826946349334409 0.02456239412761152
0 0.44796288826139574 0.16431394692264256 0.05163372327551432 0.028232636928289104
0 0.08168616377571601 0.19494635798983626 0.04517950786607503 0.03698475437605872
0 0.17930617184348527 0.19706380575945792 0.16821298910851148 0.0378317334839074
0 0.20048406615570794 0.18901750423489555 0.026220250100847116 0.012140033879164314
0 0.27309398951189995 0.18972332015810275 0.13029447357805568 0.02258610954263128
0 0.33521581282775315 0.19438170525127046 0.1044776119402985 0.03698475437605872
0 0.3771682129891085 0.18929983060417843 0.0645421540943929 0.022868435911914172
0 0.4005647438483259 0.18774703557312253 0.02864058087938685 0.020327498588368152
0 0.40419524001613555 0.192970073404856 0.003227107704719645 0.009881422924901186
0 0.12928600242033078 0.2149915302089215 0.13392496974586526 0.023715415019762844
0 0.18414683340056473 0.21541501976284586 0.09156918112141993 0.0251270468661773
0 0.23658733360225898 0.2186617730095991 0.07946752722872126 0.03162055335968379
0 0.30919725695845096 0.21527385657820441 0.12827753126260588 0.02710333145115754
0 0.3535699878983461 0.2137210615471485 0.06897942718838242 0.021739130434782608
0 0.40843081887858007 0.2134387351778656 0.08713190802743041 0.02456239412761152
0 0.4429205324727713 0.21682665160926032 0.048406615570794675 0.031055900621118012
0 0.44876966518757566 0.2186617730095991 0.008067769261799113 0.026821005081874648
0 0.09116579265832997 0.24153020892151328 0.05808793868495361 0.026538678712591756
0 0.1581282775312626 0.2450592885375494 0.10568777732956837 0.034443817052512704
0 0.22125857200484067 0.24054206662902314 0.100040338846309 0.021456804065499716
0 0.2791448164582493 0.23941276115189158 0.08753529649052037 0.017504234895539244
0 0.3249294070189593 0.23785996612083568 0.07301331181928197 0.024280067758328628
0 0.3646631706333199 0.23941276115189158 0.05808793868495361 0.015245623941276116
0 0.41226300927793463 0.23927159796725014 0.07946752722872126 0.028232636928289104
0 0.12343686970552642 0.26693958215697344 0.12141992739007665 0.027385657820440428
0 0.1319080274304155 0.27004517221908525 0.004437273093989512 0.012704686617730096
0 0.21924162968939087 0.2649632975719932 0.14885034288019364 0.022868435911914172
0 0.27874142799515933 0.26453980801806887 0.09398951189995966 0.027385657820440428
0 0.33420734167002825 0.26538678712591757 0.07946752722872126 0.025974025974025976
0 0.372730939895119 0.264257481648786 0.05647438483259379 0.025974025974025976
0 0.46308995562726907 0.26905702992659514 0.1674062121823316 0.03557312252964427
0 0.0837031060911658 0.2859966120835686 0.038321903993545785 0.021174477696216828
0 0.12605889471561113 0.2896668548842462 0.06413876563130294 0.028514963297571992
0 0.16397741024606696 0.29474872953133824 0.04679306171843485 0.04206662902315076
0 0.18334005647438484 0.29051383399209485 0.01936264622831787 0.014963297571993224
0 0.23336022589753933 0.2900903444381705 0.08390480032271078 0.014963297571993224
0 0.26220250100847114 0.29474872953133824 0.033481242436466316 0.03387916431394692
0 0.34429205324727713 0.29573687182382835 0.14360629286002422 0.03670242800677583
0 0.35699878983461075 0.28642010163749293 0.006857603872529245 0.001411631846414455
0 0.3973376361436063 0.2899491812535291 0.06171843485276321 0.025974025974025976
0 0.445139169019766 0.2891022021456804 0.07704719645018153 0.028232636928289104
