0 370.01774909237594 734.0111518915867 0.035498184751916094 0.022303783173348392
0 516.0399354578459 746.0095990965556 0.07987091569181122 0.019198193111236588
0 749.0014118596208 792.003529079616 0.0028237192416296895 0.007058159232072276
0 811.0209762000807 726.0153867871259 0.04195240016135539 0.03077357425183512
0 961.0645421540944 749.0083286278939 0.1290843081887858 0.016657255787690572
0 1318.0014118596207 798.0032467532468 0.0028237192416296895 0.006493506493506494
0 1375.0397337636143 744.0091756070017 0.07946752722872126 0.018351214003387916
0 1611.0330778539733 750.0079051383399 0.06615570794675273 0.015810276679841896
0 1818.0276321097217 758.0063523433089 0.05526421944332392 0.012704686617730096
0 389.0726099233562 922.0101637492942 0.14521984671238403 0.020327498588368152
0 807.0106897942719 954.0042348955393 0.021379588543767647 0.00846979107848673
0 903.0703912868092 916.0151044607567 0.14078257361839452 0.03020892151326934
0 1268.0032271077048 967.0012704686618 0.00645421540943929 0.002540937323546019
0 1321.0262202501008 919.0081874647092 0.05244050020169423 0.01637492941840768
0 1502.0486083098024 921.0076228119707 0.09721661960467931 0.015245623941276116
0 1793.0147236789028 913.0071993224167 0.02944735780556676 0.014398644833427442
0 1932.037716821299 906.0088932806324 0.0754336425978217 0.017786561264822136
0 378.0340863251311 1098.009034443817 0.0681726502622025 0.018068887634105024
0 585.0354981847519 1095.0138339920948 0.07099636950383219 0.02766798418972332
0 827.0566760790641 1108.0080463015245 0.11335215812827754 0.016092603049124788
0 1174.0260185558693 1095.009034443817 0.05203711173860428 0.018068887634105024
0 1350.0324727712787 1094.0084697910786 0.06494554255748286 0.01693958215697346
0 1574.0189592577651 1090.0132693393564 0.03791851553045583 0.026538678712591756
0 1734.0262202501008 1086.0093167701864 0.05244050020169423 0.018633540372670808
0 1922.0361032674466 1083.0088932806325 0.07220653489310205 0.017786561264822136
0 365.0322710770472 1278.008610954263 0.0645421540943929 0.017221908526256352
0 593.0324727712788 1269.009881422925 0.06494554255748286 0.019762845849802372
0 827.0098830173457 1303.005505364201 0.019766034691407825 0.01101072840203275
0 944.0548608309803 1281.008328627894 0.10972166196046793 0.016657255787690572
0 1289.0480032271078 1279.0088932806325 0.09600645421540945 0.017786561264822136
0 1613.0262202501008 1276.0080463015245 0.05244050020169423 0.016092603049124788
0 1806.0334812424364 1268.0084697910786 0.06696248487293263 0.01693958215697346
0 2034.0413473174667 1261.009034443817 0.0826946349334409 0.018068887634105024
0 370.0235982250908 1456.011010728402 0.04719645018152481 0.0220214568040655
0 546.0096813231141 1482.0047995482778 0.01936264622831787 0.009599096555618294
0 659.0346914078258 1450.0127046866178 0.06938281565147236 0.025409373235460192
0 844.0020169423154 1509.0012704686617 0.004033884630899556 0.002540937323546019
0 932.0121016538927 1464.009034443817 0.024203307785397338 0.018068887634105024
0 1052.0609116579267 1464.008610954263 0.1218233158531666 0.017221908526256352
0 1410.0183541750705 1443.0119988706945 0.03670835014118596 0.023997741389045736
0 1566.1155707946752 1442.014539808018 0.23114158935054457 0.029079616036137776
0 382.04437273093987 1629.009881422925 0.08874546187979024 0.019762845849802372
0 676.0423557886245 1648.0062111801242 0.08471157724889068 0.012422360248447204
0 979.0550625252117 1630.009881422925 0.11012505042355789 0.019762845849802372
0 1328.042557482856 1631.0087521174478 0.08511496571198064 0.017504234895539244
0 1559.0014118596207 1680.0028232636928 0.0028237192416296895 0.00564652738565782
0 1629.054457442517 1628.0136928289103 0.10891488503428802 0.027385657820440428
0 1958.0153287615974 1628.0081874647092 0.03065752319483663 0.01637492941840768
0 2108.0566760790643 1619.0095990965556 0.11335215812827754 0.019198193111236588
0 369.0322710770472 1814.0088932806325 0.0645421540943929 0.017786561264822136
0 617.0885437676483 1810.0088932806325 0.17708753529649052 0.017786561264822136
0 1147.029245663574 1805.0084697910786 0.058491327148043566 0.01693958215697346
0 1349.0104881000404 1821.0052230378317 0.020976200080677694 0.010446075663466968
0 1500.0556676079063 1811.0127046866178 0.11133521581282775 0.025409373235460192
0 1870.0405405405406 1808.0141163184642 0.08108108108108109 0.028232636928289104
0 2139.0108914885036 1809.0080463015245 0.021782977006857603 0.016092603049124788
0 374.08410649455425 1997.009881422925 0.16821298910851148 0.019762845849802372
0 846.0123033481242 2024.0045172219086 0.024606696248487294 0.009034443817052512
0 983.033682936668 1994.0128458498023 0.06736587333602259 0.025691699604743084
0 1223.0185558693022 1986.014963297572 0.03711173860427592 0.029926595143986448
0 1404.082896329165 1991.0094579333709 0.16579265832997175 0.0189158667419537
0 1850.0018152480839 2040.0014116318464 0.003630496167809601 0.00282326369282891
