0 329.0439693424768 697.0146809712027 0.08793868495361033 0.029361942405420668
0 582.034086325131 700.0191981931113 0.0681726502622025 0.038396386222473176
0 784.0399354578459 699.0155279503106 0.07987091569181122 0.031055900621118012
0 1044.0233965308591 697.0153867871259 0.04679306171843485 0.03077357425183512
0 1196.0344897135942 707.0203274985884 0.06897942718838242 0.040654997176736304
0 1425.024405002017 711.013410502541 0.04881000403388463 0.026821005081874648
0 1578.0143202904396 755.007481648786 0.02864058087938685 0.014963297571993224
0 1684.026623638564 719.0194805194806 0.053247277127874144 0.03896103896103896
0 1826.0020169423155 798.0011293054771 0.004033884630899556 0.002258610954263128
0 1886.0189592577651 712.0125635234331 0.03791851553045583 0.0251270468661773
0 2002.0219846712384 761.0060700169396 0.043969342476805166 0.012140033879164314
0 364.03509479628883 917.0100225861096 0.07018959257765228 0.020045172219085264
0 588.0121016538927 885.0135516657256 0.024203307785397338 0.02710333145115754
0 701.0080677692617 931.0084697910785 0.016135538523598225 0.01693958215697346
0 793.0246066962485 904.0119988706945 0.04921339249697459 0.023997741389045736
0 969.011093182735 905.0118577075099 0.02218636546994756 0.023715415019762844
0 1076.0242033077855 900.0128458498024 0.048406615570794675 0.025691699604743084
0 1251.01956434046 911.0111518915867 0.0391286809197257 0.022303783173348392
0 1396.0314643001211 897.012987012987 0.06292860024203308 0.025974025974025976
0 1576.008471157725 901.012987012987 0.016942315449778138 0.025974025974025976
0 1650.0149253731342 881.0156691134952 0.029850746268656716 0.031338226990400904
0 1768.035498184752 881.0156691134952 0.07099636950383219 0.031338226990400904
0 1978.017345703913 898.0180688876341 0.03469140782573618 0.03613777526821005
0 371.03509479628883 1066.0132693393564 0.07018959257765228 0.026538678712591756
0 617.0189592577652 1086.0117165443253 0.03791851553045583 0.023433088650479956
0 746.0102864058088 1085.0119988706945 0.020572811617587738 0.023997741389045736
0 846.0233965308593 1073.0134105025409 0.04679306171843485 0.026821005081874648
0 999.0209762000807 1074.012563523433 0.04195240016135539 0.0251270468661773
0 1151.0326744655104 1055.0159514398645 0.0653489310205728 0.03190287972896669
0 1343.029649052037 1121.0060700169395 0.05929810407422348 0.012140033879164314
0 1535.0467930617185 1062.0159514398645 0.0935861234368697 0.03190287972896669
0 1808.013715207745 1106.0088932806325 0.02743041549011698 0.017786561264822136
0 1933.0189592577651 1055.0148221343873 0.03791851553045583 0.029644268774703556
0 378.01230334812425 1457.0064935064936 0.024606696248487294 0.012987012987012988
0 463.0153287615974 1414.0139751552795 0.03065752319483663 0.027950310559006212
0 578.0300524405002 1414.0155279503106 0.06010488100040339 0.031055900621118012
0 769.0268253327955 1414.0152456239414 0.0536506655909641 0.030491247882552232
0 945.0092779346511 1423.0136928289103 0.01855586930213796 0.027385657820440428
0 1026.0451795078661 1466.008610954263 0.09035901573215006 0.017221908526256352
0 1306.0207745058492 1409.016516092603 0.04154901169826543 0.03303218520609825
0 1430.0302541347316 1424.0141163184642 0.060508269463493344 0.028232636928289104
0 1626.0116982654297 1487.0052230378317 0.023396530859217425 0.010446075663466968
0 1720.0191609519968 1414.0148221343873 0.038321903993545785 0.029644268774703556
0 1852.031060911658 1410.0153867871259 0.06212182331585317 0.03077357425183512
0 361.04558289632917 1602.0167984189723 0.09116579265832997 0.03359683794466403
0 623.0304558289633 1652.0122811970639 0.0609116579265833 0.02456239412761152
0 828.0471964501816 1585.0207509881423 0.09439290036304962 0.041501976284584984
0 1080.0215812827753 1595.0156691134953 0.043162565550625254 0.031338226990400904
0 1237.0484066155707 1592.020468661773 0.09681323114158935 0.0409373235460192
0 1529.0131101250504 1598.0197628458498 0.026220250100847116 0.039525691699604744
0 1614.0324727712787 1588.022444946358 0.06494554255748286 0.04488989271597967
0 1827.0189592577651 1585.016939582157 0.03791851553045583 0.03387916431394692
0 1963.0419524001613 1585.0166572557878 0.08390480032271078 0.033314511575381144
0 378.0461879790238 1785.0134105025409 0.09237595804759983 0.026821005081874648
0 652.0240016135539 1780.0182100508187 0.04800322710770472 0.036420101637492944
0 775.0020169423154 1868.001552795031 0.004033884630899556 0.003105590062111801
