0 0.08793868495361033 0.13848108413325805 0.03751512706736587 0.018068887634105024
0 0.14844695441710368 0.13890457368718237 0.10528438886647842 0.018351214003387916
0 0.20149253731343283 0.1383399209486166 0.09156918112141993 0.014963297571993224
0 0.2624041952400161 0.13819875776397517 0.10931827349737798 0.014963297571993224
0 0.2898346107301331 0.1386222473178995 0.0391286809197257 0.015245623941276116
0 0.35074626865671643 0.13791643139469226 0.10891488503428802 0.016092603049124788
0 0.4100443727309399 0.13777526821005082 0.09883017345703912 0.01693958215697346
0 0.1254538120209762 0.163184641445511 0.10810810810810811 0.016092603049124788
0 0.14138765631302944 0.16360813099943536 0.022589753933037516 0.010728402032749858
0 0.17144009681323114 0.16332580463015245 0.04679306171843485 0.017504234895539244
0 0.18959257765227913 0.16360813099943536 0.02501008471157725 0.010163749294184076
0 0.22972972972972974 0.16304347826086957 0.0653489310205728 0.01637492941840768
0 0.2601855586930214 0.1627611518915867 0.04881000403388463 0.01383399209486166
0 0.2974989915288423 0.1634669678147939 0.06171843485276321 0.01693958215697346
0 0.3721258572004841 0.1665725578769057 0.1306978620411456 0.022303783173348392
0 0.4082291246470351 0.16261998870694522 0.056070996369503835 0.015810276679841896
0 0.13392496974586526 0.18873517786561264 0.1262605889471561 0.016657255787690572
0 0.17486889874949577 0.189158667419537 0.06333198870512304 0.017221908526256352
0 0.20371117386042759 0.18817052512704688 0.03993545784590561 0.015527950310559006
0 0.26099233561920127 0.1919819311123659 0.100040338846309 0.021739130434782608
0 0.3315853166599435 0.18845285149632976 0.12424364663170634 0.015527950310559006
0 0.3557886244453409 0.18986448334274422 0.03227107704719645 0.016657255787690572
0 0.42597821702299316 0.19155844155844157 0.1262605889471561 0.020892151326933936
0 0.09479628882613957 0.21668548842461885 0.04477611940298507 0.021456804065499716
0 0.09862847922549416 0.21725014116318464 0.003227107704719645 0.008752117447769622
0 0.15167406212182333 0.2140033879164314 0.08511496571198064 0.014963297571993224
0 0.20068576038725291 0.2137210615471485 0.08430818878580072 0.010446075663466968
0 0.20713997579669222 0.21626199887069453 0.0024203307785397336 0.00818746470920384
0 0.2747075433642598 0.21696781479390176 0.11294876966518758 0.022303783173348392
0 0.3253327954820492 0.21781479390175043 0.08753529649052037 0.022868435911914172
0 0.35861234368697054 0.2134387351778656 0.050826946349334406 0.014963297571993224
0 0.37595804759983864 0.21428571428571427 0.019766034691407825 0.00818746470920384
0 0.16014521984671237 0.24322416713721062 0.17789431222267044 0.023715415019762844
0 0.22851956434045986 0.24124788255223037 0.11012505042355789 0.020892151326933936
0 0.25554659136748686 0.2385657820440429 0.043969342476805166 0.015527950310559006
0 0.3073820088745462 0.23983625070581593 0.08834207341670028 0.016092603049124788
0 0.32654296087131907 0.24167137210615472 0.022993142396127472 0.01948051948051948
0 0.34066155707946755 0.23955392433653303 0.018959257765227916 0.009599096555618294
0 0.382008874546188 0.24265951439864483 0.06978620411456232 0.019762845849802372
0 0.4156918112141993 0.23955392433653303 0.04921339249697459 0.016092603049124788
0 0.43243243243243246 0.2388481084133258 0.025413473174667203 0.014963297571993224
0 0.12323517547398144 0.2651044607566347 0.10246066962484873 0.01637492941840768
0 0.14743848325937878 0.26453980801806887 0.03630496167809601 0.015245623941276116
0 0.19241629689390882 0.26665725578769056 0.08108108108108109 0.020892151326933936
0 0.24505849132714805 0.268068887634105 0.0935861234368697 0.023997741389045736
0 0.2708753529649052 0.26383399209486164 0.033884630899556276 0.012987012987012988
0 0.3110125050423558 0.26383399209486164 0.06978620411456232 0.01383399209486166
0 0.3301734570391287 0.26453980801806887 0.024203307785397338 0.015810276679841896
0 0.36345300524405 0.26383399209486164 0.05486083098023396 0.014680971202710334
0 0.3662767244856797 0.26453980801806887 0.0024203307785397336 0.00282326369282891
0 0.41972569584509883 0.2670807453416149 0.09237595804759983 0.020892151326933936
0 0.09802339653085922 0.31535855448898925 0.04679306171843485 0.017221908526256352
0 0.11335215812827754 0.3167701863354037 0.018959257765227916 0.01948051948051948
0 0.14521984671238403 0.31804065499717676 0.04679306171843485 0.0220214568040655
0 0.15127067365873337 0.314652738565782 0.004840661557079467 0.009034443817052512
0 0.17043162565550626 0.31493506493506496 0.01855586930213796 0.016092603049124788
0 0.18515530455828963 0.31521739130434784 0.015328761597418314 0.014116318464144552
0 0.21803146430012102 0.3154997176736307 0.05526421944332392 0.014680971202710334
0 0.22609923356192013 0.31733483907396953 0.0024203307785397336 0.007622811970638058
0 0.26663977410246065 0.31846414455110106 0.07018959257765228 0.020327498588368152
0 0.3217022993142396 0.3145115753811406 0.09479628882613957 0.014680971202710334
0 0.3261395724082291 0.3160643704121965 0.003227107704719645 0.007058159232072276
0 0.3914885034288019 0.3145115753811406 0.11738604275917709 0.014398644833427442
0 0.12767244856797097 0.340626764539808 0.1073013311819282 0.015810276679841896
0 0.1609519967728923 0.3402032749858837 0.05163372327551432 0.015245623941276116
0 0.20956030657523195 0.3403444381705251 0.08430818878580072 0.01637492941840768
0 0.22952803549818476 0.34133258046301523 0.025413473174667203 0.017221908526256352
0 0.2539330375151271 0.3403444381705251 0.035498184751916094 0.014398644833427442
0 0.26845502218636547 0.3404856013551666 0.015328761597418314 0.009316770186335404
0 0.31343283582089554 0.340626764539808 0.08027430415490117 0.014963297571993224
0 0.36244453408632515 0.340626764539808 0.08511496571198064 0.016657255787690572
0 0.3666801129487697 0.34217955957086393 0.0028237192416296895 0.007622811970638058
0 0.39975796692214605 0.34006211180124224 0.051230334812424366 0.017221908526256352
0 0.11234368697055264 0.3654714850367024 0.08188785800726099 0.017221908526256352
0 0.12787414279951592 0.36801242236024845 0.019766034691407825 0.020045172219085264
0 0.17103670835014118 0.36900056465273856 0.07220653489310205 0.022303783173348392
0 0.17809600645421542 0.36773009599096557 0.0024203307785397336 0.006775832862789385
0 0.21198063735377168 0.36575381140598534 0.05445744251714401 0.016092603049124788
0 0.27611940298507465 0.3705533596837945 0.11335215812827754 0.02456239412761152
0 0.31787010891488504 0.3654714850367024 0.07059298104074223 0.015527950310559006
0 0.35518354175070593 0.36900056465273856 0.06252521177894312 0.02258610954263128
0 0.38463089955627267 0.3660361377752682 0.048406615570794675 0.015245623941276116
0 0.44231544977813636 0.365330321852061 0.10084711577248891 0.016092603049124788
