0 0.10609116579265833 0.11420101637492942 0.06736587333602259 0.025691699604743084
0 0.11335215812827754 0.11900056465273856 0.007260992335619202 0.006775832862789385
0 0.13795885437676483 0.1206945228684359 0.041145623235175476 0.040654997176736304
0 0.19019766034691407 0.11561264822134387 0.09156918112141993 0.024280067758328628
0 0.23840258168616377 0.11490683229813664 0.07341670028237192 0.024844720496894408
0 0.28297700685760385 0.11533032185206098 0.0653489310205728 0.013269339356295878
0 0.33198870512303347 0.11518915866741954 0.08027430415490117 0.01948051948051948
0 0.35962081484469544 0.12027103331451157 0.0318676885841065 0.029361942405420668
0 0.4045986284792255 0.1261998870694523 0.07422347720855184 0.039525691699604744
0 0.44231544977813636 0.11787125917560701 0.06252521177894312 0.028232636928289104
0 0.1417910447761194 0.1461038961038961 0.1399757966922146 0.034161490683229816
0 0.18959257765227913 0.14102202145680406 0.0754336425978217 0.019762845849802372
0 0.218233158531666 0.1398927159796725 0.038321903993545785 0.026821005081874648
0 0.2593787817668415 0.14695087521174477 0.05687777329568374 0.028232636928289104
0 0.26401774909237596 0.14497459062676454 0.008067769261799113 0.00818746470920384
0 0.2966922146026624 0.14003387916431395 0.045582896329164985 0.0251270468661773
0 0.3519564340459863 0.1396103896103896 0.09035901573215006 0.020609824957651044
0 0.390480032271077 0.13848108413325805 0.05889471561113352 0.020892151326933936
0 0.4590560709963695 0.14313946922642576 0.13150463896732553 0.0251270468661773
0 0.1254538120209762 0.21753246753246752 0.09398951189995966 0.039243365330321855
0 0.17224687373941105 0.21132128740824394 0.06010488100040339 0.02766798418972332
0 0.22488906817265025 0.21908526256352343 0.08148446954417103 0.04009034443817053
0 0.25131101250504234 0.21146245059288538 0.033481242436466316 0.018068887634105024
0 0.33198870512303347 0.21202710333145117 0.1355385235982251 0.022868435911914172
0 0.34288019362646227 0.2080745341614907 0.007664380798709157 0.005081874647092038
0 0.3743444937474788 0.21301524562394128 0.042759177087535294 0.03162055335968379
0 0.4396934247680516 0.22077922077922077 0.1044776119402985 0.04601919819311124
0 0.4653085921742638 0.2171089779785432 0.033481242436466316 0.03472614342179559
0 0.07946752722872126 0.23574251835121401 0.014118596208148447 0.015810276679841896
0 0.12585720048406615 0.23687182382834557 0.07139975796692215 0.02456239412761152
0 0.15207745058491326 0.23560135516657255 0.03227107704719645 0.012140033879164314
0 0.1920129084308189 0.23644833427442122 0.05687777329568374 0.023997741389045736
0 0.2571601452198467 0.23743647656691136 0.10609116579265833 0.024844720496894408
0 0.33884630899556273 0.24364765669113495 0.14037918515530456 0.036420101637492944
0 0.38584106494554254 0.24421230942970074 0.07503025413473174 0.03557312252964427
0 0.4219443323920936 0.2375776397515528 0.05244050020169423 0.015527950310559006
0 0.44695441710367084 0.23729531338226992 0.0326744655102864 0.01383399209486166
0 0.15853166599435256 0.26228119706380576 0.1754739814441307 0.026256352343308864
0 0.19887051230334812 0.2628458498023715 0.06010488100040339 0.023433088650479956
0 0.22972972972972974 0.26228119706380576 0.03428801936264623 0.014963297571993224
0 0.3771682129891085 0.2673630717108978 0.2613957240822912 0.03387916431394692
0 0.4154901169826543 0.2689158667419537 0.05244050020169423 0.037549407114624504
0 0.45784590560709965 0.2628458498023715 0.06252521177894312 0.014116318464144552
0 0.14400968132311415 0.2919254658385093 0.1565147236789028 0.03500846979107849
0 0.1853569987898346 0.28613777526821005 0.05687777329568374 0.02456239412761152
0 0.2172246873739411 0.28642010163749293 0.03630496167809601 0.023997741389045736
0 0.2747075433642598 0.2875494071146245 0.09035901573215006 0.015527950310559006
0 0.3434852763210972 0.29263128176171654 0.11778943122226704 0.034443817052512704
0 0.37051230334812424 0.29107848673066067 0.033884630899556276 0.031338226990400904
0 0.3914885034288019 0.2881140598531903 0.03146430012101654 0.021174477696216828
0 0.4517950786607503 0.2955957086391869 0.1073013311819282 0.03303218520609825
0 0.09762000806776926 0.3188876341050254 0.05445744251714401 0.03867871259175607
0 0.11194029850746269 0.31634669678147936 0.018959257765227916 0.024844720496894408
0 0.14360629286002422 0.31225296442687744 0.035901573215006054 0.029079616036137776
0 0.19604679306171843 0.31309994353472614 0.07866075030254134 0.027385657820440428
0 0.21661960467930616 0.31098249576510445 0.018959257765227916 0.02456239412761152
0 0.26220250100847114 0.31225296442687744 0.07099636950383219 0.026256352343308864
0 0.345502218636547 0.31874647092038394 0.15288422751109318 0.03613777526821005
0 0.38563937071399756 0.3116883116883117 0.05889471561113352 0.015245623941276116
0 0.45562726906010487 0.3145115753811406 0.12303348124243646 0.025974025974025976
0 0.10306575231948366 0.33695652173913043 0.058491327148043566 0.03387916431394692
0 0.14804356595401372 0.3386504799548278 0.0653489310205728 0.014680971202710334
0 0.22710770471964503 0.3385093167701863 0.12948769665187576 0.015245623941276116
0 0.26663977410246065 0.33921513269339354 0.05486083098023396 0.03387916431394692
0 0.3299717628075837 0.3435911914172784 0.10972166196046793 0.03387916431394692
0 0.37595804759983864 0.34006211180124224 0.06938281565147236 0.028514963297571992
0 0.4203307785397338 0.3375211744776962 0.06333198870512304 0.02710333145115754
0 0.4308188785800726 0.33992094861660077 0.006857603872529245 0.002540937323546019
