0 330.0480032271077 706.0141163184642 0.09600645421540945 0.028232636928289104
0 631.0324727712788 755.0067758328628 0.06494554255748286 0.01355166572557877
0 858.060709963695 717.0156691134952 0.12141992739007665 0.031338226990400904
0 1196.0334812424364 721.0110107284021 0.06696248487293263 0.0220214568040655
0 1417.0453812020976 730.0156691134952 0.09076240419524001 0.031338226990400904
0 1702.0163372327552 706.0187747035573 0.0326744655102864 0.037549407114624504
0 1819.01956434046 749.0066346696782 0.0391286809197257 0.013269339356295878
0 1964.034086325131 744.0136928289102 0.0681726502622025 0.027385657820440428
0 341.0187575635337 888.0122811970638 0.03751512706736587 0.02456239412761152
0 475.0393303751513 896.0128458498024 0.07866075030254134 0.025691699604743084
0 732.0528438886648 893.0128458498024 0.10568777732956837 0.025691699604743084
0 1056.0486083098024 880.0199040090345 0.09721661960467931 0.03980801806888763
0 1322.0024203307785 982.0053642010164 0.004840661557079467 0.010728402032749858
0 1372.0223880597016 895.0179277244495 0.04477611940298507 0.03585544889892716
0 1546.076240419524 894.0107284020328 0.15248083904800322 0.021456804065499716
0 1951.003025413473 969.0073404856014 0.0060508269463493344 0.014680971202710334
0 1989.0356998789835 896.0104460756635 0.07139975796692215 0.020892151326933936
0 317.0223880597015 1068.0132693393564 0.04477611940298507 0.026538678712591756
0 489.03691004437275 1078.0119988706945 0.07382008874546188 0.023997741389045736
0 732.091770875353 1077.0170807453417 0.18354175070592982 0.034161490683229816
0 1252.0373134328358 1078.0107284020328 0.07462686567164178 0.021456804065499716
0 1483.1153691004438 1066.018492377188 0.23073820088745461 0.03698475437605872
0 338.02702702702703 1616.01185770751 0.05405405405405406 0.023715415019762844
0 552.0165389269866 1616.0160926030492 0.03307785397337636 0.032185206098249576
0 722.044776119403 1610.018492377188 0.08955223880597014 0.03698475437605872
0 1001.0369100443727 1600.0122811970639 0.07382008874546188 0.02456239412761152
0 1210.069584509883 1605.0122811970639 0.13916901976603469 0.02456239412761152
0 1606.0038321903994 1685.0049407114625 0.007664380798709157 0.009881422924901186
0 1653.022589753933 1643.0069169960475 0.04517950786607503 0.01383399209486166
0 1816.022589753933 1642.0060700169395 0.04517950786607503 0.012140033879164314
0 1984.031060911658 1601.0111518915867 0.06212182331585317 0.022303783173348392
0 2158.0020169423155 1686.0057876905703 0.004033884630899556 0.011575381140598532
0 353.0219846712384 1791.0156691134953 0.043969342476805166 0.031338226990400904
0 536.0822912464704 1796.0124223602484 0.1645824929407019 0.024844720496894408
0 1043.0171440096813 1801.010304912479 0.03428801936264623 0.020609824957651044
0 1166.0526421944332 1790.0132693393564 0.10528438886647842 0.026538678712591756
0 1457.0010084711578 1871.0008469791078 0.002016942315449778 0.0016939582156973462
0 1474.0391286809197 1780.012987012987 0.0782573618394514 0.025974025974025976
0 1692.0818878580073 1801.0151044607567 0.16377571601452198 0.03020892151326934
0 2132.0127067365875 1808.010304912479 0.025413473174667203 0.020609824957651044
0 314.04517950786607 1985.0124223602484 0.09035901573215006 0.024844720496894408
0 599.0405405405405 1976.0151044607567 0.08108108108108109 0.03020892151326934
0 835.0016135538524 2052.005364201016 0.003227107704719645 0.010728402032749858
0 889.0191609519968 2009.0069169960475 0.038321903993545785 0.01383399209486166
0 1028.0294473578056 1995.0091756070017 0.05889471561113352 0.018351214003387916
0 1212.0016135538524 2061.0029644268775 0.003227107704719645 0.005928853754940711
0 1274.0237999193223 1959.0134105025409 0.04759983864461476 0.026821005081874648
0 1468.0905607099637 1963.0200451722192 0.1811214199273901 0.04009034443817053
0 1953.0026220250102 2053.0042348955394 0.0052440500201694235 0.00846979107848673
0 1995.0348931020574 1964.0121400338792 0.06978620411456232 0.024280067758328628
0 329.07462686567163 2512.017363071711 0.14925373134328357 0.03472614342179559
0 727.0205728116176 2552.0122811970637 0.041145623235175476 0.02456239412761152
0 857.00262202501 2541.013269339356 0.0052440500201694235 0.026538678712591756
0 926.0338846308996 2511.011010728402 0.06776926179911255 0.0220214568040655
0 1142.0135135135135 2517.0111518915865 0.02702702702702703 0.022303783173348392
0 1265.036304961678 2537.0080463015247 0.07260992335619201 0.016092603049124788
0 1508.033279548205 2502.0179277244492 0.06655909640984267 0.03585544889892716
0 1733.0240016135538 2512.0122811970637 0.04800322710770472 0.02456239412761152
0 1897.0609116579267 2500.0176453980803 0.1218233158531666 0.035290796160361376
