0 348.01210165389267 914.0038114059853 0.024203307785397338 0.007622811970638058
0 465.078459056071 865.0163749294184 0.15691811214199275 0.03274985883681536
0 873.0014118596208 920.0015527950311 0.0028237192416296895 0.003105590062111801
0 915.0367083501412 863.0117165443253 0.07341670028237192 0.023433088650479956
0 1141.0552642194434 854.0112930547713 0.11052843888664785 0.02258610954263128
0 1474.0163372327552 863.0081874647092 0.0326744655102864 0.01637492941840768
0 1612.0423557886245 841.0107284020328 0.08471157724889068 0.021456804065499716
0 1877.042960871319 835.0125635234331 0.08592174263816055 0.0251270468661773
0 277.0502218636547 1066.0186335403728 0.10044372730939895 0.037267080745341616
0 564.0605082694635 1050.011010728402 0.12101653892698669 0.0220214568040655
0 872.0256151674062 1040.010304912479 0.051230334812424366 0.020609824957651044
0 1041.0375151270673 1032.009034443817 0.07503025413473174 0.018068887634105024
0 1293.0193626462283 1051.0127046866178 0.03872529245663574 0.025409373235460192
0 1428.0306575231948 1028.0100225861095 0.06131504638967326 0.020045172219085264
0 1615.040742234772 1022.0104460756635 0.08148446954417103 0.020892151326933936
0 1874.0324727712787 1025.0088932806325 0.06494554255748286 0.017786561264822136
0 2068.0373134328356 1010.0117165443253 0.07462686567164178 0.023433088650479956
0 303.01109318273495 1258.0052230378317 0.02218636546994756 0.010446075663466968
0 435.06030657523195 1223.0097402597403 0.12061315046389673 0.01948051948051948
0 786.0480032271078 1196.0121400338792 0.09600645421540945 0.024280067758328628
0 1090.0330778539733 1196.0111518915867 0.06615570794675273 0.022303783173348392
0 1293.0387252924565 1216.009881422925 0.07745058491327148 0.019762845849802372
0 1522.0451795078661 1205.0108695652175 0.09035901573215006 0.021739130434782608
0 1807.0268253327954 1219.0127046866178 0.0536506655909641 0.025409373235460192
0 1992.0104881000404 1248.0040937323547 0.020976200080677694 0.00818746470920384
0 2085.038120209762 1226.0141163184642 0.07624041952400161 0.028232636928289104
0 2269.0050423557886 1282.006352343309 0.01008471157724889 0.012704686617730096
0 271.01048810004033 1414.0122811970639 0.020976200080677694 0.02456239412761152
0 379.05909640984265 1400.0107284020328 0.118192819685357 0.021456804065499716
0 744.0183541750706 1407.0155279503106 0.03670835014118596 0.031055900621118012
0 876.101048810004 1374.016939582157 0.20209762000806777 0.03387916431394692
0 1451.0431625655506 1372.011010728402 0.08632513110125051 0.0220214568040655
0 1738.0445744251715 1389.008610954263 0.0891488503428802 0.017221908526256352
0 2018.0516337232755 1391.010304912479 0.10326744655102864 0.020609824957651044
0 281.03670835014117 1591.0093167701864 0.07341670028237192 0.018633540372670808
0 481.00242033077853 1642.004376058724 0.004840661557079467 0.008752117447769622
0 557.0594997983058 1582.0180688876342 0.1189995966115369 0.03613777526821005
0 930.0211778943122 1572.0088932806325 0.04235578862444534 0.017786561264822136
0 1072.0726099233561 1567.0107284020328 0.14521984671238403 0.021456804065499716
0 1501.031867688584 1580.0093167701864 0.063735377168213 0.018633540372670808
0 1709.0935861234368 1559.0107284020328 0.1871722468737394 0.021456804065499716
0 275.03610326744655 1776.0100225861095 0.07220653489310205 0.020045172219085264
0 481.0139169019766 1793.00395256917 0.027833803953206938 0.007905138339920948
0 633.066962484873 1756.0139751552795 0.13392496974586526 0.027950310559006212
0 1057.0554659136749 1729.0155279503106 0.11093182734973779 0.031055900621118012
0 1390.0177490923759 1739.0088932806325 0.035498184751916094 0.017786561264822136
0 1545.085518354175 1736.0093167701864 0.17103670835014118 0.018633540372670808
0 2021.0123033481243 1772.0040937323547 0.024606696248487294 0.00818746470920384
0 267.04558289632917 1932.0160926030492 0.09116579265832997 0.032185206098249576
0 607.019967728923 1949.0143986448334 0.03993545784590561 0.028797289666854884
0 779.0941912061315 1921.011010728402 0.18838241226300928 0.0220214568040655
0 1264.0020169423155 1989.0008469791078 0.004033884630899556 0.0016939582156973462
