0 0.10770471964501815 0.12902315076228119 0.0782573618394514 0.017504234895539244
0 0.1254538120209762 0.1228119706380576 0.006857603872529245 0.007058159232072276
0 0.24929407018959257 0.13283455674760022 0.2319483662767245 0.02456239412761152
0 0.2539330375151271 0.12394127611518915 0.008471157724889069 0.007622811970638058
0 0.2823719241629689 0.1302936194240542 0.03469140782573618 0.01693958215697346
0 0.3164582492940702 0.12944664031620554 0.043969342476805166 0.010163749294184076
0 0.3773699072206535 0.12916431394692265 0.10205728116175877 0.015527950310559006
0 0.39955627269060107 0.12916431394692265 0.025413473174667203 0.009316770186335404
0 0.47882210568777733 0.12972896668548842 0.13392496974586526 0.017786561264822136
0 0.16599435256151673 0.15245623941276115 0.17870108914885036 0.018351214003387916
0 0.19685356998789835 0.1523150762281197 0.0318676885841065 0.01693958215697346
0 0.2747075433642598 0.15189158667419536 0.14602662363856395 0.018068887634105024
0 0.31242436466317064 0.1523150762281197 0.0500201694231545 0.009316770186335404
0 0.3424768051633723 0.15245623941276115 0.03307785397337636 0.015810276679841896
0 0.3840258168616378 0.15189158667419536 0.0681726502622025 0.017504234895539244
0 0.47418313836224285 0.1551383399209486 0.1500605082694635 0.023150762281197064
0 0.13110125050423557 0.18167701863354038 0.11980637353771682 0.014963297571993224
0 0.24768051633723276 0.1792772444946358 0.20250100847115773 0.016092603049124788
0 0.29043969342476805 0.17857142857142858 0.06010488100040339 0.01383399209486166
0 0.31242436466317064 0.17857142857142858 0.024606696248487294 0.017786561264822136
0 0.33682936668011293 0.177442123094297 0.02944735780556676 0.014963297571993224
0 0.436668011294877 0.17970073404856013 0.16982654296087132 0.020327498588368152
0 0.46651875756353367 0.176171654432524 0.04235578862444534 0.015527950310559006
0 0.12041145623235175 0.20369847543760589 0.09398951189995966 0.016092603049124788
0 0.18697055264219442 0.20355731225296442 0.09318273497377975 0.009599096555618294
0 0.2208551835417507 0.20369847543760589 0.025413473174667203 0.00846979107848673
0 0.28862444534086323 0.20341614906832298 0.11940298507462686 0.01383399209486166
0 0.31444130697862044 0.2031338226990401 0.03146430012101654 0.014963297571993224
0 0.38785800726099234 0.20525127046866176 0.11294876966518758 0.015245623941276116
0 0.490923759580476 0.20638057594579334 0.18233158531665994 0.02258610954263128
0 0.17587736990722067 0.2285431959345003 0.2117789431222267 0.018068887634105024
0 0.1827349737797499 0.2267080745341615 0.005647438483259379 0.002540937323546019
0 0.3061718434852763 0.22939017504234896 0.23235175473981445 0.023715415019762844
0 0.3172650262202501 0.22868435911914173 0.0028237192416296895 0.00846979107848673
0 0.3499394917305365 0.22910784867306608 0.04154901169826543 0.020609824957651044
0 0.4344493747478822 0.22727272727272727 0.13795885437676483 0.011857707509881422
0 0.4411052843888665 0.22995482778091475 0.003630496167809601 0.010446075663466968
0 0.14017749092375958 0.25451722190852627 0.14158935054457442 0.017221908526256352
0 0.29790237999193225 0.25352907961603616 0.26502622025010086 0.018633540372670808
0 0.3691004437273094 0.2533879164313947 0.10972166196046793 0.01637492941840768
0 0.4661153691004437 0.25367024280067757 0.17103670835014118 0.0189158667419537
0 0.14138765631302944 0.27752682100508186 0.1444130697862041 0.017221908526256352
0 0.19947559499798306 0.2782326369282891 0.07341670028237192 0.013269339356295878
0 0.2646228317870109 0.28176171654432525 0.09883017345703912 0.01693958215697346
0 0.28499394917305365 0.27653867871259175 0.027833803953206938 0.00282326369282891
0 0.3315853166599435 0.27710333145115756 0.08632513110125051 0.01637492941840768
0 0.47680516337232753 0.27837380011293056 0.2771278741427995 0.0189158667419537
0 0.08027430415490117 0.30660643704121965 0.024203307785397338 0.008752117447769622
0 0.14965711980637353 0.3064652738565782 0.10689794271883823 0.016657255787690572
0 0.21117386042759176 0.30561829474872954 0.08874546187979024 0.017504234895539244
0 0.24768051633723276 0.30561829474872954 0.03953206938281565 0.01355166572557877
0 0.2519160951996773 0.3080180688876341 0.003630496167809601 0.012140033879164314
0 0.2779346510689794 0.30350084697910784 0.01936264622831787 0.018633540372670808
0 0.3281565147236789 0.3040654997176736 0.07745058491327148 0.016092603049124788
0 0.3608309802339653 0.3051948051948052 0.03509479628882614 0.01948051948051948
0 0.418313836224284 0.30660643704121965 0.09237595804759983 0.016657255787690572
0 0.4247680516337233 0.30632411067193677 0.0028237192416296895 0.00818746470920384
0 0.4536103267446551 0.3049124788255223 0.03872529245663574 0.01129305477131564
0 0.11758773699072207 0.33116883116883117 0.09923356192012908 0.017786561264822136
0 0.12928600242033078 0.334274421230943 0.0024203307785397336 0.009599096555618294
0 0.16599435256151673 0.33130999435347264 0.04356595401371521 0.01101072840203275
0 0.23235175473981445 0.3306041784302654 0.10810810810810811 0.014680971202710334
0 0.23860427591770875 0.3337097684923772 0.004033884630899556 0.009316770186335404
0 0.263412666397741 0.33018068887634106 0.01855586930213796 0.019198193111236588
0 0.40137152077450583 0.33173348390739693 0.24647035094796288 0.022303783173348392
0 0.43283582089552236 0.3328627893845285 0.03751512706736587 0.021739130434782608
0 0.4673255344897136 0.33130999435347264 0.04154901169826543 0.018351214003387916
0 0.11718434852763211 0.3564370412196499 0.09923356192012908 0.017221908526256352
0 0.15429608713190804 0.3609542631281762 0.0391286809197257 0.021456804065499716
0 0.2392093586123437 0.3622247317899492 0.12948769665187576 0.02710333145115754
0 0.29407018959257764 0.3555900621118012 0.09237595804759983 0.01637492941840768
0 0.4138765631302945 0.35686053077357427 0.21056877773295685 0.017504234895539244
0 0.48083904800322713 0.35629587803500845 0.11052843888664785 0.010163749294184076
0 0.12323517547398144 0.38424618859401466 0.10851149657119806 0.016657255787690572
0 0.2035094796288826 0.38410502540937325 0.11778943122226704 0.015245623941276116
0 0.21056877773295685 0.3886222473178995 0.00645421540943929 0.017786561264822136
0 0.2827753126260589 0.38438735177865613 0.11698265429608713 0.014116318464144552
0 0.3527632109721662 0.3839638622247318 0.11940298507462686 0.01637492941840768
0 0.3592174263816055 0.385940146809712 0.0028237192416296895 0.00846979107848673
0 0.4005647438483259 0.38382269904009036 0.06736587333602259 0.015810276679841896
0 0.4864864864864865 0.385940146809712 0.14804356595401372 0.015527950310559006
0 0.48971359419120614 0.3865047995482778 0.004840661557079467 0.008752117447769622
