0 0.07845905607099637 0.11095426312817618 0.01290843081887858 0.01129305477131564
0 0.10750302541347317 0.11222473178994918 0.04195240016135539 0.009881422924901186
0 0.17466720451795079 0.11829474872953134 0.10931827349737798 0.024280067758328628
0 0.19221460266236384 0.11250705815923208 0.012505042355788625 0.007058159232072276
0 0.24263816054860832 0.11956521739130435 0.07382008874546188 0.029926595143986448
0 0.2964905203711174 0.11518915866741954 0.08390480032271078 0.019198193111236588
0 0.3467123840258169 0.1163184641445511 0.07260992335619201 0.022303783173348392
0 0.3807987091569181 0.11095426312817618 0.04517950786607503 0.014680971202710334
0 0.40762404195240015 0.11067193675889328 0.03872529245663574 0.013269339356295878
0 0.12928600242033078 0.13819875776397517 0.11698265429608713 0.016092603049124788
0 0.1327148043565954 0.14059853190287974 0.004840661557079467 0.007622811970638058
0 0.16881807180314642 0.13749294184076793 0.04154901169826543 0.015245623941276116
0 0.19140782573618395 0.13749294184076793 0.018152480839048003 0.014116318464144552
0 0.24384832593787817 0.1417278373800113 0.08511496571198064 0.02258610954263128
0 0.28842275110931825 0.14215132693393562 0.06655909640984267 0.022868435911914172
0 0.3392496974586527 0.13706945228684358 0.07785397337636143 0.010163749294184076
0 0.372730939895119 0.13904573687182384 0.0500201694231545 0.020892151326933936
0 0.4173053650665591 0.1373517786561265 0.07059298104074223 0.012422360248447204
0 0.09782170229931424 0.16290231507622813 0.04961678096006454 0.015245623941276116
0 0.14582492940701897 0.16233766233766234 0.0609116579265833 0.014398644833427442
0 0.20613150463896732 0.16332580463015245 0.0935861234368697 0.015810276679841896
0 0.2436466317063332 0.1621964991530209 0.06010488100040339 0.014680971202710334
0 0.2789431222267043 0.16784302653867872 0.052843888664784185 0.024844720496894408
0 0.31121419927390076 0.16233766233766234 0.04881000403388463 0.014116318464144552
0 0.32855990318676886 0.1627611518915867 0.015328761597418314 0.008752117447769622
0 0.39673255344897135 0.16798418972332016 0.11859620814844696 0.022868435911914172
0 0.41851553045582895 0.16332580463015245 0.030254134731746672 0.018351214003387916
0 0.1381605486083098 0.191699604743083 0.12505042355788623 0.020892151326933936
0 0.1444130697862041 0.18845285149632976 0.004033884630899556 0.00282326369282891
0 0.18233158531665994 0.18845285149632976 0.056070996369503835 0.016657255787690572
0 0.18838241226300928 0.18929983060417843 0.004840661557079467 0.006211180124223602
0 0.20855183541750705 0.18817052512704688 0.025413473174667203 0.012422360248447204
0 0.2382008874546188 0.18831168831168832 0.04154901169826543 0.01355166572557877
0 0.24405002016942315 0.1901468097120271 0.007260992335619202 0.007905138339920948
0 0.2952803549818475 0.18774703557312253 0.07462686567164178 0.015245623941276116
0 0.3426784993949173 0.18746470920383965 0.07260992335619201 0.014680971202710334
0 0.34973779749899153 0.1870412196499153 0.0028237192416296895 0.001976284584980237
0 0.40923759580476 0.19339356295878035 0.09842678499394918 0.026538678712591756
0 0.09681323114158935 0.21287408243929984 0.04437273093989512 0.013269339356295878
0 0.127470754336426 0.21287408243929984 0.043162565550625254 0.007340485601355167
0 0.1565147236789028 0.21315640880858272 0.04154901169826543 0.01383399209486166
0 0.208955223880597 0.2134387351778656 0.08551835417507059 0.014116318464144552
0 0.2708753529649052 0.21386222473178995 0.1036708350141186 0.014963297571993224
0 0.27753126260588945 0.21527385657820441 0.0060508269463493344 0.006775832862789385
0 0.31968535699878986 0.21287408243929984 0.06252521177894312 0.012422360248447204
0 0.3424768051633723 0.21386222473178995 0.028237192416296894 0.01383399209486166
0 0.39693424768051633 0.21329757199322416 0.08229124647035095 0.012987012987012988
0 0.4082291246470351 0.21089779785431959 0.011698265429608713 0.00282326369282891
0 0.07845905607099637 0.23870694522868435 0.012101653892698669 0.010163749294184076
0 0.118192819685357 0.24477696216826653 0.056070996369503835 0.026256352343308864
0 0.17063331988705124 0.23800112930547712 0.07785397337636143 0.014680971202710334
0 0.20371117386042759 0.23785996612083568 0.04517950786607503 0.01383399209486166
0 0.2299314239612747 0.23870694522868435 0.02702702702702703 0.007905138339920948
0 0.263412666397741 0.23969508752117447 0.045582896329164985 0.01637492941840768
0 0.32775312626058895 0.2435064935064935 0.10609116579265833 0.024844720496894408
0 0.3323920935861234 0.2385657820440429 0.003630496167809601 0.002540937323546019
