0 0.09298104074223477 0.11702428006775834 0.03791851553045583 0.014680971202710334
0 0.14501815248083905 0.12027103331451157 0.08350141185962082 0.020892151326933936
0 0.15792658329971762 0.1150479954827781 0.008874546187979023 0.00282326369282891
0 0.236385639370714 0.12111801242236025 0.14158935054457442 0.023715415019762844
0 0.254941508672852 0.11222473178994918 0.0060508269463493344 0.006211180124223602
0 0.2811617587736991 0.116600790513834 0.05244050020169423 0.014963297571993224
0 0.2890278338039532 0.11222473178994918 0.0060508269463493344 0.006211180124223602
0 0.32432432432432434 0.11617730095990965 0.05203711173860428 0.012140033879164314
0 0.3880597014925373 0.11674195369847544 0.09802339653085922 0.015527950310559006
0 0.07624041952400161 0.13636363636363635 0.004437273093989512 0.005928853754940711
0 0.12303348124243646 0.14215132693393562 0.09318273497377975 0.016092603049124788
0 0.12968939088342074 0.13791643139469226 0.00645421540943929 0.007340485601355167
0 0.13916901976603469 0.1401750423489554 0.010488100040338847 0.002540937323546019
0 0.18939088342073418 0.14215132693393562 0.0653489310205728 0.009599096555618294
0 0.25514320290439696 0.14215132693393562 0.0927793465106898 0.014680971202710334
0 0.299919322307382 0.14186900056465274 0.05647438483259379 0.014398644833427442
0 0.34187172246873737 0.14201016374929418 0.058491327148043566 0.014116318464144552
0 0.36708350141185964 0.14158667419536985 0.024606696248487294 0.012704686617730096
0 0.3983461073013312 0.14201016374929418 0.04235578862444534 0.014680971202710334
0 0.12263009277934651 0.16671372106154714 0.09237595804759983 0.016092603049124788
0 0.21379588543767647 0.1702428006775833 0.1500605082694635 0.021739130434782608
0 0.24667204517950786 0.1671372106154715 0.027833803953206938 0.01383399209486166
0 0.2952803549818475 0.1675607001693958 0.06897942718838242 0.014963297571993224
0 0.32775312626058895 0.1671372106154715 0.026623638563937072 0.009599096555618294
0 0.39007664380798707 0.16741953698475437 0.09156918112141993 0.015527950310559006
0 0.42597821702299316 0.16699604743083005 0.04800322710770472 0.014398644833427442
0 0.10266236385639371 0.19240542066629024 0.052843888664784185 0.014680971202710334
0 0.16780960064542155 0.1956521739130435 0.0927793465106898 0.020045172219085264
0 0.21480435659540137 0.19268774703557312 0.06333198870512304 0.015810276679841896
0 0.282170229931424 0.19282891022021456 0.09923356192012908 0.015810276679841896
0 0.28842275110931825 0.19494635798983626 0.00645421540943929 0.00818746470920384
0 0.33319887051230335 0.19240542066629024 0.056070996369503835 0.016657255787690572
0 0.41488503428801937 0.19254658385093168 0.13231141589350545 0.016657255787690572
0 0.10084711577248891 0.2171089779785432 0.04800322710770472 0.01355166572557877
0 0.1734570391286809 0.21739130434782608 0.09721661960467931 0.014116318464144552
0 0.20592981040742234 0.21739130434782608 0.03469140782573618 0.01355166572557877
0 0.2379991932230738 0.21753246753246752 0.0391286809197257 0.012987012987012988
0 0.30254134731746674 0.22162619988706944 0.09156918112141993 0.023150762281197064
0 0.3691004437273094 0.21781479390175043 0.09963695038321904 0.015527950310559006
0 0.37252924566357404 0.21936758893280633 0.00645421540943929 0.006775832862789385
0 0.40742234772085517 0.21781479390175043 0.050826946349334406 0.014963297571993224
0 0.127470754336426 0.24548277809147373 0.09681323114158935 0.014116318464144552
0 0.17164179104477612 0.2425183512140034 0.045582896329164985 0.01355166572557877
0 0.2109721661960468 0.24308300395256918 0.052843888664784185 0.014116318464144552
0 0.2920532472771279 0.24632975719932243 0.14037918515530456 0.020045172219085264
0 0.3523598225090762 0.24703557312252963 0.08471157724889068 0.021456804065499716
0 0.3781766841468334 0.24280067758328627 0.025413473174667203 0.013269339356295878
0 0.4374747882210569 0.24392998306041785 0.09439290036304962 0.015527950310559006
0 0.14945542557482855 0.26792772444946356 0.145623235175474 0.015810276679841896
0 0.2244856797095603 0.268068887634105 0.10649455425574829 0.016092603049124788
0 0.22892295280354982 0.27060982495765107 0.007260992335619202 0.007622811970638058
0 0.263816054860831 0.268068887634105 0.042759177087535294 0.014116318464144552
0 0.3338039532069383 0.2683512140033879 0.11093182734973779 0.016092603049124788
0 0.3382412263009278 0.27060982495765107 0.00927793465106898 0.007905138339920948
0 0.417910447761194 0.26792772444946356 0.13876563130294473 0.014680971202710334
0 0.4247680516337233 0.27004517221908525 0.007260992335619202 0.007340485601355167
0 0.14925373134328357 0.2971485036702428 0.15248083904800322 0.022868435911914172
0 0.19483662767244858 0.2933370976849238 0.05244050020169423 0.014963297571993224
0 0.2535296490520371 0.29347826086956524 0.08309802339653086 0.014963297571993224
0 0.3390480032271077 0.2937605872388481 0.13311819281968534 0.015527950310559006
0 0.3709156918112142 0.2931959345002823 0.027833803953206938 0.014963297571993224
0 0.40419524001613555 0.29347826086956524 0.04195240016135539 0.014963297571993224
0 0.118192819685357 0.3190287972896669 0.08027430415490117 0.014680971202710334
0 0.12787414279951592 0.3210050818746471 0.007664380798709157 0.008752117447769622
0 0.16559096409842677 0.3186053077357425 0.0536506655909641 0.014963297571993224
0 0.20169423154497781 0.3186053077357425 0.04235578862444534 0.012422360248447204
0 0.2811617587736991 0.3188876341050254 0.11980637353771682 0.015810276679841896
0 0.32432432432432434 0.31832298136645965 0.04881000403388463 0.014116318464144552
0 0.4318273497377975 0.3191699604743083 0.1863654699475595 0.01637492941840768
0 0.08854376764824526 0.3437323546019198 0.019766034691407825 0.014963297571993224
0 0.1252521177894312 0.3437323546019198 0.04235578862444534 0.014680971202710334
0 0.16155707946752723 0.3468379446640316 0.0500201694231545 0.015245623941276116
0 0.19160951996772893 0.34316770186335405 0.02581686163775716 0.014963297571993224
0 0.25534489713594194 0.3440146809712027 0.0927793465106898 0.016657255787690572
0 0.3138362242839855 0.3438735177865613 0.07785397337636143 0.015810276679841896
0 0.32008874546187976 0.34316770186335405 0.005647438483259379 0.0033879164313946925
