0 396.01109318273495 909.0107284020328 0.02218636546994756 0.021456804065499716
0 519.0516337232755 912.0105872388481 0.10326744655102864 0.021174477696216828
0 864.0401371520775 917.0146809712027 0.08027430415490117 0.029361942405420668
0 1116.008471157725 967.0012704686618 0.016942315449778138 0.002540937323546019
0 1239.0167406212183 915.0108695652174 0.033481242436466316 0.021739130434782608
0 1402.0284388866478 924.0127046866178 0.05687777329568374 0.025409373235460192
0 1617.0409439290036 929.0087521174478 0.08188785800726099 0.017504234895539244
0 1872.006655909641 967.0009881422925 0.013311819281968536 0.001976284584980237
0 1955.0231948366277 951.0064935064935 0.0463896732553449 0.012987012987012988
0 373.05990318676885 1084.0183512140034 0.11980637353771682 0.03670242800677583
0 748.0084711577249 1098.0087521174478 0.016942315449778138 0.017504234895539244
0 869.0375151270674 1074.0183512140034 0.07503025413473174 0.03670242800677583
0 1074.0042355788623 1149.0053642010164 0.008471157724889069 0.010728402032749858
0 1201.0171440096813 1090.0112930547714 0.03428801936264623 0.02258610954263128
0 1373.0171440096813 1117.0073404856014 0.03428801936264623 0.014680971202710334
0 1464.0034288019363 1166.0042348955392 0.006857603872529245 0.00846979107848673
0 1530.0090762404195 1119.0076228119706 0.018152480839048003 0.015245623941276116
0 1634.0413473174667 1132.0091756070017 0.0826946349334409 0.018351214003387916
0 1852.0020169423155 1167.002682100508 0.004033884630899556 0.005364201016374929
0 1917.0213795885438 1132.0053642010164 0.042759177087535294 0.010728402032749858
0 373.0473981444131 1275.0155279503106 0.09479628882613957 0.031055900621118012
0 696.0318676885842 1270.0139751552795 0.063735377168213 0.027950310559006212
0 923.0379185155305 1278.0128458498023 0.07583703106091166 0.025691699604743084
0 1182.0118999596612 1302.004658385093 0.02379991932230738 0.009316770186335404
0 1303.0197660346914 1257.0160926030492 0.03953206938281565 0.032185206098249576
0 1452.0262202501008 1307.0117165443253 0.05244050020169423 0.023433088650479956
0 1638.011093182735 1319.0047995482778 0.02218636546994756 0.009599096555618294
0 1775.0572811617587 1265.0155279503106 0.1145623235175474 0.031055900621118012
0 2060.003227107705 1352.004658385093 0.00645421540943929 0.009316770186335404
0 385.0165389269867 1454.0091756070017 0.03307785397337636 0.018351214003387916
0 563.0272287212586 1446.0138339920948 0.05445744251714401 0.02766798418972332
0 753.0114965711981 1456.008610954263 0.022993142396127472 0.017221908526256352
0 879.0151270673658 1463.0080463015245 0.030254134731746672 0.016092603049124788
0 1010.0240016135539 1484.0053642010164 0.04800322710770472 0.010728402032749858
0 1194.0391286809197 1473.0139751552795 0.0782573618394514 0.027950310559006212
0 1416.0020169423155 1522.0012704686617 0.004033884630899556 0.002540937323546019
0 1526.0258168616378 1453.0108695652175 0.05163372327551432 0.021739130434782608
0 1782.0350947962888 1446.0146809712028 0.07018959257765228 0.029361942405420668
0 1997.0024203307785 1507.0047995482778 0.004840661557079467 0.009599096555618294
0 383.01916095199675 1650.0053642010164 0.038321903993545785 0.010728402032749858
0 530.013715207745 1634.0114342179559 0.02743041549011698 0.022868435911914172
0 643.0256151674062 1628.0091756070017 0.051230334812424366 0.018351214003387916
0 838.0209762000807 1652.006634669678 0.04195240016135539 0.013269339356295878
0 1018.0225897539331 1630.0104460756634 0.04517950786607503 0.020892151326933936
0 1213.015127067366 1625.0156691134953 0.030254134731746672 0.031338226990400904
0 1357.0530455828964 1639.010304912479 0.10609116579265833 0.020609824957651044
0 1721.0574828559904 1631.0148221343873 0.11496571198063735 0.029644268774703556
0 377.03065752319486 1800.010587238848 0.06131504638967326 0.021174477696216828
0 601.017749092376 1800.0100225861095 0.035498184751916094 0.020045172219085264
0 772.0197660346914 1810.0159514398645 0.03953206938281565 0.03190287972896669
0 932.013715207745 1819.0121400338792 0.02743041549011698 0.024280067758328628
0 1061.0371117386044 1802.011010728402 0.07422347720855184 0.0220214568040655
0 1319.0197660346914 1837.0056465273856 0.03953206938281565 0.01129305477131564
0 1498.0185558693022 1837.0062111801242 0.03711173860427592 0.012422360248447204
0 1666.0502218636548 1800.016516092603 0.10044372730939895 0.03303218520609825
0 1955.0026220250102 1869.0031055900622 0.0052440500201694235 0.006211180124223602
0 2017.02743041549 1808.0108695652175 0.05486083098023396 0.021739130434782608
0 2154.00262202501 1886.0031055900622 0.0052440500201694235 0.006211180124223602
0 368.0486083098023 1982.0142574816489 0.09721661960467931 0.028514963297571992
0 716.0223880597015 1986.0093167701864 0.04477611940298507 0.018633540372670808
0 905.0423557886245 1986.0088932806325 0.08471157724889068 0.017786561264822136
0 1221.007059298104 2013.0049407114625 0.014118596208148447 0.009881422924901186
0 1352.031867688584 1978.0155279503106 0.063735377168213 0.031055900621118012
0 1594.0256151674062 1997.0122811970639 0.051230334812424366 0.02456239412761152
0 1815.0161355385235 2010.007481648786 0.03227107704719645 0.014963297571993224
0 1972.0284388866478 2026.0049407114625 0.05687777329568374 0.009881422924901186
0 371.0461879790238 2191.006775832863 0.09237595804759983 0.01355166572557877
0 624.0036304961678 2230.0042348955394 0.007260992335619202 0.00846979107848673
0 725.0205728116176 2177.0080463015247 0.041145623235175476 0.016092603049124788
0 929.0478015328762 2171.0148221343875 0.09560306575231949 0.029644268774703556
0 1252.0177490923759 2174.0084697910784 0.035498184751916094 0.01693958215697346
0 1408.0302541347316 2191.0117165443253 0.060508269463493344 0.023433088650479956
0 1649.0387252924565 2182.009034443817 0.07745058491327148 0.018068887634105024
0 1909.0096813231141 2182.00790513834 0.01936264622831787 0.015810276679841896
0 2032.0104881000404 2205.004799548278 0.020976200080677694 0.009599096555618294
0 368.05183541750705 2340.0124223602484 0.1036708350141186 0.024844720496894408
0 746.0459862847922 2347.0104460756634 0.09197256958450989 0.020892151326933936
0 1062.0320693828157 2345.0143986448334 0.06413876563130294 0.028797289666854884
0 1232.0020169423155 2420.001552795031 0.004033884630899556 0.003105590062111801
