0 0.09156918112141993 0.11349520045172219 0.050423557886244454 0.021174477696216828
0 0.14622831787010893 0.11871823828345568 0.09479628882613957 0.03274985883681536
0 0.16841468334005646 0.11194240542066629 0.027833803953206938 0.020045172219085264
0 0.20693828156514724 0.11194240542066629 0.055667607906413875 0.013269339356295878
0 0.23941105284388867 0.11264822134387352 0.04477611940298507 0.014398644833427442
0 0.2765227914481646 0.11137775268210051 0.050826946349334406 0.021174477696216828
0 0.2946752722872126 0.11208356860530773 0.018152480839048003 0.01948051948051948
0 0.31787010891488504 0.11208356860530773 0.02944735780556676 0.01948051948051948
0 0.3467123840258169 0.11236589497459062 0.04356595401371521 0.012704686617730096
0 0.37918515530455826 0.11702428006775834 0.050423557886244454 0.029079616036137776
0 0.38463089955627267 0.11434217955957086 0.0052440500201694235 0.01101072840203275
0 0.4056070996369504 0.11180124223602485 0.03307785397337636 0.0189158667419537
0 0.46329164985881405 0.11067193675889328 0.09398951189995966 0.016657255787690572
