0 377.05445744251716 886.0105872388481 0.10891488503428802 0.021174477696216828
0 738.0030254134732 902.0087521174478 0.0060508269463493344 0.017504234895539244
0 793.0213795885438 881.0112930547713 0.042759177087535294 0.02258610954263128
0 958.0209762000807 888.0101637492942 0.04195240016135539 0.020327498588368152
0 1142.0324727712787 878.0124223602485 0.06494554255748286 0.024844720496894408
0 1361.0080677692617 888.009457933371 0.016135538523598225 0.0189158667419537
0 1455.0116982654297 883.0111518915867 0.023396530859217425 0.022303783173348392
0 1574.0042355788623 931.0038114059853 0.008471157724889069 0.007622811970638058
0 1653.0217829770068 878.0107284020328 0.04356595401371521 0.021456804065499716
0 1782.018152480839 878.0214568040655 0.03630496167809601 0.04291360813099943
0 1926.051432029044 893.0091756070017 0.10286405808793868 0.018351214003387916
0 360.02702702702703 1067.0107284020328 0.05405405405405406 0.021456804065499716
0 549.0088745461879 1088.0071993224167 0.017749092375958047 0.014398644833427442
0 674.0548608309803 1064.0115753811406 0.10972166196046793 0.023150762281197064
0 1012.0225897539331 1086.008328627894 0.04517950786607503 0.016657255787690572
0 1188.0342880193627 1064.0230095990967 0.06857603872529246 0.04601919819311124
0 1429.0502218636548 1083.0194805194806 0.10044372730939895 0.03896103896103896
0 1740.0556676079063 1064.010587238848 0.11133521581282775 0.021174477696216828
0 2032.0020169423155 1157.0025409373236 0.004033884630899556 0.005081874647092038
0 2087.024001613554 1091.006352343309 0.04800322710770472 0.012704686617730096
0 349.0082694634933 1247.0112930547714 0.01653892698668818 0.02258610954263128
0 456.033682936668 1240.0108695652175 0.06736587333602259 0.021739130434782608
0 677.0173457039128 1249.0107284020328 0.03469140782573618 0.021456804065499716
0 824.0564743848325 1245.0111518915867 0.11294876966518758 0.022303783173348392
0 1169.0506252521177 1253.0203274985884 0.10125050423557887 0.040654997176736304
0 1499.013311819282 1252.0191981931112 0.026623638563937072 0.038396386222473176
0 1636.0143202904396 1257.0097402597403 0.02864058087938685 0.01948051948051948
0 1803.0387252924565 1240.0111518915867 0.07745058491327148 0.022303783173348392
0 2048.0475998386446 1247.0172219085262 0.09519967728922953 0.034443817052512704
0 349.02924566357405 1437.0093167701864 0.058491327148043566 0.018633540372670808
0 509.0012101653893 1499.0009881422925 0.0024203307785397336 0.001976284584980237
0 585.035901573215 1426.011010728402 0.07180314643001211 0.0220214568040655
0 835.0393303751513 1433.0097402597403 0.07866075030254134 0.01948051948051948
0 1096.0548608309803 1453.0211744776961 0.10972166196046793 0.042348955392433656
0 1432.0457845905607 1424.0111518915867 0.09156918112141993 0.022303783173348392
0 1724.02218636547 1445.0064935064936 0.04437273093989512 0.012987012987012988
0 1908.0375151270673 1460.0052230378317 0.07503025413473174 0.010446075663466968
0 2149.013715207745 1433.0160926030492 0.02743041549011698 0.032185206098249576
0 348.05324727712787 1617.0201863354037 0.10649455425574829 0.040372670807453416
0 726.0592981040742 1598.01185770751 0.11859620814844696 0.023715415019762844
0 1117.0463896732554 1598.0214568040656 0.0927793465106898 0.04291360813099943
0 1442.0155304558289 1603.0104460756634 0.031060911657926585 0.020892151326933936
0 1583.0526421944332 1609.0088932806325 0.10528438886647842 0.017786561264822136
0 1884.0014118596207 1688.002399774139 0.0028237192416296895 0.004799548277809147
0 1934.0235982250908 1627.006634669678 0.04719645018152481 0.013269339356295878
0 2124.0028237192414 1616.0076228119706 0.005647438483259379 0.015245623941276116
0 356.01936264622833 1775.010304912479 0.03872529245663574 0.020609824957651044
0 514.034086325131 1774.023574251835 0.0681726502622025 0.0471485036702428
0 762.0445744251714 1796.0182100508187 0.0891488503428802 0.036420101637492944
0 1062.0054457442518 1835.00395256917 0.010891488503428802 0.007905138339920948
0 1168.040338846309 1786.009881422925 0.08067769261799113 0.019762845849802372
0 1458.0145219846713 1793.0173630717109 0.029043969342476807 0.03472614342179559
0 1607.0167406212183 1785.0104460756634 0.033481242436466316 0.020892151326933936
0 1751.0653489310205 1783.011010728402 0.1306978620411456 0.0220214568040655
0 358.0643404598629 1966.0183512140034 0.12868091972569584 0.03670242800677583
0 756.0012101653892 2036.0033879164314 0.0024203307785397336 0.006775832862789385
0 806.0296490520371 1959.0107284020328 0.05929810407422348 0.021456804065499716
0 1043.0016135538524 1960.0104460756634 0.003227107704719645 0.020892151326933936
0 1138.0494150867285 1962.0101637492942 0.09883017345703912 0.020327498588368152
0 1461.0720048406615 1964.0186335403728 0.14400968132311415 0.037267080745341616
0 1902.0459862847922 1961.0196216826653 0.09197256958450989 0.039243365330321855
0 2151.0096813231144 2000.0042348955392 0.01936264622831787 0.00846979107848673
0 353.0151270673659 2142.0119988706947 0.030254134731746672 0.023997741389045736
0 533.0590964098427 2136.0119988706947 0.118192819685357 0.023997741389045736
0 917.0167406212182 2137.0179277244492 0.033481242436466316 0.03585544889892716
0 1067.018152480839 2138.0117165443253 0.03630496167809601 0.023433088650479956
0 1273.049213392497 2119.022444946358 0.09842678499394918 0.04488989271597967
0 1622.0441710367083 2110.014539808018 0.08834207341670028 0.029079616036137776
0 1902.0112948769665 2145.0088932806325 0.022589753933037516 0.017786561264822136
0 2041.0165389269866 2136.0103049124787 0.03307785397337636 0.020609824957651044
0 311.0572811617588 2339.007058159232 0.1145623235175474 0.014116318464144552
0 649.0014118596208 2377.0016939582156 0.0028237192416296895 0.0033879164313946925
