0 367.0090762404195 727.0076228119707 0.018152480839048003 0.015245623941276116
0 462.0377168212989 734.0103049124788 0.0754336425978217 0.020609824957651044
0 723.0219846712384 732.007481648786 0.043969342476805166 0.014963297571993224
0 887.0048406615571 738.0060700169396 0.009681323114158934 0.012140033879164314
0 939.0157321500606 751.00395256917 0.03146430012101654 0.007905138339920948
0 1094.0094796288827 749.005928853755 0.018959257765227916 0.011857707509881422
0 1177.027027027027 742.0053642010164 0.05405405405405406 0.010728402032749858
0 1372.0504235578862 732.0088932806324 0.10084711577248891 0.017786561264822136
0 1664.0183541750705 735.0069169960474 0.03670835014118596 0.01383399209486166
0 1815.0252117789432 752.0043760587239 0.050423557886244454 0.008752117447769622
0 2020.0098830173456 734.0060700169396 0.019766034691407825 0.012140033879164314
0 371.0389269866882 902.0132693393563 0.07785397337636143 0.026538678712591756
0 643.0187575635337 919.0070581592321 0.03751512706736587 0.014116318464144552
0 824.0431625655506 912.0091756070017 0.08632513110125051 0.018351214003387916
0 1133.0098830173456 914.0067758328628 0.019766034691407825 0.01355166572557877
0 1232.011093182735 935.00395256917 0.02218636546994756 0.007905138339920948
0 1289.013311819282 934.00395256917 0.026623638563937072 0.007905138339920948
0 1428.0215812827753 912.0076228119707 0.043162565550625254 0.015245623941276116
0 1605.0328761597418 917.0077639751553 0.06575231948366277 0.015527950310559006
0 1827.0149253731342 933.0045172219085 0.029850746268656716 0.009034443817052512
0 1919.0010084711578 955.0007058159232 0.002016942315449778 0.001411631846414455
0 1956.0167406212183 908.0069169960474 0.033481242436466316 0.01383399209486166
0 2090.012101653893 930.0045172219085 0.024203307785397338 0.009034443817052512
0 362.0070592981041 1108.00395256917 0.014118596208148447 0.007905138339920948
0 450.0215812827753 1098.006352343309 0.043162565550625254 0.012704686617730096
0 602.0463896732554 1095.008328627894 0.0927793465106898 0.016657255787690572
0 850.0020169423154 1130.0029644268775 0.004033884630899556 0.005928853754940711
0 886.0106897942719 1098.0057876905703 0.021379588543767647 0.011575381140598532
0 966.0328761597418 1102.0077639751553 0.06575231948366277 0.015527950310559006
0 1180.0256151674062 1097.0060700169395 0.051230334812424366 0.012140033879164314
0 1382.0153287615974 1100.005928853755 0.03065752319483663 0.011857707509881422
0 1490.0312626058894 1092.0062111801242 0.06252521177894312 0.012422360248447204
0 1697.0076643807988 1091.007481648786 0.015328761597418314 0.014963297571993224
0 1795.0157321500606 1094.006634669678 0.03146430012101654 0.013269339356295878
0 1921.0379185155305 1091.0067758328628 0.07583703106091166 0.01355166572557877
0 364.02924566357405 1262.0111518915867 0.058491327148043566 0.022303783173348392
0 528.0024203307786 1316.002399774139 0.004840661557079467 0.004799548277809147
0 572.0082694634933 1297.003529079616 0.01653892698668818 0.007058159232072276
0 662.029245663574 1276.006352343309 0.058491327148043566 0.012704686617730096
0 866.0179507866075 1270.0077639751553 0.035901573215006054 0.015527950310559006
0 1014.0254134731747 1276.007481648786 0.050826946349334406 0.014963297571993224
0 1213.0185558693022 1267.0076228119706 0.03711173860427592 0.015245623941276116
0 1333.0090762404195 1281.005505364201 0.018152480839048003 0.01101072840203275
0 1417.0189592577651 1280.0057876905703 0.03791851553045583 0.011575381140598532
0 1577.0350947962888 1281.0069169960475 0.07018959257765228 0.01383399209486166
0 1810.0175473981444 1264.0081874647092 0.03509479628882614 0.01637492941840768
0 1953.0014118596207 1252.0033879164314 0.0028237192416296895 0.006775832862789385
0 1969.0169423154498 1259.0104460756634 0.033884630899556276 0.020892151326933936
0 2067.0010084711575 1252.0029644268775 0.002016942315449778 0.005928853754940711
0 2074.003227107705 1316.0031055900622 0.00645421540943929 0.006211180124223602
0 360.0173457039129 1434.0076228119706 0.03469140782573618 0.015245623941276116
0 507.0153287615974 1469.004376058724 0.03065752319483663 0.008752117447769622
0 638.0179507866075 1451.0069169960475 0.035901573215006054 0.01383399209486166
0 779.0207745058491 1454.011010728402 0.04154901169826543 0.0220214568040655
0 952.0286405808794 1453.007058159232 0.0572811617587737 0.014116318464144552
0 1191.0484066155707 1452.0091756070017 0.09681323114158935 0.018351214003387916
0 1487.0143202904396 1453.0067758328628 0.02864058087938685 0.01355166572557877
0 1578.018152480839 1459.0056465273856 0.03630496167809601 0.01129305477131564
0 1735.0284388866478 1450.006352343309 0.05687777329568374 0.012704686617730096
0 1936.02743041549 1443.0071993224167 0.05486083098023396 0.014398644833427442
