0 0.17063331988705124 0.2149915302089215 0.03791851553045583 0.014963297571993224
0 0.24021782977006859 0.21513269339356295 0.06252521177894312 0.017504234895539244
0 0.3190802743041549 0.2124505928853755 0.04759983864461476 0.0189158667419537
0 0.37676482452601856 0.21753246753246752 0.01855586930213796 0.010446075663466968
0 0.44675272287212586 0.2137210615471485 0.07059298104074223 0.020892151326933936
0 0.5546591367486889 0.2111801242236025 0.09519967728922953 0.020892151326933936
0 0.6571198063735377 0.21428571428571427 0.07745058491327148 0.019762845849802372
0 0.7692617991125453 0.21936758893280633 0.11133521581282775 0.037267080745341616
0 0.8598225090762405 0.2137210615471485 0.0463896732553449 0.020327498588368152
0 0.16276724485679708 0.2597402597402597 0.0463896732553449 0.01693958215697346
0 0.26300927793465106 0.2676453980801807 0.10810810810810811 0.038396386222473176
0 0.3711173860427592 0.2605872388481084 0.0790641387656313 0.02258610954263128
0 0.42214602662363854 0.2717391304347826 0.004437273093989512 0.005928853754940711
0 0.44876966518757566 0.2632693393562959 0.02702702702702703 0.014963297571993224
0 0.4848729326341267 0.2658102766798419 0.014521984671238403 0.01101072840203275
0 0.5536506655909641 0.2641163184641446 0.0899556272690601 0.020045172219085264
0 0.6379588543767648 0.2707509881422925 0.057684550221863654 0.031055900621118012
0 0.7053247277127874 0.2658102766798419 0.030254134731746672 0.01948051948051948
0 0.7736990722065349 0.2652456239412761 0.08309802339653086 0.0189158667419537
0 0.8680919725695845 0.26129305477131565 0.07745058491327148 0.021174477696216828
0 0.9114562323517548 0.2714568040654997 0.002016942315449778 0.001411631846414455
0 0.17022993142396128 0.31225296442687744 0.06292860024203308 0.017504234895539244
0 0.2505042355788624 0.3154997176736307 0.048406615570794675 0.011575381140598532
0 0.3370310609116579 0.31394692264257484 0.0826946349334409 0.020892151326933936
0 0.44231544977813636 0.3136645962732919 0.06575231948366277 0.020892151326933936
0 0.5429608713190803 0.31507622811970637 0.07987091569181122 0.021456804065499716
0 0.6331181928196854 0.31634669678147936 0.06575231948366277 0.017221908526256352
0 0.6956434045986285 0.31874647092038394 0.014925373134328358 0.011857707509881422
0 0.7501008471157725 0.3176171654432524 0.0609116579265833 0.01637492941840768
0 0.8412666397741024 0.32029926595143987 0.06413876563130294 0.012140033879164314
0 0.16760790641387657 0.35841332580463015 0.0899556272690601 0.023433088650479956
0 0.22388059701492538 0.3728119706380576 0.0024203307785397336 0.006493506493506494
0 0.2767244856797096 0.3613777526821005 0.048406615570794675 0.023715415019762844
0 0.34772085518354173 0.36829474872953133 0.04759983864461476 0.012704686617730096
0 0.4332392093586123 0.367871259175607 0.07018959257765228 0.012422360248447204
0 0.5588947156111336 0.3708356860530774 0.11415893505445744 0.03020892151326934
0 0.6738604275917709 0.36278938452851495 0.0609116579265833 0.025974025974025976
0 0.7482855990318676 0.3601072840203275 0.04759983864461476 0.022303783173348392
0 0.8317870108914885 0.36335403726708076 0.0927793465106898 0.020892151326933936
0 0.1811214199273901 0.46710897797854317 0.07018959257765228 0.012140033879164314
0 0.27753126260588945 0.4614624505928854 0.05970149253731343 0.023997741389045736
0 0.35175473981444133 0.46273291925465837 0.03065752319483663 0.015810276679841896
0 0.45038321903993545 0.46301524562394125 0.11173860427591771 0.02258610954263128
0 0.5689794271883825 0.46597967250141165 0.07382008874546188 0.01948051948051948
0 0.609318273497378 0.4784020327498588 0.0060508269463493344 0.00818746470920384
0 0.6603469140782574 0.4699322416713721 0.05244050020169423 0.017786561264822136
0 0.7341670028237193 0.47346132128740825 0.04437273093989512 0.012987012987012988
0 0.8033481242436467 0.4686617730095991 0.06333198870512304 0.020327498588368152
0 0.1482452601855587 0.5187747035573123 0.01573215006050827 0.012140033879164314
0 0.2755143202904397 0.5228684359119141 0.16054860830980233 0.04121964991530209
0 0.4374747882210569 0.5224449463579899 0.11577248890681727 0.03359683794466403
0 0.563735377168213 0.5176453980801807 0.10286405808793868 0.020609824957651044
0 0.6603469140782574 0.5152456239412762 0.05889471561113352 0.023715415019762844
0 0.7281161758773699 0.5189158667419537 0.03791851553045583 0.012422360248447204
0 0.8130294473578056 0.5251270468661773 0.1036708350141186 0.031055900621118012
0 0.18495361032674465 0.6215415019762845 0.08350141185962082 0.014398644833427442
0 0.29850746268656714 0.6192828910220215 0.0653489310205728 0.034161490683229816
0 0.3929003630496168 0.6134952004517222 0.0645421540943929 0.02258610954263128
0 0.4671238402581686 0.616318464144551 0.03227107704719645 0.019198193111236588
0 0.5278338039532069 0.616318464144551 0.0463896732553449 0.020327498588368152
0 0.6258572004840661 0.6168831168831169 0.0891488503428802 0.0220214568040655
0 0.7192416296893909 0.6177300959909655 0.0572811617587737 0.020327498588368152
0 0.8299717628075837 0.6173066064370413 0.11415893505445744 0.029079616036137776
0 0.2101653892698669 0.6658667419536984 0.13150463896732553 0.026256352343308864
0 0.28075837031060913 0.6773009599096556 0.003227107704719645 0.0016939582156973462
