0 0.09035901573215006 0.12380011293054771 0.03993545784590561 0.02766798418972332
0 0.13372327551432028 0.11871823828345568 0.06776926179911255 0.02258610954263128
0 0.18737394110528438 0.11801242236024845 0.08108108108108109 0.020327498588368152
0 0.21782977006857604 0.11730660643704122 0.04356595401371521 0.01129305477131564
0 0.254739814441307 0.11801242236024845 0.0500201694231545 0.019198193111236588
0 0.300121016538927 0.1228119706380576 0.06776926179911255 0.033314511575381144
0 0.3237192416296894 0.11815358554488989 0.02379991932230738 0.012140033879164314
0 0.4035901573215006 0.12196499153020893 0.12989108511496572 0.03162055335968379
0 0.4398951189995966 0.11801242236024845 0.04961678096006454 0.019198193111236588
0 0.08471157724889068 0.14412761151891587 0.03469140782573618 0.0251270468661773
0 0.13957240822912464 0.1492094861660079 0.08511496571198064 0.035290796160361376
0 0.1464300121016539 0.14596273291925466 0.003227107704719645 0.009599096555618294
0 0.1762807583703106 0.14342179559570864 0.04356595401371521 0.019198193111236588
0 0.21903993545784592 0.14342179559570864 0.06494554255748286 0.023150762281197064
0 0.2379991932230738 0.1429983060417843 0.01008471157724889 0.009316770186335404
0 0.2692617991125454 0.14751552795031056 0.043162565550625254 0.019762845849802372
0 0.32513110125050426 0.1432806324110672 0.09156918112141993 0.020609824957651044
0 0.3676885841064946 0.14370412196499152 0.0653489310205728 0.01948051948051948
0 0.41770875352964904 0.14793901750423488 0.0782573618394514 0.02710333145115754
0 0.09963695038321904 0.16939582156973462 0.06131504638967326 0.023715415019762844
0 0.1319080274304155 0.17391304347826086 0.033884630899556276 0.020327498588368152
0 0.18071803146430013 0.16897233201581027 0.07866075030254134 0.018351214003387916
0 0.23315853166599435 0.16854884246188595 0.08067769261799113 0.022868435911914172
0 0.2373941105284389 0.1702428006775833 0.004840661557079467 0.009034443817052512
0 0.2646228317870109 0.16897233201581027 0.03711173860427592 0.018351214003387916
0 0.34227511093182733 0.1730660643704122 0.1262605889471561 0.028514963297571992
0 0.37676482452601856 0.16939582156973462 0.04719645018152481 0.021739130434782608
0 0.3981444130697862 0.16826651609260304 0.02218636546994756 0.012987012987012988
0 0.436668011294877 0.1686900056465274 0.05486083098023396 0.020327498588368152
0 0.08249294070189593 0.21964991530208922 0.026623638563937072 0.019762845849802372
0 0.11052843888664785 0.21950875211744778 0.035498184751916094 0.020045172219085264
0 0.1918112141992739 0.2199322416713721 0.13392496974586526 0.023150762281197064
0 0.22347720855183542 0.21936758893280633 0.03993545784590561 0.0220214568040655
0 0.2888261395724082 0.21979107848673066 0.10568777732956837 0.021739130434782608
0 0.34630899556272693 0.220214568040655 0.08390480032271078 0.023715415019762844
0 0.3686970552642194 0.21880293619424054 0.01855586930213796 0.014680971202710334
0 0.39552238805970147 0.2186617730095991 0.031060911657926585 0.019762845849802372
0 0.43929003630496166 0.21950875211744778 0.07220653489310205 0.021739130434782608
0 0.44372730939895116 0.22035573122529645 0.0024203307785397336 0.002540937323546019
0 0.10346914078257362 0.24463579898362506 0.06252521177894312 0.02766798418972332
0 0.14037918515530456 0.24421230942970074 0.04477611940298507 0.011857707509881422
0 0.18616377571601453 0.24463579898362506 0.063735377168213 0.023433088650479956
0 0.20794675272287214 0.24872953133822698 0.021379588543767647 0.029644268774703556
0 0.24021782977006859 0.24421230942970074 0.03872529245663574 0.021739130434782608
0 0.31423961274707546 0.2502823263692829 0.12061315046389673 0.03896103896103896
0 0.3580072609923356 0.24887069452286845 0.06857603872529246 0.029079616036137776
0 0.3797902379991932 0.24421230942970074 0.02581686163775716 0.023150762281197064
0 0.44251714400968134 0.2440711462450593 0.10851149657119806 0.0220214568040655
0 0.44574425171440096 0.24675324675324675 0.006857603872529245 0.006775832862789385
0 0.07664380798709157 0.295313382269904 0.015328761597418314 0.010163749294184076
0 0.11718434852763211 0.2950310559006211 0.051230334812424366 0.022868435911914172
0 0.1674062121823316 0.2955957086391869 0.07341670028237192 0.02456239412761152
0 0.19503832190399353 0.29474872953133824 0.02501008471157725 0.024844720496894408
0 0.22952803549818476 0.295313382269904 0.0463896732553449 0.01129305477131564
0 0.23275514320290439 0.29545454545454547 0.0024203307785397336 0.002540937323546019
