0 379.01311012505045 912.0071993224167 0.026220250100847116 0.014398644833427442
0 456.02037111738605 911.0110107284021 0.040742234772085516 0.0220214568040655
0 599.0225897539331 912.0079051383399 0.04517950786607503 0.015810276679841896
0 736.0183541750706 940.0042348955393 0.03670835014118596 0.00846979107848673
0 879.0417507059298 912.0135516657256 0.08350141185962082 0.02710333145115754
0 1144.0179507866076 917.0073404856014 0.035901573215006054 0.014680971202710334
0 1253.0112948769665 948.0032467532468 0.022589753933037516 0.006493506493506494
0 1358.0086728519564 926.0063523433089 0.01734570391286809 0.012704686617730096
0 1441.0167406212183 926.0070581592321 0.033481242436466316 0.014116318464144552
0 1561.034086325131 930.0066346696782 0.0681726502622025 0.013269339356295878
0 1782.0121016538926 919.0101637492942 0.024203307785397338 0.020327498588368152
0 1854.0143202904396 926.0060700169396 0.02864058087938685 0.012140033879164314
0 357.00322710770473 1097.0012704686617 0.00645421540943929 0.002540937323546019
0 383.0494150867285 1097.0087521174478 0.09883017345703912 0.017504234895539244
0 654.0034288019363 1100.0018351214003 0.006857603872529245 0.0036702428006775835
0 723.0191609519968 1097.0064935064936 0.038321903993545785 0.012987012987012988
0 842.0104881000403 1121.0033879164314 0.020976200080677694 0.006775832862789385
0 944.0209762000807 1097.0071993224167 0.04195240016135539 0.014398644833427442
0 1101.0623235175474 1107.0088932806325 0.12464703509479629 0.017786561264822136
0 1457.0108914885034 1104.0057876905703 0.021782977006857603 0.011575381140598532
0 1552.0395320693829 1101.01185770751 0.0790641387656313 0.023715415019762844
0 1794.0125050423558 1098.0111518915867 0.02501008471157725 0.022303783173348392
0 1888.0153287615974 1126.0084697910786 0.03065752319483663 0.01693958215697346
0 361.0344897135942 1274.0101637492942 0.06897942718838242 0.020327498588368152
0 572.0564743848325 1283.0094579333709 0.11294876966518758 0.0189158667419537
0 925.0102864058088 1285.005928853755 0.020572811617587738 0.011857707509881422
0 983.0308592174264 1290.009034443817 0.06171843485276321 0.018068887634105024
0 1168.010689794272 1284.005928853755 0.021379588543767647 0.011857707509881422
0 1265.0207745058492 1282.0060700169395 0.04154901169826543 0.012140033879164314
0 1440.012908430819 1274.009881422925 0.02581686163775716 0.019762845849802372
0 1503.0161355385235 1305.0033879164314 0.03227107704719645 0.006775832862789385
0 1619.0342880193627 1300.004658385093 0.06857603872529246 0.009316770186335404
0 1806.0012101653892 1324.0009881422925 0.0024203307785397336 0.001976284584980237
0 1875.042557482856 1283.006634669678 0.08511496571198064 0.013269339356295878
0 360.0322710770472 1457.006634669678 0.0645421540943929 0.013269339356295878
0 531.002218636547 1497.0022586109542 0.004437273093989512 0.004517221908526256
0 578.0100847115773 1484.0031055900622 0.02016942315449778 0.006211180124223602
0 661.0197660346914 1461.010587238848 0.03953206938281565 0.021174477696216828
0 764.002218636547 1498.001976284585 0.004437273093989512 0.003952569169960474
0 826.0145219846712 1483.0033879164314 0.029043969342476807 0.006775832862789385
0 949.0294473578056 1462.006634669678 0.05889471561113352 0.013269339356295878
0 1131.0094796288827 1464.0057876905703 0.018959257765227916 0.011575381140598532
0 1202.0080677692617 1468.0057876905703 0.016135538523598225 0.011575381140598532
0 1263.0284388866478 1470.0064935064936 0.05687777329568374 0.012987012987012988
0 1447.013715207745 1468.0064935064936 0.02743041549011698 0.012987012987012988
0 1536.011496571198 1465.0064935064936 0.022993142396127472 0.012987012987012988
0 1640.0671641791046 1465.009034443817 0.13432835820895522 0.018068887634105024
0 2026.0121016538926 1465.0097402597403 0.024203307785397338 0.01948051948051948
0 351.01916095199675 1633.0071993224167 0.038321903993545785 0.014398644833427442
0 510.01774909237594 1636.006352343309 0.035498184751916094 0.012704686617730096
0 647.0201694231545 1636.006634669678 0.04033884630899556 0.013269339356295878
0 763.0030254134732 1671.0028232636928 0.0060508269463493344 0.00564652738565782
0 806.0165389269866 1657.0032467532467 0.03307785397337636 0.006493506493506494
0 922.0100847115773 1639.0062111801242 0.02016942315449778 0.012422360248447204
0 1006.0242033077853 1659.0073404856014 0.048406615570794675 0.014680971202710334
0 1152.0026220250102 1676.002399774139 0.0052440500201694235 0.004799548277809147
0 1230.0312626058894 1654.00790513834 0.06252521177894312 0.015810276679841896
0 1417.022589753933 1647.005928853755 0.04517950786607503 0.011857707509881422
0 1569.0352964905203 1645.0121400338792 0.07059298104074223 0.024280067758328628
0 1796.024405002017 1646.0069169960475 0.04881000403388463 0.01383399209486166
0 1938.0026220250102 1692.001976284585 0.0052440500201694235 0.003952569169960474
0 1999.0443727309398 1643.0073404856014 0.08874546187979024 0.014680971202710334
0 365.01936264622833 1821.005928853755 0.03872529245663574 0.011857707509881422
0 527.0282371924163 1818.0064935064936 0.05647438483259379 0.012987012987012988
0 738.0179507866075 1839.003529079616 0.035901573215006054 0.007058159232072276
0 857.0397337636143 1823.0132693393564 0.07946752722872126 0.026538678712591756
0 1079.0026220250102 1859.002399774139 0.0052440500201694235 0.004799548277809147
0 1149.035498184752 1837.0104460756634 0.07099636950383219 0.020892151326933936
0 1382.02218636547 1817.0062111801242 0.04437273093989512 0.012422360248447204
0 1518.038120209762 1823.0067758328628 0.07624041952400161 0.01355166572557877
0 1770.0401371520775 1831.0101637492942 0.08027430415490117 0.020327498588368152
0 2019.0284388866478 1849.0094579333709 0.05687777329568374 0.0189158667419537
0 357.0157321500605 2011.00395256917 0.03146430012101654 0.007905138339920948
0 466.00302541347315 2031.002399774139 0.0060508269463493344 0.004799548277809147
0 516.0276321097217 2018.0033879164314 0.05526421944332392 0.006775832862789385
0 703.019967728923 2003.005505364201 0.03993545784590561 0.01101072840203275
0 841.0383219039935 2001.0060700169395 0.07664380798709157 0.012140033879164314
0 1069.0026220250102 2034.002682100508 0.0052440500201694235 0.005364201016374929
0 1115.0163372327552 2002.005928853755 0.0326744655102864 0.011857707509881422
0 1233.020371117386 2001.0062111801242 0.040742234772085516 0.012422360248447204
0 1345.0256151674062 2022.009881422925 0.051230334812424366 0.019762845849802372
0 1527.0254134731747 2001.006352343309 0.050826946349334406 0.012704686617730096
0 1665.0010084711578 2039.0008469791078 0.002016942315449778 0.0016939582156973462
