0 0.10165389269866881 0.11151891586674195 0.0500201694231545 0.021739130434782608
0 0.1446147640177491 0.11081309994353472 0.06575231948366277 0.01948051948051948
0 0.16841468334005646 0.11024844720496894 0.0326744655102864 0.009599096555618294
0 0.23295683743444937 0.11250705815923208 0.11254538120209762 0.01355166572557877
0 0.27228721258572003 0.11518915866741954 0.058491327148043566 0.025409373235460192
0 0.29850746268656714 0.11081309994353472 0.035498184751916094 0.018351214003387916
0 0.3600242033077854 0.11123658949745906 0.10407422347720856 0.020327498588368152
0 0.39229528035498185 0.11053077357425184 0.04800322710770472 0.018351214003387916
0 0.4233561920129084 0.11123658949745906 0.04033884630899556 0.021174477696216828
0 0.09681323114158935 0.13706945228684358 0.038321903993545785 0.01355166572557877
0 0.1228317870108915 0.13664596273291926 0.026220250100847116 0.017786561264822136
0 0.16216216216216217 0.13975155279503104 0.05889471561113352 0.0251270468661773
0 0.20209762000806777 0.13664596273291926 0.05929810407422348 0.022303783173348392
0 0.2309398951189996 0.13692828910220214 0.035901573215006054 0.021456804065499716
0 0.27753126260588945 0.13706945228684358 0.07260992335619201 0.021739130434782608
0 0.32977006857603874 0.14088085827216262 0.08471157724889068 0.026821005081874648
0 0.36506655909640984 0.13706945228684358 0.05203711173860428 0.023997741389045736
0 0.40338846308995563 0.1373517786561265 0.060508269463493344 0.020327498588368152
0 0.43283582089552236 0.13721061547148503 0.03872529245663574 0.020327498588368152
0 0.1290843081887858 0.1627611518915867 0.10125050423557887 0.019762845849802372
0 0.1674062121823316 0.16205533596837945 0.05526421944332392 0.0220214568040655
0 0.18898749495764422 0.16191417278373801 0.035901573215006054 0.019762845849802372
0 0.23880597014925373 0.16614906832298137 0.07462686567164178 0.028232636928289104
0 0.3140379185155305 0.16798418972332016 0.12303348124243646 0.03077357425183512
0 0.3620411456232352 0.16586674195369847 0.07503025413473174 0.029079616036137776
0 0.41044776119402987 0.1671372106154715 0.0782573618394514 0.027950310559006212
0 0.09378781766841468 0.2121682665160926 0.03791851553045583 0.021739130434782608
0 0.14421137555465913 0.21908526256352343 0.08430818878580072 0.034443817052512704
0 0.1734570391286809 0.21682665160926032 0.03993545784590561 0.021174477696216828
0 0.21843485276321098 0.217673630717109 0.07301331181928197 0.023150762281197064
0 0.245663574021783 0.2121682665160926 0.03428801936264623 0.02258610954263128
0 0.30133118192819686 0.21950875211744778 0.09116579265832997 0.03896103896103896
0 0.37394110528438884 0.21753246753246752 0.13311819281968534 0.03162055335968379
0 0.39572408229124645 0.21583850931677018 0.026623638563937072 0.026256352343308864
0 0.4116579265832997 0.21230942970073405 0.01855586930213796 0.011575381140598532
0 0.12202501008471157 0.24364765669113495 0.09560306575231949 0.034443817052512704
0 0.17325534489713595 0.2429418407679277 0.08632513110125051 0.030491247882552232
0 0.1974586526825333 0.24167137210615472 0.026623638563937072 0.027950310559006212
0 0.20976200080677693 0.23249576510446077 0.00645421540943929 0.01101072840203275
0 0.29931423961274706 0.24124788255223037 0.1734570391286809 0.026538678712591756
0 0.30395320693828154 0.23080180688876342 0.0060508269463493344 0.00846979107848673
0 0.3085921742638161 0.2406832298136646 0.007260992335619202 0.010163749294184076
0 0.3289632916498588 0.237012987012987 0.021379588543767647 0.015810276679841896
0 0.3499394917305365 0.2375776397515528 0.021782977006857603 0.020892151326933936
0 0.40217829770068575 0.23800112930547712 0.08108108108108109 0.019762845849802372
0 0.07644211375554659 0.2571993224167137 0.0060508269463493344 0.006775832862789385
0 0.1553045582896329 0.264257481648786 0.14360629286002422 0.02710333145115754
0 0.16054860830980233 0.25479954827780915 0.008067769261799113 0.00818746470920384
0 0.1653892698668818 0.2639751552795031 0.0024203307785397336 0.002258610954263128
