0 0.09177087535296491 0.11518915866741954 0.041145623235175476 0.022303783173348392
0 0.13574021782977008 0.11702428006775834 0.06857603872529246 0.025691699604743084
0 0.1427995159338443 0.1144833427442123 0.004033884630899556 0.007905138339920948
0 0.20673658733360226 0.11391869000564653 0.10931827349737798 0.019762845849802372
0 0.20956030657523195 0.11420101637492942 0.004437273093989512 0.006493506493506494
0 0.23941105284388867 0.11377752682100509 0.04517950786607503 0.018633540372670808
0 0.25675675675675674 0.11278938452851496 0.01371520774505849 0.014116318464144552
0 0.28842275110931825 0.11744776962168267 0.050826946349334406 0.016092603049124788
0 0.3081887858007261 0.11349520045172219 0.026220250100847116 0.016657255787690572
0 0.3235175473981444 0.11349520045172219 0.01734570391286809 0.010163749294184076
0 0.35760387252924564 0.1163184641445511 0.05203711173860428 0.020609824957651044
0 0.4138765631302945 0.11801242236024845 0.09156918112141993 0.02258610954263128
0 0.07946752722872126 0.13706945228684358 0.011698265429608713 0.016092603049124788
0 0.10951996772892296 0.13819875776397517 0.04719645018152481 0.0189158667419537
0 0.13311819281968534 0.1386222473178995 0.03307785397337636 0.017504234895539244
0 0.1690197660346914 0.1427159796725014 0.057684550221863654 0.019762845849802372
0 0.19160951996772893 0.1411631846414455 0.02944735780556676 0.016092603049124788
0 0.21944332392093585 0.1386222473178995 0.04800322710770472 0.018351214003387916
0 0.2226704316256555 0.1386222473178995 0.004033884630899556 0.0033879164313946925
0 0.2462686567164179 0.13918690005646528 0.03227107704719645 0.020892151326933936
0 0.2658329971762808 0.1383399209486166 0.02379991932230738 0.016657255787690572
0 0.29245663574021785 0.13876341050254093 0.035901573215006054 0.016657255787690572
0 0.3227107704719645 0.13918690005646528 0.04719645018152481 0.011857707509881422
0 0.3533682936668011 0.13975155279503104 0.043969342476805166 0.020045172219085264
0 0.3574021782977007 0.1411631846414455 0.003630496167809601 0.007340485601355167
0 0.3699072206534893 0.13876341050254093 0.015328761597418314 0.013269339356295878
0 0.4374747882210569 0.14003387916431395 0.12343686970552642 0.017504234895539244
0 0.44050020169423154 0.14130434782608695 0.0052440500201694235 0.007340485601355167
0 0.09177087535296491 0.163184641445511 0.04195240016135539 0.0189158667419537
0 0.11234368697055264 0.16233766233766234 0.029043969342476807 0.009599096555618294
0 0.15853166599435256 0.16614906832298137 0.08067769261799113 0.016657255787690572
0 0.18878580072609924 0.16304347826086957 0.04517950786607503 0.018351214003387916
0 0.21419927390076643 0.1634669678147939 0.041145623235175476 0.022868435911914172
0 0.23578055667607906 0.1647374364765669 0.02944735780556676 0.01948051948051948
0 0.2977006857603873 0.1686900056465274 0.10609116579265833 0.026256352343308864
0 0.3011294876966519 0.16360813099943536 0.004033884630899556 0.002258610954263128
0 0.30496167809600644 0.15951439864483344 0.003227107704719645 0.006211180124223602
0 0.09983864461476402 0.18845285149632976 0.057684550221863654 0.019198193111236588
0 0.11637757160145219 0.18817052512704688 0.02218636546994756 0.01637492941840768
0 0.14400968132311415 0.18831168831168832 0.045582896329164985 0.010163749294184076
0 0.15974183138362244 0.18817052512704688 0.02379991932230738 0.018633540372670808
0 0.20330778539733763 0.19184076792772445 0.06938281565147236 0.022868435911914172
0 0.23557886244453408 0.1885940146809712 0.051230334812424366 0.016657255787690572
0 0.26663977410246065 0.18986448334274422 0.045582896329164985 0.017221908526256352
0 0.31323114158935056 0.19282891022021456 0.07664380798709157 0.020609824957651044
0 0.3281565147236789 0.18873517786561264 0.012505042355788625 0.010446075663466968
0 0.35699878983461075 0.18986448334274422 0.048406615570794675 0.009881422924901186
0 0.40782573618394513 0.1935347261434218 0.08834207341670028 0.024280067758328628
0 0.4312222670431626 0.18972332015810275 0.02944735780556676 0.0189158667419537
0 0.08511496571198064 0.21329757199322416 0.030254134731746672 0.017504234895539244
0 0.13130294473578055 0.21795595708639187 0.07624041952400161 0.028514963297571992
0 0.14965711980637353 0.21513269339356295 0.02501008471157725 0.021456804065499716
0 0.20774505849132716 0.21795595708639187 0.10165389269866881 0.023997741389045736
0 0.27410246066962485 0.21936758893280633 0.11415893505445744 0.03303218520609825
0 0.31585316659943524 0.21513269339356295 0.07180314643001211 0.016092603049124788
0 0.33965308592174265 0.21696781479390176 0.03428801936264623 0.01948051948051948
0 0.3620411456232352 0.21485036702428006 0.033884630899556276 0.009316770186335404
0 0.418313836224284 0.21640316205533597 0.09721661960467931 0.026821005081874648
0 0.12787414279951592 0.23955392433653303 0.11859620814844696 0.021174477696216828
0 0.1482452601855587 0.2404009034443817 0.025413473174667203 0.021174477696216828
0 0.17204517950786608 0.23898927159796726 0.033884630899556276 0.01948051948051948
0 0.22246873739411052 0.2425183512140034 0.08511496571198064 0.02710333145115754
0 0.272488906817265 0.24463579898362506 0.08430818878580072 0.02710333145115754
0 0.2769261799112545 0.24054206662902314 0.004437273093989512 0.003952569169960474
0 0.30597014925373134 0.2404009034443817 0.04477611940298507 0.017504234895539244
0 0.32553448971359417 0.2419536984754376 0.02501008471157725 0.020327498588368152
0 0.34772085518354173 0.23983625070581593 0.0318676885841065 0.017504234895539244
0 0.4154901169826543 0.24167137210615472 0.12222670431625655 0.012704686617730096
0 0.15026220250100847 0.26538678712591757 0.1609519967728923 0.021456804065499716
0 0.21157724889068172 0.2648221343873518 0.10528438886647842 0.020327498588368152
0 0.2319483662767245 0.264257481648786 0.02702702702702703 0.015810276679841896
0 0.2688584106494554 0.2651044607566347 0.06575231948366277 0.020045172219085264
0 0.28600242033077855 0.2652456239412761 0.017749092375958047 0.017504234895539244
0 0.3194836627672449 0.26538678712591757 0.048406615570794675 0.018068887634105024
0 0.3527632109721662 0.2651044607566347 0.051230334812424366 0.017504234895539244
0 0.417910447761194 0.2682100508187465 0.11415893505445744 0.024844720496894408
0 0.09620814844695441 0.2898080180688876 0.051230334812424366 0.012422360248447204
0 0.12948769665187576 0.2900903444381705 0.053247277127874144 0.0189158667419537
0 0.15248083904800322 0.29023150762281197 0.031060911657926585 0.019198193111236588
0 0.21682129891085114 0.29347826086956524 0.11415893505445744 0.023150762281197064
0 0.24969745865268253 0.29023150762281197 0.043969342476805166 0.018068887634105024
0 0.2789431222267043 0.2922077922077922 0.04921339249697459 0.023997741389045736
0 0.31787010891488504 0.29037267080745344 0.06897942718838242 0.017221908526256352
0 0.3854376764824526 0.29079616036137773 0.12020976200080678 0.017504234895539244
0 0.11920129084308188 0.31521739130434784 0.09439290036304962 0.017786561264822136
0 0.16014521984671237 0.3181818181818182 0.0645421540943929 0.01693958215697346
0 0.1974586526825333 0.31719367588932806 0.06010488100040339 0.020045172219085264
0 0.23073820088745461 0.3157820440429136 0.04235578862444534 0.020609824957651044
0 0.25978217022993144 0.31592320722755507 0.04679306171843485 0.01637492941840768
0 0.28519564340459863 0.31648785996612083 0.03065752319483663 0.019198193111236588
0 0.33662767244856795 0.3201581027667984 0.0891488503428802 0.027385657820440428
0 0.3755546591367487 0.31804065499717676 0.06131504638967326 0.021739130434782608
0 0.37898346107301334 0.3166290231507623 0.004437273093989512 0.00282326369282891
