0 0.17849939491730538 0.19409937888198758 0.0060508269463493344 0.005364201016374929
0 0.21944332392093585 0.20609824957651043 0.09600645421540945 0.026538678712591756
0 0.26946349334409037 0.2124505928853755 0.022589753933037516 0.014963297571993224
0 0.3741427995159338 0.2124505928853755 0.1617587736990722 0.03811405985319029
0 0.5030254134731746 0.20765104460756634 0.09519967728922953 0.02456239412761152
0 0.5566760790641387 0.20835686053077357 0.033884630899556276 0.026538678712591756
0 0.5849132714804357 0.19932241671372106 0.01290843081887858 0.01129305477131564
0 0.6081081081081081 0.2077922077922078 0.03993545784590561 0.025409373235460192
0 0.6897942718838241 0.20934500282326368 0.10084711577248891 0.023433088650479956
0 0.7400161355385236 0.21922642574816487 0.0012101653892698668 0.0008469791078486731
0 0.7801532876159741 0.2000282326369283 0.005647438483259379 0.005364201016374929
0 0.7977006857603872 0.20920383963862224 0.05687777329568374 0.024844720496894408
0 0.22428398547801534 0.26002258610954265 0.13231141589350545 0.025974025974025976
0 0.3051633723275514 0.25945793337097683 0.026220250100847116 0.023715415019762844
0 0.3838241226300928 0.25917560700169395 0.10528438886647842 0.025409373235460192
0 0.5389269866881807 0.2608695652173913 0.20653489310205728 0.029361942405420668
0 0.6595401371520775 0.26002258610954265 0.026623638563937072 0.02258610954263128
0 0.7624041952400161 0.2649632975719932 0.17668414683340056 0.037549407114624504
0 0.17244856797095603 0.3098531902879729 0.030254134731746672 0.027385657820440428
0 0.21198063735377168 0.31620553359683795 0.051230334812424366 0.012987012987012988
0 0.3620411456232352 0.31309994353472614 0.21339249697458654 0.034443817052512704
0 0.46430012101653895 0.32284020327498586 0.012101653892698669 0.00818746470920384
0 0.5203711173860428 0.3102766798418972 0.07745058491327148 0.025409373235460192
0 0.591367486889875 0.3104178430265387 0.026623638563937072 0.020609824957651044
0 0.6647841871722469 0.3156408808582722 0.09842678499394918 0.033314511575381144
0 0.7910447761194029 0.3126764539808018 0.1306978620411456 0.021739130434782608
0 0.17789431222267044 0.36307171089779783 0.05970149253731343 0.025974025974025976
0 0.25514320290439696 0.3750705815923207 0.06655909640984267 0.025691699604743084
0 0.3807987091569181 0.3695652173913043 0.12585720048406615 0.04121964991530209
0 0.4649052037111739 0.3622247317899492 0.024606696248487294 0.019198193111236588
0 0.508471157724889 0.3616600790513834 0.02702702702702703 0.018633540372670808
0 0.5546591367486889 0.3719649915302089 0.07180314643001211 0.0251270468661773
0 0.6226300927793466 0.36278938452851495 0.040742234772085516 0.02258610954263128
0 0.745260185558693 0.3613777526821005 0.1674062121823316 0.024844720496894408
0 0.8331988705123033 0.37422360248447206 0.00927793465106898 0.006493506493506494
0 0.21702299314239612 0.4105025409373235 0.11294876966518758 0.023715415019762844
0 0.3011294876966519 0.4138904573687182 0.027833803953206938 0.019762845849802372
0 0.3775716014521985 0.4124788255223038 0.12585720048406615 0.023150762281197064
0 0.47962888261395725 0.4124788255223038 0.07745058491327148 0.023715415019762844
0 0.5647438483259378 0.41459627329192544 0.08229124647035095 0.025691699604743084
0 0.68152480839048 0.4117730095990966 0.10044372730939895 0.02456239412761152
0 0.7638160548608309 0.41078486730660646 0.058491327148043566 0.023150762281197064
0 0.17123840258168616 0.5143986448334275 0.03993545784590561 0.02258610954263128
0 0.23295683743444937 0.5175042348955392 0.0391286809197257 0.015810276679841896
0 0.32432432432432434 0.5238565782044043 0.1371520774505849 0.03698475437605872
0 0.4473578055667608 0.5125635234330886 0.07018959257765228 0.026821005081874648
0 0.5139169019766034 0.5125635234330886 0.06131504638967326 0.023433088650479956
0 0.6194029850746269 0.5124223602484472 0.11738604275917709 0.025974025974025976
0 0.7382008874546188 0.5170807453416149 0.05163372327551432 0.03585544889892716
0 0.8208955223880597 0.5128458498023716 0.11052843888664785 0.025691699604743084
0 0.2345703912868092 0.5735460191981931 0.1383622428398548 0.03698475437605872
0 0.3259378781766841 0.5798983625070582 0.017749092375958047 0.012987012987012988
0 0.3993545784590561 0.562394127611519 0.08713190802743041 0.028232636928289104
0 0.47761194029850745 0.5632411067193676 0.05244050020169423 0.025974025974025976
0 0.5970149253731343 0.5678994918125353 0.15167406212182333 0.015527950310559006
0 0.7392093586123437 0.564935064935065 0.09560306575231949 0.026538678712591756
0 0.8465106897942719 0.5736871823828346 0.08753529649052037 0.024280067758328628
0 0.17204517950786608 0.620412196499153 0.024606696248487294 0.016657255787690572
0 0.31242436466317064 0.6158949745906268 0.20774505849132716 0.026256352343308864
0 0.45038321903993545 0.6274703557312253 0.013311819281968536 0.009881422924901186
0 0.5266236385639371 0.6153303218520609 0.12141992739007665 0.02456239412761152
0 0.6470350947962888 0.6157538114059853 0.10488100040338846 0.025974025974025976
0 0.7119806373537717 0.6160361377752682 0.03146430012101654 0.021456804065499716
0 0.7938684953610327 0.6143421795595708 0.09197256958450989 0.023150762281197064
0 0.8317870108914885 0.6294466403162056 0.012101653892698669 0.007622811970638058
0 0.19887051230334812 0.6674195369847544 0.09197256958450989 0.025409373235460192
0 0.2781363453005244 0.6688311688311688 0.04154901169826543 0.020892151326933936
0 0.3424768051633723 0.6713721061547149 0.02501008471157725 0.012987012987012988
0 0.417910447761194 0.6713721061547149 0.09762000806776926 0.015245623941276116
0 0.5163372327551432 0.6702428006775832 0.050826946349334406 0.031055900621118012
0 0.6559096409842678 0.6668548842461886 0.22025010084711577 0.025409373235460192
0 0.7795482049213392 0.6801242236024845 0.010891488503428802 0.006775832862789385
0 0.8150463896732554 0.668548842461886 0.03428801936264623 0.023150762281197064
