0 339.0084711577249 618.009457933371 0.016942315449778138 0.0189158667419537
0 427.0653489310206 620.0132693393563 0.1306978620411456 0.026538678712591756
0 800.0266236385639 613.0119988706945 0.053247277127874144 0.023997741389045736
0 985.038120209762 618.0127046866178 0.07624041952400161 0.025409373235460192
0 1193.0048406615572 598.011434217956 0.009681323114158934 0.022868435911914172
0 1220.011093182735 668.0015527950311 0.02218636546994756 0.003105590062111801
0 1336.0161355385235 620.0090344438171 0.03227107704719645 0.018068887634105024
0 1437.0135135135135 653.0042348955393 0.02702702702702703 0.00846979107848673
0 1546.0619201290842 606.014963297572 0.12384025816861638 0.029926595143986448
0 1917.034086325131 606.0095990965556 0.0681726502622025 0.019198193111236588
0 332.0076643807987 796.0088932806324 0.015328761597418314 0.017786561264822136
0 413.0326744655103 789.0101637492942 0.0653489310205728 0.020327498588368152
0 625.0157321500606 836.0038114059853 0.03146430012101654 0.007622811970638058
0 773.0576845502219 789.0107284020328 0.11536910044372731 0.021456804065499716
0 1109.0344897135942 789.0100225861096 0.06897942718838242 0.020045172219085264
0 1318.0125050423558 794.0090344438171 0.02501008471157725 0.018068887634105024
0 1457.0546591367488 789.013410502541 0.10931827349737798 0.026821005081874648
0 1782.0187575635337 789.0107284020328 0.03751512706736587 0.021456804065499716
0 1915.034086325131 789.009457933371 0.0681726502622025 0.0189158667419537
0 331.0397337636144 960.0105872388481 0.07946752722872126 0.021174477696216828
0 576.013715207745 971.0100225861096 0.02743041549011698 0.020045172219085264
0 699.0586930213796 966.0105872388481 0.11738604275917709 0.021174477696216828
0 1037.0338846308996 970.0091756070017 0.06776926179911255 0.018351214003387916
0 1238.0326744655104 1003.0052230378317 0.0653489310205728 0.010446075663466968
0 1457.0280354981849 1002.0046583850932 0.056070996369503835 0.009316770186335404
0 1617.0016135538524 1027.0009881422925 0.003227107704719645 0.001976284584980237
0 1675.0314643001211 961.0098814229249 0.06292860024203308 0.019762845849802372
0 1856.0127067365872 957.0090344438171 0.025413473174667203 0.018068887634105024
0 1959.02218636547 962.0093167701864 0.04437273093989512 0.018633540372670808
0 318.02702702702703 1147.0104460756634 0.05405405405405406 0.020892151326933936
0 501.02057281161757 1190.0052230378317 0.041145623235175476 0.010446075663466968
0 681.0427591770875 1150.0093167701864 0.08551835417507059 0.018633540372670808
0 933.0157321500606 1144.010587238848 0.03146430012101654 0.021174477696216828
0 1069.0524405002018 1140.0156691134953 0.10488100040338846 0.031338226990400904
0 1337.0014118596207 1203.0011293054772 0.0028237192416296895 0.002258610954263128
0 1374.0020169423155 1127.0045172219086 0.004033884630899556 0.009034443817052512
0 1395.0300524405002 1135.0107284020328 0.06010488100040339 0.021456804065499716
0 1601.0127067365872 1137.0097402597403 0.025413473174667203 0.01948051948051948
0 1695.0290439693424 1171.004658385093 0.05808793868495361 0.009316770186335404
0 1881.0459862847922 1121.0180688876342 0.09197256958450989 0.03613777526821005
0 332.02178297700686 1322.0097402597403 0.04356595401371521 0.01948051948051948
0 483.03610326744655 1313.0119988706945 0.07220653489310205 0.023997741389045736
0 700.0161355385236 1316.0097402597403 0.03227107704719645 0.01948051948051948
0 826.0431625655506 1311.0115753811406 0.08632513110125051 0.023150762281197064
0 1078.0149253731342 1321.011010728402 0.029850746268656716 0.0220214568040655
0 1167.0183541750705 1311.009881422925 0.03670835014118596 0.019762845849802372
0 1313.0278338039532 1305.0122811970639 0.055667607906413875 0.02456239412761152
0 1472.0145219846713 1331.0093167701864 0.029043969342476807 0.018633540372670808
0 1554.018152480839 1318.0093167701864 0.03630496167809601 0.018633540372670808
0 1699.0431625655506 1316.0155279503106 0.08632513110125051 0.031055900621118012
0 1928.0046389673255 1377.0040937323547 0.00927793465106898 0.00818746470920384
0 1964.0250100847115 1320.009881422925 0.0500201694231545 0.019762845849802372
0 348.0175473981444 1503.010587238848 0.03509479628882614 0.021174477696216828
0 507.07906413876566 1501.0146809712028 0.1581282775312626 0.029361942405420668
0 979.0849132714804 1515.0143986448334 0.16982654296087132 0.028797289666854884
0 1442.0175473981444 1513.0111518915867 0.03509479628882614 0.022303783173348392
0 1556.0193626462283 1507.0097402597403 0.03872529245663574 0.01948051948051948
0 1690.0863251311011 1505.0136928289103 0.17265026220250101 0.027385657820440428
0 361.01774909237594 1683.0142574816489 0.035498184751916094 0.028514963297571992
0 522.020371117386 1686.0100225861095 0.040742234772085516 0.020045172219085264
0 671.0316659943526 1680.0104460756634 0.06333198870512304 0.020892151326933936
0 868.0157321500606 1683.0124223602484 0.03146430012101654 0.024844720496894408
0 1001.0814844695442 1682.0148221343873 0.16296893908834206 0.029644268774703556
0 1431.0014118596207 1749.0011293054772 0.0028237192416296895 0.002258610954263128
