0 0.09560306575231949 0.11236589497459062 0.04961678096006454 0.017504234895539244
0 0.17769261799112546 0.11222473178994918 0.13674868898749495 0.018633540372670808
0 0.218233158531666 0.11208356860530773 0.050423557886244454 0.009599096555618294
0 0.24667204517950786 0.11377752682100509 0.03227107704719645 0.02258610954263128
0 0.31423961274707546 0.11194240542066629 0.11415893505445744 0.0189158667419537
0 0.3229124647035095 0.11490683229813664 0.00927793465106898 0.00846979107848673
0 0.36607503025413474 0.11166007905138339 0.06857603872529246 0.018351214003387916
0 0.3979427188382412 0.11236589497459062 0.031060911657926585 0.016092603049124788
0 0.45240016135538524 0.11293054771315642 0.08632513110125051 0.01948051948051948
0 0.11980637353771682 0.13692828910220214 0.09439290036304962 0.017504234895539244
0 0.19322307382008874 0.13791643139469226 0.11496571198063735 0.018633540372670808
0 0.21319080274304156 0.1386222473178995 0.020572811617587738 0.01637492941840768
0 0.28176684146833403 0.146386222473179 0.11536910044372731 0.03557312252964427
0 0.3043565954013715 0.13608130999435347 0.013311819281968536 0.00846979107848673
0 0.3446954417103671 0.14525691699604742 0.07018959257765228 0.025974025974025976
0 0.3719241629689391 0.13706945228684358 0.028237192416296894 0.009034443817052512
0 0.40419524001613555 0.1362224731789949 0.045582896329164985 0.01693958215697346
0 0.445340863251311 0.13692828910220214 0.060508269463493344 0.017504234895539244
0 0.08108108108108109 0.16304347826086957 0.022993142396127472 0.009599096555618294
0 0.10185558693021379 0.15683229813664595 0.007664380798709157 0.005364201016374929
0 0.12847922549415086 0.16261998870694522 0.05405405405405406 0.009034443817052512
0 0.1645824929407019 0.16304347826086957 0.042759177087535294 0.017504234895539244
0 0.1837434449374748 0.16247882552230378 0.01290843081887858 0.00846979107848673
0 0.22690601048810005 0.1730660643704122 0.07341670028237192 0.037267080745341616
0 0.2644211375554659 0.1686900056465274 0.05687777329568374 0.020327498588368152
0 0.31585316659943524 0.16261998870694522 0.06978620411456232 0.01693958215697346
0 0.3580072609923356 0.163184641445511 0.05808793868495361 0.017221908526256352
0 0.3781766841468334 0.16191417278373801 0.012505042355788625 0.00846979107848673
0 0.4374747882210569 0.16261998870694522 0.09398951189995966 0.01693958215697346
0 0.0881403791851553 0.24280067758328627 0.03146430012101654 0.025409373235460192
0 0.1518757563533683 0.24421230942970074 0.09076240419524001 0.029079616036137776
0 0.1563130294473578 0.23828345567476003 0.003227107704719645 0.002258610954263128
0 0.19604679306171843 0.23842461885940147 0.04235578862444534 0.014398644833427442
0 0.2263009277934651 0.24124788255223037 0.030254134731746672 0.020892151326933936
0 0.2680516337232755 0.2391304347826087 0.0681726502622025 0.017221908526256352
0 0.30677692617991126 0.2391304347826087 0.04759983864461476 0.009599096555618294
0 0.34288019362646227 0.2385657820440429 0.03630496167809601 0.016657255787690572
0 0.4257765227914482 0.24280067758328627 0.1371520774505849 0.026256352343308864
0 0.436466317063332 0.2425183512140034 0.010891488503428802 0.010163749294184076
0 0.08874546187979024 0.2639751552795031 0.0318676885841065 0.01693958215697346
0 0.16236385639370715 0.2723037831733484 0.12787414279951592 0.03274985883681536
0 0.21702299314239612 0.26439864483342745 0.07946752722872126 0.019198193111236588
0 0.22408229124647036 0.26792772444946356 0.010891488503428802 0.010728402032749858
0 0.27228721258572003 0.26453980801806887 0.0681726502622025 0.01948051948051948
0 0.3473174667204518 0.2728684359119142 0.11375554659136748 0.034443817052512704
0 0.4237595804759984 0.2648221343873518 0.12827753126260588 0.020045172219085264
0 0.08350141185962082 0.2888198757763975 0.019766034691407825 0.014963297571993224
0 0.12263009277934651 0.2931959345002823 0.048406615570794675 0.025974025974025976
0 0.1619604679306172 0.30011293054771315 0.051230334812424366 0.03867871259175607
0 0.2144009681323114 0.29150197628458496 0.05970149253731343 0.019762845849802372
0 0.21762807583703106 0.2898080180688876 0.003227107704719645 0.002258610954263128
