0 0.06575231948366277 0.10926030491247883 0.002016942315449778 0.010446075663466968
0 0.09782170229931424 0.11617730095990965 0.06252521177894312 0.019762845849802372
0 0.12081484469544171 0.11688311688311688 0.016942315449778138 0.01101072840203275
0 0.1772892295280355 0.12140033879164314 0.09237595804759983 0.029926595143986448
0 0.22488906817265025 0.11702428006775834 0.07503025413473174 0.0189158667419537
0 0.22972972972972974 0.1163184641445511 0.0028237192416296895 0.020892151326933936
0 0.2373941105284389 0.11166007905138339 0.002016942315449778 0.010163749294184076
0 0.2672448567970956 0.11744776962168267 0.03953206938281565 0.019762845849802372
0 0.30597014925373134 0.116600790513834 0.0609116579265833 0.017504234895539244
0 0.30778539733763616 0.11617730095990965 0.002016942315449778 0.001411631846414455
0 0.3208955223880597 0.11095426312817618 0.0028237192416296895 0.009881422924901186
0 0.3281565147236789 0.11547148503670243 0.0052440500201694235 0.017221908526256352
0 0.3783783783783784 0.11843591191417278 0.08390480032271078 0.020892151326933936
0 0.38483259378781765 0.11561264822134387 0.004840661557079467 0.019762845849802372
0 0.4265832997176281 0.11716544325239978 0.05929810407422348 0.01948051948051948
0 0.1189995966115369 0.16699604743083005 0.11335215812827754 0.020609824957651044
0 0.15469947559499797 0.17165443252399773 0.04033884630899556 0.027950310559006212
0 0.19685356998789835 0.1727837380011293 0.04921339249697459 0.021456804065499716
0 0.2626058894715611 0.1715132693393563 0.10084711577248891 0.03020892151326934
0 0.2698668818071803 0.1671372106154715 0.004033884630899556 0.02258610954263128
0 0.28600242033077855 0.1671372106154715 0.00645421540943929 0.0220214568040655
0 0.32674465510286405 0.16996047430830039 0.05808793868495361 0.01693958215697346
0 0.35619201290843083 0.16459627329192547 0.031060911657926585 0.01693958215697346
0 0.42154094392900365 0.16741953698475437 0.1044776119402985 0.020045172219085264
0 0.4257765227914482 0.17292490118577075 0.005647438483259379 0.014963297571993224
0 0.07845905607099637 0.21922642574816487 0.035901573215006054 0.023433088650479956
0 0.11577248890681727 0.21725014116318464 0.0536506655909641 0.01693958215697346
0 0.16659943525615167 0.22092038396386224 0.07180314643001211 0.026821005081874648
0 0.1972569584509883 0.21795595708639187 0.041145623235175476 0.01637492941840768
0 0.22488906817265025 0.21696781479390176 0.03307785397337636 0.014680971202710334
0 0.24505849132714805 0.21753246753246752 0.019766034691407825 0.01129305477131564
0 0.28519564340459863 0.2220496894409938 0.05929810407422348 0.0251270468661773
0 0.31141589350544574 0.2183794466403162 0.03227107704719645 0.018351214003387916
0 0.34227511093182733 0.2180971202710333 0.04477611940298507 0.017786561264822136
0 0.3864461476401775 0.21852060982495766 0.07341670028237192 0.017504234895539244
0 0.4138765631302945 0.22063805759457933 0.03630496167809601 0.021174477696216828
0 0.14703509479628882 0.24618859401468096 0.16256555062525213 0.025409373235460192
0 0.15510286405808793 0.24491812535290797 0.008067769261799113 0.009881422924901186
0 0.19382815651472368 0.2425183512140034 0.06333198870512304 0.019198193111236588
0 0.22952803549818476 0.2429418407679277 0.05163372327551432 0.019762845849802372
0 0.3027430415490117 0.24308300395256918 0.11980637353771682 0.0189158667419537
0 0.3511496571198064 0.2425183512140034 0.06575231948366277 0.016657255787690572
0 0.39027833803953205 0.24675324675324675 0.05647438483259379 0.017504234895539244
0 0.41064945542557485 0.24378881987577639 0.01573215006050827 0.010728402032749858
0 0.136345300524405 0.269339356295878 0.14158935054457442 0.019198193111236588
0 0.14058087938684954 0.27343308865047994 0.004840661557079467 0.01129305477131564
0 0.1897942718838241 0.26877470355731226 0.07341670028237192 0.016657255787690572
0 0.23416700282371924 0.26877470355731226 0.05970149253731343 0.01693958215697346
0 0.26119402985074625 0.2684923771880294 0.033481242436466316 0.012140033879164314
0 0.29306171843485274 0.268068887634105 0.03953206938281565 0.014680971202710334
0 0.30052440500201694 0.2724449463579898 0.004437273093989512 0.011857707509881422
0 0.32755143202904397 0.26990400903444384 0.03953206938281565 0.020327498588368152
0 0.35155304558289635 0.269339356295878 0.02944735780556676 0.014116318464144552
0 0.36506655909640984 0.2684923771880294 0.012505042355788625 0.010446075663466968
0 0.4048003227107705 0.2686335403726708 0.053247277127874144 0.012704686617730096
0 0.07805566760790641 0.2955957086391869 0.03307785397337636 0.022303783173348392
0 0.16599435256151673 0.2943252399774139 0.14965711980637353 0.019762845849802372
0 0.17063331988705124 0.29757199322416716 0.007664380798709157 0.011575381140598532
0 0.19060104881000403 0.2933370976849238 0.021782977006857603 0.014963297571993224
0 0.23941105284388867 0.294042913608131 0.06938281565147236 0.015245623941276116
0 0.2791448164582493 0.2933370976849238 0.04800322710770472 0.017221908526256352
0 0.326946349334409 0.29347826086956524 0.06615570794675273 0.017221908526256352
0 0.36950383219039934 0.29460756634669677 0.06736587333602259 0.018633540372670808
0 0.4048003227107705 0.2977131564088086 0.05808793868495361 0.017221908526256352
