0 0.08713190802743041 0.116600790513834 0.04961678096006454 0.019198193111236588
0 0.1563130294473578 0.11674195369847544 0.12303348124243646 0.018351214003387916
0 0.19483662767244858 0.11758893280632411 0.0572811617587737 0.012422360248447204
0 0.21661960467930616 0.11885940146809712 0.022589753933037516 0.020892151326933936
0 0.2799515933844292 0.11829474872953134 0.11093182734973779 0.01948051948051948
0 0.2843888664784187 0.12154150197628459 0.00645421540943929 0.012422360248447204
0 0.33219039935457845 0.11843591191417278 0.08309802339653086 0.017786561264822136
0 0.35699878983461075 0.11674195369847544 0.03065752319483663 0.017504234895539244
0 0.40641387656313027 0.11773009599096555 0.08511496571198064 0.0189158667419537
0 0.11617587736990723 0.14201016374929418 0.10286405808793868 0.018633540372670808
0 0.18475191609519967 0.14257481648785997 0.12222670431625655 0.019762845849802372
0 0.20855183541750705 0.1429983060417843 0.029043969342476807 0.01637492941840768
0 0.2680516337232755 0.14808018068887635 0.10044372730939895 0.030491247882552232
0 0.28721258572004843 0.1429983060417843 0.01936264622831787 0.011575381140598532
0 0.32432432432432434 0.14723320158102768 0.05203711173860428 0.0189158667419537
0 0.345703912868092 0.1429983060417843 0.02864058087938685 0.009034443817052512
0 0.37494957644211374 0.14342179559570864 0.038321903993545785 0.01383399209486166
0 0.4072206534893102 0.14384528514963296 0.0500201694231545 0.017504234895539244
0 0.42860024203307784 0.14356295878035008 0.022993142396127472 0.010163749294184076
0 0.06857603872529246 0.1634669678147939 0.004437273093989512 0.01355166572557877
0 0.10125050423557887 0.16671372106154714 0.0645421540943929 0.01101072840203275
0 0.13695038321903993 0.16840767927724448 0.04033884630899556 0.017221908526256352
0 0.15348931020572812 0.1675607001693958 0.013311819281968536 0.00818746470920384
0 0.1863654699475595 0.1671372106154715 0.04356595401371521 0.015527950310559006
0 0.22730939895118998 0.17038396386222474 0.055667607906413875 0.015810276679841896
0 0.272488906817265 0.16925465838509315 0.06252521177894312 0.019762845849802372
0 0.31484469544171034 0.16826651609260304 0.06212182331585317 0.017221908526256352
0 0.33299717628075837 0.16883116883116883 0.014925373134328358 0.011575381140598532
0 0.39027833803953205 0.16925465838509315 0.09439290036304962 0.016657255787690572
0 0.42860024203307784 0.17645398080180688 0.058491327148043566 0.032185206098249576
0 0.4332392093586123 0.16629023150762282 0.004437273093989512 0.01383399209486166
0 0.43707139975796694 0.1727837380011293 0.004033884630899556 0.012704686617730096
0 0.08874546187979024 0.19395821569734614 0.043969342476805166 0.0189158667419537
0 0.1228317870108915 0.1935347261434218 0.04719645018152481 0.008752117447769622
0 0.19564340459862847 0.19861660079051383 0.118192819685357 0.02766798418972332
0 0.2561516740621218 0.19395821569734614 0.10326744655102864 0.015810276679841896
0 0.2801532876159742 0.1956521739130435 0.02379991932230738 0.023433088650479956
0 0.336224283985478 0.19593450028232637 0.09560306575231949 0.0220214568040655
0 0.38967325534489716 0.2000282326369283 0.08309802339653086 0.027385657820440428
0 0.13130294473578055 0.21880293619424054 0.13150463896732553 0.017221908526256352
0 0.19382815651472368 0.2186617730095991 0.10246066962484873 0.01693958215697346
0 0.23376361436062928 0.2204968944099379 0.06212182331585317 0.013269339356295878
0 0.25675675675675674 0.2183794466403162 0.019766034691407825 0.01637492941840768
0 0.2898346107301331 0.2186617730095991 0.04517950786607503 0.015245623941276116
0 0.3215006050826946 0.21922642574816487 0.045986284792254944 0.017786561264822136
0 0.34207341670028235 0.2230378317334839 0.022589753933037516 0.025691699604743084
0 0.3953206938281565 0.22120271033314512 0.0790641387656313 0.020609824957651044
0 0.39975796692214605 0.21894409937888198 0.0024203307785397336 0.001411631846414455
0 0.10246066962484873 0.268068887634105 0.07987091569181122 0.018351214003387916
0 0.17386042759177087 0.27653867871259175 0.11335215812827754 0.036420101637492944
0 0.24304154901169828 0.27004517221908525 0.11335215812827754 0.019198193111236588
0 0.26744655102864057 0.2704686617730096 0.02944735780556676 0.01948051948051948
0 0.30233965308592176 0.2732919254658385 0.0463896732553449 0.029361942405420668
0 0.34045986284792257 0.2707509881422925 0.063735377168213 0.023715415019762844
0 0.34328358208955223 0.27060982495765107 0.002016942315449778 0.002258610954263128
