0 0.09298104074223477 0.10813099943534726 0.05244050020169423 0.018068887634105024
0 0.11395724082291246 0.10798983625070581 0.030254134731746672 0.017221908526256352
0 0.15691811214199275 0.1132128740824393 0.07462686567164178 0.029644268774703556
0 0.1972569584509883 0.10968379446640317 0.07059298104074223 0.01383399209486166
0 0.22791448164582492 0.1085544889892716 0.042759177087535294 0.012422360248447204
0 0.254941508672852 0.11222473178994918 0.043162565550625254 0.022303783173348392
0 0.2579669221460266 0.10982495765104461 0.003630496167809601 0.007905138339920948
0 0.27853973376361435 0.10813099943534726 0.02864058087938685 0.014963297571993224
0 0.30677692617991126 0.1085544889892716 0.048406615570794675 0.014963297571993224
0 0.34610730133118195 0.1088368153585545 0.057684550221863654 0.019198193111236588
0 0.3799919322307382 0.10897797854319594 0.05526421944332392 0.017221908526256352
0 0.40762404195240015 0.10841332580463016 0.03509479628882614 0.01693958215697346
0 0.11012505042355789 0.1373517786561265 0.08430818878580072 0.028514963297571992
0 0.11637757160145219 0.13608130999435347 0.004437273093989512 0.01101072840203275
0 0.1444130697862041 0.1342461885940147 0.0463896732553449 0.014680971202710334
0 0.19846712384025816 0.13382269904009034 0.09600645421540945 0.0189158667419537
0 0.2200484066155708 0.13255223037831734 0.02379991932230738 0.015527950310559006
0 0.25574828559903184 0.13354037267080746 0.0572811617587737 0.016657255787690572
0 0.2801532876159742 0.13636363636363635 0.03065752319483663 0.020609824957651044
0 0.3021379588543768 0.13283455674760022 0.03227107704719645 0.0189158667419537
0 0.33965308592174265 0.13438735177865613 0.07099636950383219 0.023997741389045736
0 0.34388866478418717 0.13481084133258045 0.004437273093989512 0.003105590062111801
0 0.3608309802339653 0.1336815358554489 0.022993142396127472 0.014963297571993224
0 0.39330375151270675 0.13354037267080746 0.04961678096006454 0.016092603049124788
0 0.10609116579265833 0.1842179559570864 0.07745058491327148 0.018351214003387916
0 0.10972166196046793 0.18591191417278374 0.004033884630899556 0.00564652738565782
0 0.1189995966115369 0.17998306041784304 0.004033884630899556 0.006211180124223602
0 0.13412666397741024 0.1836533032185206 0.027833803953206938 0.015245623941276116
0 0.16054860830980233 0.18661773009599097 0.043969342476805166 0.025409373235460192
0 0.18616377571601453 0.1836533032185206 0.038321903993545785 0.01948051948051948
0 0.22186365469947558 0.18675889328063242 0.05808793868495361 0.021456804065499716
0 0.25433642597821704 0.18817052512704688 0.05486083098023396 0.018633540372670808
0 0.28378378378378377 0.18450028232636928 0.04679306171843485 0.01948051948051948
0 0.30597014925373134 0.18435911914172784 0.029850746268656716 0.01101072840203275
0 0.34066155707946755 0.18351214003387917 0.053247277127874144 0.017504234895539244
0 0.3699072206534893 0.1842179559570864 0.04759983864461476 0.0189158667419537
0 0.41407825736183945 0.18690005646527386 0.0653489310205728 0.024844720496894408
0 0.41972569584509883 0.18407679277244496 0.004033884630899556 0.004234895539243365
0 0.08713190802743041 0.20934500282326368 0.035498184751916094 0.017504234895539244
0 0.1371520774505849 0.21315640880858272 0.08350141185962082 0.021739130434782608
0 0.16317063331988704 0.2096273291925466 0.03469140782573618 0.018068887634105024
0 0.19140782573618395 0.20934500282326368 0.04679306171843485 0.01637492941840768
0 0.2379991932230738 0.21315640880858272 0.08390480032271078 0.026538678712591756
0 0.25776522791448164 0.20976849237718803 0.02581686163775716 0.009599096555618294
0 0.26220250100847114 0.2121682665160926 0.00645421540943929 0.008752117447769622
0 0.28136345300524407 0.20920383963862224 0.024203307785397338 0.010163749294184076
0 0.3110125050423558 0.20920383963862224 0.04961678096006454 0.017504234895539244
0 0.33521581282775315 0.2090626764539808 0.033884630899556276 0.018633540372670808
0 0.36506655909640984 0.20934500282326368 0.04719645018152481 0.01693958215697346
0 0.4060104881000403 0.20990965556182947 0.06615570794675273 0.016092603049124788
0 0.09499798305768455 0.23404856013551667 0.048406615570794675 0.018633540372670808
0 0.12827753126260588 0.23461321287408243 0.04356595401371521 0.017504234895539244
0 0.16599435256151673 0.2365894974590627 0.06857603872529246 0.021174477696216828
0 0.17144009681323114 0.23560135516657255 0.004840661557079467 0.005081874647092038
0 0.1964501815248084 0.23489553924336534 0.0391286809197257 0.0189158667419537
0 0.21480435659540137 0.23433088650479955 0.02581686163775716 0.019198193111236588
0 0.28479225494150867 0.2375776397515528 0.12666397741024607 0.024844720496894408
0 0.3021379588543768 0.234472049689441 0.020572811617587738 0.01637492941840768
0 0.32876159741831384 0.23927159796725014 0.04195240016135539 0.026256352343308864
0 0.34207341670028235 0.23503670242800678 0.010891488503428802 0.014963297571993224
0 0.35962081484469544 0.2339073969508752 0.015328761597418314 0.012704686617730096
0 0.3892698668818072 0.23489553924336534 0.0536506655909641 0.016657255787690572
0 0.4227511093182735 0.23531902879728966 0.04679306171843485 0.016092603049124788
0 0.0899556272690601 0.26383399209486164 0.03872529245663574 0.0251270468661773
0 0.13876563130294473 0.26355166572557875 0.0782573618394514 0.026256352343308864
0 0.1553045582896329 0.2618577075098814 0.024203307785397338 0.022303783173348392
0 0.1672045179507866 0.26016374929418407 0.01371520774505849 0.008752117447769622
0 0.1954417103670835 0.26228119706380576 0.03711173860427592 0.028232636928289104
0 0.20774505849132716 0.25917560700169395 0.02016942315449778 0.0036702428006775835
0 0.2117789431222267 0.25945793337097683 0.003630496167809601 0.003105590062111801
