0 360.0179507866075 707.0100225861096 0.035901573215006054 0.020045172219085264
0 481.01149657119805 719.0080463015246 0.022993142396127472 0.016092603049124788
0 565.0211778943122 711.0095990965556 0.04235578862444534 0.019198193111236588
0 699.0092779346511 721.0088932806324 0.01855586930213796 0.017786561264822136
0 772.0145219846712 720.0086109542631 0.029043969342476807 0.017221908526256352
0 866.0534489713594 707.0105872388481 0.10689794271883823 0.021174477696216828
0 1169.0139169019767 721.0086109542631 0.027833803953206938 0.017221908526256352
0 1251.002218636547 759.0063523433089 0.004437273093989512 0.012704686617730096
0 1308.0191609519968 723.0117165443253 0.038321903993545785 0.023433088650479956
0 1421.02480839048 734.0069169960474 0.04961678096006454 0.01383399209486166
0 1571.0304558289633 720.0136928289102 0.0609116579265833 0.027385657820440428
0 1742.0016135538524 774.0049407114625 0.003227107704719645 0.009881422924901186
0 1789.0112948769665 728.0083286278939 0.022589753933037516 0.016657255787690572
0 1881.0197660346914 724.0081874647092 0.03953206938281565 0.01637492941840768
0 361.03065752319486 890.0091756070017 0.06131504638967326 0.018351214003387916
0 531.0028237192416 941.0067758328628 0.005647438483259379 0.01355166572557877
0 587.0153287615974 910.0079051383399 0.03065752319483663 0.015810276679841896
0 695.0256151674062 910.0077639751553 0.051230334812424366 0.015527950310559006
0 851.0201694231545 899.0095990965556 0.04033884630899556 0.019198193111236588
0 987.0240016135539 890.0101637492942 0.04800322710770472 0.020327498588368152
0 1140.0320693828157 890.0135516657256 0.06413876563130294 0.02710333145115754
0 1339.0169423154498 896.0128458498024 0.033884630899556276 0.025691699604743084
0 1449.018152480839 902.0088932806324 0.03630496167809601 0.017786561264822136
0 1585.02218636547 902.0090344438171 0.04437273093989512 0.018068887634105024
0 1723.0645421540944 897.0103049124788 0.1290843081887858 0.020609824957651044
0 2051.001411859621 953.0011293054771 0.0028237192416296895 0.002258610954263128
0 362.01371520774507 1067.010304912479 0.02743041549011698 0.020609824957651044
0 460.02722872125855 1067.014539808018 0.05445744251714401 0.029079616036137776
0 642.013715207745 1090.0073404856014 0.02743041549011698 0.014680971202710334
0 750.0252117789431 1070.0095990965556 0.050423557886244454 0.019198193111236588
0 897.0018152480839 1115.0060700169395 0.003630496167809601 0.012140033879164314
0 938.031060911658 1075.0093167701864 0.06212182331585317 0.018633540372670808
0 1140.0532472771279 1074.014963297572 0.10649455425574829 0.029926595143986448
0 1453.0443727309398 1071.0104460756634 0.08874546187979024 0.020892151326933936
0 1719.0463896732554 1074.0132693393564 0.0927793465106898 0.026538678712591756
0 1993.0104881000404 1084.0076228119706 0.020976200080677694 0.015245623941276116
0 371.01189995966115 1246.010587238848 0.02379991932230738 0.021174477696216828
0 467.01169826542963 1271.0067758328628 0.023396530859217425 0.01355166572557877
0 550.0183541750706 1260.008610954263 0.03670835014118596 0.017221908526256352
0 677.0282371924163 1254.0138339920948 0.05647438483259379 0.02766798418972332
0 859.011093182735 1246.0115753811406 0.02218636546994756 0.023150762281197064
0 947.0328761597418 1252.0093167701864 0.06575231948366277 0.018633540372670808
0 1132.0016135538524 1299.005505364201 0.003227107704719645 0.01101072840203275
0 1178.0201694231546 1258.0087521174478 0.04033884630899556 0.017504234895539244
0 1315.0235982250908 1268.0077639751553 0.04719645018152481 0.015527950310559006
0 1469.045582896329 1246.0117165443253 0.09116579265832997 0.023433088650479956
0 1738.0459862847922 1255.0100225861095 0.09197256958450989 0.020045172219085264
0 376.0413473174667 1421.0117165443253 0.0826946349334409 0.023433088650479956
0 653.0401371520775 1434.0095990965556 0.08027430415490117 0.019198193111236588
0 897.0153287615974 1454.0064935064936 0.03065752319483663 0.012987012987012988
0 1018.0893505445745 1430.014539808018 0.17870108914885036 0.029079616036137776
0 1515.0246066962484 1421.0117165443253 0.04921339249697459 0.023433088650479956
0 1692.029245663574 1421.0114342179559 0.058491327148043566 0.022868435911914172
0 1884.0439693424769 1427.0170807453417 0.08793868495361033 0.034161490683229816
0 377.01210165389267 1609.009881422925 0.024203307785397338 0.019762845849802372
0 478.01936264622833 1618.008328627894 0.03872529245663574 0.016657255787690572
0 613.0369100443727 1612.0097402597403 0.07382008874546188 0.01948051948051948
0 823.0014118596208 1663.0009881422925 0.0028237192416296895 0.001976284584980237
