0 0.15590964098426785 0.22007340485601354 0.0028237192416296895 0.006493506493506494
0 0.18212989108511496 0.22783738001129306 0.003630496167809601 0.012987012987012988
0 0.24203307785397338 0.2261434217955957 0.07583703106091166 0.01355166572557877
0 0.2954820492133925 0.23433088650479955 0.0052440500201694235 0.009034443817052512
0 0.3356192012908431 0.22684923771880294 0.03791851553045583 0.013269339356295878
0 0.44675272287212586 0.2267080745341615 0.1254538120209762 0.014680971202710334
0 0.527228721258572 0.23517786561264822 0.004840661557079467 0.00564652738565782
0 0.6058894715611134 0.23066064370412195 0.10891488503428802 0.019762845849802372
0 0.7039128680919726 0.23277809147374365 0.053247277127874144 0.012140033879164314
0 0.7361839451391691 0.23574251835121401 0.0024203307785397336 0.004517221908526256
0 0.7539330375151271 0.22275550536420102 0.003227107704719645 0.00564652738565782
0 0.8259378781766842 0.22924901185770752 0.12061315046389673 0.011857707509881422
0 0.8896732553448972 0.22261434217955958 0.003630496167809601 0.007622811970638058
0 0.17789431222267044 0.2768210050818746 0.05163372327551432 0.01383399209486166
0 0.2668414683340056 0.27837380011293056 0.06171843485276321 0.018068887634105024
0 0.3446954417103671 0.27540937323546016 0.024606696248487294 0.010446075663466968
0 0.42214602662363854 0.27752682100508186 0.0609116579265833 0.015810276679841896
0 0.5125050423557886 0.28091473743647655 0.056070996369503835 0.018633540372670808
0 0.6095199677289229 0.28063241106719367 0.07180314643001211 0.01637492941840768
0 0.6585316659943525 0.2862789384528515 0.004437273093989512 0.006211180124223602
0 0.7305365066559096 0.2780914737436477 0.0935861234368697 0.012422360248447204
0 0.8336022589753933 0.27992659514398643 0.05929810407422348 0.01948051948051948
0 0.17486889874949577 0.32622811970638055 0.04154901169826543 0.012704686617730096
0 0.26865671641791045 0.32820440429136083 0.09035901573215006 0.012704686617730096
0 0.40439693424768053 0.33130999435347264 0.09640984267849939 0.01948051948051948
0 0.48406615570794675 0.3277809147374365 0.017749092375958047 0.012987012987012988
0 0.5469947559499798 0.327639751552795 0.045986284792254944 0.012704686617730096
0 0.6046793061718435 0.33032185206098247 0.014521984671238403 0.005081874647092038
0 0.682129891085115 0.32891022021456806 0.08471157724889068 0.018068887634105024
0 0.7884227511093183 0.3274985883681536 0.07624041952400161 0.012987012987012988
0 0.16337232755143202 0.3794466403162055 0.02501008471157725 0.006775832862789385
0 0.2317466720451795 0.37704686617730093 0.0391286809197257 0.013269339356295878
0 0.31141589350544574 0.3790231507622812 0.050826946349334406 0.0189158667419537
0 0.3416700282371924 0.38325804630152455 0.0024203307785397336 0.002540937323546019
0 0.3989511899959661 0.38015245623941274 0.05486083098023396 0.017221908526256352
0 0.48870512303348124 0.3781761716544325 0.06413876563130294 0.012704686617730096
0 0.5574828559903187 0.38015245623941274 0.026623638563937072 0.017786561264822136
0 0.6395724082291246 0.3800112930547713 0.08592174263816055 0.018633540372670808
0 0.6893908834207342 0.3870694522868436 0.004840661557079467 0.006211180124223602
0 0.7248890681726503 0.3790231507622812 0.02581686163775716 0.01383399209486166
0 0.7773295683743445 0.38170525127046867 0.03469140782573618 0.018633540372670808
0 0.8390480032271077 0.38410502540937325 0.03872529245663574 0.009316770186335404
0 0.18253327954820492 0.42814793901750425 0.0681726502622025 0.01383399209486166
0 0.2942718838241226 0.43040654997176736 0.09640984267849939 0.017786561264822136
0 0.3741427995159338 0.4309712027103331 0.02944735780556676 0.016092603049124788
0 0.445139169019766 0.42828910220214567 0.0609116579265833 0.014116318464144552
0 0.509277934651069 0.43266516092603047 0.02218636546994756 0.006493506493506494
0 0.5512303348124243 0.4322416713721062 0.014118596208148447 0.004517221908526256
0 0.5956030657523195 0.4289949181253529 0.033481242436466316 0.014398644833427442
0 0.672448567970956 0.4298418972332016 0.0653489310205728 0.011575381140598532
0 0.7337636143606293 0.4289949181253529 0.014521984671238403 0.013269339356295878
0 0.7775312626058895 0.43280632411067194 0.03751512706736587 0.007340485601355167
0 0.2109721661960468 0.481931112365895 0.09923356192012908 0.019198193111236588
0 0.3172650262202501 0.4803783173348391 0.04154901169826543 0.013269339356295878
0 0.38422751109318276 0.4813664596273292 0.03670835014118596 0.012987012987012988
0 0.4693424768051634 0.48207227555053644 0.07220653489310205 0.0189158667419537
0 0.5679709560306575 0.48009599096555616 0.06696248487293263 0.01383399209486166
0 0.6327148043565954 0.47967250141163187 0.027833803953206938 0.014680971202710334
0 0.7004840661557079 0.48009599096555616 0.057684550221863654 0.014963297571993224
0 0.763614360629286 0.4808018068887634 0.01936264622831787 0.014680971202710334
0 0.827954820492134 0.480660643704122 0.06897942718838242 0.012704686617730096
0 0.2146026623638564 0.5303500846979108 0.11617587736990723 0.016092603049124788
0 0.3299717628075837 0.5340203274985884 0.05647438483259379 0.006493506493506494
0 0.4102460669624849 0.5335968379446641 0.055667607906413875 0.017504234895539244
0 0.445340863251311 0.5378317334839074 0.003227107704719645 0.0016939582156973462
