0 0.07422347720855184 0.09923771880293619 0.002016942315449778 0.00282326369282891
0 0.09963695038321904 0.10996612083568605 0.043162565550625254 0.020045172219085264
0 0.11577248890681727 0.1101072840203275 0.011294876966518758 0.00818746470920384
0 0.16518757563533684 0.11335403726708075 0.07745058491327148 0.026256352343308864
0 0.19302137958854376 0.11081309994353472 0.03670835014118596 0.017786561264822136
0 0.19786204114562322 0.11038961038961038 0.007260992335619202 0.01693958215697346
0 0.20169423154497781 0.10276679841897234 0.003630496167809601 0.004517221908526256
0 0.22609923356192013 0.11095426312817618 0.023396530859217425 0.020892151326933936
0 0.25231948366276724 0.11081309994353472 0.0391286809197257 0.014963297571993224
0 0.2589753933037515 0.11038961038961038 0.0024203307785397336 0.001411631846414455
0 0.26502622025010086 0.10361377752682101 0.004033884630899556 0.004517221908526256
0 0.2734973779749899 0.11081309994353472 0.008471157724889069 0.01693958215697346
0 0.3075837031060912 0.11053077357425184 0.05526421944332392 0.0189158667419537
0 0.31242436466317064 0.1101072840203275 0.008471157724889069 0.01637492941840768
0 0.3410649455425575 0.11067193675889328 0.04356595401371521 0.017504234895539244
0 0.3918918918918919 0.11109542631281762 0.08632513110125051 0.018633540372670808
0 0.3953206938281565 0.1101072840203275 0.008067769261799113 0.017504234895539244
0 0.12141992739007665 0.13932806324110672 0.09681323114158935 0.028232636928289104
0 0.13251311012505043 0.1352343308865048 0.010488100040338847 0.017504234895539244
0 0.1565147236789028 0.13551665725578768 0.02501008471157725 0.007905138339920948
0 0.20956030657523195 0.1367871259175607 0.08511496571198064 0.020045172219085264
0 0.21742638160548608 0.1362224731789949 0.0024203307785397336 0.004799548277809147
0 0.23578055667607906 0.13565782044042915 0.03146430012101654 0.018068887634105024
0 0.24526018555869303 0.13495200451722192 0.006857603872529245 0.01693958215697346
0 0.2765227914481646 0.13932806324110672 0.04719645018152481 0.023997741389045736
0 0.31565147236789026 0.13551665725578768 0.06171843485276321 0.01693958215697346
0 0.3370310609116579 0.13636363636363635 0.02702702702702703 0.021739130434782608
0 0.3578055667607906 0.13890457368718237 0.029850746268656716 0.015245623941276116
0 0.39753933037515127 0.13946922642574816 0.06494554255748286 0.025974025974025976
0 0.4015732150060508 0.13551665725578768 0.00645421540943929 0.018633540372670808
0 0.4126663977410246 0.13537549407114624 0.01008471157724889 0.016657255787690572
0 0.4308188785800726 0.1396103896103896 0.0326744655102864 0.016092603049124788
0 0.08511496571198064 0.15965556182947488 0.021782977006857603 0.020609824957651044
0 0.13110125050423557 0.16022021456804064 0.07220653489310205 0.017221908526256352
0 0.13856393707139975 0.16134952004517222 0.0024203307785397336 0.005928853754940711
0 0.16680112948769665 0.16092603049124787 0.03993545784590561 0.0189158667419537
0 0.1772892295280355 0.16078486730660643 0.01008471157724889 0.016657255787690572
0 0.2127874142799516 0.16092603049124787 0.04921339249697459 0.016657255787690572
0 0.2392093586123437 0.16120835686053078 0.035498184751916094 0.01948051948051948
0 0.2646228317870109 0.16290231507622813 0.03146430012101654 0.023433088650479956
0 0.291246470350948 0.16120835686053078 0.03711173860427592 0.0189158667419537
0 0.3136345300524405 0.16092603049124787 0.029043969342476807 0.017221908526256352
0 0.3751512706736587 0.16261998870694522 0.10044372730939895 0.020892151326933936
0 0.3914885034288019 0.163184641445511 0.01936264622831787 0.020892151326933936
0 0.4118596208148447 0.16149068322981366 0.033481242436466316 0.018633540372670808
0 0.10306575231948366 0.1876058723884811 0.05526421944332392 0.023997741389045736
0 0.1280758370310609 0.18633540372670807 0.030254134731746672 0.016092603049124788
0 0.14885034288019364 0.18661773009599097 0.021782977006857603 0.017786561264822136
0 0.1674062121823316 0.18647656691134953 0.015328761597418314 0.008752117447769622
0 0.19281968535699878 0.19028797289666854 0.0391286809197257 0.02456239412761152
0 0.21258572004840662 0.1857707509881423 0.020572811617587738 0.01693958215697346
0 0.2373941105284389 0.1852060982495765 0.02743041549011698 0.015810276679841896
0 0.26946349334409037 0.18690005646527386 0.048406615570794675 0.019198193111236588
0 0.29164985881403793 0.1880293619424054 0.018959257765227916 0.023433088650479956
0 0.354376764824526 0.1901468097120271 0.10891488503428802 0.024844720496894408
0 0.3580072609923356 0.18774703557312253 0.0024203307785397336 0.006211180124223602
0 0.38463089955627267 0.18647656691134953 0.043162565550625254 0.019198193111236588
0 0.40137152077450583 0.18675889328063242 0.024606696248487294 0.01948051948051948
0 0.11617587736990723 0.21146245059288538 0.07382008874546188 0.019762845849802372
0 0.15308592174263816 0.21132128740824394 0.05486083098023396 0.019198193111236588
0 0.18313836224283986 0.21414455110107283 0.04033884630899556 0.014398644833427442
0 0.19866881807180314 0.2106154714850367 0.012101653892698669 0.007340485601355167
0 0.254941508672852 0.21132128740824394 0.08834207341670028 0.018068887634105024
0 0.2624041952400161 0.21315640880858272 0.0024203307785397336 0.005364201016374929
0 0.291044776119403 0.21202710333145117 0.0500201694231545 0.017504234895539244
0 0.3237192416296894 0.21174477696216826 0.04195240016135539 0.01948051948051948
0 0.34630899556272693 0.21103896103896103 0.024606696248487294 0.019198193111236588
0 0.37494957644211374 0.2111801242236025 0.03791851553045583 0.020327498588368152
0 0.3810004033884631 0.2124505928853755 0.0024203307785397336 0.004234895539243365
0 0.40217829770068575 0.21188594014680973 0.03307785397337636 0.018068887634105024
0 0.4227511093182735 0.21132128740824394 0.01936264622831787 0.020327498588368152
0 0.08208955223880597 0.2360248447204969 0.01008471157724889 0.009034443817052512
0 0.11093182734973779 0.23644833427442122 0.04195240016135539 0.010446075663466968
0 0.1306978620411456 0.237012987012987 0.01855586930213796 0.020892151326933936
0 0.1897942718838241 0.23687182382834557 0.09762000806776926 0.020609824957651044
0 0.1972569584509883 0.2375776397515528 0.004033884630899556 0.005364201016374929
0 0.20794675272287214 0.23517786561264822 0.013311819281968536 0.015245623941276116
0 0.2379991932230738 0.2365894974590627 0.03993545784590561 0.018068887634105024
0 0.2648245260185559 0.24011857707509882 0.0318676885841065 0.025974025974025976
0 0.3019362646228318 0.237012987012987 0.057684550221863654 0.018633540372670808
0 0.3307785397337636 0.23687182382834557 0.040742234772085516 0.015810276679841896
0 0.35962081484469544 0.2404009034443817 0.04356595401371521 0.017786561264822136
0 0.39572408229124645 0.23955392433653303 0.06292860024203308 0.025409373235460192
0 0.40237999193223073 0.237012987012987 0.006857603872529245 0.001411631846414455
0 0.40500201694231547 0.23715415019762845 0.0024203307785397336 0.001976284584980237
