0 373.02077450584915 731.0098814229249 0.04154901169826543 0.019762845849802372
0 548.011093182735 737.007481648786 0.02218636546994756 0.014963297571993224
0 651.0260185558693 731.0090344438171 0.05203711173860428 0.018068887634105024
0 836.0098830173457 734.0087521174478 0.019766034691407825 0.017504234895539244
0 953.0141185962082 731.0088932806324 0.028237192416296894 0.017786561264822136
0 1095.0627269060105 725.0100225861096 0.1254538120209762 0.020045172219085264
0 1442.0169423154498 725.0090344438171 0.033884630899556276 0.018068887634105024
0 1501.00524405002 783.0045172219085 0.010488100040338847 0.009034443817052512
0 1592.0187575635337 730.0103049124788 0.03751512706736587 0.020609824957651044
0 1722.0298507462687 756.0062111801242 0.05970149253731343 0.012422360248447204
0 1925.0397337636143 725.0193393562959 0.07946752722872126 0.03867871259175607
0 2131.005849132715 780.0052230378317 0.011698265429608713 0.010446075663466968
0 380.00968132311414 913.0083286278939 0.01936264622831787 0.016657255787690572
0 501.02057281161757 909.0093167701864 0.041145623235175476 0.018633540372670808
0 692.0346914078258 914.0090344438171 0.06938281565147236 0.018068887634105024
0 877.0058491327148 963.0052230378317 0.011698265429608713 0.010446075663466968
0 980.0131101250504 937.0056465273857 0.026220250100847116 0.01129305477131564
0 1131.0278338039532 938.0052230378317 0.055667607906413875 0.010446075663466968
0 1330.020371117386 913.0083286278939 0.040742234772085516 0.016657255787690572
0 1502.031060911658 906.0095990965556 0.06212182331585317 0.019198193111236588
0 1715.0508269463494 905.0117165443253 0.10165389269866881 0.023433088650479956
0 2001.0207745058492 915.0100225861096 0.04154901169826543 0.020045172219085264
0 378.01996772892295 1090.0094579333709 0.03993545784590561 0.0189158667419537
0 573.0256151674062 1094.009034443817 0.051230334812424366 0.018068887634105024
0 800.0830980233966 1083.010587238848 0.1661960467930617 0.021174477696216828
0 1226.0016135538524 1149.0012704686617 0.003227107704719645 0.002540937323546019
0 1308.0157321500606 1105.0071993224167 0.03146430012101654 0.014398644833427442
0 1441.0348931020574 1094.0170807453417 0.06978620411456232 0.034161490683229816
0 1684.013715207745 1122.0052230378317 0.02743041549011698 0.010446075663466968
0 1827.0282371924163 1095.00790513834 0.05647438483259379 0.015810276679841896
0 1962.0078660750303 1141.005505364201 0.01573215006050827 0.01101072840203275
0 2040.0304558289633 1085.0100225861095 0.0609116579265833 0.020045172219085264
0 374.05909640984265 1272.0191981931112 0.118192819685357 0.038396386222473176
0 772.0592981040742 1270.0097402597403 0.11859620814844696 0.01948051948051948
0 1144.0486083098024 1270.0127046866178 0.09721661960467931 0.025409373235460192
0 1445.011093182735 1274.0084697910786 0.02218636546994756 0.01693958215697346
0 1558.0141185962082 1271.008610954263 0.028237192416296894 0.017221908526256352
0 1692.0125050423558 1294.0053642010164 0.02501008471157725 0.010728402032749858
0 1806.0217829770068 1276.0084697910786 0.04356595401371521 0.01693958215697346
0 1958.0437676482452 1273.0128458498023 0.08753529649052037 0.025691699604743084
0 380.0149253731343 1447.0122811970639 0.029850746268656716 0.02456239412761152
0 489.0393303751513 1445.0101637492942 0.07866075030254134 0.020327498588368152
0 710.0042355788624 1499.0047995482778 0.008471157724889069 0.009599096555618294
0 802.0171440096814 1449.0080463015245 0.03428801936264623 0.016092603049124788
0 954.0240016135539 1475.0057876905703 0.04800322710770472 0.011575381140598532
0 1118.0568777732956 1452.0182100508187 0.11375554659136748 0.036420101637492944
0 1490.0582896329165 1446.0094579333709 0.11657926583299717 0.0189158667419537
0 1851.058491327148 1447.0100225861095 0.11698265429608713 0.020045172219085264
0 407.03670835014117 1631.0094579333709 0.07341670028237192 0.0189158667419537
0 654.0129084308189 1660.0050818746472 0.02581686163775716 0.010163749294184076
0 791.0903590157321 1629.0191981931112 0.18071803146430013 0.038396386222473176
0 1301.0278338039532 1623.010304912479 0.055667607906413875 0.020609824957651044
0 1490.0268253327954 1628.0097402597403 0.0536506655909641 0.01948051948051948
0 1681.0556676079063 1626.0163749294184 0.11133521581282775 0.03274985883681536
0 2001.0145219846713 1633.007481648786 0.029043969342476807 0.014963297571993224
0 443.01815248083903 1810.0084697910786 0.03630496167809601 0.01693958215697346
0 621.0385235982251 1810.0093167701864 0.07704719645018153 0.018633540372670808
0 825.0014118596208 1864.0009881422925 0.0028237192416296895 0.001976284584980237
