0 362.0254134731747 896.0125635234331 0.050826946349334406 0.0251270468661773
0 550.0365066559096 893.0132693393563 0.07301331181928197 0.026538678712591756
0 761.0014118596208 957.0042348955393 0.0028237192416296895 0.00846979107848673
0 802.0441710367083 895.0095990965556 0.08834207341670028 0.019198193111236588
0 1048.0012101653892 960.0036702428007 0.0024203307785397336 0.007340485601355167
0 1098.0276321097217 910.0084697910785 0.05526421944332392 0.01693958215697346
0 1283.0018152480839 920.0067758328628 0.003630496167809601 0.01355166572557877
0 1338.0256151674062 936.0091756070017 0.051230334812424366 0.018351214003387916
0 1515.0161355385235 912.007481648786 0.03227107704719645 0.014963297571993224
0 1628.007059298104 938.0053642010164 0.014118596208148447 0.010728402032749858
0 1723.0334812424364 893.0143986448335 0.06696248487293263 0.028797289666854884
0 1933.0387252924565 896.0153867871259 0.07745058491327148 0.03077357425183512
0 356.0092779346511 1080.0084697910786 0.01855586930213796 0.01693958215697346
0 436.0250100847116 1075.009881422925 0.0500201694231545 0.019762845849802372
0 641.011093182735 1075.0091756070017 0.02218636546994756 0.018351214003387916
0 743.0242033077853 1110.0095990965556 0.048406615570794675 0.019198193111236588
0 911.0147236789028 1107.0091756070017 0.02944735780556676 0.018351214003387916
0 1033.0175473981444 1075.0100225861095 0.03509479628882614 0.020045172219085264
0 1128.0018152480839 1136.0009881422925 0.003630496167809601 0.001976284584980237
0 1203.015127067366 1080.0100225861095 0.030254134731746672 0.020045172219085264
0 1322.0157321500606 1089.0091756070017 0.03146430012101654 0.018351214003387916
0 1417.0219846712384 1075.010304912479 0.043969342476805166 0.020609824957651044
0 1610.020371117386 1103.0056465273856 0.040742234772085516 0.01129305477131564
0 1796.0242033077855 1076.0095990965556 0.048406615570794675 0.019198193111236588
0 1925.0014118596207 1138.0045172219086 0.0028237192416296895 0.009034443817052512
0 1999.0024203307785 1082.00790513834 0.004840661557079467 0.015810276679841896
0 367.06716417910445 1251.010304912479 0.13432835820895522 0.020609824957651044
0 746.0016135538524 1307.00395256917 0.003227107704719645 0.007905138339920948
0 827.0207745058491 1258.0097402597403 0.04154901169826543 0.01948051948051948
0 998.0189592577652 1290.0049407114625 0.03791851553045583 0.009881422924901186
0 1163.0415490116982 1277.010587238848 0.08309802339653086 0.021174477696216828
0 1445.0322710770472 1256.0101637492942 0.0645421540943929 0.020327498588368152
0 1651.0229931423962 1247.01185770751 0.045986284792254944 0.023715415019762844
0 1847.0143202904396 1238.016516092603 0.02864058087938685 0.03303218520609825
0 1954.05223880597 1242.0160926030492 0.1044776119402985 0.032185206098249576
0 2223.001815248084 1317.0012704686617 0.003630496167809601 0.002540937323546019
0 2235.001411859621 1236.0033879164314 0.0028237192416296895 0.006775832862789385
0 354.03025413473176 1429.0100225861095 0.060508269463493344 0.020045172219085264
0 570.0149253731344 1429.0097402597403 0.029850746268656716 0.01948051948051948
0 687.0205728116176 1458.0056465273856 0.041145623235175476 0.01129305477131564
0 861.011093182735 1439.0093167701864 0.02218636546994756 0.018633540372670808
0 976.0302541347318 1430.0146809712028 0.060508269463493344 0.029361942405420668
0 1188.031867688584 1436.0097402597403 0.063735377168213 0.01948051948051948
0 1386.0215812827753 1436.0094579333709 0.043162565550625254 0.0189158667419537
0 1562.0393303751512 1452.0115753811406 0.07866075030254134 0.023150762281197064
0 1807.0086728519564 1471.0052230378317 0.01734570391286809 0.010446075663466968
0 1883.0227914481645 1469.0053642010164 0.045582896329164985 0.010728402032749858
0 2046.0365066559095 1429.0151044607567 0.07301331181928197 0.03020892151326934
0 359.0098830173457 1614.0100225861095 0.019766034691407825 0.020045172219085264
0 475.0240016135539 1618.0091756070017 0.04800322710770472 0.018351214003387916
0 638.042557482856 1600.014963297572 0.08511496571198064 0.029926595143986448
0 935.0127067365873 1600.0152456239414 0.025413473174667203 0.030491247882552232
0 1062.0542557482856 1617.0132693393564 0.10851149657119806 0.026538678712591756
0 1421.058087938685 1608.014963297572 0.11617587736990723 0.029926595143986448
0 1760.0346914078257 1618.010587238848 0.06938281565147236 0.021174477696216828
0 1993.019967728923 1611.0131281761717 0.03993545784590561 0.026256352343308864
0 355.01774909237594 1821.0053642010164 0.035498184751916094 0.010728402032749858
0 519.044776119403 1779.014539808018 0.08955223880597014 0.029079616036137776
0 816.0552642194433 1791.0117165443253 0.11052843888664785 0.023433088650479956
0 1181.0141185962082 1779.0146809712028 0.028237192416296894 0.029361942405420668
0 1303.0141185962082 1799.0088932806325 0.028237192416296894 0.017786561264822136
0 1458.039935457846 1789.0136928289103 0.07987091569181122 0.027385657820440428
0 1729.0439693424769 1783.0148221343873 0.08793868495361033 0.029644268774703556
0 1956.0024203307785 1843.001552795031 0.004840661557079467 0.003105590062111801
0 2014.0286405808795 1788.0107284020328 0.0572811617587737 0.021456804065499716
0 355.0143202904397 1962.0136928289103 0.02864058087938685 0.027385657820440428
0 486.0254134731747 1971.0095990965556 0.050826946349334406 0.019198193111236588
0 678.04961678096 1991.0071993224167 0.09923356192012908 0.014398644833427442
0 1026.0689794271884 1968.0100225861095 0.13795885437676483 0.020045172219085264
0 1429.0473981444131 1967.0104460756634 0.09479628882613957 0.020892151326933936
0 1732.0118999596612 1992.00790513834 0.02379991932230738 0.015810276679841896
0 1835.033682936668 1973.0091756070017 0.06736587333602259 0.018351214003387916
0 2037.0163372327552 1974.0088932806325 0.0326744655102864 0.017786561264822136
0 357.02016942315447 2152.0088932806325 0.04033884630899556 0.017786561264822136
0 554.0268253327955 2146.0100225861097 0.0536506655909641 0.020045172219085264
0 795.0494150867286 2137.0182100508187 0.09883017345703912 0.036420101637492944
0 1124.0227914481645 2170.005928853755 0.045582896329164985 0.011857707509881422
0 1299.0262202501008 2139.011293054771 0.05244050020169423 0.02258610954263128
0 1481.0205728116175 2152.009316770186 0.041145623235175476 0.018633540372670808
0 1659.055869302138 2157.012140033879 0.11173860427591771 0.024280067758328628
0 2002.0233965308591 2147.009316770186 0.04679306171843485 0.018633540372670808
0 347.0264219443324 2311.0151044607564 0.052843888664784185 0.03020892151326934
0 572.035901573215 2331.008752117448 0.07180314643001211 0.017504234895539244
0 821.0623235175474 2319.011293054771 0.12464703509479629 0.02258610954263128
0 1238.056272690601 2311.0124223602484 0.11254538120209762 0.024844720496894408
0 1601.0298507462687 2356.0101637492944 0.05970149253731343 0.020327498588368152
0 1820.0356998789835 2311.0151044607564 0.07139975796692215 0.03020892151326934
0 358.02016942315447 2503.009457933371 0.04033884630899556 0.0189158667419537
0 525.0235982250907 2504.009175607002 0.04719645018152481 0.018351214003387916
0 718.0240016135539 2505.009457933371 0.04800322710770472 0.0189158667419537
0 922.0486083098024 2500.0128458498025 0.09721661960467931 0.025691699604743084
0 1247.0282371924163 2488.0162337662337 0.05647438483259379 0.032467532467532464
0 1403.0020169423155 2569.001129305477 0.004033884630899556 0.002258610954263128
