0 359.00605082694636 718.0090344438171 0.012101653892698669 0.018068887634105024
0 439.0264219443324 724.0107284020328 0.052843888664784185 0.021456804065499716
0 601.0127067365873 718.0086109542631 0.025413473174667203 0.017221908526256352
0 710.0197660346914 724.0077639751553 0.03953206938281565 0.015527950310559006
0 859.0219846712384 750.0084697910785 0.043969342476805166 0.01693958215697346
0 1020.0169423154498 726.0071993224167 0.033884630899556276 0.014398644833427442
0 1147.0246066962484 719.0083286278939 0.04921339249697459 0.016657255787690572
0 1338.031060911658 723.0081874647092 0.06212182331585317 0.01637492941840768
0 1563.0812827753127 720.0081874647092 0.16256555062525213 0.01637492941840768
0 1969.0026220250102 775.0025409373236 0.0052440500201694235 0.005081874647092038
0 355.0161355385236 902.0081874647092 0.03227107704719645 0.01637492941840768
0 487.06171843485276 902.0108695652174 0.12343686970552642 0.021739130434782608
0 865.0248083904801 907.0069169960474 0.04961678096006454 0.01383399209486166
0 1036.0494150867285 900.0119988706945 0.09883017345703912 0.023997741389045736
0 1290.0014118596207 959.001976284585 0.0028237192416296895 0.003952569169960474
0 1360.0185558693022 905.0070581592321 0.03711173860427592 0.014116318464144552
0 1494.0367083501412 902.0083286278939 0.07341670028237192 0.016657255787690572
0 1726.011093182735 912.0073404856014 0.02218636546994756 0.014680971202710334
0 1833.0352964905203 907.0069169960474 0.07059298104074223 0.01383399209486166
0 359.04296087131905 1084.0119988706945 0.08592174263816055 0.023997741389045736
0 641.0104881000403 1081.007481648786 0.020976200080677694 0.014963297571993224
0 732.0193626462283 1089.0107284020328 0.03872529245663574 0.021456804065499716
0 871.0169423154498 1087.0073404856014 0.033884630899556276 0.014680971202710334
0 999.0346914078258 1085.0112930547714 0.06938281565147236 0.02258610954263128
0 1210.0050423557886 1110.0033879164314 0.01008471157724889 0.006775832862789385
0 1270.0231948366277 1086.0076228119706 0.0463896732553449 0.015245623941276116
0 1391.002218636547 1132.0029644268775 0.004437273093989512 0.005928853754940711
0 1428.0346914078257 1089.011010728402 0.06938281565147236 0.0220214568040655
0 1652.02218636547 1081.0069169960475 0.04437273093989512 0.01383399209486166
0 1807.008874546188 1081.007058159232 0.017749092375958047 0.014116318464144552
0 1894.0223880597016 1102.0042348955392 0.04477611940298507 0.00846979107848673
0 367.02702702702703 1261.0127046866178 0.05405405405405406 0.025409373235460192
0 565.0540540540541 1263.0077639751553 0.10810810810810811 0.015527950310559006
0 884.0262202501009 1262.0077639751553 0.05244050020169423 0.015527950310559006
0 1073.06918112142 1265.0115753811406 0.1383622428398548 0.023150762281197064
0 1478.0387252924565 1284.0050818746472 0.07745058491327148 0.010163749294184076
0 1733.0098830173456 1261.0071993224167 0.019766034691407825 0.014398644833427442
0 1815.0352964905203 1267.007058159232 0.07059298104074223 0.014116318464144552
0 2048.022589753933 1274.005928853755 0.04517950786607503 0.011857707509881422
0 351.0215812827753 1438.0114342179559 0.043162565550625254 0.022868435911914172
0 461.00302541347315 1499.0031055900622 0.0060508269463493344 0.006211180124223602
0 529.0205728116176 1446.0069169960475 0.041145623235175476 0.01383399209486166
0 679.0195643404599 1446.0069169960475 0.0391286809197257 0.01383399209486166
0 827.0116982654296 1446.0073404856014 0.023396530859217425 0.014680971202710334
0 941.0371117386043 1444.0071993224167 0.07422347720855184 0.014398644833427442
0 1180.020371117386 1466.0038114059853 0.040742234772085516 0.007622811970638058
0 1346.0233965308591 1440.0117165443253 0.04679306171843485 0.023433088650479956
0 1516.0367083501412 1443.0071993224167 0.07341670028237192 0.014398644833427442
0 1752.0302541347316 1447.006634669678 0.060508269463493344 0.013269339356295878
0 1944.0060508269464 1466.004376058724 0.012101653892698669 0.008752117447769622
0 360.040338846309 1618.008610954263 0.08067769261799113 0.017221908526256352
0 619.0175473981444 1619.0073404856014 0.03509479628882614 0.014680971202710334
0 771.0201694231545 1616.0076228119706 0.04033884630899556 0.015245623941276116
0 938.0401371520775 1623.0071993224167 0.08027430415490117 0.014398644833427442
0 1211.0264219443325 1627.006634669678 0.052843888664784185 0.013269339356295878
0 1400.015933844292 1628.0064935064936 0.0318676885841065 0.012987012987012988
0 1551.0415490116982 1616.009034443817 0.08309802339653086 0.018068887634105024
0 1752.0024203307785 1672.003529079616 0.004840661557079467 0.007058159232072276
0 1825.0161355385235 1625.0069169960475 0.03227107704719645 0.01383399209486166
0 1958.0254134731747 1633.010304912479 0.050826946349334406 0.020609824957651044
