0 0.08471157724889068 0.11857707509881422 0.02501008471157725 0.025691699604743084
0 0.11073013311819283 0.11603613777526821 0.02743041549011698 0.020609824957651044
0 0.13856393707139975 0.11617730095990965 0.0326744655102864 0.015810276679841896
0 0.16438079870915692 0.11829474872953134 0.02218636546994756 0.020327498588368152
0 0.18939088342073418 0.11702428006775834 0.031060911657926585 0.017221908526256352
0 0.22791448164582492 0.11688311688311688 0.0609116579265833 0.015527950310559006
0 0.25211778943122226 0.116600790513834 0.028237192416296894 0.015527950310559006
0 0.2809600645421541 0.11645962732919254 0.035901573215006054 0.015810276679841896
0 0.336224283985478 0.12535290796160362 0.09439290036304962 0.033314511575381144
0 0.35498184751916095 0.11575381140598531 0.018959257765227916 0.012140033879164314
0 0.3981444130697862 0.12083568605307736 0.06575231948366277 0.0251270468661773
0 0.40762404195240015 0.11716544325239978 0.004033884630899556 0.003105590062111801
0 0.4237595804759984 0.11575381140598531 0.022589753933037516 0.01637492941840768
0 0.09156918112141993 0.1401750423489554 0.04154901169826543 0.0189158667419537
0 0.15409439290036306 0.14652738565782045 0.09076240419524001 0.027385657820440428
0 0.18394513916901978 0.14130434782608695 0.03953206938281565 0.017786561264822136
0 0.20713997579669222 0.14102202145680406 0.02702702702702703 0.018351214003387916
0 0.2573618394513917 0.14539808018068887 0.08229124647035095 0.022868435911914172
0 0.2791448164582493 0.14059853190287974 0.018959257765227916 0.01383399209486166
0 0.29407018959257764 0.14158667419536985 0.018959257765227916 0.009034443817052512
0 0.3317870108914885 0.14102202145680406 0.053247277127874144 0.01383399209486166
0 0.34872932634126663 0.14102202145680406 0.018152480839048003 0.00818746470920384
0 0.3691004437273094 0.14088085827216262 0.021379588543767647 0.015527950310559006
0 0.40943929003630497 0.14144551101072841 0.0609116579265833 0.017221908526256352
0 0.07503025413473174 0.1854884246188594 0.004840661557079467 0.006211180124223602
0 0.08935054457442518 0.19141727837380013 0.01936264622831787 0.012140033879164314
0 0.13311819281968534 0.1919819311123659 0.06615570794675273 0.014398644833427442
0 0.14864864864864866 0.1966403162055336 0.008067769261799113 0.01129305477131564
0 0.1863654699475595 0.19184076792772445 0.05808793868495361 0.012704686617730096
0 0.20875352964905203 0.19282891022021456 0.01573215006050827 0.012140033879164314
0 0.22307382008874546 0.19113495200451722 0.012101653892698669 0.007340485601355167
0 0.25958047599838646 0.19706380575945792 0.05445744251714401 0.02456239412761152
0 0.3055667607906414 0.1919819311123659 0.08188785800726099 0.009881422924901186
0 0.3096006454215409 0.1919819311123659 0.0024203307785397336 0.001411631846414455
0 0.35599031867688585 0.19113495200451722 0.06857603872529246 0.017504234895539244
0 0.3961274707543364 0.19268774703557312 0.05526421944332392 0.010163749294184076
0 0.1054860830980234 0.24520045172219085 0.06615570794675273 0.020609824957651044
0 0.10972166196046793 0.2456239412761152 0.003630496167809601 0.007622811970638058
0 0.14340459862847924 0.24308300395256918 0.04235578862444534 0.01637492941840768
0 0.18313836224283986 0.24322416713721062 0.050826946349334406 0.016092603049124788
0 0.19887051230334812 0.24181253529079616 0.009681323114158934 0.006493506493506494
0 0.22307382008874546 0.24760022586109542 0.03509479628882614 0.025409373235460192
0 0.2599838644614764 0.2429418407679277 0.04961678096006454 0.016092603049124788
0 0.27067365873336025 0.24280067758328627 0.003630496167809601 0.0016939582156973462
0 0.29608713190802743 0.24308300395256918 0.026220250100847116 0.01637492941840768
0 0.3291649858814038 0.24421230942970074 0.048406615570794675 0.015810276679841896
0 0.3344090359015732 0.24604743083003952 0.007260992335619202 0.008752117447769622
0 0.3666801129487697 0.24830604178430266 0.048406615570794675 0.020327498588368152
0 0.40197660346914077 0.2429418407679277 0.048406615570794675 0.014398644833427442
0 0.0945945945945946 0.2672219085262564 0.03872529245663574 0.007340485601355167
0 0.12827753126260588 0.26792772444946356 0.0326744655102864 0.00818746470920384
0 0.14481645824929407 0.2662337662337662 0.008874546187979023 0.006775832862789385
0 0.1865671641791045 0.27216261998870694 0.058491327148043566 0.024280067758328628
0 0.19060104881000403 0.268068887634105 0.003630496167809601 0.00846979107848673
0 0.22327551432029044 0.2673630717108978 0.04356595401371521 0.015527950310559006
0 0.24405002016942315 0.26693958215697344 0.022589753933037516 0.014680971202710334
0 0.2845905607099637 0.27103331451157536 0.0645421540943929 0.020327498588368152
0 0.30597014925373134 0.2683512140033879 0.01653892698668818 0.012422360248447204
0 0.3872529245663574 0.2717391304347826 0.14037918515530456 0.022303783173348392
0 0.40439693424768053 0.2735742518351214 0.018959257765227916 0.02456239412761152
0 0.42860024203307784 0.2689158667419537 0.02864058087938685 0.014963297571993224
0 0.08733360225897539 0.3186053077357425 0.026220250100847116 0.017786561264822136
0 0.12343686970552642 0.32171089779785433 0.048406615570794675 0.022303783173348392
0 0.1498588140379185 0.3176171654432524 0.03146430012101654 0.007340485601355167
0 0.18051633723275515 0.32580463015245625 0.03711173860427592 0.02456239412761152
0 0.20693828156514724 0.32058159232072275 0.029850746268656716 0.021739130434782608
0 0.2156111335215813 0.3177583286278938 0.004033884630899556 0.001411631846414455
0 0.22045179507866075 0.31126482213438733 0.0024203307785397336 0.004799548277809147
