0 390.02137958854377 946.0111518915867 0.042759177087535294 0.022303783173348392
0 516.011093182735 993.0016939582157 0.02218636546994756 0.0033879164313946925
0 632.0685760387253 957.0073404856014 0.1371520774505849 0.014680971202710334
0 1036.029245663574 959.0069169960474 0.058491327148043566 0.01383399209486166
0 1243.0177490923759 985.0032467532468 0.035498184751916094 0.006493506493506494
0 1400.0068576038725 983.0028232636928 0.01371520774505849 0.00564652738565782
0 1523.0471964501814 957.0073404856014 0.09439290036304962 0.014680971202710334
0 1824.0165389269866 959.0057876905703 0.03307785397337636 0.011575381140598532
0 1970.0215812827753 955.0071993224167 0.043162565550625254 0.014398644833427442
0 398.1026623638564 1130.0101637492942 0.20532472771278742 0.020327498588368152
0 975.0084711577249 1135.0064935064936 0.016942315449778138 0.012987012987012988
0 1079.0175473981444 1137.0069169960475 0.03509479628882614 0.01383399209486166
0 1217.0272287212586 1139.0097402597403 0.05445744251714401 0.01948051948051948
0 1443.0768455022187 1130.0076228119706 0.1536910044372731 0.015245623941276116
0 1858.0024203307785 1175.0033879164314 0.004840661557079467 0.006775832862789385
0 1907.0294473578056 1133.0067758328628 0.05889471561113352 0.01355166572557877
0 390.01936264622833 1308.0064935064936 0.03872529245663574 0.012987012987012988
0 553.0371117386043 1315.0071993224167 0.07422347720855184 0.014398644833427442
0 800.0118999596612 1317.0057876905703 0.02379991932230738 0.011575381140598532
0 969.0369100443727 1310.0067758328628 0.07382008874546188 0.01355166572557877
0 1167.0040338846309 1357.0040937323547 0.008067769261799113 0.00818746470920384
0 1255.0330778539733 1320.0081874647092 0.06615570794675273 0.01637492941840768
0 1442.0062525211779 1322.0057876905703 0.012505042355788625 0.011575381140598532
0 1482.0010084711578 1357.0007058159233 0.002016942315449778 0.001411631846414455
0 1497.0040338846309 1359.0045172219086 0.008067769261799113 0.009034443817052512
0 1584.020371117386 1318.006634669678 0.040742234772085516 0.013269339356295878
0 1729.013715207745 1320.005928853755 0.02743041549011698 0.011857707509881422
0 1868.0314643001211 1319.0087521174478 0.06292860024203308 0.017504234895539244
0 396.0332795482049 1496.008610954263 0.06655909640984267 0.017221908526256352
0 607.0080677692617 1497.0071993224167 0.016135538523598225 0.014398644833427442
0 720.0123033481242 1496.0069169960475 0.024606696248487294 0.01383399209486166
0 843.015933844292 1499.0060700169395 0.0318676885841065 0.012140033879164314
0 978.0344897135942 1494.0097402597403 0.06897942718838242 0.01948051948051948
0 1211.0135135135135 1502.0080463015245 0.02702702702702703 0.016092603049124788
0 1327.0183541750705 1527.006352343309 0.03670835014118596 0.012704686617730096
0 1474.0328761597418 1497.0101637492942 0.06575231948366277 0.020327498588368152
0 1643.0012101653892 1536.0008469791078 0.0024203307785397336 0.0016939582156973462
0 1707.0175473981444 1493.0067758328628 0.03509479628882614 0.01355166572557877
0 1841.0064542154093 1500.0050818746472 0.01290843081887858 0.010163749294184076
0 1947.0016135538524 1499.0057876905703 0.003227107704719645 0.011575381140598532
0 1988.0155304558289 1516.004376058724 0.031060911657926585 0.008752117447769622
0 394.0165389269867 1670.008610954263 0.03307785397337636 0.017221908526256352
0 483.0026220250101 1704.0029644268775 0.0052440500201694235 0.005928853754940711
0 561.0264219443324 1697.0031055900622 0.052843888664784185 0.006211180124223602
0 748.0225897539331 1670.007058159232 0.04517950786607503 0.014116318464144552
0 933.019967728923 1679.0062111801242 0.03993545784590561 0.012422360248447204
0 1103.0227914481645 1674.006634669678 0.045582896329164985 0.013269339356295878
0 1249.0024203307785 1712.003529079616 0.004840661557079467 0.007058159232072276
0 1306.017345703913 1670.0067758328628 0.03469140782573618 0.01355166572557877
0 1446.0163372327552 1701.002682100508 0.0326744655102864 0.005364201016374929
0 1584.0193626462283 1675.008610954263 0.03872529245663574 0.017221908526256352
0 1755.0282371924163 1692.0038114059853 0.05647438483259379 0.007622811970638058
0 1965.0100847115773 1670.0069169960475 0.02016942315449778 0.01383399209486166
0 409.02904396934247 1847.0071993224167 0.05808793868495361 0.014398644833427442
0 608.0020169423154 1900.0029644268775 0.004033884630899556 0.005928853754940711
0 658.0189592577652 1857.006634669678 0.03791851553045583 0.013269339356295878
0 834.0258168616377 1855.0076228119706 0.05163372327551432 0.015245623941276116
0 1048.0393303751512 1852.0071993224167 0.07866075030254134 0.014398644833427442
0 1345.0127067365872 1846.0097402597403 0.025413473174667203 0.01948051948051948
0 1483.0217829770068 1877.0064935064936 0.04356595401371521 0.012987012987012988
0 1686.0300524405002 1855.0093167701864 0.06010488100040339 0.018633540372670808
0 1908.0112948769665 1846.0073404856014 0.022589753933037516 0.014680971202710334
