0 0.09298104074223477 0.10813099943534726 0.04881000403388463 0.026821005081874648
0 0.11617587736990723 0.10714285714285714 0.01936264622831787 0.020609824957651044
0 0.16397741024606696 0.10798983625070581 0.060508269463493344 0.023150762281197064
0 0.19342476805163372 0.10968379446640317 0.027833803953206938 0.02710333145115754
0 0.22246873739411052 0.10798983625070581 0.0326744655102864 0.025974025974025976
0 0.3065752319483663 0.11024844720496894 0.13876563130294473 0.029644268774703556
0 0.33521581282775315 0.10813099943534726 0.03670835014118596 0.025974025974025976
0 0.34388866478418717 0.11166007905138339 0.002016942315449778 0.011575381140598532
0 0.37878176684146836 0.11222473178994918 0.03953206938281565 0.03472614342179559
0 0.4227511093182735 0.10982495765104461 0.06171843485276321 0.020327498588368152
0 0.11980637353771682 0.13876341050254093 0.100040338846309 0.037549407114624504
0 0.1317063331988705 0.13749294184076793 0.0024203307785397336 0.011575381140598532
0 0.15853166599435256 0.13438735177865613 0.02581686163775716 0.019762845849802372
0 0.1990722065348931 0.1357989836250706 0.04477611940298507 0.0251270468661773
0 0.2539330375151271 0.1362224731789949 0.07946752722872126 0.0220214568040655
0 0.26099233561920127 0.13791643139469226 0.004033884630899556 0.009881422924901186
0 0.2876159741831384 0.1342461885940147 0.033884630899556276 0.014398644833427442
0 0.3348124243646632 0.13269339356295878 0.06938281565147236 0.012704686617730096
0 0.37051230334812424 0.13198757763975155 0.04961678096006454 0.023997741389045736
0 0.41427995159338443 0.13339920948616601 0.06494554255748286 0.0220214568040655
0 0.11516740621218233 0.16106719367588934 0.08672851956434045 0.031338226990400904
0 0.15853166599435256 0.16247882552230378 0.04759983864461476 0.030491247882552232
0 0.19826542960871318 0.160643704121965 0.055667607906413875 0.030491247882552232
0 0.2446551028640581 0.15937323546019197 0.06494554255748286 0.023150762281197064
0 0.35135135135135137 0.16022021456804064 0.18031464300121017 0.027950310559006212
0 0.3598225090762404 0.15824392998306042 0.003227107704719645 0.002258610954263128
0 0.3860427591770875 0.160643704121965 0.03751512706736587 0.028232636928289104
0 0.4332392093586123 0.16261998870694522 0.08148446954417103 0.026538678712591756
0 0.08693021379588543 0.18308865047995482 0.02702702702702703 0.01637492941840768
0 0.14037918515530456 0.18478260869565216 0.06897942718838242 0.021456804065499716
0 0.14804356595401372 0.18633540372670807 0.006857603872529245 0.010728402032749858
0 0.19604679306171843 0.1836533032185206 0.07866075030254134 0.023433088650479956
0 0.2771278741427995 0.18887634105025408 0.127470754336426 0.031055900621118012
0 0.35135135135135137 0.1842179559570864 0.12222670431625655 0.026538678712591756
0 0.4201290843081888 0.18675889328063242 0.11375554659136748 0.031338226990400904
0 0.08208955223880597 0.2080745341614907 0.024203307785397338 0.02710333145115754
0 0.11214199273900767 0.20666290231507622 0.029850746268656716 0.023997741389045736
0 0.13977410246066962 0.20821569734613213 0.028237192416296894 0.011575381140598532
0 0.18293666801129488 0.20878035008469792 0.06252521177894312 0.023715415019762844
0 0.23961274707543365 0.2161208356860531 0.07946752722872126 0.03274985883681536
0 0.2688584106494554 0.2124505928853755 0.033884630899556276 0.026821005081874648
0 0.3358208955223881 0.21089779785431959 0.10286405808793868 0.0220214568040655
0 0.34308188785800725 0.21456804065499718 0.007664380798709157 0.01129305477131564
0 0.3830173457039129 0.21103896103896103 0.055667607906413875 0.026256352343308864
0 0.4300121016538927 0.21033314511575382 0.06736587333602259 0.012987012987012988
0 0.14078257361839452 0.2354601919819311 0.136345300524405 0.023433088650479956
0 0.22831787010891488 0.23574251835121401 0.1399757966922146 0.020609824957651044
0 0.3106091165792658 0.23503670242800678 0.1355385235982251 0.021174477696216828
0 0.3755546591367487 0.234472049689441 0.09842678499394918 0.023150762281197064
0 0.4110528438886648 0.2341897233201581 0.03146430012101654 0.012140033879164314
0 0.18152480839048002 0.2662337662337662 0.21903993545784592 0.03613777526821005
0 0.21924162968939087 0.2607284020327499 0.05889471561113352 0.02710333145115754
0 0.26946349334409037 0.2593167701863354 0.07018959257765228 0.023997741389045736
0 0.3525615167406212 0.2651044607566347 0.1319080274304155 0.03500846979107849
0 0.3826139572408229 0.2607284020327499 0.03146430012101654 0.021174477696216828
0 0.09640984267849939 0.2859966120835686 0.04921339249697459 0.026256352343308864
0 0.16014521984671237 0.2859966120835686 0.08955223880597014 0.023997741389045736
0 0.17144009681323114 0.2837380011293055 0.0024203307785397336 0.002540937323546019
