0 0.10972166196046793 0.1293054771315641 0.07301331181928197 0.021174477696216828
0 0.11536910044372731 0.13354037267080746 0.0024203307785397336 0.006493506493506494
0 0.1371520774505849 0.1293054771315641 0.026220250100847116 0.009316770186335404
0 0.17587736990722067 0.12972896668548842 0.04759983864461476 0.012987012987012988
0 0.20754336425978218 0.1305759457933371 0.03953206938281565 0.022868435911914172
0 0.24526018555869303 0.13071710897797853 0.045986284792254944 0.02456239412761152
0 0.29064138765631303 0.13509316770186336 0.06696248487293263 0.03387916431394692
0 0.31968535699878986 0.13537549407114624 0.03670835014118596 0.034443817052512704
0 0.345502218636547 0.12987012987012986 0.02743041549011698 0.021456804065499716
0 0.3810004033884631 0.13071710897797853 0.03993545784590561 0.019762845849802372
0 0.44493747478822104 0.13085827216262 0.10528438886647842 0.019762845849802372
0 0.4550221863654699 0.13170525127046867 0.005647438483259379 0.00282326369282891
0 0.08612343686970553 0.1541501976284585 0.024203307785397338 0.019198193111236588
0 0.12585720048406615 0.15767927724449463 0.058491327148043566 0.028232636928289104
0 0.1498588140379185 0.1528797289666855 0.022589753933037516 0.00818746470920384
0 0.1891891891891892 0.15273856578204403 0.05808793868495361 0.017504234895539244
0 0.1920129084308189 0.15697346132128742 0.0052440500201694235 0.00564652738565782
0 0.23013311819281967 0.15485601355166573 0.05687777329568374 0.0220214568040655
0 0.2864058087938685 0.163184641445511 0.08672851956434045 0.039525691699604744
0 0.34530052440500203 0.15499717673630717 0.09076240419524001 0.0220214568040655
0 0.39653085921742637 0.16177300959909655 0.0790641387656313 0.034161490683229816
0 0.4144816458249294 0.15485601355166573 0.018152480839048003 0.020045172219085264
0 0.4346510689794272 0.15612648221343872 0.025413473174667203 0.023433088650479956
0 0.08693021379588543 0.17871259175607002 0.024606696248487294 0.010163749294184076
0 0.1099233561920129 0.1792772444946358 0.035498184751916094 0.021739130434782608
0 0.15127067365873337 0.18492377188029363 0.05808793868495361 0.028232636928289104
0 0.17204517950786608 0.1870412196499153 0.021379588543767647 0.03359683794466403
0 0.21056877773295685 0.18026538678712592 0.053247277127874144 0.021739130434782608
0 0.2154094392900363 0.18407679277244496 0.004840661557079467 0.006493506493506494
0 0.236385639370714 0.1805477131564088 0.029043969342476807 0.020609824957651044
0 0.26764824526018555 0.17984189723320157 0.04195240016135539 0.010446075663466968
0 0.32654296087131907 0.1811123658949746 0.08793868495361033 0.023715415019762844
0 0.3882613957240823 0.18139469226425747 0.0899556272690601 0.020609824957651044
0 0.4354578459056071 0.18181818181818182 0.07220653489310205 0.022303783173348392
0 0.10790641387656313 0.204686617730096 0.063735377168213 0.023715415019762844
0 0.1329164985881404 0.20454545454545456 0.024203307785397338 0.008752117447769622
0 0.22347720855183542 0.20948616600790515 0.14925373134328357 0.029079616036137776
0 0.25574828559903184 0.20511010728402032 0.03993545784590561 0.020892151326933936
0 0.28317870108914883 0.2056747600225861 0.038321903993545785 0.021739130434782608
0 0.33501411859620817 0.21188594014680973 0.08027430415490117 0.03274985883681536
0 0.35397337636143605 0.2062394127611519 0.018959257765227916 0.0189158667419537
0 0.3797902379991932 0.20581592320722755 0.03428801936264623 0.020045172219085264
0 0.42617991125453814 0.20666290231507622 0.07018959257765228 0.022303783173348392
0 0.4320290439693425 0.20609824957651043 0.004437273093989512 0.003105590062111801
