0 0.09640984267849939 0.11716544325239978 0.06171843485276321 0.021739130434782608
0 0.13029447357805568 0.11744776962168267 0.045986284792254944 0.017221908526256352
0 0.17507059298104075 0.12380011293054771 0.07139975796692215 0.029079616036137776
0 0.2226704316256555 0.11744776962168267 0.06857603872529246 0.010728402032749858
0 0.254538120209762 0.11716544325239978 0.04154901169826543 0.009034443817052512
0 0.2874142799515934 0.11984754376058723 0.04759983864461476 0.020045172219085264
0 0.29386849536103266 0.12111801242236025 0.0028237192416296895 0.01129305477131564
0 0.31444130697862044 0.11730660643704122 0.026220250100847116 0.014398644833427442
0 0.3426784993949173 0.11773009599096555 0.038321903993545785 0.012422360248447204
0 0.37898346107301334 0.11773009599096555 0.0500201694231545 0.015810276679841896
0 0.41206131504638965 0.11871823828345568 0.052843888664784185 0.014680971202710334
0 0.42517144009681324 0.11674195369847544 0.015328761597418314 0.015245623941276116
0 0.11254538120209762 0.14624505928853754 0.09439290036304962 0.024280067758328628
0 0.11879790237999194 0.1466685488424619 0.003630496167809601 0.01101072840203275
0 0.14965711980637353 0.14342179559570864 0.04356595401371521 0.01355166572557877
0 0.20976200080677693 0.1429983060417843 0.08672851956434045 0.016657255787690572
0 0.22751109318273496 0.14186900056465274 0.021379588543767647 0.015527950310559006
0 0.27732956837434447 0.14201016374929418 0.07180314643001211 0.01693958215697346
0 0.3051633723275514 0.14582156973461322 0.02944735780556676 0.023715415019762844
0 0.3323920935861234 0.1429983060417843 0.03872529245663574 0.017504234895539244
0 0.372730939895119 0.14384528514963296 0.06171843485276321 0.01355166572557877
0 0.3781766841468334 0.14215132693393562 0.003630496167809601 0.0016939582156973462
0 0.39511899959661156 0.14201016374929418 0.018959257765227916 0.014963297571993224
0 0.4233561920129084 0.14243365330321853 0.03993545784590561 0.015810276679841896
0 0.12464703509479629 0.16741953698475437 0.11657926583299717 0.017786561264822136
0 0.12787414279951592 0.16925465838509315 0.0024203307785397336 0.009316770186335404
0 0.15429608713190804 0.1675607001693958 0.03307785397337636 0.016657255787690572
0 0.1881807180314643 0.16826651609260304 0.03993545784590561 0.010446075663466968
0 0.20835014118596207 0.16431394692264256 0.005647438483259379 0.009599096555618294
0 0.25534489713594194 0.17701863354037267 0.09560306575231949 0.03698475437605872
0 0.2771278741427995 0.1675607001693958 0.017749092375958047 0.011575381140598532
0 0.3192819685356999 0.16883116883116883 0.057684550221863654 0.01355166572557877
0 0.32331585316659944 0.16403162055335968 0.003630496167809601 0.00818746470920384
0 0.3301734570391287 0.17221908526256352 0.00645421540943929 0.012422360248447204
0 0.36304961678096004 0.16741953698475437 0.04195240016135539 0.014963297571993224
0 0.40116982654296085 0.16953698475437606 0.0609116579265833 0.0189158667419537
0 -0.0004033884630899556 -0.000282326369282891 -0.0004033884630899556 -0.000282326369282891
0 0.4233561920129084 0.16727837380011293 0.030254134731746672 0.01383399209486166
0 0.08471157724889068 0.19254658385093168 0.043162565550625254 0.017786561264822136
0 0.14360629286002422 0.192970073404856 0.08188785800726099 0.017221908526256352
0 0.1498588140379185 0.19734613212874083 0.004840661557079467 0.009034443817052512
0 0.1672045179507866 0.1876058723884811 0.004840661557079467 0.010446075663466968
0 0.18212989108511496 0.19085262563523434 0.016942315449778138 0.014116318464144552
0 0.21682129891085114 0.19593450028232637 0.04195240016135539 0.025691699604743084
0 0.25211778943122226 0.1932523997741389 0.05163372327551432 0.016657255787690572
0 0.29306171843485274 0.19551101072840205 0.055667607906413875 0.021456804065499716
0 0.3327954820492134 0.19918125352907962 0.05526421944332392 0.023150762281197064
0 0.3676885841064946 0.192970073404856 0.04961678096006454 0.018633540372670808
0 0.3939088342073417 0.19339356295878035 0.041145623235175476 0.009881422924901186
0 0.43404598628479224 0.19282891022021456 0.05970149253731343 0.016657255787690572
0 0.1427995159338443 0.27117447769621683 0.16417910447761194 0.023433088650479956
0 0.16518757563533684 0.268068887634105 0.014118596208148447 0.015527950310559006
0 0.20371117386042759 0.27428006775832864 0.053247277127874144 0.027950310559006212
0 0.2291246470350948 0.26679841897233203 0.02218636546994756 0.014680971202710334
0 0.2490923759580476 0.26778656126482214 0.010488100040338847 0.018633540372670808
0 0.2892295280354982 0.2691981931112366 0.06252521177894312 0.018068887634105024
0 0.3225090762404195 0.2682100508187465 0.04195240016135539 0.011857707509881422
0 0.35760387252924564 0.2713156408808583 0.038321903993545785 0.020609824957651044
0 0.417910447761194 0.2738565782044043 0.10084711577248891 0.027950310559006212
0 0.43505445744251714 0.2723037831733484 0.023396530859217425 0.027950310559006212
0 0.07321500605082695 0.29390175042348954 0.016135538523598225 0.010728402032749858
0 0.10810810810810811 0.29898362507058157 0.04719645018152481 0.029644268774703556
0 0.11758773699072207 0.29361942405420666 0.0028237192416296895 0.002540937323546019
0 -0.0004033884630899556 -0.000282326369282891 -0.0004033884630899556 -0.000282326369282891
