0 0.10951996772892296 0.13354037267080746 0.08229124647035095 0.019198193111236588
0 0.16760790641387657 0.13410502540937325 0.10044372730939895 0.020327498588368152
0 0.18959257765227913 0.13283455674760022 0.029043969342476807 0.017221908526256352
0 0.2382008874546188 0.13721061547148503 0.0899556272690601 0.023433088650479956
0 0.2519160951996773 0.13269339356295878 0.015328761597418314 0.00846979107848673
0 0.2855990318676886 0.13749294184076793 0.056070996369503835 0.018633540372670808
0 0.30576845502218636 0.13354037267080746 0.0318676885841065 0.010163749294184076
0 0.3323920935861234 0.13382269904009034 0.04881000403388463 0.015810276679841896
0 0.3672851956434046 0.13354037267080746 0.0572811617587737 0.01693958215697346
0 0.3961274707543364 0.13325804630152457 0.033481242436466316 0.009316770186335404
0 0.06978620411456232 0.15245623941276115 0.0024203307785397336 0.006493506493506494
0 0.0982250907624042 0.1590909090909091 0.055667607906413875 0.010446075663466968
0 0.1236385639370714 0.15866741953698477 0.03670835014118596 0.024280067758328628
0 0.13674868898749495 0.15894974590626765 0.01734570391286809 0.009881422924901186
0 0.163574021782977 0.1616318464144551 0.0391286809197257 0.020609824957651044
0 0.19866881807180314 0.1621964991530209 0.056070996369503835 0.017221908526256352
0 0.2309398951189996 0.1585262563523433 0.052843888664784185 0.018351214003387916
0 0.2617991125453812 0.1588085827216262 0.04881000403388463 0.017786561264822136
0 0.27611940298507465 0.15767927724449463 0.016135538523598225 0.007622811970638058
0 0.3227107704719645 0.15894974590626765 0.08067769261799113 0.018351214003387916
0 0.3580072609923356 0.1634669678147939 0.052843888664784185 0.026256352343308864
0 0.36385639370713996 0.1541501976284585 0.003227107704719645 0.00564652738565782
0 0.3656716417910448 0.16191417278373801 0.005647438483259379 0.009034443817052512
0 0.3993545784590561 0.1588085827216262 0.04679306171843485 0.017221908526256352
0 0.41851553045582895 0.15894974590626765 0.03065752319483663 0.007905138339920948
0 0.11637757160145219 0.18746470920383965 0.09883017345703912 0.029644268774703556
0 0.16659943525615167 0.18435911914172784 0.08551835417507059 0.017786561264822136
0 0.18253327954820492 0.18746470920383965 0.022993142396127472 0.024280067758328628
0 0.23880597014925373 0.18718238283455674 0.09842678499394918 0.024844720496894408
0 0.28479225494150867 0.18845285149632976 0.0826946349334409 0.01948051948051948
0 0.3580072609923356 0.1857707509881423 0.13311819281968534 0.017221908526256352
0 0.4102460669624849 0.18478260869565216 0.09681323114158935 0.025691699604743084
0 0.08874546187979024 0.20948616600790515 0.04356595401371521 0.012140033879164314
0 0.10568777732956837 0.20892151326933936 0.022993142396127472 0.020327498588368152
0 0.13231141589350545 0.2096273291925466 0.04033884630899556 0.020045172219085264
0 0.16599435256151673 0.2090626764539808 0.050826946349334406 0.0189158667419537
0 0.18152480839048002 0.21160361377752682 0.021782977006857603 0.021174477696216828
0 0.2252924566357402 0.21132128740824394 0.07785397337636143 0.0189158667419537
0 0.22791448164582492 0.20878035008469792 0.003227107704719645 0.003952569169960474
0 0.2529245663574022 0.2096273291925466 0.04033884630899556 0.014116318464144552
0 0.2682533279548205 0.21103896103896103 0.02379991932230738 0.018351214003387916
0 0.29951593384429204 0.20990965556182947 0.05244050020169423 0.015810276679841896
0 0.3281565147236789 0.2096273291925466 0.04356595401371521 0.012140033879164314
0 0.35074626865671643 0.20892151326933936 0.033884630899556276 0.017504234895539244
0 0.417910447761194 0.21174477696216826 0.11698265429608713 0.032467532467532464
0 0.4219443323920936 0.21287408243929984 0.00927793465106898 0.009316770186335404
0 0.08491327148043566 0.23560135516657255 0.03630496167809601 0.014963297571993224
0 0.13916901976603469 0.23771880293619424 0.09762000806776926 0.021174477696216828
0 0.1843485276321097 0.23517786561264822 0.07462686567164178 0.016092603049124788
0 0.18676885841064947 0.23673066064370413 0.004840661557079467 0.007340485601355167
0 0.22831787010891488 0.2341897233201581 0.0681726502622025 0.018633540372670808
0 0.2743041549011698 0.23800112930547712 0.08188785800726099 0.023433088650479956
0 0.3291649858814038 0.23574251835121401 0.10084711577248891 0.016657255787690572
0 0.3471157724889068 0.23362507058159232 0.027833803953206938 0.019762845849802372
0 0.37696651875756354 0.23842461885940147 0.0500201694231545 0.02456239412761152
0 0.41306978620411455 0.2341897233201581 0.052843888664784185 0.013269339356295878
0 0.41508672851956435 0.23489553924336534 0.0028237192416296895 0.00282326369282891
