0 0.0845098830173457 0.11377752682100509 0.028237192416296894 0.026538678712591756
0 0.11012505042355789 0.11081309994353472 0.038321903993545785 0.019762845849802372
0 0.1345300524405002 0.10926030491247883 0.040742234772085516 0.016657255787690572
0 0.15409439290036306 0.11250705815923208 0.020976200080677694 0.02456239412761152
0 0.17849939491730538 0.10968379446640317 0.033884630899556276 0.018351214003387916
0 0.2236789027833804 0.1101072840203275 0.0790641387656313 0.0189158667419537
0 0.2436466317063332 0.10940146809712027 0.026220250100847116 0.01637492941840768
0 0.2678499394917305 0.11038961038961038 0.0391286809197257 0.020609824957651044
0 0.33057684550221866 0.11490683229813664 0.10891488503428802 0.029644268774703556
0 0.3491327148043566 0.10996612083568605 0.024606696248487294 0.017221908526256352
0 0.39753933037515127 0.11420101637492942 0.08188785800726099 0.025691699604743084
0 0.4007664380798709 0.1088368153585545 0.003227107704719645 0.002258610954263128
0 0.4225494150867285 0.10926030491247883 0.02864058087938685 0.018351214003387916
0 0.09177087535296491 0.13565782044042915 0.04235578862444534 0.023433088650479956
0 0.15772488906817264 0.13777526821005082 0.11294876966518758 0.025974025974025976
0 0.191004437273094 0.13551665725578768 0.04719645018152481 0.020609824957651044
0 0.21137555465913674 0.13452851496329757 0.026623638563937072 0.017786561264822136
0 0.2589753933037515 0.14003387916431395 0.08148446954417103 0.027950310559006212
0 0.2745058491327148 0.1362224731789949 0.017749092375958047 0.018633540372670808
0 0.29407018959257764 0.13509316770186336 0.027833803953206938 0.014116318464144552
0 0.33098023396530857 0.13537549407114624 0.06413876563130294 0.018068887634105024
0 0.3511496571198064 0.1352343308865048 0.030254134731746672 0.012987012987012988
0 0.3751512706736587 0.13509316770186336 0.03630496167809601 0.0189158667419537
0 0.42053247277127875 0.13452851496329757 0.0790641387656313 0.018351214003387916
0 0.1218233158531666 0.16643139469226426 0.09883017345703912 0.03359683794466403
0 0.15409439290036306 0.15979672501411632 0.04477611940298507 0.019762845849802372
0 0.16841468334005646 0.16050254093732355 0.019766034691407825 0.019762845849802372
0 0.2063331988705123 0.1650197628458498 0.06212182331585317 0.026256352343308864
0 0.26966518757563535 0.16643139469226426 0.11012505042355789 0.031055900621118012
0 0.27269060104881 0.15979672501411632 0.003227107704719645 0.001976284584980237
0 0.28398547801532875 0.1535855448898927 0.003227107704719645 0.007905138339920948
0 0.30879386849536106 0.15993788819875776 0.040742234772085516 0.018633540372670808
0 0.345502218636547 0.1603613777526821 0.057684550221863654 0.01948051948051948
0 0.35215812827753123 0.15485601355166573 0.003227107704719645 0.009599096555618294
0 0.35861234368697054 0.1634669678147939 0.003630496167809601 0.01101072840203275
0 0.38039532069382814 0.16050254093732355 0.02501008471157725 0.0189158667419537
0 0.4211375554659137 0.16149068322981366 0.06655909640984267 0.020327498588368152
0 0.427390076643808 0.16332580463015245 0.006857603872529245 0.009881422924901186
0 0.07240822912464703 0.17871259175607002 0.002016942315449778 0.007058159232072276
0 0.08955223880597014 0.18562958780350083 0.023396530859217425 0.017504234895539244
0 0.13977410246066962 0.18619424054206662 0.08551835417507059 0.020045172219085264
0 0.145421540943929 0.18944099378881987 0.0052440500201694235 0.012987012987012988
0 0.19039935457845905 0.1854884246188594 0.07220653489310205 0.019762845849802372
0 0.20976200080677693 0.18534726143421795 0.021379588543767647 0.01637492941840768
0 0.22186365469947558 0.1852060982495765 0.012505042355788625 0.012987012987012988
0 0.2601855586930214 0.19099378881987578 0.06736587333602259 0.03077357425183512
0 0.31887858007260994 0.18591191417278374 0.10165389269866881 0.015245623941276116
0 0.32311415893505446 0.1854884246188594 0.0028237192416296895 0.001976284584980237
0 0.3852359822509076 0.18619424054206662 0.1044776119402985 0.021174477696216828
0 0.4336425978217023 0.1854884246188594 0.08390480032271078 0.012422360248447204
0 0.109116579265833 0.2422360248447205 0.07422347720855184 0.030491247882552232
0 0.11496571198063735 0.2406832298136646 0.004840661557079467 0.015245623941276116
0 0.14582492940701897 0.23687182382834557 0.04719645018152481 0.020045172219085264
0 0.1865671641791045 0.23630717108977978 0.06333198870512304 0.020892151326933936
0 0.19887051230334812 0.23644833427442122 0.011698265429608713 0.014680971202710334
0 0.23477208551835418 0.2435064935064935 0.05405405405405406 0.034161490683229816
0 0.2710770471964502 0.2365894974590627 0.05687777329568374 0.020609824957651044
0 0.27732956837434447 0.2365894974590627 0.0028237192416296895 0.002540937323546019
0 0.30233965308592176 0.23616600790513834 0.031060911657926585 0.020609824957651044
0 0.34045986284792257 0.23729531338226992 0.06292860024203308 0.021456804065499716
0 0.34489713594191207 0.23997741389045738 0.004033884630899556 0.012704686617730096
0 0.3783783783783784 0.24054206662902314 0.053247277127874144 0.023433088650479956
0 0.41851553045582895 0.23630717108977978 0.06615570794675273 0.020045172219085264
0 0.09883017345703912 0.2621400338791643 0.052843888664784185 0.01637492941840768
0 0.1327148043565954 0.26143421795595706 0.04719645018152481 0.015527950310559006
0 0.1464300121016539 0.26157538114059853 0.01573215006050827 0.017221908526256352
0 0.19342476805163372 0.26750423489553926 0.07462686567164178 0.03359683794466403
0 0.20250100847115773 0.2587521174477696 0.003227107704719645 0.006211180124223602
0 0.23699072206534894 0.26129305477131565 0.04719645018152481 0.01948051948051948
0 0.26401774909237596 0.2618577075098814 0.03751512706736587 0.018633540372670808
0 0.3065752319483663 0.2662337662337662 0.07059298104074223 0.03077357425183512
0 0.326946349334409 0.26044607566346695 0.02379991932230738 0.015527950310559006
0 0.4126663977410246 0.2682100508187465 0.1508672851956434 0.03303218520609825
0 0.43404598628479224 0.26538678712591757 0.029043969342476807 0.02456239412761152
0 0.09197256958450989 0.2865612648221344 0.0391286809197257 0.021174477696216828
0 0.14501815248083905 0.2868435911914173 0.08592174263816055 0.021739130434782608
0 0.16115369100443727 0.282326369282891 0.012505042355788625 0.002258610954263128
0 0.17708753529649052 0.28712591756070016 0.01290843081887858 0.01383399209486166
0 0.2561516740621218 0.29037267080745344 0.13473174667204518 0.02710333145115754
0 0.3154497781363453 0.292772444946358 0.10044372730939895 0.03359683794466403
0 0.3334005647438483 0.2875494071146245 0.01936264622831787 0.016657255787690572
0 0.3580072609923356 0.29361942405420666 0.033481242436466316 0.027950310559006212
0 0.3836224283985478 0.2922077922077922 0.035498184751916094 0.0251270468661773
0 0.39007664380798707 0.29178430265386784 0.005647438483259379 0.016657255787690572
0 0.136345300524405 0.3188876341050254 0.12827753126260588 0.03303218520609825
0 0.16216216216216217 0.31225296442687744 0.02944735780556676 0.014963297571993224
0 0.19060104881000403 0.31154714850367027 0.040742234772085516 0.018351214003387916
0 0.23759580475998388 0.3166290231507623 0.07704719645018153 0.028514963297571992
0 0.26522791448164584 0.31197063805759456 0.0391286809197257 0.01383399209486166
0 0.29507866075030253 0.3166290231507623 0.043969342476805166 0.022868435911914172
0 0.32573618394513915 0.314652738565782 0.04477611940298507 0.02456239412761152
0 0.3315853166599435 0.3111236589497459 0.003227107704719645 0.001976284584980237
0 0.3382412263009278 0.30561829474872954 0.003630496167809601 0.006493506493506494
