0 0.07987091569181122 0.11420101637492942 0.019766034691407825 0.023997741389045736
0 0.1389673255344897 0.11730660643704122 0.09600645421540945 0.0251270468661773
0 0.16377571601452198 0.11688311688311688 0.03630496167809601 0.025409373235460192
0 0.19927390076643808 0.11857707509881422 0.05889471561113352 0.027950310559006212
0 0.2035094796288826 0.11293054771315642 0.0052440500201694235 0.015245623941276116
0 0.21399757966922145 0.11307171089779786 0.015328761597418314 0.001411631846414455
0 0.22932634126663978 0.11307171089779786 0.01653892698668818 0.017221908526256352
0 0.24405002016942315 0.11335403726708075 0.020572811617587738 0.010163749294184076
0 0.2954820492133925 0.11589497459062677 0.08955223880597014 0.022868435911914172
0 0.326946349334409 0.11335403726708075 0.051230334812424366 0.017221908526256352
0 0.3358208955223881 0.11349520045172219 0.0052440500201694235 0.015245623941276116
0 0.3664784187172247 0.11278938452851496 0.050826946349334406 0.014680971202710334
0 0.3862444534086325 0.11278938452851496 0.029043969342476807 0.009599096555618294
0 0.43404598628479224 0.11278938452851496 0.08027430415490117 0.018633540372670808
0 0.09439290036304962 0.13749294184076793 0.04517950786607503 0.015527950310559006
0 0.11032674465510287 0.13819875776397517 0.01573215006050827 0.012987012987012988
0 0.15994352561516742 0.14215132693393562 0.08592174263816055 0.021456804065499716
0 0.1837434449374748 0.1386222473178995 0.033481242436466316 0.017786561264822136
0 0.208955223880597 0.1380575945793337 0.03953206938281565 0.016657255787690572
0 0.24485679709560307 0.1386222473178995 0.05889471561113352 0.017786561264822136
0 0.26321097216619604 0.1386222473178995 0.028237192416296894 0.015527950310559006
0 0.3219039935457846 0.13876341050254093 0.10649455425574829 0.01693958215697346
0 0.35296490520371115 0.13946922642574816 0.050826946349334406 0.01948051948051948
0 0.3805970149253731 0.13876341050254093 0.04679306171843485 0.01129305477131564
0 0.40681726502622023 0.13763410502540938 0.043969342476805166 0.009599096555618294
0 0.4124647035094796 0.13763410502540938 0.003630496167809601 0.0016939582156973462
0 0.09600645421540945 0.16445511010728403 0.0536506655909641 0.020045172219085264
0 0.11657926583299717 0.16304347826086957 0.02581686163775716 0.015810276679841896
0 0.14199273900766438 0.16389045736871824 0.038321903993545785 0.0189158667419537
0 0.16599435256151673 0.16487859966120835 0.03428801936264623 0.014398644833427442
0 0.18878580072609924 0.1637492941840768 0.03711173860427592 0.009034443817052512
0 0.21903993545784592 0.1634669678147939 0.050826946349334406 0.016657255787690572
0 0.23779749899152886 0.1671372106154715 0.026220250100847116 0.021456804065499716
0 0.2920532472771279 0.1696781479390175 0.09762000806776926 0.025974025974025976
0 0.29689390883420735 0.16389045736871824 0.0024203307785397336 0.001411631846414455
0 0.299717628075837 0.15951439864483344 0.0028237192416296895 0.006211180124223602
0 0.3402581686163776 0.1634669678147939 0.06494554255748286 0.015810276679841896
0 0.3553852359822509 0.163184641445511 0.02218636546994756 0.01637492941840768
0 0.3805970149253731 0.1634669678147939 0.03993545784590561 0.010163749294184076
0 0.11637757160145219 0.19254658385093168 0.0899556272690601 0.023150762281197064
0 0.14259782170229932 0.1895821569734613 0.04356595401371521 0.018068887634105024
0 0.1772892295280355 0.18986448334274422 0.05687777329568374 0.017504234895539244
0 0.19564340459862847 0.189158667419537 0.02702702702702703 0.01637492941840768
0 0.23336022589753933 0.18887634105025408 0.063735377168213 0.016657255787690572
0 0.2519160951996773 0.1922642574816488 0.025413473174667203 0.022868435911914172
0 0.2755143202904397 0.18972332015810275 0.03711173860427592 0.015810276679841896
0 0.3009277934651069 0.19409937888198758 0.03993545784590561 0.026256352343308864
0 0.31887858007260994 0.19367588932806323 0.02581686163775716 0.023150762281197064
0 0.3426784993949173 0.1895821569734613 0.03670835014118596 0.015245623941276116
0 0.3828156514723679 0.1935347261434218 0.0681726502622025 0.0251270468661773
0 0.3874546187979024 0.19042913608130999 0.0028237192416296895 0.005081874647092038
0 0.41770875352964904 0.18944099378881987 0.051230334812424366 0.016092603049124788
0 0.09116579265832997 0.21414455110107283 0.03711173860427592 0.01693958215697346
0 0.1581282775312626 0.21894409937888198 0.1189995966115369 0.02456239412761152
0 0.23235175473981445 0.2171089779785432 0.13755546591367487 0.01948051948051948
0 0.2517144009681323 0.220214568040655 0.027833803953206938 0.025691699604743084
0 0.27591770875352967 0.2149915302089215 0.03630496167809601 0.01693958215697346
0 0.35155304558289635 0.21880293619424054 0.13876563130294473 0.023433088650479956
0 0.37595804759983864 0.21823828345567475 0.035901573215006054 0.024280067758328628
0 0.3989511899959661 0.21428571428571427 0.03630496167809601 0.014963297571993224
0 0.10266236385639371 0.2391304347826087 0.06615570794675273 0.01693958215697346
0 0.12323517547398144 0.24449463579898362 0.02743041549011698 0.02456239412761152
0 0.19987898346107302 0.24520045172219085 0.1355385235982251 0.026821005081874648
0 0.20471964501815249 0.2385657820440429 0.003227107704719645 0.0016939582156973462
