0 0.09762000806776926 0.12478825522303783 0.05970149253731343 0.04319593450028233
0 0.15832997176280758 0.12394127611518915 0.1036708350141186 0.03500846979107849
0 0.16518757563533684 0.12027103331451157 0.006857603872529245 0.01129305477131564
0 0.24868898749495763 0.11589497459062677 0.15167406212182333 0.023997741389045736
0 0.2537313432835821 0.12055335968379446 0.006857603872529245 0.010163749294184076
0 0.3037515127067366 0.11645962732919254 0.08309802339653086 0.0220214568040655
0 0.3217022993142396 0.11533032185206098 0.02379991932230738 0.018351214003387916
0 0.3711173860427592 0.12464709203839638 0.08309802339653086 0.028797289666854884
0 0.40641387656313027 0.1150479954827781 0.048406615570794675 0.018068887634105024
0 0.4318273497377975 0.11589497459062677 0.03146430012101654 0.010446075663466968
0 0.10488100040338846 0.14497459062676454 0.0754336425978217 0.034161490683229816
0 0.19019766034691407 0.14440993788819875 0.14037918515530456 0.031338226990400904
0 0.21742638160548608 0.14031620553359683 0.02581686163775716 0.029644268774703556
0 0.2668414683340056 0.13904573687182384 0.08188785800726099 0.019198193111236588
0 0.30475998386446146 0.13975155279503104 0.06292860024203308 0.020045172219085264
0 0.35135135135135137 0.15019762845849802 0.08027430415490117 0.03190287972896669
0 0.3852359822509076 0.14892715979672502 0.040742234772085516 0.025409373235460192
0 0.43263412666397744 0.14215132693393562 0.07704719645018153 0.021456804065499716
0 0.43586123436869706 0.14201016374929418 0.004033884630899556 0.002540937323546019
0 0.08935054457442518 0.16516092603049123 0.04517950786607503 0.026538678712591756
0 0.11879790237999194 0.16558441558441558 0.03146430012101654 0.02258610954263128
0 0.163574021782977 0.1671372106154715 0.06575231948366277 0.023150762281197064
0 0.20532472771278742 0.16643139469226426 0.06615570794675273 0.012704686617730096
0 0.24929407018959257 0.16629023150762282 0.07301331181928197 0.022868435911914172
0 0.25675675675675674 0.17080745341614906 0.010488100040338847 0.009881422924901186
0 0.2771278741427995 0.1668548842461886 0.02501008471157725 0.020327498588368152
0 0.38321903993545786 0.16784302653867872 0.19281968535699878 0.02258610954263128
0 0.390883420734167 0.17080745341614906 0.00927793465106898 0.011575381140598532
0 0.43787817668414686 0.16770186335403728 0.07503025413473174 0.021739130434782608
0 0.08935054457442518 0.19057029926595143 0.04437273093989512 0.01637492941840768
0 0.16377571601452198 0.19734613212874083 0.12263009277934651 0.027950310559006212
0 0.2146026623638564 0.19042913608130999 0.08632513110125051 0.021174477696216828
0 0.2517144009681323 0.19085262563523434 0.058491327148043566 0.0220214568040655
0 0.2934651068979427 0.1994635798983625 0.0609116579265833 0.03500846979107849
0 0.3961274707543364 0.20200451722190851 0.18515530455828963 0.0409373235460192
0 0.40500201694231547 0.19113495200451722 0.004840661557079467 0.00282326369282891
0 0.4146833400564744 0.18718238283455674 0.008067769261799113 0.009599096555618294
0 0.11799112545381202 0.21739130434782608 0.09923356192012908 0.023997741389045736
0 0.15873336022589754 0.2165443252399774 0.05526421944332392 0.022868435911914172
0 0.20411456232351755 0.21725014116318464 0.07139975796692215 0.014116318464144552
0 0.23275514320290439 0.2171089779785432 0.035498184751916094 0.01948051948051948
0 0.3031464300121017 0.22473178994918125 0.11294876966518758 0.033314511575381144
0 0.36062928600242034 0.21682665160926032 0.08390480032271078 0.021174477696216828
0 0.4114562323517547 0.21852060982495766 0.08027430415490117 0.02258610954263128
0 0.12928600242033078 0.24887069452286845 0.12061315046389673 0.030491247882552232
0 0.15691811214199275 0.24308300395256918 0.030254134731746672 0.011575381140598532
0 0.21198063735377168 0.24209486166007904 0.08834207341670028 0.012140033879164314
0 0.28620411456232353 0.24971767363071712 0.12424364663170634 0.03980801806888763
0 0.31323114158935056 0.24153020892151328 0.03469140782573618 0.015245623941276116
0 0.3567970956030658 0.2422360248447205 0.06010488100040339 0.019762845849802372
0 0.43787817668414686 0.25056465273856576 0.13957240822912464 0.04121964991530209
0 0.08713190802743041 0.2728684359119142 0.03751512706736587 0.03472614342179559
0 0.19302137958854376 0.27639751552795033 0.19120613150463897 0.03867871259175607
0 0.2855990318676886 0.2768210050818746 0.1565147236789028 0.039243365330321855
0 0.3553852359822509 0.26679841897233203 0.11294876966518758 0.02258610954263128
0 0.39572408229124645 0.27004517221908525 0.05970149253731343 0.027385657820440428
0 0.43243243243243246 0.268068887634105 0.055667607906413875 0.012422360248447204
0 0.1308995562726906 0.3005364201016375 0.12706736587333603 0.0409373235460192
0 0.24667204517950786 0.2931959345002823 0.20129084308188785 0.024280067758328628
0 0.27732956837434447 0.296583850931677 0.04235578862444534 0.02766798418972332
0 0.3116175877369907 0.2930547713156409 0.056070996369503835 0.0220214568040655
0 0.3963291649858814 0.29799548277809146 0.14965711980637353 0.03303218520609825
0 0.4562323517547398 0.292772444946358 0.10488100040338846 0.018633540372670808
0 0.08753529649052037 0.3284867306606437 0.04759983864461476 0.043478260869565216
0 0.0945945945945946 0.3178994918125353 0.004840661557079467 0.00282326369282891
0 0.14481645824929407 0.3181818181818182 0.08471157724889068 0.023433088650479956
0 0.17648245260185558 0.3201581027667984 0.041145623235175476 0.031055900621118012
0 0.2127874142799516 0.3166290231507623 0.06171843485276321 0.019762845849802372
0 0.3029447357805567 0.31846414455110106 0.1617587736990722 0.014398644833427442
0 0.43404598628479224 0.31874647092038394 0.24324324324324326 0.021739130434782608
0 0.09862847922549416 0.3694240542066629 0.0681726502622025 0.014963297571993224
0 0.15308592174263816 0.3694240542066629 0.08148446954417103 0.018351214003387916
0 0.200080677692618 0.370412196499153 0.06938281565147236 0.02258610954263128
0 0.31242436466317064 0.3793054771315641 0.18797902379991932 0.03867871259175607
0 0.3701089148850343 0.3694240542066629 0.08511496571198064 0.020327498588368152
0 0.42416296893908834 0.37267080745341613 0.08390480032271078 0.03020892151326934
