0 330.015530455829 774.0093167701864 0.031060911657926585 0.018633540372670808
0 447.01996772892295 772.0069169960474 0.03993545784590561 0.01383399209486166
0 579.0209762000807 772.007481648786 0.04195240016135539 0.014963297571993224
0 717.0108914885034 775.0093167701864 0.021782977006857603 0.018633540372670808
0 789.0207745058491 774.0070581592321 0.04154901169826543 0.014116318464144552
0 918.0383219039935 770.0070581592321 0.07664380798709157 0.014116318464144552
0 1163.0149253731342 772.0073404856014 0.029850746268656716 0.014680971202710334
0 1271.0252117789432 769.0080463015246 0.050423557886244454 0.016092603049124788
0 1443.060709963695 766.0139751552795 0.12141992739007665 0.027950310559006212
0 1796.0112948769665 774.0067758328628 0.022589753933037516 0.01355166572557877
0 1887.0409439290036 768.0111518915867 0.08188785800726099 0.022303783173348392
0 2106.0012101653892 809.0011293054771 0.0024203307785397336 0.002258610954263128
0 337.0151270673659 955.0066346696782 0.030254134731746672 0.013269339356295878
0 435.0264219443324 951.0071993224167 0.052843888664784185 0.014398644833427442
0 618.0623235175474 957.0105872388481 0.12464703509479629 0.021174477696216828
0 974.0223880597015 952.007481648786 0.04477611940298507 0.014963297571993224
0 1130.0147236789028 952.0069169960474 0.02944735780556676 0.01383399209486166
0 1241.04699475595 947.0118577075099 0.09398951189995966 0.023715415019762844
0 1514.0082694634934 954.0070581592321 0.01653892698668818 0.014116318464144552
0 1607.0153287615974 965.0052230378317 0.03065752319483663 0.010446075663466968
0 1707.0294473578056 947.0069169960474 0.05889471561113352 0.01383399209486166
0 1876.0153287615974 967.0047995482778 0.03065752319483663 0.009599096555618294
0 1977.0177490923759 957.0063523433089 0.035498184751916094 0.012704686617730096
0 326.0413473174667 1135.0073404856014 0.0826946349334409 0.014680971202710334
0 592.0548608309803 1128.0115753811406 0.10972166196046793 0.023150762281197064
0 913.0221863654699 1128.0073404856014 0.04437273093989512 0.014680971202710334
0 1054.0125050423558 1131.0077639751553 0.02501008471157725 0.015527950310559006
0 1146.0322710770472 1138.010304912479 0.0645421540943929 0.020609824957651044
0 1370.0516337232755 1129.0153867871259 0.10326744655102864 0.03077357425183512
0 1630.0016135538524 1172.0014116318464 0.003227107704719645 0.00282326369282891
0 1679.0020169423155 1121.0038114059853 0.004033884630899556 0.007622811970638058
0 1706.0242033077855 1128.007058159232 0.048406615570794675 0.014116318464144552
0 1848.0342880193627 1121.0084697910786 0.06857603872529246 0.01693958215697346
0 2035.0012101653892 1117.0038114059853 0.0024203307785397336 0.007622811970638058
0 2054.002218636547 1173.0036702428006 0.004437273093989512 0.007340485601355167
0 320.0135135135135 1312.0069169960475 0.02702702702702703 0.01383399209486166
0 415.0308592174264 1315.0067758328628 0.06171843485276321 0.01355166572557877
0 597.002218636547 1355.0036702428006 0.004437273093989512 0.007340485601355167
0 638.0012101653892 1302.0038114059853 0.0024203307785397336 0.007622811970638058
0 668.0092779346511 1311.0071993224167 0.01855586930213796 0.014398644833427442
0 748.0393303751513 1309.0077639751553 0.07866075030254134 0.015527950310559006
0 962.0020169423154 1357.0033879164314 0.004033884630899556 0.006775832862789385
0 1000.033279548205 1309.007481648786 0.06655909640984267 0.014963297571993224
0 1204.0104881000404 1316.006634669678 0.020976200080677694 0.013269339356295878
0 1278.008471157725 1334.0040937323547 0.016942315449778138 0.00818746470920384
0 1343.0324727712787 1312.012563523433 0.06494554255748286 0.0251270468661773
0 1560.0556676079063 1327.004658385093 0.11133521581282775 0.009316770186335404
0 1857.0016135538524 1353.0011293054772 0.003227107704719645 0.002258610954263128
0 1898.05223880597 1307.00790513834 0.1044776119402985 0.015810276679841896
0 317.03670835014117 1513.0049407114625 0.07341670028237192 0.009881422924901186
0 537.0116982654296 1498.0056465273856 0.023396530859217425 0.01129305477131564
0 637.0169423154498 1497.0064935064936 0.033884630899556276 0.012987012987012988
0 756.0280354981847 1492.0073404856014 0.056070996369503835 0.014680971202710334
0 911.004437273094 1511.0067758328628 0.008874546187979023 0.01355166572557877
0 963.0157321500606 1492.006634669678 0.03146430012101654 0.013269339356295878
0 1068.0100847115773 1488.0067758328628 0.02016942315449778 0.01355166572557877
0 1148.0328761597418 1493.0132693393564 0.06575231948366277 0.026538678712591756
0 1340.0209762000807 1488.007058159232 0.04195240016135539 0.014116318464144552
0 1473.0227914481645 1491.0093167701864 0.045582896329164985 0.018633540372670808
0 1606.0072609923357 1533.001552795031 0.014521984671238403 0.003105590062111801
0 1646.0016135538524 1532.0011293054772 0.003227107704719645 0.002258610954263128
0 1700.0300524405002 1488.007481648786 0.06010488100040339 0.014963297571993224
0 1893.0068576038725 1512.00395256917 0.01371520774505849 0.007905138339920948
0 1961.02218636547 1510.0115753811406 0.04437273093989512 0.023150762281197064
0 2102.002218636547 1520.004376058724 0.004437273093989512 0.008752117447769622
0 334.0330778539734 1667.0119988706945 0.06615570794675273 0.023997741389045736
0 557.0385235982251 1679.0101637492942 0.07704719645018153 0.020327498588368152
0 768.0016135538524 1709.0029644268775 0.003227107704719645 0.005928853754940711
0 816.019967728923 1667.0076228119706 0.03993545784590561 0.015245623941276116
0 980.0274304154901 1669.007481648786 0.05486083098023396 0.014963297571993224
0 1171.0096813231141 1683.004658385093 0.01936264622831787 0.009316770186335404
0 1263.0284388866478 1674.0104460756634 0.05687777329568374 0.020892151326933936
0 1443.0286405808795 1667.0073404856014 0.0572811617587737 0.014680971202710334
0 1602.0016135538524 1704.0012704686617 0.003227107704719645 0.002540937323546019
0 1666.0125050423558 1670.0080463015245 0.02501008471157725 0.016092603049124788
0 1763.0338846308996 1670.007058159232 0.06776926179911255 0.014116318464144552
0 1946.0032271077048 1713.0033879164314 0.00645421540943929 0.006775832862789385
0 1981.031867688584 1687.008328627894 0.063735377168213 0.016657255787690572
0 322.0308592174264 1847.0069169960475 0.06171843485276321 0.01383399209486166
0 521.0252117789431 1867.0045172219086 0.050423557886244454 0.009034443817052512
0 696.0219846712384 1869.0050818746472 0.043969342476805166 0.010163749294184076
0 840.0084711577249 1872.00395256917 0.016942315449778138 0.007905138339920948
0 933.033682936668 1854.0112930547714 0.06736587333602259 0.02258610954263128
0 1121.002218636547 1864.0033879164314 0.004437273093989512 0.006775832862789385
0 1182.027027027027 1848.0071993224167 0.05405405405405406 0.014398644833427442
0 1361.0207745058492 1848.0073404856014 0.04154901169826543 0.014680971202710334
0 1500.0328761597418 1847.0104460756634 0.06575231948366277 0.020892151326933936
0 1706.010689794272 1854.005928853755 0.021379588543767647 0.011857707509881422
0 1802.0768455022187 1844.0112930547714 0.1536910044372731 0.02258610954263128
0 312.0139169019766 2019.009881422925 0.027833803953206938 0.019762845849802372
0 439.02037111738605 2014.007058159232 0.040742234772085516 0.014116318464144552
0 583.0427591770875 2015.0073404856014 0.08551835417507059 0.014680971202710334
0 831.0062525211779 2045.0009881422925 0.012505042355788625 0.001976284584980237
0 896.0094796288826 2041.0040937323547 0.018959257765227916 0.00818746470920384
0 982.0689794271884 2018.0100225861095 0.13795885437676483 0.020045172219085264
0 1372.0433642597823 2016.0136928289103 0.08672851956434045 0.027385657820440428
0 1632.0121016538926 2021.006634669678 0.024203307785397338 0.013269339356295878
0 1732.0161355385235 2035.008610954263 0.03227107704719645 0.017221908526256352
0 1867.0205728116175 2031.0071993224167 0.041145623235175476 0.014398644833427442
0 2001.0018152480839 2057.003246753247 0.003630496167809601 0.006493506493506494
0 326.0820895522388 2188.0122811970637 0.16417910447761194 0.02456239412761152
0 784.0151270673658 2212.0049407114625 0.030254134731746672 0.009881422924901186
0 888.0221863654699 2192.007340485601 0.04437273093989512 0.014680971202710334
0 1027.0409439290036 2194.0111518915865 0.08188785800726099 0.022303783173348392
0 1282.022589753933 2209.005223037832 0.04517950786607503 0.010446075663466968
0 1440.0235982250908 2209.009034443817 0.04719645018152481 0.018068887634105024
0 1600.0242033077855 2191.0104460756634 0.048406615570794675 0.020892151326933936
0 1739.0018152480839 2241.001129305477 0.003630496167809601 0.002258610954263128
0 1772.0020169423155 2178.00395256917 0.004033884630899556 0.007905138339920948
