0 0.09338442920532473 0.13551665725578768 0.0326744655102864 0.018351214003387916
0 0.11315046389673256 0.13509316770186336 0.01573215006050827 0.016092603049124788
0 0.15671641791044777 0.13848108413325805 0.06776926179911255 0.023433088650479956
0 0.1801129487696652 0.1362224731789949 0.030254134731746672 0.019762845849802372
0 0.20814844695441712 0.13636363636363635 0.038321903993545785 0.018351214003387916
0 0.24425171440096813 0.13636363636363635 0.043969342476805166 0.019762845849802372
0 0.26321097216619604 0.13650479954827782 0.01855586930213796 0.017504234895539244
0 0.3106091165792658 0.13664596273291926 0.07059298104074223 0.020609824957651044
0 0.3446954417103671 0.13636363636363635 0.043969342476805166 0.019762845849802372
0 0.36809197256958454 0.13706945228684358 0.02743041549011698 0.01129305477131564
0 0.39128680919725695 0.13692828910220214 0.031060911657926585 0.010446075663466968
0 0.39431222267043164 0.1362224731789949 0.002016942315449778 0.0016939582156973462
0 0.41750705929810406 0.13721061547148503 0.035901573215006054 0.020327498588368152
0 0.43162565550625254 0.13706945228684358 0.021782977006857603 0.020327498588368152
0 0.09257765227914481 0.16134952004517222 0.0326744655102864 0.019762845849802372
0 0.11516740621218233 0.16106719367588934 0.026623638563937072 0.0189158667419537
0 0.14058087938684954 0.16191417278373801 0.03146430012101654 0.009316770186335404
0 0.17527228721258573 0.16177300959909655 0.045582896329164985 0.01948051948051948
0 0.19665187575635337 0.1627611518915867 0.018152480839048003 0.021739130434782608
0 0.2373941105284389 0.16516092603049123 0.06413876563130294 0.026821005081874648
0 0.24122630092779346 0.16149068322981366 0.002016942315449778 0.001411631846414455
0 0.24384832593787817 0.1562676453980802 0.004033884630899556 0.006775832862789385
0 0.27753126260588945 0.16149068322981366 0.04719645018152481 0.017221908526256352
0 0.2991125453812021 0.16191417278373801 0.026623638563937072 0.019762845849802372
0 0.3245260185558693 0.1621964991530209 0.03469140782573618 0.009034443817052512
0 0.3664784187172247 0.16487859966120835 0.0653489310205728 0.023150762281197064
0 0.3892698668818072 0.1621964991530209 0.03711173860427592 0.01948051948051948
0 0.41750705929810406 0.16191417278373801 0.04195240016135539 0.017786561264822136
0 0.4318273497377975 0.16247882552230378 0.021782977006857603 0.019198193111236588
0 0.10346914078257362 0.18647656691134953 0.04881000403388463 0.020609824957651044
0 0.12020976200080678 0.18675889328063242 0.01573215006050827 0.020892151326933936
0 0.14663170633319886 0.18633540372670807 0.02702702702702703 0.020327498588368152
0 0.17123840258168616 0.18873517786561264 0.03509479628882614 0.023997741389045736
0 0.1899959661153691 0.1885940146809712 0.018959257765227916 0.021456804065499716
0 0.21480435659540137 0.18690005646527386 0.029043969342476807 0.018633540372670808
0 0.25332795482049214 0.19085262563523434 0.056070996369503835 0.025974025974025976
0 0.25978217022993144 0.18817052512704688 0.003630496167809601 0.005081874647092038
0 0.28075837031060913 0.18718238283455674 0.029850746268656716 0.018068887634105024
0 0.3081887858007261 0.18675889328063242 0.02864058087938685 0.018351214003387916
0 0.3656716417910448 0.1907114624505929 0.09156918112141993 0.026821005081874648
0 0.4235578862444534 0.19000564652738566 0.09681323114158935 0.025974025974025976
0 0.08652682533279549 0.21357989836250707 0.016942315449778138 0.0220214568040655
0 0.11012505042355789 0.21174477696216826 0.026220250100847116 0.018351214003387916
0 0.16579265832997175 0.21541501976284586 0.09076240419524001 0.024844720496894408
0 0.1972569584509883 0.21597967250141162 0.03509479628882614 0.026256352343308864
0 0.21964501815248083 0.2124505928853755 0.029850746268656716 0.01948051948051948
0 0.254941508672852 0.21259175607001693 0.04921339249697459 0.020045172219085264
0 0.2771278741427995 0.21456804065499718 0.02218636546994756 0.022868435911914172
0 0.3315853166599435 0.21668548842461885 0.09439290036304962 0.028232636928289104
0 0.3348124243646632 0.2124505928853755 0.0024203307785397336 0.0016939582156973462
