0 0.07946752722872126 0.11914172783738002 0.02501008471157725 0.021739130434782608
0 0.13614360629286001 0.12140033879164314 0.09762000806776926 0.023433088650479956
0 0.17103670835014118 0.12111801242236025 0.03791851553045583 0.026538678712591756
0 0.21419927390076643 0.12323546019198194 0.05687777329568374 0.03077357425183512
0 0.22025010084711577 0.11758893280632411 0.004437273093989512 0.018633540372670808
0 0.23840258168616377 0.11773009599096555 0.02218636546994756 0.003105590062111801
0 0.2603872529245664 0.11688311688311688 0.01855586930213796 0.019762845849802372
0 0.2789431222267043 0.11730660643704122 0.026220250100847116 0.012422360248447204
0 0.3416700282371924 0.12055335968379446 0.10246066962484873 0.020327498588368152
0 0.3854376764824526 0.11871823828345568 0.06897942718838242 0.01637492941840768
0 0.3935054457442517 0.11801242236024845 0.003227107704719645 0.016657255787690572
0 0.43061718434852764 0.11758893280632411 0.0536506655909641 0.014963297571993224
0 0.08188785800726099 0.1422924901185771 0.03630496167809601 0.011575381140598532
0 0.13331988705123032 0.1427159796725014 0.08067769261799113 0.020327498588368152
0 0.16478418717224688 0.1422924901185771 0.043162565550625254 0.014116318464144552
0 0.17970956030657523 0.14356295878035008 0.014118596208148447 0.017221908526256352
0 0.24102460669624848 0.1461038961038961 0.09600645421540945 0.019762845849802372
0 0.27309398951189995 0.14313946922642576 0.04719645018152481 0.015245623941276116
0 0.30798709156918114 0.1427159796725014 0.04719645018152481 0.016092603049124788
0 0.35034288019362647 0.14257481648785997 0.0653489310205728 0.018633540372670808
0 0.3676885841064946 0.14201016374929418 0.030254134731746672 0.012987012987012988
0 0.43283582089552236 0.1429983060417843 0.10649455425574829 0.01637492941840768
0 0.09419120613150464 0.16939582156973462 0.058491327148043566 0.018633540372670808
0 0.127470754336426 0.16897233201581027 0.04961678096006454 0.010728402032749858
0 0.1619604679306172 0.1686900056465274 0.0463896732553449 0.009599096555618294
0 0.16700282371924163 0.16826651609260304 0.0028237192416296895 0.001976284584980237
0 0.1980637353771682 0.16727837380011293 0.04033884630899556 0.017504234895539244
0 0.2200484066155708 0.16741953698475437 0.03065752319483663 0.01693958215697346
0 0.2515127067365873 0.16826651609260304 0.043162565550625254 0.01383399209486166
0 0.2801532876159742 0.16798418972332016 0.03872529245663574 0.013269339356295878
0 0.30354981847519164 0.1691134952004517 0.03509479628882614 0.010163749294184076
0 0.3372327551432029 0.1681253529079616 0.05647438483259379 0.014116318464144552
0 0.35841064945542556 0.1702428006775833 0.025413473174667203 0.020892151326933936
0 0.4144816458249294 0.17320722755505363 0.09762000806776926 0.025974025974025976
0 0.4211375554659137 0.16939582156973462 0.004840661557079467 0.003952569169960474
0 0.42496974586526826 0.16290231507622813 0.0052440500201694235 0.008752117447769622
0 0.07866075030254134 0.22134387351778656 0.031060911657926585 0.022303783173348392
0 0.10972166196046793 0.2180971202710333 0.04800322710770472 0.017504234895539244
0 0.15227914481645824 0.22346132128740825 0.06655909640984267 0.024844720496894408
0 0.1607503025413473 0.22134387351778656 0.005647438483259379 0.009881422924901186
0 0.19887051230334812 0.2186617730095991 0.05687777329568374 0.01129305477131564
0 0.23497377974989916 0.21852060982495766 0.045986284792254944 0.014963297571993224
0 0.30334812424364666 0.2224731789949181 0.11415893505445744 0.022868435911914172
0 0.3810004033884631 0.22261434217955958 0.1335215812827753 0.023150762281197064
0 0.4056070996369504 0.22219085262563523 0.03227107704719645 0.022868435911914172
