0 0.09661153691004437 0.11645962732919254 0.052843888664784185 0.018351214003387916
0 0.14400968132311415 0.12111801242236025 0.07341670028237192 0.026821005081874648
0 0.1482452601855587 0.12111801242236025 0.004840661557079467 0.012422360248447204
0 0.20371117386042759 0.1163184641445511 0.08955223880597014 0.014116318464144552
0 0.20976200080677693 0.11815358554488989 0.003630496167809601 0.008752117447769622
0 0.2488906817265026 0.11674195369847544 0.06776926179911255 0.020892151326933936
0 0.26522791448164584 0.11603613777526821 0.008874546187979023 0.018633540372670808
0 0.29407018959257764 0.11843591191417278 0.055667607906413875 0.014963297571993224
0 0.3237192416296894 0.11589497459062677 0.03791851553045583 0.01383399209486166
0 0.34227511093182733 0.11716544325239978 0.014925373134328358 0.01129305477131564
0 0.37878176684146836 0.12083568605307736 0.05244050020169423 0.025974025974025976
0 0.43243243243243246 0.11984754376058723 0.08713190802743041 0.023433088650479956
0 0.08531665994352562 0.14045736871823827 0.024606696248487294 0.015810276679841896
0 0.12605889471561113 0.14384528514963296 0.06494554255748286 0.020609824957651044
0 0.15469947559499797 0.1422924901185771 0.026220250100847116 0.017504234895539244
0 0.20270270270270271 0.14370412196499152 0.058491327148043566 0.014680971202710334
0 0.23578055667607906 0.14370412196499152 0.02581686163775716 0.0189158667419537
0 0.2781363453005244 0.1422924901185771 0.052843888664784185 0.021456804065499716
0 0.28075837031060913 0.1411631846414455 0.003227107704719645 0.002258610954263128
0 0.3110125050423558 0.14088085827216262 0.042759177087535294 0.018633540372670808
0 0.3402581686163776 0.14088085827216262 0.02743041549011698 0.01693958215697346
0 0.373134328358209 0.14130434782608695 0.04679306171843485 0.018351214003387916
0 0.4110528438886648 0.14215132693393562 0.050826946349334406 0.009599096555618294
0 0.09741831383622429 0.16614906832298137 0.0536506655909641 0.015810276679841896
0 0.10286405808793868 0.17236024844720496 0.007664380798709157 0.012704686617730096
0 0.12404195240016136 0.16600790513833993 0.007664380798709157 0.019198193111236588
0 0.20310609116579265 0.16840767927724448 0.13674868898749495 0.0189158667419537
0 0.2117789431222267 0.17137210615471485 0.004840661557079467 0.012704686617730096
0 0.24687373941105284 0.16741953698475437 0.04719645018152481 0.014680971202710334
0 0.28035498184751917 0.1675607001693958 0.0326744655102864 0.011575381140598532
0 0.33682936668011293 0.1702428006775833 0.07866075030254134 0.019198193111236588
0 0.372932634126664 0.1665725578769057 0.053247277127874144 0.016657255787690572
0 0.40681726502622023 0.1668548842461886 0.05163372327551432 0.015527950310559006
0 0.4352561516740621 0.17052512704686618 0.0318676885841065 0.02258610954263128
0 0.1262605889471561 0.19805194805194806 0.11335215812827754 0.028514963297571992
0 0.13331988705123032 0.19212309429700733 0.0016135538523598225 0.001411631846414455
0 0.13856393707139975 0.18831168831168832 0.0024203307785397336 0.012704686617730096
0 0.10104881000403389 0.21725014116318464 0.06494554255748286 0.0189158667419537
0 0.1290843081887858 0.21739130434782608 0.03146430012101654 0.016092603049124788
0 0.16276724485679708 0.217673630717109 0.04759983864461476 0.010446075663466968
0 0.1897942718838241 0.21852060982495766 0.023396530859217425 0.009599096555618294
0 0.24405002016942315 0.221485036702428 0.08108108108108109 0.024280067758328628
0 0.2882210568777733 0.21753246753246752 0.06575231948366277 0.01637492941840768
0 0.32129891085114964 0.21823828345567475 0.042759177087535294 0.01693958215697346
0 0.3765631302944736 0.221485036702428 0.08592174263816055 0.018351214003387916
0 0.39330375151270675 0.21908526256352343 0.014521984671238403 0.010446075663466968
0 0.42940701895925776 0.2186617730095991 0.045986284792254944 0.01101072840203275
0 0.11940298507462686 0.2466120835686053 0.10044372730939895 0.0251270468661773
0 0.14602662363856395 0.24378881987577639 0.02702702702702703 0.01948051948051948
0 0.18152480839048002 0.24364765669113495 0.04437273093989512 0.018351214003387916
0 0.2325534489713594 0.24647092038396387 0.07583703106091166 0.023997741389045736
0 0.2601855586930214 0.24802371541501977 0.02864058087938685 0.027950310559006212
0 0.354578459056071 0.24830604178430266 0.15772488906817264 0.02766798418972332
0 0.4257765227914482 0.2508469791078487 0.11617587736990723 0.029361942405420668
0 0.11234368697055264 0.2691981931112366 0.08713190802743041 0.018633540372670808
0 0.1446147640177491 0.27089215132693395 0.029043969342476807 0.026256352343308864
0 0.17809600645421542 0.2672219085262564 0.03630496167809601 0.011857707509881422
0 0.2527228721258572 0.27300959909655564 0.11698265429608713 0.028514963297571992
0 0.33118192819685355 0.2696216826651609 0.12827753126260588 0.023433088650479956
0 0.3557886244453409 0.2720214568040655 0.031060911657926585 0.024844720496894408
0 0.37938684953610324 0.2682100508187465 0.029850746268656716 0.014680971202710334
0 0.4332392093586123 0.27343308865047994 0.08229124647035095 0.025409373235460192
0 0.1244453408632513 0.29573687182382835 0.10891488503428802 0.02258610954263128
0 0.1290843081887858 0.29347826086956524 0.0024203307785397336 0.0033879164313946925
0 0.17950786607503025 0.29390175042348954 0.06333198870512304 0.01693958215697346
0 0.2063331988705123 0.2992659514398645 0.02864058087938685 0.029361942405420668
0 0.24122630092779346 0.29347826086956524 0.04517950786607503 0.015810276679841896
0 0.3263412666397741 0.29545454545454547 0.14078257361839452 0.013269339356295878
0 0.418313836224284 0.294042913608131 0.1536910044372731 0.016657255787690572
0 0.12827753126260588 0.3191699604743083 0.11496571198063735 0.015810276679841896
0 0.15611133521581283 0.3188876341050254 0.02743041549011698 0.014398644833427442
0 0.20592981040742234 0.32029926595143987 0.07301331181928197 0.018068887634105024
0 0.23336022589753933 0.31959345002823264 0.027833803953206938 0.016092603049124788
0 0.2682533279548205 0.31945228684359117 0.04195240016135539 0.014680971202710334
0 0.3136345300524405 0.320016939582157 0.06131504638967326 0.01355166572557877
0 0.3805970149253731 0.3243929983060418 0.11496571198063735 0.026256352343308864
0 0.41629689390883423 0.31874647092038394 0.04154901169826543 0.01355166572557877
0 0.10488100040338846 0.3438735177865613 0.06413876563130294 0.01693958215697346
0 0.14703509479628882 0.3438735177865613 0.04759983864461476 0.014963297571993224
0 0.23497377974989916 0.3469791078486731 0.14481645824929407 0.02258610954263128
0 0.27047196450181527 0.34542631281761715 0.04719645018152481 0.017221908526256352
0 0.3063735377168213 0.34867306606437043 0.04719645018152481 0.02456239412761152
0 0.3582089552238806 0.3458498023715415 0.08350141185962082 0.020045172219085264
0 0.41670028237192414 0.3445793337097685 0.09035901573215006 0.018351214003387916
0 0.10246066962484873 0.36914172783738003 0.06292860024203308 0.017786561264822136
0 0.18071803146430013 0.3715415019762846 0.12424364663170634 0.023150762281197064
0 0.2265026220250101 0.3749294184076793 0.06857603872529246 0.020892151326933936
0 0.2747075433642598 0.37238848108413325 0.06736587333602259 0.024844720496894408
0 0.3041549011698265 0.3695652173913043 0.03953206938281565 0.014116318464144552
0 0.3334005647438483 0.3697063805759458 0.04235578862444534 0.015245623941276116
0 0.36304961678096004 0.36928289102202144 0.03953206938281565 0.017504234895539244
0 0.4116579265832997 0.3747882552230378 0.08390480032271078 0.027385657820440428
0 0.445542557482856 0.3746470920383964 0.051230334812424366 0.028232636928289104
0 0.44776119402985076 0.3697063805759458 0.0028237192416296895 0.001976284584980237
