0 358.0246066962485 753.0105872388481 0.04921339249697459 0.021174477696216828
0 521.0179507866075 753.0081874647092 0.035901573215006054 0.01637492941840768
0 655.0330778539734 757.0146809712027 0.06615570794675273 0.029361942405420668
0 884.033279548205 780.0045172219085 0.06655909640984267 0.009034443817052512
0 1100.0197660346914 778.0057876905703 0.03953206938281565 0.011575381140598532
0 1234.0254134731747 771.0100225861096 0.050826946349334406 0.020045172219085264
0 1360.0032271077048 820.00395256917 0.00645421540943929 0.007905138339920948
0 1435.015127067366 767.0067758328628 0.030254134731746672 0.01355166572557877
0 1568.0205728116175 771.007481648786 0.041145623235175476 0.014963297571993224
0 1725.0312626058894 766.0084697910785 0.06252521177894312 0.01693958215697346
0 1936.0264219443325 766.0081874647092 0.052843888664784185 0.01637492941840768
0 2114.0094796288827 774.0070581592321 0.018959257765227916 0.014116318464144552
0 356.04316256555063 938.0139751552795 0.08632513110125051 0.027950310559006212
0 566.0018152480839 996.0026821005082 0.003630496167809601 0.005364201016374929
0 634.0231948366277 948.0070581592321 0.0463896732553449 0.014116318464144552
0 788.0498184751916 938.0086109542631 0.09963695038321904 0.017221908526256352
0 1060.0102864058088 947.0071993224167 0.020572811617587738 0.014398644833427442
0 1152.028842275111 938.0086109542631 0.057684550221863654 0.017221908526256352
0 1350.0139169019767 942.0083286278939 0.027833803953206938 0.016657255787690572
0 1462.0147236789028 943.0076228119707 0.02944735780556676 0.015245623941276116
0 1581.0316659943526 949.0079051383399 0.06333198870512304 0.015810276679841896
0 1737.0012101653892 996.0011293054771 0.0024203307785397336 0.002258610954263128
0 1811.0076643807988 954.0076228119707 0.015328761597418314 0.015245623941276116
0 1911.0169423154498 948.0076228119707 0.033884630899556276 0.015245623941276116
0 357.0494150867285 1116.008328627894 0.09883017345703912 0.016657255787690572
0 612.0028237192416 1166.0038114059853 0.005647438483259379 0.007622811970638058
0 674.0121016538927 1120.008328627894 0.024203307785397338 0.016657255787690572
0 782.0213795885438 1145.004658385093 0.042759177087535294 0.009316770186335404
0 965.0014118596208 1105.0029644268775 0.0028237192416296895 0.005928853754940711
0 986.0437676482453 1111.0155279503106 0.08753529649052037 0.031055900621118012
0 1267.0108914885034 1150.0042348955392 0.021782977006857603 0.00846979107848673
0 1376.0258168616378 1123.0073404856014 0.05163372327551432 0.014680971202710334
0 1523.0012101653892 1113.0022586109542 0.0024203307785397336 0.004517221908526256
0 1522.002218636547 1180.0028232636928 0.004437273093989512 0.00564652738565782
0 1589.0145219846713 1119.0073404856014 0.029043969342476807 0.014680971202710334
0 1728.0306575231948 1119.012563523433 0.06131504638967326 0.0251270468661773
0 1875.0014118596207 1176.0029644268775 0.0028237192416296895 0.005928853754940711
0 1940.0104881000404 1124.0073404856014 0.020976200080677694 0.014680971202710334
0 356.02137958854377 1297.0084697910786 0.042759177087535294 0.01693958215697346
0 524.0326744655102 1295.0084697910786 0.0653489310205728 0.01693958215697346
0 691.00262202501 1348.00395256917 0.0052440500201694235 0.007905138339920948
0 766.0018152480839 1295.0028232636928 0.003630496167809601 0.00564652738565782
0 788.0094796288826 1307.007058159232 0.018959257765227916 0.014116318464144552
0 890.0225897539331 1299.0087521174478 0.04517950786607503 0.017504234895539244
0 1055.01956434046 1307.0080463015245 0.0391286809197257 0.016092603049124788
0 1204.0298507462687 1303.011010728402 0.05970149253731343 0.0220214568040655
0 1390.0282371924163 1329.010304912479 0.05647438483259379 0.020609824957651044
0 1585.0223880597016 1301.009034443817 0.04477611940298507 0.018068887634105024
0 1760.0135135135135 1325.004376058724 0.02702702702702703 0.008752117447769622
0 1900.0260185558693 1299.0081874647092 0.05203711173860428 0.01637492941840768
0 2083.0215812827755 1305.008610954263 0.043162565550625254 0.017221908526256352
0 354.02077450584915 1653.0076228119706 0.04154901169826543 0.015245623941276116
0 514.0229931423961 1660.007481648786 0.045986284792254944 0.014963297571993224
0 691.0205728116176 1669.0067758328628 0.041145623235175476 0.01355166572557877
0 857.020371117386 1661.0080463015245 0.040742234772085516 0.016092603049124788
0 1034.02743041549 1653.012563523433 0.05486083098023396 0.0251270468661773
0 1185.0026220250102 1709.003529079616 0.0052440500201694235 0.007058159232072276
0 1221.0157321500606 1664.0071993224167 0.03146430012101654 0.014398644833427442
0 1369.015127067366 1656.0084697910786 0.030254134731746672 0.01693958215697346
0 1503.0649455425576 1659.0111518915867 0.12989108511496572 0.022303783173348392
0 1891.0094796288827 1662.007481648786 0.018959257765227916 0.014963297571993224
0 2013.0189592577651 1655.0138339920948 0.03791851553045583 0.02766798418972332
0 346.00645421540946 1836.0077639751553 0.01290843081887858 0.015527950310559006
0 416.00201694231544 1844.0062111801242 0.004033884630899556 0.012422360248447204
0 452.01976603469143 1842.0073404856014 0.03953206938281565 0.014680971202710334
0 614.0151270673658 1846.0073404856014 0.030254134731746672 0.014680971202710334
0 748.017749092376 1849.0117165443253 0.035498184751916094 0.023433088650479956
0 922.0369100443727 1840.012987012987 0.07382008874546188 0.025974025974025976
0 1169.0094796288827 1844.0067758328628 0.018959257765227916 0.01355166572557877
0 1284.0046389673255 1866.0036702428006 0.00927793465106898 0.007340485601355167
0 1370.0213795885438 1840.008610954263 0.042759177087535294 0.017221908526256352
0 1493.0139169019767 1890.001552795031 0.027833803953206938 0.003105590062111801
0 1576.0014118596207 1896.0007058159233 0.0028237192416296895 0.001411631846414455
