0 0.0982250907624042 0.11645962732919254 0.06010488100040339 0.014116318464144552
0 0.1262605889471561 0.11730660643704122 0.03993545784590561 0.016092603049124788
0 0.1772892295280355 0.12295313382269904 0.08753529649052037 0.027950310559006212
0 0.2252924566357402 0.11589497459062677 0.08350141185962082 0.010163749294184076
0 0.25655506252521176 0.11589497459062677 0.04477611940298507 0.008752117447769622
0 0.28842275110931825 0.12055335968379446 0.05244050020169423 0.022868435911914172
0 0.2964905203711174 0.11956521739130435 0.004033884630899556 0.007622811970638058
0 0.31988705123033484 0.11533032185206098 0.02944735780556676 0.012140033879164314
0 0.3523598225090762 0.11575381140598531 0.051230334812424366 0.01383399209486166
0 0.3993545784590561 0.11674195369847544 0.07503025413473174 0.01637492941840768
0 0.44231544977813636 0.1163184641445511 0.06212182331585317 0.013269339356295878
0 0.08007260992335619 0.14285714285714285 0.026623638563937072 0.014398644833427442
0 0.13473174667204518 0.14935064935064934 0.09519967728922953 0.029644268774703556
0 0.1409842678499395 0.14370412196499152 0.003630496167809601 0.004799548277809147
0 0.17204517950786608 0.14243365330321853 0.043969342476805166 0.014963297571993224
0 0.22952803549818476 0.1427159796725014 0.09802339653085922 0.015245623941276116
0 0.2505042355788624 0.14158667419536985 0.028237192416296894 0.014398644833427442
0 0.29386849536103266 0.1429983060417843 0.07260992335619201 0.01693958215697346
0 0.3217022993142396 0.14440993788819875 0.0391286809197257 0.018351214003387916
0 0.3483259378781767 0.14158667419536985 0.04356595401371521 0.012987012987012988
0 0.39431222267043164 0.14130434782608695 0.07260992335619201 0.01383399209486166
0 0.39753933037515127 0.14073969508752118 0.003227107704719645 0.0016939582156973462
0 0.4211375554659137 0.14073969508752118 0.022993142396127472 0.012704686617730096
0 0.4473578055667608 0.14201016374929418 0.04195240016135539 0.015245623941276116
0 0.10346914078257362 0.22092038396386224 0.0782573618394514 0.020609824957651044
0 0.10709963695038321 0.21696781479390176 0.0028237192416296895 0.0016939582156973462
0 0.14017749092375958 0.21753246753246752 0.04679306171843485 0.013269339356295878
0 0.19665187575635337 0.22233201581027667 0.09721661960467931 0.0220214568040655
0 0.22730939895118998 0.21781479390175043 0.04437273093989512 0.01383399209486166
0 0.2688584106494554 0.21739130434782608 0.05647438483259379 0.011575381140598532
0 0.3249294070189593 0.2236024844720497 0.09035901573215006 0.025974025974025976
0 0.3511496571198064 0.21725014116318464 0.03751512706736587 0.009034443817052512
0 0.3555869302137959 0.220214568040655 0.004033884630899556 0.007905138339920948
0 0.3773699072206535 0.21823828345567475 0.029850746268656716 0.009881422924901186
0 0.41629689390883423 0.21753246753246752 0.06736587333602259 0.01355166572557877
0 0.44332392093586126 0.21781479390175043 0.04235578862444534 0.014963297571993224
0 0.09318273497377975 0.24322416713721062 0.05445744251714401 0.014398644833427442
0 0.13392496974586526 0.24322416713721062 0.0609116579265833 0.014398644833427442
0 0.1672045179507866 0.24435347261434218 0.051230334812424366 0.014116318464144552
0 0.19866881807180314 0.24322416713721062 0.04881000403388463 0.014116318464144552
0 0.24243646631706334 0.24731789949181254 0.06655909640984267 0.023150762281197064
0 0.24969745865268253 0.24392998306041785 0.004840661557079467 0.006211180124223602
0 0.2765227914481646 0.24336533032185206 0.03872529245663574 0.014680971202710334
0 0.3041549011698265 0.2429418407679277 0.04195240016135539 0.013269339356295878
0 0.3844292053247277 0.24774138904573687 0.15288422751109318 0.024280067758328628
0 0.40237999193223073 0.24336533032185206 0.021782977006857603 0.014116318464144552
0 0.4322307382008875 0.24915302089215133 0.04800322710770472 0.027950310559006212
0 0.4489713594191206 0.24209486166007904 0.015328761597418314 0.016092603049124788
0 0.07059298104074223 0.2694805194805195 0.01371520774505849 0.014680971202710334
0 0.10871319080274304 0.2691981931112366 0.0536506655909641 0.014116318464144552
0 0.13574021782977008 0.2696216826651609 0.03993545784590561 0.014963297571993224
0 0.16115369100443727 0.2728684359119142 0.03751512706736587 0.02258610954263128
0 0.21661960467930616 0.2758328627893845 0.0899556272690601 0.029644268774703556
0 0.24041952400161357 0.2724449463579898 0.02581686163775716 0.0220214568040655
0 0.254739814441307 0.2686335403726708 0.014925373134328358 0.00846979107848673
0 0.2864058087938685 0.2713156408808583 0.052843888664784185 0.020045172219085264
0 0.3017345703912868 0.2689158667419537 0.017749092375958047 0.00282326369282891
0 0.3071803146430012 0.26877470355731226 0.004033884630899556 0.002258610954263128
