0 0.12585720048406615 0.11208356860530773 0.0927793465106898 0.025409373235460192
0 0.17265026220250101 0.11335403726708075 0.05486083098023396 0.029926595143986448
0 0.22045179507866075 0.11109542631281762 0.0681726502622025 0.023150762281197064
0 0.25776522791448164 0.11095426312817618 0.04517950786607503 0.010728402032749858
0 0.28862444534086323 0.11137775268210051 0.033481242436466316 0.017504234895539244
0 0.3299717628075837 0.11095426312817618 0.06171843485276321 0.024844720496894408
0 0.3535699878983461 0.11095426312817618 0.02864058087938685 0.019762845849802372
0 0.38866478418717226 0.11194240542066629 0.03428801936264623 0.021456804065499716
0 0.44776119402985076 0.11194240542066629 0.09076240419524001 0.023715415019762844
0 0.11879790237999194 0.13636363636363635 0.0790641387656313 0.026821005081874648
0 0.14743848325937878 0.1367871259175607 0.029043969342476807 0.023997741389045736
0 0.23053650665590963 0.13650479954827782 0.12424364663170634 0.023715415019762844
0 0.24324324324324326 0.14088085827216262 0.003630496167809601 0.012422360248447204
0 0.28378378378378377 0.13636363636363635 0.05163372327551432 0.012422360248447204
0 0.34872932634126663 0.1427159796725014 0.09923356192012908 0.03359683794466403
0 0.3588140379185155 0.1398927159796725 0.0024203307785397336 0.009881422924901186
0 0.4203307785397338 0.14215132693393562 0.09560306575231949 0.03472614342179559
0 0.09338442920532473 0.16445511010728403 0.043162565550625254 0.031055900621118012
0 0.14501815248083905 0.16191417278373801 0.08148446954417103 0.023150762281197064
0 0.15207745058491326 0.16120835686053078 0.004033884630899556 0.002258610954263128
0 0.1799112545381202 0.16149068322981366 0.025413473174667203 0.02258610954263128
0 0.23759580475998388 0.16953698475437606 0.08471157724889068 0.037549407114624504
0 0.27329568374344493 0.16149068322981366 0.02581686163775716 0.01129305477131564
0 0.3083904800322711 0.16120835686053078 0.03509479628882614 0.021174477696216828
0 0.3840258168616378 0.1616318464144551 0.11778943122226704 0.023433088650479956
0 0.42154094392900365 0.16149068322981366 0.03509479628882614 0.022303783173348392
0 0.15429608713190804 0.19254658385093168 0.16054860830980233 0.03557312252964427
0 0.2210568777732957 0.18972332015810275 0.09560306575231949 0.031055900621118012
0 0.26321097216619604 0.18661773009599097 0.053247277127874144 0.023715415019762844
0 0.2954820492133925 0.1873235460191982 0.0326744655102864 0.020892151326933936
0 0.3838241226300928 0.19254658385093168 0.1306978620411456 0.035290796160361376
0 0.3898749495764421 0.1870412196499153 0.004033884630899556 0.001976284584980237
0 0.4219443323920936 0.18746470920383965 0.0391286809197257 0.020045172219085264
0 0.09721661960467931 0.2124505928853755 0.04961678096006454 0.022303783173348392
0 0.19987898346107302 0.21329757199322416 0.15490116982654295 0.021739130434782608
0 0.24808390480032272 0.21230942970073405 0.058491327148043566 0.020892151326933936
0 0.2767244856797096 0.2124505928853755 0.03227107704719645 0.020892151326933936
0 0.327148043565954 0.21541501976284586 0.07382008874546188 0.027950310559006212
0 0.4048003227107705 0.2165443252399774 0.11415893505445744 0.031055900621118012
0 0.42597821702299316 0.2121682665160926 0.01734570391286809 0.012140033879164314
0 0.11879790237999194 0.24308300395256918 0.08592174263816055 0.03500846979107849
0 0.127269060104881 0.2413890457368718 0.003227107704719645 0.007905138339920948
0 0.20310609116579265 0.2453416149068323 0.12424364663170634 0.0378317334839074
0 0.2490923759580476 0.23785996612083568 0.05929810407422348 0.012140033879164314
0 0.2964905203711174 0.23828345567476003 0.057684550221863654 0.020327498588368152
0 0.3172650262202501 0.23983625070581593 0.01371520774505849 0.012987012987012988
0 0.3753529649052037 0.24392998306041785 0.08793868495361033 0.034443817052512704
0 0.418313836224284 0.23743647656691136 0.04961678096006454 0.021456804065499716
0 0.1399757966922146 0.26976284584980237 0.13150463896732553 0.03698475437605872
0 0.2236789027833804 0.2627046866177301 0.13231141589350545 0.023715415019762844
0 0.23557886244453408 0.26693958215697344 0.0024203307785397336 0.010728402032749858
0 0.3499394917305365 0.2670807453416149 0.1952400161355385 0.028514963297571992
0 0.3890681726502622 0.2627046866177301 0.0500201694231545 0.020327498588368152
0 0.45139169019766034 0.262987012987013 0.0891488503428802 0.024280067758328628
0 0.4552238805970149 0.26778656126482214 0.004033884630899556 0.009316770186335404
0 0.09338442920532473 0.28797289666854886 0.03751512706736587 0.023433088650479956
0 0.1563130294473578 0.292772444946358 0.08713190802743041 0.03190287972896669
0 0.2236789027833804 0.2885375494071146 0.09681323114158935 0.023150762281197064
0 0.23497377974989916 0.2922077922077922 0.0024203307785397336 0.01101072840203275
0 0.2936668011294877 0.2924901185770751 0.09035901573215006 0.031055900621118012
0 0.33783783783783783 0.2885375494071146 0.05163372327551432 0.02258610954263128
0 0.4320290439693425 0.29390175042348954 0.15127067365873337 0.03500846979107849
0 0.43707139975796694 0.29164313946922643 0.0024203307785397336 0.00846979107848673
0 0.08208955223880597 0.30773574251835123 0.002016942315449778 0.010728402032749858
0 0.10467930617184348 0.31309994353472614 0.040742234772085516 0.02258610954263128
0 0.14683340056474384 0.31309994353472614 0.03227107704719645 0.0189158667419537
0 0.20673658733360226 0.3186053077357425 0.08955223880597014 0.0220214568040655
0 0.23941105284388867 0.3135234330886505 0.026220250100847116 0.021456804065499716
0 0.29709560306575233 0.31804065499717676 0.08511496571198064 0.028232636928289104
0 0.3307785397337636 0.31592320722755507 0.026220250100847116 0.031338226990400904
0 0.36789027833803956 0.313382269904009 0.0500201694231545 0.012140033879164314
0 0.41871722468737393 0.3191699604743083 0.063735377168213 0.03472614342179559
0 0.463493344090359 0.31225296442687744 0.06615570794675273 0.022303783173348392
0 0.4709560306575232 0.3145115753811406 0.0028237192416296895 0.002258610954263128
0 0.4747882210568778 0.30223037831733485 0.002016942315449778 0.005928853754940711
