0 363.0300524405002 725.0080463015246 0.06010488100040339 0.016092603049124788
0 579.017749092376 726.0080463015246 0.035498184751916094 0.016092603049124788
0 726.0433642597822 728.0165160926031 0.08672851956434045 0.03303218520609825
0 1020.0387252924567 752.0049407114625 0.07745058491327148 0.009881422924901186
0 1269.0207745058492 754.0049407114625 0.04154901169826543 0.009881422924901186
0 1409.033682936668 732.0118577075099 0.06736587333602259 0.023715415019762844
0 1560.0048406615572 780.0047995482778 0.009681323114158934 0.009599096555618294
0 1648.0121016538926 730.007481648786 0.024203307785397338 0.014963297571993224
0 1742.029649052037 725.0087521174478 0.05929810407422348 0.017504234895539244
0 1938.036304961678 725.0088932806324 0.07260992335619201 0.017786561264822136
0 367.02803549818475 900.009457933371 0.056070996369503835 0.0189158667419537
0 592.0098830173457 910.0083286278939 0.019766034691407825 0.016657255787690572
0 700.0534489713594 903.0170807453416 0.10689794271883823 0.034161490683229816
0 972.0030254134732 959.0033879164314 0.0060508269463493344 0.006775832862789385
0 1047.02743041549 900.0088932806324 0.05486083098023396 0.017786561264822136
0 1220.0613150463896 900.0093167701864 0.12263009277934651 0.018633540372670808
0 1568.0094796288827 908.0081874647092 0.018959257765227916 0.01637492941840768
0 1684.0365066559095 907.0080463015246 0.07301331181928197 0.016092603049124788
0 1916.0187575635337 902.0090344438171 0.03751512706736587 0.018068887634105024
0 2046.0209762000807 902.0091756070017 0.04195240016135539 0.018351214003387916
0 360.0399354578459 1085.009034443817 0.07987091569181122 0.018068887634105024
0 562.0014118596208 1138.0011293054772 0.0028237192416296895 0.002258610954263128
0 651.0104881000403 1080.0087521174478 0.020976200080677694 0.017504234895539244
0 771.0246066962485 1084.009034443817 0.04921339249697459 0.018068887634105024
0 973.0653489310206 1079.010304912479 0.1306978620411456 0.020609824957651044
0 1304.0038321903994 1139.004376058724 0.007664380798709157 0.008752117447769622
0 1400.010689794272 1089.0073404856014 0.021379588543767647 0.014680971202710334
0 1524.0233965308591 1107.0052230378317 0.04679306171843485 0.010446075663466968
0 1728.0036304961677 1072.0032467532467 0.007260992335619202 0.006493506493506494
0 1747.0564743848327 1074.0180688876342 0.11294876966518758 0.03613777526821005
0 2076.0125050423558 1112.004376058724 0.02501008471157725 0.008752117447769622
0 359.0377168212989 1263.0084697910786 0.0754336425978217 0.01693958215697346
0 562.0032271077047 1257.0040937323547 0.00645421540943929 0.00818746470920384
0 558.0058491327148 1311.004658385093 0.011698265429608713 0.009316770186335404
0 675.0240016135539 1263.008328627894 0.04800322710770472 0.016657255787690572
0 860.0415490116983 1253.0151044607567 0.08309802339653086 0.03020892151326934
0 1042.0040338846309 1316.003529079616 0.008067769261799113 0.007058159232072276
0 1129.0131101250504 1266.0073404856014 0.026220250100847116 0.014680971202710334
0 1254.0290439693424 1253.009881422925 0.05808793868495361 0.019762845849802372
0 1459.047801532876 1263.0087521174478 0.09560306575231949 0.017504234895539244
0 1702.0040338846309 1318.0029644268775 0.008067769261799113 0.005928853754940711
0 1795.003025413473 1258.0025409373236 0.0060508269463493344 0.005081874647092038
0 1821.0123033481243 1269.00790513834 0.024606696248487294 0.015810276679841896
0 1929.036304961678 1261.010587238848 0.07260992335619201 0.021174477696216828
0 351.0256151674062 1440.0093167701864 0.051230334812424366 0.018633540372670808
0 509.03751512706737 1450.0117165443253 0.07503025413473174 0.023433088650479956
0 768.033682936668 1465.0136928289103 0.06736587333602259 0.027385657820440428
0 1002.0296490520371 1448.008328627894 0.05929810407422348 0.016657255787690572
0 1212.01956434046 1473.0049407114625 0.0391286809197257 0.009881422924901186
0 1382.0346914078257 1439.0093167701864 0.06938281565147236 0.018633540372670808
0 1607.0278338039532 1444.008610954263 0.055667607906413875 0.017221908526256352
0 1831.0463896732554 1446.0138339920948 0.0927793465106898 0.02766798418972332
0 2068.001411859621 1499.0009881422925 0.0028237192416296895 0.001976284584980237
0 360.0219846712384 1623.008610954263 0.043969342476805166 0.017221908526256352
0 521.0570794675273 1630.0180688876342 0.11415893505445744 0.03613777526821005
0 874.0183541750706 1626.0081874647092 0.03670835014118596 0.01637492941840768
0 1025.0290439693424 1627.008610954263 0.05808793868495361 0.017221908526256352
0 1232.050020169423 1628.0160926030492 0.100040338846309 0.032185206098249576
0 1548.0185558693022 1649.0047995482778 0.03711173860427592 0.009599096555618294
0 1641.00524405002 1675.004376058724 0.010488100040338847 0.008752117447769622
0 1721.013311819282 1650.005505364201 0.026623638563937072 0.01101072840203275
0 1825.0308592174263 1626.008328627894 0.06171843485276321 0.016657255787690572
0 2040.0201694231546 1633.0071993224167 0.04033884630899556 0.014398644833427442
0 350.02843888664785 1799.0087521174478 0.05687777329568374 0.017504234895539244
0 572.0326744655102 1805.008610954263 0.0653489310205728 0.017221908526256352
0 810.0244050020169 1805.0080463015245 0.04881000403388463 0.016092603049124788
0 1000.0306575231948 1803.0081874647092 0.06131504638967326 0.01637492941840768
0 1207.033682936668 1804.0135516657256 0.06736587333602259 0.02710333145115754
0 1374.004437273094 1858.004376058724 0.008874546187979023 0.008752117447769622
0 1454.0240016135538 1810.008610954263 0.04800322710770472 0.017221908526256352
0 1611.0207745058492 1811.00790513834 0.04154901169826543 0.015810276679841896
0 1780.089552238806 1803.0132693393564 0.1791044776119403 0.026538678712591756
0 355.0084711577249 1985.0073404856014 0.016942315449778138 0.014680971202710334
0 457.02581686163774 1985.0156691134953 0.05163372327551432 0.031338226990400904
0 661.0090762404195 1990.0073404856014 0.018152480839048003 0.014680971202710334
0 747.0064542154095 1987.007058159232 0.01290843081887858 0.014116318464144552
0 828.0296490520371 1989.00790513834 0.05929810407422348 0.015810276679841896
0 1048.019967728923 1987.0077639751553 0.03993545784590561 0.015527950310559006
0 1157.0280354981849 1975.018915866742 0.056070996369503835 0.0378317334839074
0 1348.054054054054 1975.0187747035573 0.10810810810810811 0.037549407114624504
0 1670.0163372327552 1983.0094579333709 0.0326744655102864 0.0189158667419537
0 1791.0068576038725 2008.0045172219086 0.01371520774505849 0.009034443817052512
0 1882.0256151674062 1981.0101637492942 0.051230334812424366 0.020327498588368152
0 2031.0118999596612 2031.0012704686617 0.02379991932230738 0.002540937323546019
0 2100.001411859621 2032.0011293054772 0.0028237192416296895 0.002258610954263128
