0 0.07805566760790641 0.11081309994353472 0.013311819281968536 0.020327498588368152
0 0.13614360629286001 0.1144833427442123 0.10084711577248891 0.028514963297571992
0 0.16135538523598225 0.11335403726708075 0.030254134731746672 0.025691699604743084
0 0.19322307382008874 0.11462450592885376 0.050826946349334406 0.028232636928289104
0 0.20108914885034287 0.11038961038961038 0.003227107704719645 0.019198193111236588
0 0.2154094392900363 0.11038961038961038 0.017749092375958047 0.003105590062111801
0 0.2299314239612747 0.11038961038961038 0.01573215006050827 0.018068887634105024
0 0.24606696248487292 0.11081309994353472 0.023396530859217425 0.012704686617730096
0 0.3043565954013715 0.11575381140598531 0.10609116579265833 0.029361942405420668
0 0.34045986284792257 0.11095426312817618 0.05526421944332392 0.0189158667419537
0 0.3533682936668011 0.11109542631281762 0.011698265429608713 0.0189158667419537
0 0.38664784187172246 0.11151891586674195 0.052843888664784185 0.0189158667419537
0 0.40661557079467525 0.11208356860530773 0.02944735780556676 0.014398644833427442
0 0.11032674465510287 0.13537549407114624 0.07462686567164178 0.019762845849802372
0 0.14017749092375958 0.13509316770186336 0.042759177087535294 0.018068887634105024
0 0.16034691407825735 0.13509316770186336 0.022589753933037516 0.018351214003387916
0 0.21944332392093585 0.14031620553359683 0.10084711577248891 0.029644268774703556
0 0.24586526825332797 0.13565782044042915 0.0391286809197257 0.017504234895539244
0 0.2779346510689794 0.13664596273291926 0.05203711173860428 0.019762845849802372
0 0.3192819685356999 0.13636363636363635 0.0645421540943929 0.019762845849802372
0 0.3416700282371924 0.13692828910220214 0.031060911657926585 0.019762845849802372
0 0.4062121823315853 0.1357989836250706 0.11657926583299717 0.018068887634105024
0 0.10145219846712385 0.160643704121965 0.05889471561113352 0.0189158667419537
0 0.13331988705123032 0.16177300959909655 0.053247277127874144 0.016092603049124788
0 0.163574021782977 0.16106719367588934 0.04679306171843485 0.014680971202710334
0 0.16982654296087132 0.15923207227555053 0.003227107704719645 0.001976284584980237
0 0.19766034691407824 0.16134952004517222 0.03791851553045583 0.019762845849802372
0 0.2172246873739411 0.16120835686053078 0.024203307785397338 0.017504234895539244
0 0.24324324324324326 0.160643704121965 0.04356595401371521 0.016657255787690572
0 0.26845502218636547 0.16205533596837945 0.03711173860427592 0.020045172219085264
0 0.2956837434449375 0.16191417278373801 0.040742234772085516 0.014680971202710334
0 0.3313836224283985 0.16205533596837945 0.05526421944332392 0.0189158667419537
0 0.35215812827753123 0.1647374364765669 0.023396530859217425 0.025691699604743084
0 0.40500201694231547 0.16600790513833993 0.08713190802743041 0.02710333145115754
0 0.40883420734167003 0.16120835686053078 0.0028237192416296895 0.001976284584980237
0 0.41306978620411455 0.15457368718238285 0.004033884630899556 0.00846979107848673
0 0.10346914078257362 0.18647656691134953 0.057684550221863654 0.019198193111236588
0 0.1236385639370714 0.18605307735742518 0.02501008471157725 0.018068887634105024
0 0.15429608713190804 0.18690005646527386 0.04719645018152481 0.015245623941276116
0 0.20532472771278742 0.19184076792772445 0.08350141185962082 0.030491247882552232
0 0.2373941105284389 0.18690005646527386 0.04477611940298507 0.020892151326933936
0 0.2765227914481646 0.18746470920383965 0.06413876563130294 0.020327498588368152
0 0.2966922146026624 0.18675889328063242 0.028237192416296894 0.018068887634105024
0 0.3372327551432029 0.18661773009599097 0.0681726502622025 0.018068887634105024
0 0.3567970956030658 0.1880293619424054 0.024203307785397338 0.023433088650479956
0 0.3872529245663574 0.18605307735742518 0.04235578862444534 0.017786561264822136
0 0.4144816458249294 0.18972332015810275 0.03791851553045583 0.0251270468661773
0 0.08652682533279549 0.21329757199322416 0.020572811617587738 0.026821005081874648
0 0.11173860427591771 0.21103896103896103 0.03751512706736587 0.019198193111236588
0 0.15691811214199275 0.21569734613212874 0.07341670028237192 0.029926595143986448
0 0.1653892698668818 0.2127329192546584 0.004033884630899556 0.006493506493506494
0 0.19483662767244858 0.21188594014680973 0.03993545784590561 0.018633540372670808
0 0.22206534893102056 0.21174477696216826 0.035901573215006054 0.018633540372670808
0 0.29164985881403793 0.2183794466403162 0.127470754336426 0.03162055335968379
0 0.37373941105284386 0.21626199887069453 0.14804356595401372 0.027950310559006212
0 0.3929003630496168 0.21315640880858272 0.022589753933037516 0.026538678712591756
0 0.4209358612343687 0.21132128740824394 0.03751512706736587 0.021456804065499716
0 0.15328761597418314 0.24265951439864483 0.15893505445744252 0.031055900621118012
0 0.1782977006857604 0.24011857707509882 0.02702702702702703 0.026256352343308864
0 0.20653489310205728 0.237012987012987 0.041145623235175476 0.018068887634105024
0 0.2446551028640581 0.23898927159796726 0.0572811617587737 0.022868435911914172
0 0.2658329971762808 0.2388481084133258 0.024606696248487294 0.023997741389045736
0 0.3410649455425575 0.2422360248447205 0.13150463896732553 0.029644268774703556
0 0.34509883017345705 0.23729531338226992 0.003227107704719645 0.001976284584980237
