0 345.02480839048 739.0156691134952 0.04961678096006454 0.031338226990400904
0 482.02057281161757 740.009457933371 0.041145623235175476 0.0189158667419537
0 613.0242033077853 741.0090344438171 0.048406615570794675 0.018068887634105024
0 770.013715207745 740.0127046866178 0.02743041549011698 0.025409373235460192
0 864.0211778943122 739.0098814229249 0.04235578862444534 0.019762845849802372
0 1007.0415490116983 739.0086109542631 0.08309802339653086 0.017221908526256352
0 1239.0163372327552 739.0090344438171 0.0326744655102864 0.018068887634105024
0 1341.0242033077855 739.0100225861096 0.048406615570794675 0.020045172219085264
0 1494.062121823316 745.014963297572 0.12424364663170634 0.029926595143986448
0 1839.0090762404195 751.0067758328628 0.018152480839048003 0.01355166572557877
0 1921.0423557886245 743.0128458498024 0.08471157724889068 0.025691699604743084
0 2148.0020169423155 792.0009881422925 0.004033884630899556 0.001976284584980237
0 362.01411859620816 908.0097402597403 0.028237192416296894 0.01948051948051948
0 476.02117789431225 909.0098814229249 0.04235578862444534 0.019762845849802372
0 627.0599031867689 915.0136928289102 0.11980637353771682 0.027385657820440428
0 948.0252117789431 908.0107284020328 0.050423557886244454 0.021456804065499716
0 1120.011093182735 911.0083286278939 0.02218636546994756 0.016657255787690572
0 1208.0528438886647 920.0139751552795 0.10568777732956837 0.027950310559006212
0 1499.0086728519564 927.007481648786 0.01734570391286809 0.014963297571993224
0 1569.0131101250504 943.0053642010164 0.026220250100847116 0.010728402032749858
0 1673.0322710770472 923.0083286278939 0.0645421540943929 0.016657255787690572
0 1862.0139169019767 942.0049407114625 0.027833803953206938 0.009881422924901186
0 1962.0171440096813 910.0091756070017 0.03428801936264623 0.018351214003387916
0 374.03711173860427 1085.0104460756634 0.07422347720855184 0.020892151326933936
0 595.0544574425171 1098.012563523433 0.10891488503428802 0.0251270468661773
0 903.0233965308593 1096.009034443817 0.04679306171843485 0.018068887634105024
0 1062.0104881000404 1092.0095990965556 0.020976200080677694 0.019198193111236588
0 1137.035901573215 1115.0134105025409 0.07180314643001211 0.026821005081874648
0 1341.060306575232 1092.0153867871259 0.12061315046389673 0.03077357425183512
0 1649.0012101653892 1145.0009881422925 0.0024203307785397336 0.001976284584980237
0 1694.0012101653892 1086.0031055900622 0.0024203307785397336 0.006211180124223602
0 1717.0229931423962 1094.0088932806325 0.045986284792254944 0.017786561264822136
0 1853.0286405808795 1092.0100225861095 0.0572811617587737 0.020045172219085264
0 2017.0012101653892 1087.0033879164314 0.0024203307785397336 0.006775832862789385
0 2030.0014118596207 1149.0036702428006 0.0028237192416296895 0.007340485601355167
0 2062.0135135135133 1099.0088932806325 0.02702702702702703 0.017786561264822136
0 375.0332795482049 1274.0084697910786 0.06655909640984267 0.01693958215697346
0 567.0012101653892 1333.0028232636928 0.0024203307785397336 0.00564652738565782
0 603.0012101653892 1264.00395256917 0.0024203307785397336 0.007905138339920948
0 630.0092779346511 1281.0080463015245 0.01855586930213796 0.016092603049124788
0 709.0415490116983 1274.0088932806325 0.08309802339653086 0.017786561264822136
0 934.0012101653892 1334.0029644268775 0.0024203307785397336 0.005928853754940711
0 965.0377168212989 1276.0091756070017 0.0754336425978217 0.018351214003387916
0 1184.008874546188 1287.0073404856014 0.017749092375958047 0.014680971202710334
0 1260.0074626865671 1304.0049407114625 0.014925373134328358 0.009881422924901186
0 1327.0312626058894 1272.0153867871259 0.06252521177894312 0.03077357425183512
0 1522.0480032271078 1299.0056465273856 0.09600645421540945 0.01129305477131564
0 1770.0016135538524 1329.0005646527386 0.003227107704719645 0.001129305477131564
0 1797.0546591367488 1272.010304912479 0.10931827349737798 0.020609824957651044
0 381.03610326744655 1474.0057876905703 0.07220653489310205 0.011575381140598532
0 599.0098830173457 1453.008328627894 0.019766034691407825 0.016657255787690572
0 678.0135135135135 1461.0081874647092 0.02702702702702703 0.01637492941840768
0 777.0272287212586 1453.0095990965556 0.05445744251714401 0.019198193111236588
0 929.0016135538524 1486.0073404856014 0.003227107704719645 0.014680971202710334
0 973.0118999596612 1452.0091756070017 0.02379991932230738 0.018351214003387916
0 1068.007059298104 1454.0080463015245 0.014118596208148447 0.016092603049124788
0 1137.0304558289633 1462.0146809712028 0.0609116579265833 0.029361942405420668
0 1303.0205728116175 1467.0071993224167 0.041145623235175476 0.014398644833427442
0 1444.0250100847115 1455.0136928289103 0.0500201694231545 0.027385657820440428
0 1578.0116982654297 1509.0012704686617 0.023396530859217425 0.002540937323546019
0 1657.0016135538524 1509.0008469791078 0.003227107704719645 0.0016939582156973462
0 1715.0356998789835 1451.0100225861095 0.07139975796692215 0.020045172219085264
0 1916.0072609923357 1485.0047995482778 0.014521984671238403 0.009599096555618294
0 1994.0258168616378 1485.01185770751 0.05163372327551432 0.023715415019762844
0 2136.001411859621 1511.003529079616 0.0028237192416296895 0.007058159232072276
0 392.03509479628883 1622.0186335403728 0.07018959257765228 0.037267080745341616
0 605.038120209762 1654.0108695652175 0.07624041952400161 0.021739130434782608
0 810.0014118596208 1696.0028232636928 0.0028237192416296895 0.00564652738565782
0 844.0246066962485 1639.0088932806325 0.04921339249697459 0.017786561264822136
0 994.0308592174264 1640.0084697910786 0.06171843485276321 0.01693958215697346
0 1174.0062525211779 1664.0050818746472 0.012505042355788625 0.010163749294184076
0 1243.0306575231948 1641.014963297572 0.06131504638967326 0.029926595143986448
0 1425.0252117789432 1631.0101637492942 0.050423557886244454 0.020327498588368152
0 1565.0018152480839 1686.0009881422925 0.003630496167809601 0.001976284584980237
0 1605.0165389269866 1618.0108695652175 0.03307785397337636 0.021739130434782608
0 1704.0324727712787 1618.0112930547714 0.06494554255748286 0.02258610954263128
0 1883.0020169423155 1688.00395256917 0.004033884630899556 0.007905138339920948
0 1905.0346914078257 1662.0097402597403 0.06938281565147236 0.01948051948051948
0 379.02904396934247 1819.0081874647092 0.05808793868495361 0.01637492941840768
0 551.0268253327955 1841.004376058724 0.0536506655909641 0.008752117447769622
0 727.0211778943122 1836.0050818746472 0.04235578862444534 0.010163749294184076
0 865.0062525211779 1839.0045172219086 0.012505042355788625 0.009034443817052512
0 928.033682936668 1824.0107284020328 0.06736587333602259 0.021456804065499716
0 1116.0016135538524 1853.0028232636928 0.003227107704719645 0.00564652738565782
0 1160.0223880597016 1816.0081874647092 0.04477611940298507 0.01637492941840768
0 1303.0171440096813 1815.008610954263 0.03428801936264623 0.017221908526256352
0 1418.0338846308996 1823.0108695652175 0.06776926179911255 0.021739130434782608
0 1618.007059298104 1835.0057876905703 0.014118596208148447 0.011575381140598532
0 1695.0728116175878 1809.0141163184642 0.145623235175474 0.028232636928289104
0 2106.0135135135133 1817.0132693393564 0.02702702702702703 0.026538678712591756
0 391.01936264622833 1984.0097402597403 0.03872529245663574 0.01948051948051948
0 528.049213392497 1995.0087521174478 0.09842678499394918 0.017504234895539244
0 790.006655909641 2030.0011293054772 0.013311819281968536 0.002258610954263128
0 854.0074626865671 2019.0047995482778 0.014925373134328358 0.009599096555618294
0 938.0615167406212 1987.0138339920948 0.12303348124243646 0.02766798418972332
0 1271.0419524001613 1997.014539808018 0.08390480032271078 0.029079616036137776
0 1502.0082694634934 2011.0064935064936 0.01653892698668818 0.012987012987012988
0 1573.0219846712384 2020.011010728402 0.043969342476805166 0.0220214568040655
0 1698.0227914481645 2018.0108695652175 0.045582896329164985 0.021739130434782608
0 1824.0012101653892 2042.0042348955392 0.0024203307785397336 0.00846979107848673
0 1852.0683743444938 1986.0152456239414 0.13674868898749495 0.030491247882552232
0 386.01411859620816 2190.0062111801244 0.028237192416296894 0.012422360248447204
0 487.0171440096813 2171.0097402597403 0.03428801936264623 0.01948051948051948
0 606.033682936668 2173.012704686618 0.06736587333602259 0.025409373235460192
0 810.0169423154498 2198.0045172219084 0.033884630899556276 0.009034443817052512
0 922.0235982250907 2196.0117165443253 0.04719645018152481 0.023433088650479956
0 1072.02218636547 2173.0135516657256 0.04437273093989512 0.02710333145115754
0 1197.0014118596207 2222.0014116318466 0.0028237192416296895 0.00282326369282891
0 1217.0016135538524 2169.002682100508 0.003227107704719645 0.005364201016374929
