0 329.01956434045985 748.0135516657256 0.0391286809197257 0.02710333145115754
0 455.01815248083903 756.0079051383399 0.03630496167809601 0.015810276679841896
0 580.0213795885438 760.007481648786 0.042759177087535294 0.014963297571993224
0 728.0118999596612 738.0119988706945 0.02379991932230738 0.023997741389045736
0 812.015530455829 750.0086109542631 0.031060911657926585 0.017221908526256352
0 930.0334812424364 741.0097402597403 0.06696248487293263 0.01948051948051948
0 1138.0116982654297 749.0086109542631 0.023396530859217425 0.017221908526256352
0 1228.0201694231546 741.0098814229249 0.04033884630899556 0.019762845849802372
0 1357.0393303751512 737.0152456239413 0.07866075030254134 0.030491247882552232
0 1586.0098830173456 751.0084697910785 0.019766034691407825 0.01693958215697346
0 1669.031867688584 755.011434217956 0.063735377168213 0.022868435911914172
0 1838.0014118596207 799.0015527950311 0.0028237192416296895 0.003105590062111801
0 1889.0139169019767 760.0073404856014 0.027833803953206938 0.014680971202710334
0 2011.0201694231546 750.009457933371 0.04033884630899556 0.0189158667419537
0 330.0562726906011 928.0124223602485 0.11254538120209762 0.024844720496894408
0 642.0242033077853 930.0086109542631 0.048406615570794675 0.017221908526256352
0 794.0118999596612 935.0079051383399 0.02379991932230738 0.015810276679841896
0 881.042557482856 924.0132693393563 0.08511496571198064 0.026538678712591756
0 1126.0112948769665 929.0086109542631 0.022589753933037516 0.017221908526256352
0 1203.0121016538926 956.0045172219085 0.024203307785397338 0.009034443817052512
0 1284.0278338039532 945.0070581592321 0.055667607906413875 0.014116318464144552
0 1460.012908430819 956.0056465273857 0.02581686163775716 0.01129305477131564
0 1550.0187575635337 925.0093167701864 0.03751512706736587 0.018633540372670808
0 1695.0373134328358 927.009457933371 0.07462686567164178 0.0189158667419537
0 335.05264219443325 1099.0128458498023 0.10528438886647842 0.025691699604743084
0 630.0211778943122 1100.0094579333709 0.04235578862444534 0.0189158667419537
0 766.0131101250504 1105.0087521174478 0.026220250100847116 0.017504234895539244
0 855.0276321097217 1096.0148221343873 0.05526421944332392 0.029644268774703556
0 1037.0494150867285 1099.0134105025409 0.09883017345703912 0.026821005081874648
0 1294.002218636547 1158.001976284585 0.004437273093989512 0.003952569169960474
0 1369.0014118596207 1112.0021174477697 0.0028237192416296895 0.004234895539243365
0 1382.0179507866076 1112.0076228119706 0.035901573215006054 0.015245623941276116
0 1517.0276321097217 1113.008610954263 0.05526421944332392 0.017221908526256352
0 1663.0014118596207 1112.0036702428006 0.0028237192416296895 0.007340485601355167
0 1686.0018152480839 1159.0029644268775 0.003630496167809601 0.005928853754940711
0 1722.0104881000404 1116.007481648786 0.020976200080677694 0.014963297571993224
0 1799.0322710770472 1108.009034443817 0.0645421540943929 0.018068887634105024
0 -1.000201694231545 -1.0001411631846415 -0.0004033884630899556 -0.000282326369282891
0 2024.0014118596207 1115.0022586109542 0.0028237192416296895 0.004517221908526256
0 2038.0118999596612 1111.0081874647092 0.02379991932230738 0.01637492941840768
0 336.04235578862443 1276.0104460756634 0.08471157724889068 0.020892151326933936
0 561.0016135538524 1337.0038114059853 0.003227107704719645 0.007622811970638058
0 589.0318676885842 1278.0101637492942 0.063735377168213 0.020327498588368152
0 783.0100847115773 1271.0108695652175 0.02016942315449778 0.021739130434782608
0 857.0072609923357 1322.0040937323547 0.014521984671238403 0.00818746470920384
0 923.031464300121 1299.0107284020328 0.06292860024203308 0.021456804065499716
0 1117.0486083098024 1311.005928853755 0.09721661960467931 0.011857707509881422
0 1361.0016135538524 1343.0012704686617 0.003227107704719645 0.002540937323546019
0 1402.050020169423 1268.0108695652175 0.100040338846309 0.021739130434782608
0 1679.0304558289633 1311.0057876905703 0.0609116579265833 0.011575381140598532
0 1860.015127067366 1293.007481648786 0.030254134731746672 0.014963297571993224
0 1978.015933844292 1299.0064935064936 0.0318676885841065 0.012987012987012988
0 338.02702702702703 1455.010587238848 0.05405405405405406 0.021174477696216828
0 466.00484066155707 1493.0081874647092 0.009681323114158934 0.01637492941840768
0 525.0096813231141 1463.008610954263 0.01936264622831787 0.017221908526256352
0 608.0088745461879 1461.0094579333709 0.017749092375958047 0.0189158667419537
0 681.029245663574 1465.0132693393564 0.058491327148043566 0.026538678712591756
0 856.0209762000807 1462.0094579333709 0.04195240016135539 0.0189158667419537
0 990.0195643404599 1466.0101637492942 0.0391286809197257 0.020327498588368152
0 1098.011496571198 1516.002399774139 0.022993142396127472 0.004799548277809147
0 1170.0024203307785 1515.0016939582158 0.004840661557079467 0.0033879164313946925
0 1221.0314643001211 1465.008610954263 0.06292860024203308 0.017221908526256352
0 1401.0072609923357 1490.0045172219086 0.014521984671238403 0.009034443817052512
0 1466.0223880597016 1493.0094579333709 0.04477611940298507 0.0189158667419537
0 1601.0018152480839 1518.003529079616 0.003630496167809601 0.007058159232072276
0 1636.028842275111 1448.0148221343873 0.057684550221863654 0.029644268774703556
0 1832.0348931020574 1478.0095990965556 0.06978620411456232 0.019198193111236588
0 2030.002218636547 1514.0036702428006 0.004437273093989512 0.007340485601355167
0 329.0235982250908 1651.00790513834 0.04719645018152481 0.015810276679841896
0 468.0328761597418 1645.0093167701864 0.06575231948366277 0.018633540372670808
0 674.0062525211779 1671.0047995482778 0.012505042355788625 0.009599096555618294
0 748.031060911658 1650.0131281761717 0.06212182331585317 0.026256352343308864
0 938.0302541347318 1652.0087521174478 0.060508269463493344 0.017504234895539244
0 1093.0016135538524 1707.0009881422925 0.003227107704719645 0.001976284584980237
0 1154.0139169019767 1647.0080463015245 0.027833803953206938 0.016092603049124788
0 1255.028842275111 1645.0091756070017 0.057684550221863654 0.018351214003387916
0 1405.0018152480839 1695.0038114059853 0.003630496167809601 0.007622811970638058
0 1437.0356998789835 1669.0093167701864 0.07139975796692215 0.018633540372670808
0 1644.0326744655104 1653.00790513834 0.0653489310205728 0.015810276679841896
0 1831.0276321097217 1667.0062111801242 0.05526421944332392 0.012422360248447204
0 2027.0217829770068 1672.0053642010164 0.04356595401371521 0.010728402032749858
0 339.00564743848327 1846.0057876905703 0.011294876966518758 0.011575381140598532
0 405.0320693828157 1816.0127046866178 0.06413876563130294 0.025409373235460192
0 583.0020169423154 1853.004658385093 0.004033884630899556 0.009316770186335404
0 641.0217829770069 1827.00790513834 0.04356595401371521 0.015810276679841896
0 768.0125050423558 1823.0088932806325 0.02501008471157725 0.017786561264822136
0 862.0300524405002 1807.0138339920948 0.06010488100040339 0.02766798418972332
0 1031.009277934651 1827.0080463015245 0.01855586930213796 0.016092603049124788
0 1121.0657523194836 1830.010587238848 0.13150463896732553 0.021174477696216828
0 1478.0165389269866 1836.0115753811406 0.03307785397337636 0.023150762281197064
0 1582.0183541750705 1825.008610954263 0.03670835014118596 0.017221908526256352
0 1697.0409439290036 1794.0132693393564 0.08188785800726099 0.026538678712591756
0 1925.0046389673255 1856.0012704686617 0.00927793465106898 0.002540937323546019
0 1996.0100847115773 1855.0038114059853 0.02016942315449778 0.007622811970638058
0 327.0601048810004 2004.0121400338792 0.12020976200080678 0.024280067758328628
0 665.0417507059298 2006.0111518915867 0.08350141185962082 0.022303783173348392
0 905.011093182735 1991.010304912479 0.02218636546994756 0.020609824957651044
0 997.020371117386 2032.0087521174478 0.040742234772085516 0.017504234895539244
0 1123.0167406212183 2031.0093167701864 0.033481242436466316 0.018633540372670808
0 1208.003025413473 2053.0042348955394 0.0060508269463493344 0.00846979107848673
0 1245.0707946752723 1991.0139751552795 0.14158935054457442 0.027950310559006212
0 1616.0123033481243 2025.0056465273856 0.024606696248487294 0.01129305477131564
0 1701.0183541750705 2004.008610954263 0.03670835014118596 0.017221908526256352
0 1822.0401371520775 2005.009881422925 0.08027430415490117 0.019762845849802372
0 332.02037111738605 2201.0062111801244 0.040742234772085516 0.012422360248447204
0 465.0231948366277 2209.009316770186 0.0463896732553449 0.018633540372670808
0 613.0201694231545 2172.0124223602484 0.04033884630899556 0.024844720496894408
0 719.0024203307786 2231.002399774139 0.004840661557079467 0.004799548277809147
0 737.0016135538524 2190.002823263693 0.003227107704719645 0.00564652738565782
