0 0.11577248890681727 0.10770750988142293 0.07987091569181122 0.018351214003387916
0 0.12020976200080678 0.10897797854319594 0.0028237192416296895 0.006211180124223602
0 0.14320290439693426 0.10798983625070581 0.02218636546994756 0.023997741389045736
0 0.18475191609519967 0.1067193675889328 0.050826946349334406 0.019198193111236588
0 0.22388059701492538 0.1067193675889328 0.051230334812424366 0.019762845849802372
0 0.26643807987091567 0.11109542631281762 0.052843888664784185 0.028797289666854884
0 0.32432432432432434 0.10629587803500846 0.09197256958450989 0.021456804065499716
0 0.35054457442517145 0.10643704121964992 0.021782977006857603 0.021739130434782608
0 0.3555869302137959 0.10756634669678147 0.0028237192416296895 0.006493506493506494
0 0.39874949576442115 0.10516657255787691 0.06736587333602259 0.012987012987012988
0 0.13916901976603469 0.13339920948616601 0.127470754336426 0.028232636928289104
0 0.18354175070592982 0.13015245623941277 0.04477611940298507 0.021739130434782608
0 0.25110931827349736 0.12944664031620554 0.1044776119402985 0.01355166572557877
0 0.30475998386446146 0.13481084133258045 0.05486083098023396 0.03077357425183512
0 0.34227511093182733 0.12972896668548842 0.0463896732553449 0.019762845849802372
0 0.3963291649858814 0.13043478260869565 0.08108108108108109 0.0189158667419537
0 0.4419120613150464 0.12958780350084698 0.06010488100040339 0.0220214568040655
0 0.1345300524405002 0.1572557876905703 0.11980637353771682 0.026821005081874648
0 0.1609519967728923 0.1541501976284585 0.023396530859217425 0.015527950310559006
0 0.20108914885034287 0.15457368718238285 0.04800322710770472 0.024280067758328628
0 0.2892295280354982 0.15965556182947488 0.14965711980637353 0.031338226990400904
0 0.31887858007260994 0.15654997176736307 0.030254134731746672 0.023433088650479956
0 0.39572408229124645 0.16106719367588934 0.13392496974586526 0.032467532467532464
0 0.4322307382008875 0.1551383399209486 0.043162565550625254 0.021174477696216828
0 0.43807987091569184 0.1547148503670243 0.0060508269463493344 0.004517221908526256
0 0.11133521581282775 0.1854884246188594 0.06938281565147236 0.029926595143986448
0 0.181726502622025 0.18506493506493507 0.09197256958450989 0.029361942405420668
0 0.22246873739411052 0.18026538678712592 0.04759983864461476 0.0189158667419537
0 0.25554659136748686 0.18097120271033315 0.04033884630899556 0.020892151326933936
0 0.2942718838241226 0.1808300395256917 0.0536506655909641 0.021739130434782608
0 0.3691004437273094 0.18562958780350083 0.11657926583299717 0.029644268774703556
0 0.39854780153287617 0.18068887634105024 0.02864058087938685 0.020327498588368152
0 0.4475594997983058 0.18153585544889891 0.06615570794675273 0.021174477696216828
0 0.1345300524405002 0.20722755505364202 0.11940298507462686 0.0251270468661773
0 0.2029043969342477 0.20666290231507622 0.10488100040338846 0.025691699604743084
0 0.20875352964905203 0.2080745341614907 0.004437273093989512 0.006775832862789385
0 0.2498991528842275 0.20496894409937888 0.053247277127874144 0.020327498588368152
0 0.27974989915288423 0.20581592320722755 0.028237192416296894 0.01693958215697346
0 0.3372327551432029 0.21103896103896103 0.07583703106091166 0.024280067758328628
0 0.4045986284792255 0.2062394127611519 0.11415893505445744 0.021174477696216828
0 0.4560306575231948 0.20680406549971767 0.08108108108108109 0.023433088650479956
0 0.0990318676885841 0.23306041784302653 0.050826946349334406 0.020327498588368152
0 0.1782977006857604 0.23221343873517786 0.13392496974586526 0.015810276679841896
0 0.21641791044776118 0.23193111236589498 0.05203711173860428 0.013269339356295878
0 0.28580072609923357 0.23588368153585546 0.11052843888664785 0.03020892151326934
0 0.31847519160952 0.23150762281197063 0.0391286809197257 0.018351214003387916
0 0.327349737797499 0.2339073969508752 0.003227107704719645 0.005928853754940711
0 0.36486486486486486 0.23066064370412195 0.04679306171843485 0.020045172219085264
0 0.44493747478822104 0.2365894974590627 0.12868091972569584 0.032467532467532464
0 0.08793868495361033 0.25607001693958215 0.03065752319483663 0.020327498588368152
0 0.1308995562726906 0.25889328063241107 0.056070996369503835 0.029079616036137776
0 0.17970956030657523 0.2556465273856578 0.07018959257765228 0.01383399209486166
0 0.24223477208551836 0.2562111801242236 0.09560306575231949 0.013269339356295878
0 0.2823719241629689 0.2586109542631282 0.040742234772085516 0.028514963297571992
0 0.36930213795885436 0.2605872388481084 0.14764017749092376 0.032467532467532464
0 0.3807987091569181 0.2574816487859966 0.0028237192416296895 0.005364201016374929
0 0.4048003227107705 0.2567758328627894 0.022589753933037516 0.018633540372670808
0 0.4608713190802743 0.25607001693958215 0.08027430415490117 0.021456804065499716
0 0.08672851956434045 0.28176171654432525 0.025413473174667203 0.016092603049124788
0 0.1127470754336426 0.28147939017504237 0.018152480839048003 0.015810276679841896
0 0.15772488906817264 0.28500846979107847 0.06252521177894312 0.027385657820440428
0 0.16397741024606696 0.2844438170525127 0.004437273093989512 0.007905138339920948
0 0.21500605082694635 0.2824675324675325 0.07624041952400161 0.02456239412761152
0 0.3227107704719645 0.2845849802371542 0.17265026220250101 0.028232636928289104
0 0.3890681726502622 0.28204404291360813 0.08713190802743041 0.020327498588368152
0 0.44392900363049614 0.2826086956521739 0.07503025413473174 0.015810276679841896
0 0.11557079467527229 0.30844155844155846 0.08713190802743041 0.026538678712591756
0 0.14421137555465913 0.307029926595144 0.02581686163775716 0.022868435911914172
0 0.19705526421944333 0.3067476002258611 0.07462686567164178 0.020892151326933936
0 0.2309398951189996 0.30632411067193677 0.04800322710770472 0.020045172219085264
0 0.32129891085114964 0.3061829474872953 0.14400968132311415 0.018068887634105024
0 0.3935054457442517 0.31098249576510445 0.09842678499394918 0.023715415019762844
0 0.44352561516740624 0.3061829474872953 0.06897942718838242 0.022303783173348392
0 0.11920129084308188 0.33229813664596275 0.09802339653085922 0.019198193111236588
0 0.15046389673255345 0.33201581027667987 0.033884630899556276 0.019198193111236588
0 0.18414683340056473 0.3321569734613213 0.045986284792254944 0.019762845849802372
0 0.30354981847519164 0.3386504799548278 0.2045179507866075 0.03500846979107849
0 0.35175473981444133 0.3307453416149068 0.05808793868495361 0.018068887634105024
0 0.44675272287212586 0.3365330321852061 0.1444130697862041 0.03077357425183512
0 0.15490116982654295 0.3570016939582157 0.16821298910851148 0.0189158667419537
0 0.16559096409842677 0.3555900621118012 0.004437273093989512 0.003105590062111801
