0 0.0808793868495361 0.24449463579898362 0.022993142396127472 0.0189158667419537
0 0.0881403791851553 0.24054206662902314 0.009681323114158934 0.005364201016374929
0 0.11496571198063735 0.24082439299830605 0.04759983864461476 0.005364201016374929
0 0.14864864864864866 0.2404009034443817 0.055667607906413875 0.012422360248447204
0 0.21298910851149658 0.2440711462450593 0.11375554659136748 0.019762845849802372
0 0.23578055667607906 0.24124788255223037 0.03146430012101654 0.007622811970638058
0 0.27208551835417505 0.24802371541501977 0.06575231948366277 0.02766798418972332
0 0.34227511093182733 0.24548277809147373 0.12424364663170634 0.02258610954263128
0 0.3565954013715208 0.24774138904573687 0.02379991932230738 0.025409373235460192
0 0.41044776119402987 0.24760022586109542 0.09237595804759983 0.021739130434782608
0 0.445139169019766 0.2406832298136646 0.05687777329568374 0.012704686617730096
0 0.0927793465106898 0.2660926030491248 0.043969342476805166 0.014116318464144552
0 0.10104881000403389 0.2660926030491248 0.003227107704719645 0.0016939582156973462
0 0.11436062928600242 0.26030491247882553 0.004033884630899556 0.0036702428006775835
0 0.12323517547398144 0.26693958215697344 0.014925373134328358 0.015810276679841896
0 0.14925373134328357 0.2660926030491248 0.0463896732553449 0.012704686617730096
0 0.17688584106494554 0.2660926030491248 0.0463896732553449 0.011857707509881422
0 0.20068576038725291 0.268068887634105 0.04719645018152481 0.014963297571993224
0 0.23436869705526422 0.26665725578769056 0.05808793868495361 0.012987012987012988
0 0.3098023396530859 0.2707509881422925 0.13674868898749495 0.0220214568040655
0 0.34066155707946755 0.2660926030491248 0.057684550221863654 0.01101072840203275
0 0.3592174263816055 0.26595143986448333 0.033481242436466316 0.010163749294184076
0 0.427390076643808 0.2724449463579898 0.12101653892698669 0.024844720496894408
0 0.4322307382008875 0.26792772444946356 0.005647438483259379 0.0036702428006775835
0 0.08249294070189593 0.3167701863354037 0.019766034691407825 0.010728402032749858
0 0.10871319080274304 0.3242518351214003 0.04033884630899556 0.021739130434782608
0 0.17103670835014118 0.3197346132128741 0.10326744655102864 0.011857707509881422
0 0.2018959257765228 0.31733483907396953 0.045582896329164985 0.009599096555618294
0 0.23396530859217426 0.3170525127046866 0.05526421944332392 0.01355166572557877
0 0.25131101250504234 0.3204404291360813 0.03065752319483663 0.020327498588368152
0 0.2946752722872126 0.31719367588932806 0.07664380798709157 0.015527950310559006
0 0.3691004437273094 0.32241671372106157 0.13029447357805568 0.027385657820440428
0 0.400161355385236 0.3169113495200452 0.04437273093989512 0.015245623941276116
0 0.42860024203307784 0.3160643704121965 0.033884630899556276 0.008752117447769622
0 0.09943525615167406 0.3424618859401468 0.05244050020169423 0.014398644833427442
0 0.1054860830980234 0.3424618859401468 0.0028237192416296895 0.0016939582156973462
