0 0.13533682936668012 0.11024844720496894 0.14320290439693426 0.026821005081874648
0 0.19423154497781364 0.11095426312817618 0.09883017345703912 0.027950310559006212
0 0.23295683743444937 0.10798983625070581 0.057684550221863654 0.0189158667419537
0 0.27289229528035497 0.10940146809712027 0.06333198870512304 0.016092603049124788
0 0.3721258572004841 0.11137775268210051 0.1827349737797499 0.02456239412761152
0 0.45482049213392495 0.11038961038961038 0.15974183138362244 0.029361942405420668
0 0.46147640177490923 0.11208356860530773 0.003630496167809601 0.011575381140598532
0 0.09378781766841468 0.13269339356295878 0.06333198870512304 0.022303783173348392
0 0.15308592174263816 0.13339920948616601 0.09802339653085922 0.016657255787690572
0 0.1801129487696652 0.1331168831168831 0.03670835014118596 0.017221908526256352
0 0.23275514320290439 0.13495200451722192 0.08834207341670028 0.026538678712591756
0 0.2918515530455829 0.13551665725578768 0.09600645421540945 0.026538678712591756
0 0.345502218636547 0.13396386222473178 0.08632513110125051 0.023715415019762844
0 0.38342073416700284 0.13354037267080746 0.055667607906413875 0.020609824957651044
0 0.42073416700282373 0.1324110671936759 0.06696248487293263 0.019198193111236588
0 0.14602662363856395 0.15796160361377753 0.17022993142396128 0.01693958215697346
0 0.16417910447761194 0.15951439864483344 0.019766034691407825 0.014116318464144552
0 0.20855183541750705 0.15894974590626765 0.07180314643001211 0.0189158667419537
0 0.2579669221460266 0.16120835686053078 0.0790641387656313 0.02456239412761152
0 0.2954820492133925 0.15796160361377753 0.06413876563130294 0.01637492941840768
0 0.3017345703912868 0.15697346132128742 0.004437273093989512 0.010446075663466968
0 0.3150463896732553 0.1566911349520045 0.008067769261799113 0.016657255787690572
0 0.3646631706333199 0.15810276679841898 0.08874546187979024 0.016657255787690572
0 0.4203307785397338 0.16050254093732355 0.09600645421540945 0.0220214568040655
0 0.4691407825736184 0.16149068322981366 0.07785397337636143 0.01693958215697346
0 0.11536910044372731 0.1821005081874647 0.10568777732956837 0.017786561264822136
0 0.191004437273094 0.18435911914172784 0.1254538120209762 0.02258610954263128
0 0.20794675272287214 0.17984189723320157 0.02016942315449778 0.003105590062111801
0 0.26200080677692617 0.18280632411067194 0.09519967728922953 0.017504234895539244
0 0.30254134731746674 0.18464144551101072 0.063735377168213 0.016657255787690572
0 0.345502218636547 0.18690005646527386 0.07139975796692215 0.021456804065499716
0 0.45219846712384026 0.18633540372670807 0.19402985074626866 0.024280067758328628
0 0.08693021379588543 0.21103896103896103 0.0500201694231545 0.025691699604743084
0 0.15026220250100847 0.21103896103896103 0.10205728116175877 0.01637492941840768
0 0.23073820088745461 0.21033314511575382 0.1427995159338443 0.014398644833427442
0 0.263816054860831 0.2090626764539808 0.05163372327551432 0.017786561264822136
0 0.3150463896732553 0.21188594014680973 0.08229124647035095 0.021456804065499716
0 0.4352561516740621 0.21047430830039526 0.22307382008874546 0.018351214003387916
0 0.44937474788221055 0.20765104460756634 0.016942315449778138 0.002258610954263128
0 0.4764017749092376 0.21132128740824394 0.04759983864461476 0.01948051948051948
0 0.07402178297700686 0.23376623376623376 0.03307785397337636 0.022868435911914172
0 0.09378781766841468 0.23348390739695088 0.020976200080677694 0.012704686617730096
0 0.17849939491730538 0.23673066064370413 0.14683340056474384 0.020892151326933936
0 0.18334005647438484 0.2329192546583851 0.004840661557079467 0.003105590062111801
0 0.23134328358208955 0.2354601919819311 0.07382008874546188 0.025691699604743084
0 0.30395320693828154 0.237012987012987 0.12948769665187576 0.025691699604743084
0 0.36486486486486486 0.2365894974590627 0.1036708350141186 0.018351214003387916
0 0.40742234772085517 0.23404856013551667 0.07462686567164178 0.011857707509881422
0 0.4334409035901573 0.23531902879728966 0.02581686163775716 0.025974025974025976
0 0.109116579265833 0.26016374929418407 0.10084711577248891 0.021739130434782608
0 0.1510689794271884 0.25903444381705254 0.0681726502622025 0.015810276679841896
0 0.20814844695441712 0.2619988706945229 0.09560306575231949 0.020609824957651044
0 0.27853973376361435 0.262987012987013 0.1218233158531666 0.024280067758328628
0 0.28418717224687373 0.2595990965556183 0.0052440500201694235 0.001976284584980237
0 0.32210568777732956 0.26002258610954265 0.07220653489310205 0.023433088650479956
0 0.4346510689794272 0.26341050254093734 0.2073416700282372 0.023997741389045736
0 0.12404195240016136 0.28712591756070016 0.1355385235982251 0.023715415019762844
0 0.16659943525615167 0.2855731225296443 0.0645421540943929 0.01637492941840768
0 0.1881807180314643 0.28585544889892717 0.038321903993545785 0.019762845849802372
0 0.23477208551835418 0.28613777526821005 0.06938281565147236 0.01101072840203275
0 0.2644211375554659 0.2881140598531903 0.03953206938281565 0.02258610954263128
0 0.30052440500201694 0.2867024280067758 0.05808793868495361 0.018351214003387916
0 0.3537716821298911 0.28726708074534163 0.08834207341670028 0.017786561264822136
0 0.4144816458249294 0.28740824392998304 0.10044372730939895 0.01948051948051948
0 0.44493747478822104 0.2898080180688876 0.03872529245663574 0.025691699604743084
0 0.1438079870915692 0.3129587803500847 0.16700282371924163 0.026256352343308864
0 0.15046389673255345 0.30787690570299264 0.004437273093989512 0.002258610954263128
