0 369.0237999193223 744.0090344438171 0.04759983864461476 0.018068887634105024
0 529.0248083904801 772.0052230378317 0.04961678096006454 0.010446075663466968
0 687.038120209762 762.0064935064935 0.07624041952400161 0.012987012987012988
0 918.0994352561517 754.0135516657256 0.19887051230334812 0.02710333145115754
0 1454.0480032271078 758.0122811970638 0.09600645421540945 0.02456239412761152
0 1736.012908430819 751.0076228119707 0.02581686163775716 0.015245623941276116
0 1835.0231948366277 752.007481648786 0.0463896732553449 0.014963297571993224
0 377.07422347720853 933.012987012987 0.14844695441710368 0.025974025974025976
0 807.0123033481242 932.0119988706945 0.024606696248487294 0.023997741389045736
0 916.0334812424364 938.0069169960474 0.06696248487293263 0.01383399209486166
0 1132.0897539330376 924.009457933371 0.17950786607503025 0.0189158667419537
0 1591.0032271077048 974.0043760587239 0.00645421540943929 0.008752117447769622
0 1629.029649052037 931.007481648786 0.05929810407422348 0.014963297571993224
0 1810.0326744655104 932.0073404856014 0.0653489310205728 0.014680971202710334
0 1997.0250100847115 950.0047995482778 0.0500201694231545 0.009599096555618294
0 376.02682533279545 1120.0069169960475 0.0536506655909641 0.01383399209486166
0 555.038120209762 1118.0115753811406 0.07624041952400161 0.023150762281197064
0 789.0179507866075 1110.008610954263 0.035901573215006054 0.017221908526256352
0 930.0433642597822 1116.0071993224167 0.08672851956434045 0.014398644833427442
0 1180.0250100847115 1110.008610954263 0.0500201694231545 0.017221908526256352
0 1346.0258168616378 1134.0045172219086 0.05163372327551432 0.009034443817052512
0 1515.02218636547 1114.007058159232 0.04437273093989512 0.014116318464144552
0 1651.0601048810004 1117.0121400338792 0.12020976200080678 0.024280067758328628
0 1986.0306575231948 1105.0081874647092 0.06131504638967326 0.01637492941840768
0 370.0187575635337 1287.0153867871259 0.03751512706736587 0.03077357425183512
0 501.0401371520775 1289.0080463015245 0.08027430415490117 0.016092603049124788
0 712.0016135538524 1332.0011293054772 0.003227107704719645 0.002258610954263128
0 781.0371117386043 1284.008328627894 0.07422347720855184 0.016657255787690572
0 1025.054457442517 1280.0088932806325 0.10891488503428802 0.017786561264822136
0 1333.008471157725 1311.0040937323547 0.016942315449778138 0.00818746470920384
0 1419.0510286405809 1294.0076228119706 0.10205728116175877 0.015245623941276116
0 1711.0282371924163 1289.007481648786 0.05647438483259379 0.014963297571993224
0 1883.006655909641 1311.0045172219086 0.013311819281968536 0.009034443817052512
0 1958.0260185558693 1300.0056465273856 0.05203711173860428 0.01129305477131564
0 2135.0072609923354 1319.0011293054772 0.014521984671238403 0.002258610954263128
0 353.01109318273495 1495.0047995482778 0.02218636546994756 0.009599096555618294
0 426.0260185558693 1487.005928853755 0.05203711173860428 0.011857707509881422
0 609.0139169019766 1492.0049407114625 0.027833803953206938 0.009881422924901186
0 741.067365873336 1473.0111518915867 0.13473174667204518 0.022303783173348392
0 1111.0330778539733 1479.006352343309 0.06615570794675273 0.012704686617730096
0 1330.009277934651 1499.0038114059853 0.01855586930213796 0.007622811970638058
0 1415.0510286405809 1473.0073404856014 0.10205728116175877 0.014680971202710334
0 1701.0155304558289 1489.0052230378317 0.031060911657926585 0.010446075663466968
0 1805.022589753933 1454.0119988706945 0.04517950786607503 0.023997741389045736
0 1962.0367083501412 1450.01185770751 0.07341670028237192 0.023715415019762844
0 355.0647438483259 1644.0091756070017 0.12948769665187576 0.018351214003387916
0 723.0193626462283 1648.0087521174478 0.03872529245663574 0.017504234895539244
0 864.0149253731344 1648.00790513834 0.029850746268656716 0.015810276679841896
0 987.0597014925373 1658.0114342179559 0.11940298507462686 0.022868435911914172
0 1327.0352964905203 1642.0124223602484 0.07059298104074223 0.024844720496894408
0 1537.0233965308591 1637.008610954263 0.04679306171843485 0.017221908526256352
0 1693.0488100040338 1640.012563523433 0.09762000806776926 0.0251270468661773
0 1965.0042355788623 1628.009034443817 0.008471157724889069 0.018068887634105024
0 347.0312626058895 1825.0093167701864 0.06252521177894312 0.018633540372670808
0 569.0641387656314 1830.0124223602484 0.12827753126260588 0.024844720496894408
0 937.0254134731747 1837.006352343309 0.050826946349334406 0.012704686617730096
0 1108.0189592577651 1820.0146809712028 0.03791851553045583 0.029361942405420668
0 1246.035901573215 1826.008328627894 0.07180314643001211 0.016657255787690572
0 1458.039935457846 1827.0135516657256 0.07987091569181122 0.02710333145115754
0 1699.028842275111 1850.0107284020328 0.057684550221863654 0.021456804065499716
0 1901.0546591367488 1828.00790513834 0.10931827349737798 0.015810276679841896
0 2173.0034288019365 1877.0036702428006 0.006857603872529245 0.007340485601355167
0 362.0417507059298 2009.008328627894 0.08350141185962082 0.016657255787690572
0 595.0038321903994 1994.0088932806325 0.007664380798709157 0.017786561264822136
0 705.0413473174667 2009.0071993224167 0.0826946349334409 0.014398644833427442
0 979.0724082291247 2001.0152456239414 0.14481645824929407 0.030491247882552232
0 1386.018152480839 1996.009034443817 0.03630496167809601 0.018068887634105024
0 1500.0189592577651 2005.00790513834 0.03791851553045583 0.015810276679841896
0 1635.0375151270673 2022.0047995482778 0.07503025413473174 0.009599096555618294
0 1864.0371117386044 2008.0071993224167 0.07422347720855184 0.014398644833427442
0 2085.0068576038725 1994.0091756070017 0.01371520774505849 0.018351214003387916
