0 0.1054860830980234 0.13791643139469226 0.06575231948366277 0.022303783173348392
0 0.12787414279951592 0.13721061547148503 0.025413473174667203 0.007905138339920948
0 0.16256555062525213 0.13791643139469226 0.04961678096006454 0.023997741389045736
0 0.1853569987898346 0.1373517786561265 0.024606696248487294 0.00818746470920384
0 0.22771278741427994 0.1380575945793337 0.06413876563130294 0.023150762281197064
0 0.2771278741427995 0.1427159796725014 0.08067769261799113 0.03359683794466403
0 0.3170633319887051 0.13721061547148503 0.05687777329568374 0.02258610954263128
0 0.33662767244856795 0.13749294184076793 0.025413473174667203 0.00818746470920384
0 0.40137152077450583 0.14186900056465274 0.10568777732956837 0.03077357425183512
0 0.42517144009681324 0.13664596273291926 0.03469140782573618 0.019762845849802372
0 0.11335215812827754 0.16643139469226426 0.08793868495361033 0.029361942405420668
0 0.18475191609519967 0.16643139469226426 0.11738604275917709 0.03077357425183512
0 0.2244856797095603 0.1627611518915867 0.05244050020169423 0.020892151326933936
0 0.2799515933844292 0.16770186335403728 0.09156918112141993 0.033314511575381144
0 0.29588543767648245 0.16205533596837945 0.01290843081887858 0.007622811970638058
0 0.3481242436466317 0.16883116883116883 0.08390480032271078 0.032185206098249576
0 0.3826139572408229 0.16191417278373801 0.04921339249697459 0.020892151326933936
0 0.4396934247680516 0.16770186335403728 0.10770471964501815 0.03359683794466403
0 0.11173860427591771 0.21315640880858272 0.08632513110125051 0.023150762281197064
0 0.14158935054457442 0.21315640880858272 0.02944735780556676 0.020327498588368152
0 0.21702299314239612 0.21386222473178995 0.12384025816861638 0.024844720496894408
0 0.2607906413876563 0.2140033879164314 0.06252521177894312 0.023150762281197064
0 0.299919322307382 0.21287408243929984 0.048406615570794675 0.020609824957651044
0 0.3741427995159338 0.21696781479390176 0.1262605889471561 0.029361942405420668
0 0.39431222267043164 0.21287408243929984 0.023396530859217425 0.00818746470920384
0 0.4441306978620411 0.21922642574816487 0.08027430415490117 0.03557312252964427
0 0.0935861234368697 0.23898927159796726 0.04961678096006454 0.022303783173348392
0 0.16256555062525213 0.24435347261434218 0.11133521581282775 0.031338226990400904
0 0.1690197660346914 0.24167137210615472 0.003630496167809601 0.006775832862789385
0 0.20310609116579265 0.2385657820440429 0.05405405405405406 0.019762845849802372
0 0.23114158935054457 0.23898927159796726 0.03751512706736587 0.020327498588368152
0 0.28398547801532875 0.2388481084133258 0.08592174263816055 0.021739130434782608
0 0.31141589350544574 0.2381422924901186 0.02864058087938685 0.019198193111236588
0 0.354376764824526 0.24604743083003952 0.06655909640984267 0.03472614342179559
0 0.39673255344897135 0.23927159796725014 0.07220653489310205 0.010446075663466968
0 0.4400968132311416 0.23955392433653303 0.06736587333602259 0.009599096555618294
0 0.08975393303751512 0.26990400903444384 0.04679306171843485 0.03557312252964427
0 0.11738604275917709 0.2694805194805195 0.0318676885841065 0.03274985883681536
0 0.15570794675272287 0.26439864483342745 0.05808793868495361 0.022303783173348392
0 0.23436869705526422 0.2649632975719932 0.1218233158531666 0.025691699604743084
0 0.23598225090762404 0.2632693393562959 0.0028237192416296895 0.002258610954263128
