0 380.0417507059298 951.0122811970638 0.08350141185962082 0.02456239412761152
0 677.1131504638968 943.0172219085263 0.2263009277934651 0.034443817052512704
0 1320.0835014118595 960.0122811970638 0.16700282371924163 0.02456239412761152
0 1824.055869302138 970.0115753811406 0.11173860427591771 0.023150762281197064
0 383.04296087131905 1153.0111518915867 0.08592174263816055 0.022303783173348392
0 649.0498184751916 1140.0122811970639 0.09963695038321904 0.02456239412761152
0 948.0417507059298 1140.0124223602484 0.08350141185962082 0.024844720496894408
0 1227.0312626058894 1148.010587238848 0.06252521177894312 0.021174477696216828
0 1478.064340459863 1130.0166572557878 0.12868091972569584 0.033314511575381144
0 1866.036304961678 1127.0124223602484 0.07260992335619201 0.024844720496894408
0 379.04235578862443 1330.0112930547714 0.08471157724889068 0.02258610954263128
0 638.0526421944332 1332.0111518915867 0.10528438886647842 0.022303783173348392
0 966.0264219443324 1316.0124223602484 0.052843888664784185 0.024844720496894408
0 1162.0913674868898 1308.0190570299267 0.1827349737797499 0.03811405985319029
0 1697.0637353771683 1307.010587238848 0.127470754336426 0.021174477696216828
0 2032.0032271077048 1355.007058159232 0.00645421540943929 0.014116318464144552
0 385.0324727712787 1498.0128458498023 0.06494554255748286 0.025691699604743084
0 613.0415490116983 1505.0108695652175 0.08309802339653086 0.021739130434782608
0 872.0215812827753 1500.0117165443253 0.043162565550625254 0.023433088650479956
0 1044.0427591770876 1489.0131281761717 0.08551835417507059 0.026256352343308864
0 1331.0451795078661 1495.0170807453417 0.09035901573215006 0.034161490683229816
0 1622.0207745058492 1486.0111518915867 0.04154901169826543 0.022303783173348392
0 1775.0369100443727 1478.0121400338792 0.07382008874546188 0.024280067758328628
0 399.06696248487293 1682.0162337662337 0.13392496974586526 0.032467532467532464
0 817.0227914481645 1664.0190570299267 0.045582896329164985 0.03811405985319029
0 1015.1064945542557 1661.0141163184642 0.21298910851149658 0.028232636928289104
0 1630.0167406212183 1650.020468661773 0.033481242436466316 0.0409373235460192
0 1800.0379185155305 1664.010587238848 0.07583703106091166 0.021174477696216828
0 397.03691004437275 1857.0127046866178 0.07382008874546188 0.025409373235460192
0 634.0484066155708 1851.0128458498023 0.09681323114158935 0.025691699604743084
0 934.14098426785 1853.0131281761717 0.281968535699879 0.026256352343308864
0 1659.0024203307785 1913.001552795031 0.004840661557079467 0.003105590062111801
0 1721.0669624848729 1827.0163749294184 0.13392496974586526 0.03274985883681536
0 2101.0024203307785 1899.0016939582158 0.004840661557079467 0.0033879164313946925
0 2149.007462686567 1876.001552795031 0.014925373134328358 0.003105590062111801
0 394.01976603469143 2043.0100225861095 0.03953206938281565 0.020045172219085264
0 567.0221863654699 2068.0064935064934 0.04437273093989512 0.012987012987012988
0 724.0391286809197 2043.0163749294184 0.0782573618394514 0.03274985883681536
0 996.0490116982654 2013.0203274985884 0.09802339653085922 0.040654997176736304
0 1302.0258168616378 2045.0155279503106 0.05163372327551432 0.031055900621118012
0 1495.0324727712787 2033.0131281761717 0.06494554255748286 0.026256352343308864
0 1728.0597014925372 2061.009457933371 0.11940298507462686 0.0189158667419537
0 399.12363856393705 2204.019198193111 0.2472771278741428 0.038396386222473176
0 1108.1276724485679 2204.0122811970637 0.25534489713594194 0.02456239412761152
0 1833.029649052037 2219.0081874647094 0.05929810407422348 0.01637492941840768
0 413.0482049213393 2385.0187747035575 0.09640984267849939 0.037549407114624504
0 726.0195643404599 2402.0108695652175 0.0391286809197257 0.021739130434782608
0 883.1081081081081 2383.020609824958 0.21621621621621623 0.04121964991530209
0 1512.02480839048 2373.0142574816487 0.04961678096006454 0.028514963297571992
0 1665.0915691811215 2365.0221626199886 0.18313836224283986 0.04432523997741389
0 414.02057281161757 2557.0135516657256 0.041145623235175476 0.02710333145115754
0 595.062525211779 2571.013269339356 0.12505042355788623 0.026538678712591756
0 963.0344897135942 2564.017786561265 0.06897942718838242 0.03557312252964427
0 1189.075837031061 2560.0131281761714 0.15167406212182333 0.026256352343308864
0 1671.0494150867285 2555.0117165443253 0.09883017345703912 0.023433088650479956
0 1973.0560709963695 2540.0221626199886 0.11214199273900767 0.04432523997741389
0 2303.018152480839 2639.002823263693 0.03630496167809601 0.00564652738565782
