0 0.13251311012505043 0.13848108413325805 0.13795885437676483 0.025974025974025976
0 0.19302137958854376 0.1383399209486166 0.0927793465106898 0.01693958215697346
0 0.27390076643807987 0.14384528514963296 0.14199273900766438 0.023997741389045736
0 0.3190802743041549 0.1386222473178995 0.06736587333602259 0.015810276679841896
0 0.39330375151270675 0.13848108413325805 0.13311819281968534 0.01948051948051948
0 0.4320290439693425 0.13932806324110672 0.06131504638967326 0.014680971202710334
0 0.08108108108108109 0.18887634105025408 0.06413876563130294 0.018068887634105024
0 0.12323517547398144 0.18718238283455674 0.0653489310205728 0.011857707509881422
0 0.16579265832997175 0.18788819875776397 0.07018959257765228 0.016657255787690572
0 0.2390076643807987 0.1873235460191982 0.12263009277934651 0.018633540372670808
0 0.24667204517950786 0.1876058723884811 0.003630496167809601 0.003952569169960474
0 0.2833803953206938 0.18633540372670807 0.06010488100040339 0.019762845849802372
0 0.34308188785800725 0.18986448334274422 0.10609116579265833 0.031055900621118012
0 0.38684953610326744 0.18633540372670807 0.07139975796692215 0.019198193111236588
0 0.44050020169423154 0.18887634105025408 0.09681323114158935 0.021174477696216828
0 0.08208955223880597 0.2619988706945229 0.050423557886244454 0.020045172219085264
0 0.12061315046389673 0.26566911349520045 0.04800322710770472 0.021174477696216828
0 0.15611133521581283 0.2649632975719932 0.041145623235175476 0.02710333145115754
0 0.1799112545381202 0.26228119706380576 0.041145623235175476 0.015810276679841896
0 0.18475191609519967 0.2628458498023715 0.007664380798709157 0.003952569169960474
0 0.2208551835417507 0.2621400338791643 0.0500201694231545 0.0220214568040655
0 0.2688584106494554 0.26256352343308864 0.07866075030254134 0.024280067758328628
0 0.32956837434449376 0.2632693393562959 0.0927793465106898 0.020045172219085264
0 0.42517144009681324 0.26453980801806887 0.1690197660346914 0.0189158667419537
0 0.12666397741024607 0.2867024280067758 0.1383622428398548 0.018068887634105024
0 0.15469947559499797 0.28613777526821005 0.03146430012101654 0.018351214003387916
0 0.19423154497781364 0.28726708074534163 0.057684550221863654 0.016092603049124788
0 0.25857200484066156 0.28924336533032186 0.11012505042355789 0.01637492941840768
0 0.3043565954013715 0.2876905702992659 0.0681726502622025 0.020892151326933936
0 0.35175473981444133 0.2893845285149633 0.06897942718838242 0.014680971202710334
0 0.3783783783783784 0.2881140598531903 0.03509479628882614 0.011575381140598532
0 0.42597821702299316 0.2899491812535291 0.0826946349334409 0.025974025974025976
0 0.46793061718434853 0.2909373235460192 0.07866075030254134 0.02258610954263128
0 0.13513513513513514 0.31521739130434784 0.16135538523598225 0.017786561264822136
0 0.1371520774505849 0.31535855448898925 0.008471157724889069 0.007622811970638058
0 0.1863654699475595 0.31225296442687744 0.07704719645018153 0.015810276679841896
0 0.20794675272287214 0.3129587803500847 0.03146430012101654 0.015245623941276116
0 0.2989108511496571 0.320016939582157 0.16256555062525213 0.02710333145115754
0 0.3344090359015732 0.31535855448898925 0.05203711173860428 0.021456804065499716
0 0.4100443727309399 0.3178994918125353 0.13594191206131503 0.02710333145115754
0 0.4647035094796289 0.31620553359683795 0.0826946349334409 0.015810276679841896
0 0.12565550625252117 0.3409090909090909 0.14199273900766438 0.037549407114624504
0 0.17567567567567569 0.34429700734048563 0.08551835417507059 0.026538678712591756
0 0.24687373941105284 0.3382269904009034 0.11859620814844696 0.014680971202710334
0 0.2791448164582493 0.3448616600790514 0.04921339249697459 0.03303218520609825
0 0.3194836627672449 0.3385093167701863 0.0572811617587737 0.017504234895539244
0 0.3686970552642194 0.33921513269339354 0.08148446954417103 0.01948051948051948
0 0.4431222267043163 0.3451439864483343 0.12585720048406615 0.03190287972896669
0 0.11758773699072207 0.36307171089779783 0.10326744655102864 0.020892151326933936
0 0.22246873739411052 0.36391869000564653 0.1799112545381202 0.022868435911914172
0 0.254538120209762 0.3629305477131564 0.04517950786607503 0.012987012987012988
0 0.32674465510286405 0.36829474872953133 0.13231141589350545 0.029926595143986448
0 0.3501411859620815 0.3687182382834557 0.03872529245663574 0.02710333145115754
0 0.3836224283985478 0.364059853190288 0.053247277127874144 0.018633540372670808
0 0.4517950786607503 0.3719649915302089 0.11012505042355789 0.03698475437605872
0 0.16518757563533684 0.39073969508752115 0.200080677692618 0.023433088650479956
0 0.19705526421944333 0.39059853190287974 0.041145623235175476 0.011857707509881422
0 0.3160548608309802 0.3955392433653303 0.21419927390076643 0.03359683794466403
0 0.32412263009277936 0.3898927159796725 0.003630496167809601 0.002540937323546019
