0 353.10689794271883 1197.0146809712028 0.21379588543767647 0.029361942405420668
0 930.0822912464704 1195.0152456239414 0.1645824929407019 0.030491247882552232
0 1381.0330778539733 1162.0138339920948 0.06615570794675273 0.02766798418972332
0 1574.020371117386 1177.0112930547714 0.040742234772085516 0.02258610954263128
0 1703.0155304558289 1221.004658385093 0.031060911657926585 0.009316770186335404
0 1805.0401371520775 1164.0132693393564 0.08027430415490117 0.026538678712591756
0 2035.0163372327552 1235.0045172219086 0.0326744655102864 0.009034443817052512
0 2139.01956434046 1176.0117165443253 0.0391286809197257 0.023433088650479956
0 341.04356595401373 1377.0097402597403 0.08713190802743041 0.01948051948051948
0 605.0512303348124 1418.004658385093 0.10246066962484873 0.009316770186335404
0 906.0488100040338 1386.0119988706945 0.09762000806776926 0.023997741389045736
0 1200.0272287212586 1382.009034443817 0.05445744251714401 0.018068887634105024
0 1367.0080677692617 1399.0052230378317 0.016135538523598225 0.010446075663466968
0 1446.036304961678 1370.0097402597403 0.07260992335619201 0.01948051948051948
0 1664.0121016538926 1357.009881422925 0.024203307785397338 0.019762845849802372
0 1762.049213392497 1360.0155279503106 0.09842678499394918 0.031055900621118012
0 2024.054054054054 1363.0151044607567 0.10810810810810811 0.03020892151326934
0 343.01452198467126 1776.0036702428006 0.029043969342476807 0.007340485601355167
0 465.08672851956436 1737.0160926030492 0.1734570391286809 0.032185206098249576
0 948.0246066962485 1718.01185770751 0.04921339249697459 0.023715415019762844
0 1119.0268253327954 1702.012987012987 0.0536506655909641 0.025974025974025976
0 1288.0187575635337 1773.0047995482778 0.03751512706736587 0.009599096555618294
0 1425.0693828156516 1737.0153867871259 0.13876563130294473 0.03077357425183512
0 1834.0348931020574 1744.0143986448334 0.06978620411456232 0.028797289666854884
0 2048.030455828963 1729.0139751552795 0.0609116579265833 0.027950310559006212
0 358.0407422347721 1916.010304912479 0.08148446954417103 0.020609824957651044
0 608.0187575635337 1930.008328627894 0.03751512706736587 0.016657255787690572
0 744.0738200887455 1932.014963297572 0.14764017749092376 0.029926595143986448
0 1154.0183541750705 1920.0095990965556 0.03670835014118596 0.019198193111236588
0 1290.056272690601 1911.0153867871259 0.11254538120209762 0.03077357425183512
0 1616.0409439290036 1899.0119988706945 0.08188785800726099 0.023997741389045736
0 1867.0711980637354 1912.0112930547714 0.14239612747075434 0.02258610954263128
0 349.04497781363455 2080.01185770751 0.0899556272690601 0.023715415019762844
0 608.0163372327552 2080.012140033879 0.0326744655102864 0.024280067758328628
0 745.0131101250504 2136.0045172219084 0.026220250100847116 0.009034443817052512
0 863.0635336829366 2103.009457933371 0.12706736587333603 0.0189158667419537
0 1203.0024203307785 2162.0014116318466 0.004840661557079467 0.00282326369282891
0 1288.0042355788623 2098.008752117448 0.008471157724889069 0.017504234895539244
0 1326.0014118596207 2155.0009881422925 0.0028237192416296895 0.001976284584980237
0 1374.0131101250504 2096.009316770186 0.026220250100847116 0.018633540372670808
0 1485.0163372327552 2139.0045172219084 0.0326744655102864 0.009034443817052512
0 1615.0445744251715 2105.0101637492944 0.0891488503428802 0.020327498588368152
0 1877.0260185558693 2090.011434217956 0.05203711173860428 0.022868435911914172
0 2050.034691407826 2103.0139751552797 0.06938281565147236 0.027950310559006212
0 348.02016942315447 2496.0042348955394 0.04033884630899556 0.00846979107848673
0 490.02258975393306 2461.0083286278937 0.04517950786607503 0.016657255787690572
0 649.1083098023397 2464.009881422925 0.21661960467930616 0.019762845849802372
0 1242.013311819282 2441.012140033879 0.026623638563937072 0.024280067758328628
0 1352.0223880597016 2445.0095990965556 0.04477611940298507 0.019198193111236588
0 1496.0496167809602 2457.0097402597403 0.09923356192012908 0.01948051948051948
0 1792.046187979024 2445.010587238848 0.09237595804759983 0.021174477696216828
0 2043.0028237192416 2529.00395256917 0.005647438483259379 0.007905138339920948
0 2095.0227914481648 2441.010587238848 0.045582896329164985 0.021174477696216828
