0 0.0954013715207745 0.12380011293054771 0.04235578862444534 0.01637492941840768
0 0.13412666397741024 0.12492941840767928 0.05808793868495361 0.019762845849802372
0 0.17305365066559097 0.1256352343308865 0.05929810407422348 0.020327498588368152
0 0.21883824122630094 0.12436476566911349 0.07664380798709157 0.018633540372670808
0 0.29265832997176283 0.12859966120835686 0.12303348124243646 0.026256352343308864
0 0.2983057684550222 0.12422360248447205 0.0024203307785397336 0.0033879164313946925
0 0.3245260185558693 0.12450592885375494 0.03670835014118596 0.015810276679841896
0 0.3860427591770875 0.12535290796160362 0.10326744655102864 0.020327498588368152
0 0.4126663977410246 0.12549407114624506 0.031060911657926585 0.01101072840203275
0 0.43505445744251714 0.12549407114624506 0.01734570391286809 0.009599096555618294
0 0.10104881000403389 0.15316205533596838 0.05445744251714401 0.026821005081874648
0 0.14078257361839452 0.1551383399209486 0.05929810407422348 0.03077357425183512
0 0.1609519967728923 0.1497741389045737 0.026623638563937072 0.018351214003387916
0 0.20149253731343283 0.1507622811970638 0.06655909640984267 0.021174477696216828
0 0.29588543767648245 0.15400903444381706 0.1690197660346914 0.028797289666854884
0 0.3410649455425575 0.15316205533596838 0.06736587333602259 0.026256352343308864
0 0.3622428398547802 0.15019762845849802 0.01371520774505849 0.009599096555618294
0 0.43061718434852764 0.15033879164313946 0.1218233158531666 0.020892151326933936
0 0.08672851956434045 0.17758328627893846 0.02581686163775716 0.028232636928289104
0 0.18757563533682936 0.18337097684923773 0.17870108914885036 0.03613777526821005
0 0.22025010084711577 0.1767363071710898 0.04800322710770472 0.0220214568040655
0 0.28398547801532875 0.18139469226425747 0.1044776119402985 0.025409373235460192
0 0.3400564743848326 0.18040654997176736 0.08874546187979024 0.034161490683229816
0 0.36708350141185964 0.176171654432524 0.02944735780556676 0.012987012987012988
0 0.4400968132311416 0.1777244494635799 0.11617587736990723 0.02710333145115754
0 0.08289632916498588 0.20016939582156973 0.018152480839048003 0.023997741389045736
0 0.11678096006454215 0.20073404856013552 0.0463896732553449 0.021174477696216828
0 0.18354175070592982 0.2075098814229249 0.11254538120209762 0.03557312252964427
0 0.22851956434045986 0.2056747600225861 0.07139975796692215 0.029926595143986448
0 0.25312626058894716 0.20045172219085264 0.026623638563937072 0.01355166572557877
0 0.28620411456232353 0.20200451722190851 0.04921339249697459 0.021456804065499716
0 0.31020572811617586 0.2015810276679842 0.03065752319483663 0.020609824957651044
0 0.32230738200887454 0.2010163749294184 0.011698265429608713 0.01129305477131564
0 0.3666801129487697 0.20073404856013552 0.06897942718838242 0.019198193111236588
0 0.41064945542557485 0.2100508187464709 0.07301331181928197 0.04178430265386787
0 0.44392900363049614 0.20214568040654998 0.04235578862444534 0.013269339356295878
0 0.12162162162162163 0.23362507058159232 0.09560306575231949 0.035290796160361376
0 0.15248083904800322 0.23023715415019763 0.03751512706736587 0.029361942405420668
0 0.22670431625655507 0.22981366459627328 0.13392496974586526 0.029926595143986448
0 0.2519160951996773 0.23037831733483907 0.0318676885841065 0.03303218520609825
0 0.26300927793465106 0.22600225861095427 0.012101653892698669 0.009034443817052512
0 0.30032271077047196 0.234472049689441 0.0645421540943929 0.026821005081874648
0 0.34973779749899153 0.2267080745341615 0.0754336425978217 0.0220214568040655
0 0.41085114965711983 0.2326369282891022 0.10488100040338846 0.033314511575381144
0 0.13674868898749495 0.25663466967814796 0.12505042355788623 0.031055900621118012
0 0.20613150463896732 0.2528232636928289 0.12263009277934651 0.026256352343308864
0 0.22791448164582492 0.2509881422924901 0.024203307785397338 0.018633540372670808
0 0.28680919725695847 0.25141163184641446 0.09560306575231949 0.023150762281197064
0 0.3836224283985478 0.2583286278938453 0.1791044776119403 0.037267080745341616
0 0.3890681726502622 0.25042348955392435 0.0024203307785397336 0.001976284584980237
0 0.4199273900766438 0.2521174477696217 0.035901573215006054 0.020327498588368152
0 0.13231141589350545 0.282326369282891 0.11375554659136748 0.031338226990400904
0 0.14905203711173862 0.27555053642010163 0.01290843081887858 0.00818746470920384
0 0.17587736990722067 0.2782326369282891 0.038321903993545785 0.022868435911914172
0 0.2008874546187979 0.28077357425183513 0.033884630899556276 0.030491247882552232
0 0.22408229124647036 0.2761151891586674 0.03993545784590561 0.017221908526256352
0 0.27269060104881 0.2844438170525127 0.08834207341670028 0.036420101637492944
0 0.31847519160952 0.27780914737436474 0.07220653489310205 0.02258610954263128
0 0.3509479628882614 0.27710333145115756 0.04154901169826543 0.011575381140598532
0 0.42214602662363854 0.2831733483907397 0.1145623235175474 0.03585544889892716
0 0.10125050423557887 0.30251270468661773 0.053247277127874144 0.015527950310559006
0 0.12424364663170634 0.30660643704121965 0.02944735780556676 0.03274985883681536
0 0.19604679306171843 0.3091473743647657 0.12868091972569584 0.0409373235460192
0 0.20129084308188785 0.3071710897797854 0.011294876966518758 0.013269339356295878
0 0.23517547398144414 0.3029361942405421 0.04759983864461476 0.022303783173348392
0 0.2670431625655506 0.30251270468661773 0.03711173860427592 0.01355166572557877
0 0.3190802743041549 0.30223037831733485 0.08430818878580072 0.020892151326933936
0 0.3392496974586527 0.3020892151326934 0.020976200080677694 0.021456804065499716
0 0.38886647841871724 0.3018068887634105 0.0782573618394514 0.02258610954263128
0 0.427390076643808 0.30237154150197626 0.060508269463493344 0.02258610954263128
0 0.09419120613150464 0.326369282891022 0.043162565550625254 0.0220214568040655
0 0.14340459862847924 0.33300395256917 0.07946752722872126 0.03500846979107849
0 0.18878580072609924 0.32834556747600224 0.07503025413473174 0.023150762281197064
0 0.22125857200484067 0.32792207792207795 0.045582896329164985 0.024844720496894408
0 0.245461879790238 0.3266516092603049 0.03065752319483663 0.018633540372670808
0 0.31343283582089554 0.3290513833992095 0.11536910044372731 0.03162055335968379
0 0.336022589753933 0.32707509881422925 0.026623638563937072 0.019198193111236588
0 0.38241226300927794 0.32792207792207795 0.07260992335619201 0.022303783173348392
0 0.14360629286002422 0.35926030491247885 0.1335215812827753 0.035290796160361376
0 0.19503832190399353 0.35290796160361376 0.07704719645018153 0.021456804065499716
0 0.2008874546187979 0.35276679841897235 0.0028237192416296895 0.00282326369282891
