0 0.08713190802743041 0.11674195369847544 0.04195240016135539 0.017504234895539244
0 0.1300927793465107 0.1163184641445511 0.0653489310205728 0.009881422924901186
0 0.18576038725292457 0.11575381140598531 0.09519967728922953 0.016657255787690572
0 0.2127874142799516 0.11928289102202146 0.03509479628882614 0.023150762281197064
0 0.2390076643807987 0.11645962732919254 0.040742234772085516 0.009034443817052512
0 0.2902379991932231 0.11970638057594579 0.09076240419524001 0.02456239412761152
0 0.3592174263816055 0.11744776962168267 0.1218233158531666 0.0189158667419537
0 0.38241226300927794 0.116600790513834 0.031060911657926585 0.00846979107848673
0 0.4116579265832997 0.11758893280632411 0.041145623235175476 0.017221908526256352
0 0.11597418313836225 0.1470920383963862 0.100040338846309 0.027950310559006212
0 0.1472367890278338 0.1417278373800113 0.04679306171843485 0.016657255787690572
0 0.15409439290036306 0.14412761151891587 0.0060508269463493344 0.00846979107848673
0 0.18515530455828963 0.14257481648785997 0.050826946349334406 0.015810276679841896
0 0.21319080274304156 0.14201016374929418 0.04154901169826543 0.015527950310559006
0 0.27611940298507465 0.14596273291925466 0.11335215812827754 0.023433088650479956
0 0.29951593384429204 0.14158667419536985 0.026220250100847116 0.014680971202710334
0 0.35074626865671643 0.1442687747035573 0.08713190802743041 0.019762845849802372
0 0.372932634126664 0.14215132693393562 0.022589753933037516 0.015245623941276116
0 0.409035901573215 0.14201016374929418 0.0572811617587737 0.015810276679841896
0 0.41488503428801937 0.14539808018068887 0.00645421540943929 0.009881422924901186
0 0.4409035901573215 0.14243365330321853 0.04437273093989512 0.014680971202710334
0 0.14058087938684954 0.17038396386222474 0.14521984671238403 0.025691699604743084
0 0.19826542960871318 0.17236024844720496 0.09600645421540945 0.026538678712591756
0 0.21964501815248083 0.16741953698475437 0.02501008471157725 0.014963297571993224
0 0.24606696248487292 0.16671372106154714 0.03953206938281565 0.014680971202710334
0 0.28680919725695847 0.17052512704686618 0.06252521177894312 0.016092603049124788
0 0.3765631302944736 0.17137210615471485 0.1553045582896329 0.024280067758328628
0 0.42496974586526826 0.16826651609260304 0.07946752722872126 0.01693958215697346
0 0.15611133521581283 0.19833427442123094 0.18071803146430013 0.026538678712591756
0 0.19443323920935862 0.19395821569734614 0.058491327148043566 0.014116318464144552
0 0.2146026623638564 0.19339356295878035 0.022993142396127472 0.014398644833427442
0 0.23073820088745461 0.19240542066629024 0.01855586930213796 0.007622811970638058
0 0.28398547801532875 0.19466403162055335 0.08955223880597014 0.019198193111236588
0 0.31807180314643 0.19311123658949747 0.04759983864461476 0.009881422924901186
0 0.33662767244856795 0.19282891022021456 0.022589753933037516 0.007622811970638058
0 0.4124647035094796 0.19748729531338227 0.13392496974586526 0.023433088650479956
0 0.4419120613150464 0.1935347261434218 0.04719645018152481 0.014963297571993224
0 0.13251311012505043 0.22106154714850368 0.13150463896732553 0.017786561264822136
0 0.209156918112142 0.2204968944099379 0.1355385235982251 0.020609824957651044
0 0.21419927390076643 0.21781479390175043 0.003227107704719645 0.004234895539243365
0 0.2390076643807987 0.21739130434782608 0.04195240016135539 0.012987012987012988
0 0.30254134731746674 0.22092038396386224 0.10851149657119806 0.022303783173348392
0 0.33420734167002825 0.21781479390175043 0.04800322710770472 0.016092603049124788
0 0.3390480032271077 0.21753246753246752 0.004840661557079467 0.0033879164313946925
0 0.35941912061315046 0.21852060982495766 0.02501008471157725 0.017504234895539244
0 0.36385639370713996 0.21682665160926032 0.0028237192416296895 0.0033879164313946925
0 0.38342073416700284 0.21781479390175043 0.02218636546994756 0.014680971202710334
0 0.4199273900766438 0.21753246753246752 0.05163372327551432 0.01355166572557877
0 0.44150867285195644 0.21739130434782608 0.027833803953206938 0.014680971202710334
0 0.0899556272690601 0.24280067758328627 0.04881000403388463 0.018351214003387916
0 0.13674868898749495 0.24731789949181254 0.07382008874546188 0.02456239412761152
0 0.17022993142396128 0.24322416713721062 0.04881000403388463 0.015527950310559006
0 0.21157724889068172 0.24308300395256918 0.06655909640984267 0.017504234895539244
0 0.30597014925373134 0.24760022586109542 0.1661960467930617 0.024844720496894408
0 0.36345300524405 0.24364765669113495 0.09237595804759983 0.014963297571993224
0 0.3898749495764421 0.24731789949181254 0.033481242436466316 0.021456804065499716
0 0.4334409035901573 0.24647092038396387 0.07099636950383219 0.014116318464144552
0 0.13977410246066962 0.2691981931112366 0.14965711980637353 0.015810276679841896
0 0.16841468334005646 0.26792772444946356 0.03711173860427592 0.00846979107848673
0 0.20532472771278742 0.2684923771880294 0.05647438483259379 0.009599096555618294
0 0.2765227914481646 0.269339356295878 0.11415893505445744 0.017221908526256352
0 0.3138362242839855 0.26990400903444384 0.053247277127874144 0.018351214003387916
0 0.3664784187172247 0.2717391304347826 0.0935861234368697 0.015810276679841896
0 0.4298104074223477 0.2684923771880294 0.10931827349737798 0.01637492941840768
0 0.07724889068172651 0.29446640316205536 0.020976200080677694 0.017504234895539244
0 0.10629286002420331 0.2933370976849238 0.0391286809197257 0.016092603049124788
0 0.18233158531665994 0.2937605872388481 0.1262605889471561 0.01693958215697346
0 0.20794675272287214 0.2937605872388481 0.027833803953206938 0.015245623941276116
0 0.245663574021783 0.29898362507058157 0.06212182331585317 0.0189158667419537
0 0.28297700685760385 0.29390175042348954 0.05405405405405406 0.014680971202710334
0 0.3344090359015732 0.2977131564088086 0.08753529649052037 0.017504234895539244
0 0.38039532069382814 0.29446640316205536 0.07462686567164178 0.016092603049124788
0 0.42315449778136344 0.2943252399774139 0.06857603872529246 0.009034443817052512
0 0.44695441710367084 0.2950310559006211 0.035901573215006054 0.017786561264822136
0 0.1280758370310609 0.320016939582157 0.12464703509479629 0.018351214003387916
0 0.17043162565550626 0.3188876341050254 0.05526421944332392 0.015245623941276116
0 0.21218233158531666 0.3188876341050254 0.058491327148043566 0.01637492941840768
0 0.3128277531262606 0.3191699604743083 0.17950786607503025 0.017504234895539244
0 0.31787010891488504 0.3191699604743083 0.004033884630899556 0.0036702428006775835
