0 396.0082694634933 734.009457933371 0.01653892698668818 0.0189158667419537
0 426.0012101653893 791.0008469791079 0.0024203307785397336 0.0016939582156973462
0 498.0143202904397 734.0081874647092 0.02864058087938685 0.01637492941840768
0 619.0742234772085 736.0091756070017 0.14844695441710368 0.018351214003387916
0 1030.0147236789028 734.0115753811406 0.02944735780556676 0.023150762281197064
0 1166.0201694231546 734.007481648786 0.04033884630899556 0.014963297571993224
0 1313.0510286405809 734.0079051383399 0.10205728116175877 0.015810276679841896
0 1598.0141185962082 734.0077639751553 0.028237192416296894 0.015527950310559006
0 1705.0427591770876 734.0084697910785 0.08551835417507059 0.01693958215697346
0 1985.0330778539733 737.0076228119707 0.06615570794675273 0.015245623941276116
0 379.01169826542963 914.0097402597403 0.023396530859217425 0.01948051948051948
0 486.01411859620816 937.0057876905703 0.028237192416296894 0.011575381140598532
0 608.0280354981847 914.0087521174478 0.056070996369503835 0.017504234895539244
0 807.0578862444534 913.0103049124788 0.11577248890681727 0.020609824957651044
0 1141.0258168616378 919.0083286278939 0.05163372327551432 0.016657255787690572
0 1321.0794675272286 913.0090344438171 0.15893505445744252 0.018068887634105024
0 1770.0246066962484 930.005505364201 0.04921339249697459 0.01101072840203275
0 1938.0588947156111 914.0128458498024 0.11778943122226704 0.025691699604743084
0 365.01411859620816 1089.0158102766798 0.028237192416296894 0.03162055335968379
0 456.0072609923356 1111.0060700169395 0.014521984671238403 0.012140033879164314
0 566.04699475595 1094.0091756070017 0.09398951189995966 0.018351214003387916
0 855.0139169019766 1089.0136928289103 0.027833803953206938 0.027385657820440428
0 975.035901573215 1089.0158102766798 0.07180314643001211 0.03162055335968379
0 1199.0145219846713 1107.0056465273856 0.029043969342476807 0.01129305477131564
0 1306.0201694231546 1097.0081874647092 0.04033884630899556 0.01637492941840768
0 1455.0096813231141 1095.0084697910786 0.01936264622831787 0.01693958215697346
0 1545.0193626462283 1089.008328627894 0.03872529245663574 0.016657255787690572
0 1696.04699475595 1092.0127046866178 0.09398951189995966 0.025409373235460192
0 1995.038523598225 1089.009034443817 0.07704719645018153 0.018068887634105024
0 361.0260185558693 1286.007481648786 0.05203711173860428 0.014963297571993224
0 532.0197660346914 1271.0080463015245 0.03953206938281565 0.016092603049124788
0 692.067365873336 1264.0167984189723 0.13473174667204518 0.03359683794466403
0 1061.022589753933 1267.0132693393564 0.04517950786607503 0.026538678712591756
0 1220.0635336829366 1266.010304912479 0.12706736587333603 0.020609824957651044
0 1595.0112948769665 1262.0100225861095 0.022589753933037516 0.020045172219085264
0 1704.039935457846 1274.0170807453417 0.07987091569181122 0.034161490683229816
0 1955.0163372327552 1290.005505364201 0.0326744655102864 0.01101072840203275
0 360.07503025413473 1441.0151044607567 0.1500605082694635 0.03020892151326934
0 802.0356998789835 1446.0097402597403 0.07139975796692215 0.01948051948051948
0 1038.0187575635337 1449.0087521174478 0.03751512706736587 0.017504234895539244
0 1202.067365873336 1442.0199040090345 0.13473174667204518 0.03980801806888763
0 1596.035498184752 1441.0172219085262 0.07099636950383219 0.034443817052512704
0 1823.0240016135538 1441.0095990965556 0.04800322710770472 0.019198193111236588
0 1918.0054457442518 1497.005505364201 0.010891488503428802 0.01101072840203275
0 2017.0290439693424 1441.0094579333709 0.05808793868495361 0.0189158667419537
0 2122.006050826946 1500.005928853755 0.012101653892698669 0.011857707509881422
0 366.01411859620816 1648.0071993224167 0.028237192416296894 0.014398644833427442
0 484.01976603469143 1611.011010728402 0.03953206938281565 0.0220214568040655
0 670.0699878983461 1625.0158102766798 0.1399757966922146 0.03162055335968379
0 1117.0679709560306 1622.0101637492942 0.13594191206131503 0.020327498588368152
0 1478.0258168616378 1620.0091756070017 0.05163372327551432 0.018351214003387916
0 1608.0056474384833 1672.0042348955392 0.011294876966518758 0.00846979107848673
0 1666.0254134731747 1621.0094579333709 0.050826946349334406 0.0189158667419537
0 1784.004437273094 1688.003529079616 0.008874546187979023 0.007058159232072276
0 1853.0304558289633 1619.010304912479 0.0609116579265833 0.020609824957651044
0 2034.028842275111 1611.0111518915867 0.057684550221863654 0.022303783173348392
0 372.0215812827753 1808.0084697910786 0.043162565550625254 0.01693958215697346
0 517.0116982654296 1824.006352343309 0.023396530859217425 0.012704686617730096
0 602.020371117386 1796.0152456239414 0.040742234772085516 0.030491247882552232
0 788.0272287212586 1800.0101637492942 0.05445744251714401 0.020327498588368152
0 991.0887454618797 1798.0101637492942 0.17749092375958048 0.020327498588368152
0 1491.0209762000807 1790.0158102766798 0.04195240016135539 0.03162055335968379
0 1676.0459862847922 1795.0104460756634 0.09197256958450989 0.020892151326933936
0 1952.015933844292 1826.0064935064936 0.0318676885841065 0.012987012987012988
0 363.049213392497 2002.0101637492942 0.09842678499394918 0.020327498588368152
0 613.0012101653892 2038.0007058159233 0.0024203307785397336 0.001411631846414455
