0 419.0171440096813 914.0112930547713 0.03428801936264623 0.02258610954263128
0 559.0383219039935 957.0100225861096 0.07664380798709157 0.020045172219085264
0 840.0324727712788 937.0110107284021 0.06494554255748286 0.0220214568040655
0 1064.038120209762 930.0091756070017 0.07624041952400161 0.018351214003387916
0 1306.0219846712384 930.0087521174478 0.043969342476805166 0.017504234895539244
0 1471.0197660346914 930.0083286278939 0.03953206938281565 0.016657255787690572
0 1614.011093182735 960.0038114059853 0.02218636546994756 0.007622811970638058
0 1726.0223880597016 957.0042348955393 0.04477611940298507 0.00846979107848673
0 1894.0427591770876 924.0097402597403 0.08551835417507059 0.01948051948051948
0 396.0092779346511 1140.0036702428006 0.01855586930213796 0.007340485601355167
0 478.01916095199675 1125.006634669678 0.038321903993545785 0.013269339356295878
0 623.0655506252522 1115.00790513834 0.13110125050423557 0.015810276679841896
0 996.013311819282 1110.0077639751553 0.026623638563937072 0.015527950310559006
0 1103.0118999596612 1137.004376058724 0.02379991932230738 0.008752117447769622
0 1225.0397337636143 1110.0084697910786 0.07946752722872126 0.01693958215697346
0 1479.0496167809602 1120.007481648786 0.09923356192012908 0.014963297571993224
0 1777.0219846712384 1138.0045172219086 0.043969342476805166 0.009034443817052512
0 1910.0215812827753 1115.0076228119706 0.043162565550625254 0.015245623941276116
0 2051.0282371924163 1133.0091756070017 0.05647438483259379 0.018351214003387916
0 377.042557482856 1474.0081874647092 0.08511496571198064 0.01637492941840768
0 668.0268253327955 1470.008328627894 0.0536506655909641 0.016657255787690572
0 862.0633319887052 1481.009881422925 0.12666397741024607 0.019762845849802372
0 1242.0143202904396 1484.00790513834 0.02864058087938685 0.015810276679841896
0 1349.02743041549 1483.0081874647092 0.05486083098023396 0.01637492941840768
0 1530.0568777732956 1476.0132693393564 0.11375554659136748 0.026538678712591756
0 1821.0020169423155 1527.0012704686617 0.004033884630899556 0.002540937323546019
0 1843.0508269463494 1476.0095990965556 0.10165389269866881 0.019198193111236588
0 2129.013311819282 1483.0087521174478 0.026623638563937072 0.017504234895539244
0 366.06897942718837 1660.010587238848 0.13795885437676483 0.021174477696216828
0 761.0217829770069 1685.0067758328628 0.04356595401371521 0.01355166572557877
0 919.0231948366277 1662.0080463015245 0.0463896732553449 0.016092603049124788
0 1090.0314643001211 1667.0076228119706 0.06292860024203308 0.015245623941276116
0 1299.0465913674868 1660.0117165443253 0.09318273497377975 0.023433088650479956
0 1584.0512303348123 1669.0067758328628 0.10246066962484873 0.01355166572557877
0 1840.0026220250102 1709.0029644268775 0.0052440500201694235 0.005928853754940711
0 1883.0157321500606 1660.0084697910786 0.03146430012101654 0.01693958215697346
0 2000.0423557886245 1660.00790513834 0.08471157724889068 0.015810276679841896
0 348.0147236789028 2027.006634669678 0.02944735780556676 0.013269339356295878
0 456.01452198467126 2051.0038114059853 0.029043969342476807 0.007622811970638058
0 579.0173457039128 2048.0076228119706 0.03469140782573618 0.015245623941276116
0 745.0290439693425 2020.0081874647092 0.05808793868495361 0.01637492941840768
0 965.020371117386 2055.0084697910784 0.040742234772085516 0.01693958215697346
0 1191.0246066962484 2032.0081874647092 0.04921339249697459 0.01637492941840768
0 1335.0082694634934 2060.003246753247 0.01653892698668818 0.006493506493506494
0 1444.0383219039936 2030.0084697910786 0.07664380798709157 0.01693958215697346
0 1678.0197660346914 2027.0084697910786 0.03953206938281565 0.01693958215697346
0 1805.0219846712384 2021.0088932806325 0.043969342476805166 0.017786561264822136
0 1954.011093182735 2050.00395256917 0.02218636546994756 0.007905138339920948
0 2045.0254134731747 2050.0042348955394 0.050826946349334406 0.00846979107848673
0 349.04699475595 2214.0077639751553 0.09398951189995966 0.015527950310559006
0 658.0108914885034 2213.007481648786 0.021782977006857603 0.014963297571993224
0 797.0153287615974 2225.006634669678 0.03065752319483663 0.013269339356295878
0 934.0141185962082 2241.003105590062 0.028237192416296894 0.006211180124223602
0 1076.017345703913 2230.0077639751553 0.03469140782573618 0.015527950310559006
0 1206.0294473578056 2215.007481648786 0.05889471561113352 0.014963297571993224
0 1413.009277934651 2234.0036702428006 0.01855586930213796 0.007340485601355167
0 1496.042557482856 2232.010728402033 0.08511496571198064 0.021456804065499716
0 1772.0506252521177 2213.007058159232 0.10125050423557887 0.014116318464144552
0 352.06736587333603 2563.012704686618 0.13473174667204518 0.025409373235460192
0 729.0550625252117 2564.0097402597403 0.11012505042355789 0.01948051948051948
0 1039.017345703913 2592.0042348955394 0.03469140782573618 0.00846979107848673
0 1198.0153287615974 2580.0069169960475 0.03065752319483663 0.01383399209486166
0 1301.011496571198 2599.0033879164316 0.022993142396127472 0.006775832862789385
0 1384.024405002017 2590.0081874647094 0.04881000403388463 0.01637492941840768
0 1540.027027027027 2562.009175607002 0.05405405405405406 0.018351214003387916
0 1729.0177490923759 2586.0084697910784 0.035498184751916094 0.01693958215697346
0 1883.0284388866478 2562.008610954263 0.05687777329568374 0.017221908526256352
0 2039.0018152480839 2612.0009881422925 0.003630496167809601 0.001976284584980237
