0 463.03549818475193 848.0119988706945 0.07099636950383219 0.023997741389045736
0 766.038120209762 882.0136928289102 0.07624041952400161 0.027385657820440428
0 1066.042960871319 907.0124223602485 0.08592174263816055 0.024844720496894408
0 1464.02218636547 861.0175042348956 0.04437273093989512 0.03500846979107849
0 1682.0322710770472 870.0111518915867 0.0645421540943929 0.022303783173348392
0 1894.0018152480839 927.0077639751553 0.003630496167809601 0.015527950310559006
0 408.0542557482856 1037.0142574816489 0.10851149657119806 0.028514963297571992
0 801.0036304961678 1114.0077639751553 0.007260992335619202 0.015527950310559006
0 853.0443727309399 1075.0141163184642 0.08874546187979024 0.028232636928289104
0 1166.0024203307785 1108.0088932806325 0.004840661557079467 0.017786561264822136
0 1237.046187979024 1054.0100225861095 0.09237595804759983 0.020045172219085264
0 1595.0322710770472 1063.008328627894 0.0645421540943929 0.016657255787690572
0 1860.0435659540137 1035.0180688876342 0.08713190802743041 0.03613777526821005
0 408.03529649052035 1245.0077639751553 0.07059298104074223 0.015527950310559006
0 714.0363049616781 1247.0135516657256 0.07260992335619201 0.02710333145115754
0 1035.0459862847922 1243.0073404856014 0.09197256958450989 0.014680971202710334
0 1298.0012101653892 1291.0008469791078 0.0024203307785397336 0.0016939582156973462
0 1362.035498184752 1219.0100225861095 0.07099636950383219 0.020045172219085264
0 1655.0395320693829 1222.0115753811406 0.0790641387656313 0.023150762281197064
0 1933.035498184752 1221.010587238848 0.07099636950383219 0.021174477696216828
0 412.0385235982251 1377.0225861095425 0.07704719645018153 0.04517221908526256
0 724.0568777732957 1424.0141163184642 0.11375554659136748 0.028232636928289104
0 1143.0671641791046 1384.0115753811406 0.13432835820895522 0.023150762281197064
0 1598.0473981444131 1402.0163749294184 0.09479628882613957 0.03274985883681536
0 1933.037716821299 1417.0152456239414 0.0754336425978217 0.030491247882552232
0 437.02702702702703 1564.0112930547714 0.05405405405405406 0.02258610954263128
0 727.065147236789 1562.0213156408809 0.13029447357805568 0.042631281761716544
0 1208.060306575232 1609.012987012987 0.12061315046389673 0.025974025974025976
0 1631.0451795078661 1599.0158102766798 0.09035901573215006 0.03162055335968379
0 1940.0365066559095 1602.008328627894 0.07301331181928197 0.016657255787690572
0 436.06615570794673 1922.0203274985884 0.13231141589350545 0.040654997176736304
0 909.049213392497 1930.018915866742 0.09842678499394918 0.0378317334839074
0 1326.0667607906414 1922.0173630717109 0.1335215812827753 0.03472614342179559
0 1810.0304558289633 1945.0153867871259 0.0609116579265833 0.03077357425183512
