0 0.08390480032271078 0.1342461885940147 0.022589753933037516 0.015245623941276116
0 0.10810810810810811 0.13452851496329757 0.025413473174667203 0.007622811970638058
0 0.14239612747075434 0.13410502540937325 0.04719645018152481 0.012704686617730096
0 0.1464300121016539 0.13777526821005082 0.004033884630899556 0.006211180124223602
0 0.19483662767244858 0.14102202145680406 0.07664380798709157 0.015810276679841896
0 0.24162968939088342 0.13932806324110672 0.07059298104074223 0.023433088650479956
0 0.2799515933844292 0.13876341050254093 0.0500201694231545 0.017786561264822136
0 0.32109721661960466 0.1362224731789949 0.05970149253731343 0.00818746470920384
0 0.34590560709963697 0.13509316770186336 0.022589753933037516 0.011575381140598532
0 0.3622428398547802 0.1357989836250706 0.020572811617587738 0.014116318464144552
0 0.3864461476401775 0.1396103896103896 0.029043969342476807 0.012987012987012988
0 0.4169019766034691 0.1362224731789949 0.050826946349334406 0.014680971202710334
0 0.09842678499394918 0.15965556182947488 0.05203711173860428 0.006493506493506494
0 0.1236385639370714 0.16332580463015245 0.02864058087938685 0.012422360248447204
0 0.16861637757160144 0.16106719367588934 0.06938281565147236 0.012704686617730096
0 0.208955223880597 0.16050254093732355 0.06131504638967326 0.015245623941276116
0 0.23860427591770875 0.1600790513833992 0.03872529245663574 0.013269339356295878
0 0.29790237999193225 0.16149068322981366 0.09883017345703912 0.017221908526256352
0 0.3525615167406212 0.16487859966120835 0.08309802339653086 0.014963297571993224
0 0.35962081484469544 0.16332580463015245 0.003227107704719645 0.006775832862789385
0 0.3882613957240823 0.16092603049124787 0.043969342476805166 0.015527950310559006
0 0.4372730939895119 0.16671372106154714 0.08188785800726099 0.02766798418972332
0 0.09177087535296491 0.18633540372670807 0.04477611940298507 0.019762845849802372
0 0.12767244856797097 0.19028797289666854 0.03993545784590561 0.02710333145115754
0 0.1526825332795482 0.1857707509881423 0.022589753933037516 0.004799548277809147
0 0.18878580072609924 0.18647656691134953 0.055667607906413875 0.007340485601355167
0 0.24768051633723276 0.1870412196499153 0.09560306575231949 0.016092603049124788
0 0.27208551835417505 0.18633540372670807 0.01936264622831787 0.012140033879164314
0 0.2934651068979427 0.18986448334274422 0.02581686163775716 0.011857707509881422
0 0.32412263009277936 0.18605307735742518 0.040742234772085516 0.012704686617730096
0 0.35296490520371115 0.18619424054206662 0.033481242436466316 0.01129305477131564
0 0.3598225090762404 0.18605307735742518 0.002016942315449778 0.0016939582156973462
0 0.390681726502622 0.18605307735742518 0.04356595401371521 0.014963297571993224
0 0.42839854780153286 0.19127611518915866 0.06010488100040339 0.025691699604743084
0 0.08390480032271078 0.23941276115189158 0.02702702702702703 0.025409373235460192
0 0.1290843081887858 0.237012987012987 0.06252521177894312 0.016092603049124788
0 0.1591367486889875 0.23574251835121401 0.031060911657926585 0.014116318464144552
0 0.19604679306171843 0.23630717108977978 0.05526421944332392 0.012987012987012988
0 0.25534489713594194 0.23616600790513834 0.08955223880597014 0.014116318464144552
0 0.2918515530455829 0.23927159796725014 0.0500201694231545 0.021456804065499716
0 0.3106091165792658 0.23531902879728966 0.02016942315449778 0.01129305477131564
0 0.32876159741831384 0.23644833427442122 0.016135538523598225 0.014116318464144552
0 0.3533682936668011 0.23630717108977978 0.020572811617587738 0.01129305477131564
0 0.35941912061315046 0.23785996612083568 0.0024203307785397336 0.002540937323546019
0 0.4035901573215006 0.2375776397515528 0.06252521177894312 0.012422360248447204
0 0.42940701895925776 0.23687182382834557 0.030254134731746672 0.01101072840203275
0 0.0891488503428802 0.26171654432524 0.0391286809197257 0.014680971202710334
0 0.1280758370310609 0.26157538114059853 0.05647438483259379 0.015527950310559006
0 0.15893505445744252 0.2607284020327499 0.03872529245663574 0.014680971202710334
0 0.23981444130697863 0.26679841897233203 0.14239612747075434 0.024844720496894408
0 0.2825736183945139 0.26171654432524 0.06696248487293263 0.01383399209486166
0 0.3106091165792658 0.26538678712591757 0.01936264622831787 0.021174477696216828
0 0.33985478015328763 0.26256352343308864 0.03509479628882614 0.005364201016374929
0 0.3810004033884631 0.26228119706380576 0.06857603872529246 0.014680971202710334
0 0.418112141992739 0.2619988706945229 0.053247277127874144 0.016657255787690572
0 0.12141992739007665 0.29023150762281197 0.09479628882613957 0.012704686617730096
0 0.15308592174263816 0.2865612648221344 0.03953206938281565 0.014680971202710334
0 0.19322307382008874 0.29023150762281197 0.05244050020169423 0.014963297571993224
0 0.23114158935054457 0.29079616036137773 0.05244050020169423 0.020892151326933936
0 0.26220250100847114 0.2929136081309994 0.02581686163775716 0.028514963297571992
0 0.3291649858814038 0.2898080180688876 0.10891488503428802 0.023433088650479956
0 0.3642597821702299 0.2920666290231508 0.04477611940298507 0.028797289666854884
0 0.3854376764824526 0.29051383399209485 0.02016942315449778 0.0220214568040655
0 0.44493747478822104 0.2859966120835686 0.08955223880597014 0.015527950310559006
0 0.0891488503428802 0.31394692264257484 0.026220250100847116 0.02258610954263128
0 0.11657926583299717 0.3105590062111801 0.042759177087535294 0.015810276679841896
0 0.200080677692618 0.3125352907961604 0.13916901976603469 0.01637492941840768
0 0.27954820492133925 0.3176171654432524 0.13594191206131503 0.027950310559006212
0 0.30798709156918114 0.31084133258046304 0.03993545784590561 0.016092603049124788
0 0.3598225090762404 0.3147939017504235 0.08471157724889068 0.013269339356295878
0 0.42718838241226303 0.31197063805759456 0.10972166196046793 0.01637492941840768
0 0.09762000806776926 0.3373800112930548 0.04719645018152481 0.01383399209486166
0 0.11778943122226704 0.3373800112930548 0.023396530859217425 0.007340485601355167
0 0.1498588140379185 0.33667419536984755 0.043969342476805166 0.01101072840203275
0 0.15389269866881808 0.33681535855448896 0.0024203307785397336 0.001411631846414455
