0 0.08955223880597014 0.11900056465273856 0.043969342476805166 0.019762845849802372
0 0.13695038321903993 0.12380011293054771 0.07503025413473174 0.025974025974025976
0 0.16014521984671237 0.1209768492377188 0.026220250100847116 0.018633540372670808
0 0.2382008874546188 0.11885940146809712 0.14199273900766438 0.017786561264822136
0 0.3162565550625252 0.12012987012987013 0.1355385235982251 0.020892151326933936
0 0.35599031867688585 0.12027103331451157 0.06776926179911255 0.020609824957651044
0 0.39007664380798707 0.11843591191417278 0.04437273093989512 0.016092603049124788
0 0.4582492940701896 0.12196499153020893 0.12505042355788623 0.025409373235460192
0 0.12081484469544171 0.1482213438735178 0.11375554659136748 0.026821005081874648
0 0.16256555062525213 0.14370412196499152 0.057684550221863654 0.017504234895539244
0 0.21218233158531666 0.1432806324110672 0.07301331181928197 0.016657255787690572
0 0.2593787817668415 0.14751552795031056 0.08108108108108109 0.02258610954263128
0 0.28378378378378377 0.14525691699604742 0.029850746268656716 0.020327498588368152
0 0.32230738200887454 0.14582156973461322 0.06857603872529246 0.0220214568040655
0 0.3654699475594998 0.14525691699604742 0.07341670028237192 0.019762845849802372
0 0.43929003630496166 0.14624505928853754 0.12706736587333603 0.021456804065499716
0 0.10145219846712385 0.1686900056465274 0.07422347720855184 0.015810276679841896
0 0.14905203711173862 0.1686900056465274 0.063735377168213 0.014680971202710334
0 0.15409439290036306 0.17080745341614906 0.004033884630899556 0.005081874647092038
0 0.1865671641791045 0.1686900056465274 0.050826946349334406 0.01637492941840768
0 0.21924162968939087 0.1696781479390175 0.043969342476805166 0.016657255787690572
0 0.2876159741831384 0.1686900056465274 0.11657926583299717 0.015527950310559006
0 0.3106091165792658 0.1691134952004517 0.029850746268656716 0.016092603049124788
0 0.41427995159338443 0.17207792207792208 0.18071803146430013 0.023150762281197064
0 0.4461476401774909 0.1686900056465274 0.04881000403388463 0.01383399209486166
0 0.10064542154094393 0.19494635798983626 0.07139975796692215 0.018068887634105024
0 0.1244453408632513 0.1945228684359119 0.030254134731746672 0.015245623941276116
0 0.1990722065348931 0.19692264257481648 0.12263009277934651 0.0220214568040655
0 0.29306171843485274 0.20115753811405984 0.1645824929407019 0.031338226990400904
0 0.36304961678096004 0.19409937888198758 0.11254538120209762 0.015527950310559006
0 0.3672851956434046 0.1935347261434218 0.002016942315449778 0.0016939582156973462
0 0.39108511496571197 0.19311123658949747 0.031060911657926585 0.01383399209486166
0 0.3916901976603469 0.19381705251270467 0.0024203307785397336 0.002258610954263128
0 0.4372730939895119 0.19381705251270467 0.07059298104074223 0.018633540372670808
0 0.10790641387656313 0.220214568040655 0.08430818878580072 0.019198193111236588
0 0.21198063735377168 0.22261434217955958 0.1791044776119403 0.021456804065499716
0 0.2490923759580476 0.220214568040655 0.05203711173860428 0.01129305477131564
0 0.32553448971359417 0.22402597402597402 0.1262605889471561 0.025974025974025976
0 0.4154901169826543 0.22586109542631283 0.1565147236789028 0.029079616036137776
0 0.42295280354981846 0.22106154714850368 0.0052440500201694235 0.0036702428006775835
0 0.13029447357805568 0.25268210050818746 0.1319080274304155 0.032185206098249576
0 0.17749092375958048 0.2453416149068323 0.07462686567164178 0.017504234895539244
0 0.2236789027833804 0.24957651044607565 0.06938281565147236 0.023997741389045736
0 0.24929407018959257 0.24632975719932243 0.028237192416296894 0.017221908526256352
0 0.3253327954820492 0.24548277809147373 0.13916901976603469 0.017786561264822136
0 0.38584106494554254 0.2519762845849802 0.09398951189995966 0.031055900621118012
0 0.4225494150867285 0.24491812535290797 0.0463896732553449 0.01637492941840768
0 0.10165389269866881 0.27089215132693395 0.07624041952400161 0.01693958215697346
0 0.15752319483662766 0.27060982495765107 0.08430818878580072 0.01637492941840768
0 0.19665187575635337 0.27032749858836813 0.058491327148043566 0.015810276679841896
0 0.24122630092779346 0.2704686617730096 0.06897942718838242 0.010728402032749858
0 0.2835820895522388 0.27004517221908525 0.06212182331585317 0.015245623941276116
0 0.31988705123033484 0.26990400903444384 0.057684550221863654 0.014963297571993224
0 0.4048003227107705 0.27428006775832864 0.14481645824929407 0.023715415019762844
0 0.11355385235982252 0.2963015245623941 0.09802339653085922 0.017504234895539244
0 0.16216216216216217 0.29601919819311123 0.07139975796692215 0.014680971202710334
0 0.18898749495764422 0.29545454545454547 0.02864058087938685 0.016092603049124788
0 0.23497377974989916 0.295313382269904 0.06171843485276321 0.014116318464144552
0 0.23779749899152886 0.29601919819311123 0.0028237192416296895 0.002540937323546019
0 0.2755143202904397 0.29545454545454547 0.0681726502622025 0.015527950310559006
0 0.33319887051230335 0.30251270468661773 0.09600645421540945 0.024280067758328628
0 0.40883420734167003 0.29545454545454547 0.1319080274304155 0.01693958215697346
0 0.09681323114158935 0.32128740824393 0.06696248487293263 0.015245623941276116
0 0.1843485276321097 0.32481648785996614 0.15167406212182333 0.023997741389045736
0 0.21157724889068172 0.32368718238283456 0.02944735780556676 0.020327498588368152
0 0.2888261395724082 0.32707509881422925 0.1383622428398548 0.029361942405420668
0 0.2934651068979427 0.32269904009034445 0.003227107704719645 0.003952569169960474
0 0.33884630899556273 0.3204404291360813 0.07059298104074223 0.014963297571993224
0 0.37575635336829366 0.3207227555053642 0.05647438483259379 0.01637492941840768
0 0.44695441710367084 0.32058159232072275 0.11859620814844696 0.01637492941840768
0 0.4517950786607503 0.32128740824393 0.004033884630899556 0.0036702428006775835
0 0.08955223880597014 0.3461321287408244 0.04719645018152481 0.014963297571993224
0 0.17265026220250101 0.3468379446640316 0.13594191206131503 0.016092603049124788
0 0.21077047196450183 0.34599096555618297 0.0463896732553449 0.014680971202710334
0 0.2658329971762808 0.34839073969508755 0.08672851956434045 0.01948051948051948
0 0.2648245260185559 0.3461321287408244 0.003630496167809601 0.002540937323546019
