0 365.0716014521985 1111.0080463015245 0.14320290439693426 0.016092603049124788
0 744.0274304154901 1106.005928853755 0.05486083098023396 0.011857707509881422
0 900.0665590964098 1101.0067758328628 0.13311819281968534 0.01355166572557877
0 1241.0369100443727 1098.0062111801242 0.07382008874546188 0.012422360248447204
0 1455.0141185962082 1117.0032467532467 0.028237192416296894 0.006493506493506494
0 1541.018152480839 1104.0056465273856 0.03630496167809601 0.01129305477131564
0 1643.0994352561518 1097.0064935064936 0.19887051230334812 0.012987012987012988
0 361.01230334812425 1265.008610954263 0.024606696248487294 0.017221908526256352
0 451.01956434045985 1279.006634669678 0.0391286809197257 0.013269339356295878
0 572.0439693424768 1283.0062111801242 0.08793868495361033 0.012422360248447204
0 815.0457845905607 1275.0071993224167 0.09156918112141993 0.014398644833427442
0 1063.0699878983462 1278.0073404856014 0.1399757966922146 0.014680971202710334
0 1421.0024203307785 1319.002399774139 0.004840661557079467 0.004799548277809147
0 1433.0215812827753 1296.004376058724 0.043162565550625254 0.008752117447769622
0 1547.0252117789432 1278.0069169960475 0.050423557886244454 0.01383399209486166
0 1690.038523598225 1289.0050818746472 0.07704719645018153 0.010163749294184076
0 1895.0108914885034 1285.0050818746472 0.021782977006857603 0.010163749294184076
0 1956.0344897135942 1273.006634669678 0.06897942718838242 0.013269339356295878
0 2134.017749092376 1266.006352343309 0.035498184751916094 0.012704686617730096
0 2229.0010084711575 1305.0007058159233 0.002016942315449778 0.001411631846414455
0 350.0167406212182 1443.0080463015245 0.033481242436466316 0.016092603049124788
0 462.078459056071 1470.0077639751553 0.15691811214199275 0.015527950310559006
0 875.0298507462686 1466.005505364201 0.05970149253731343 0.01101072840203275
0 1053.0207745058492 1465.005928853755 0.04154901169826543 0.011857707509881422
0 1169.0528438886647 1468.00790513834 0.10568777732956837 0.015810276679841896
0 1448.029649052037 1469.011010728402 0.05929810407422348 0.0220214568040655
0 1611.0016135538524 1498.001976284585 0.003227107704719645 0.003952569169960474
0 1633.0498184751916 1457.0122811970639 0.09963695038321904 0.02456239412761152
0 1888.031060911658 1472.0042348955392 0.06212182331585317 0.00846979107848673
0 2061.030455828963 1457.0071993224167 0.0609116579265833 0.014398644833427442
0 395.02702702702703 1799.0097402597403 0.05405405405405406 0.01948051948051948
0 558.0127067365873 1833.00395256917 0.025413473174667203 0.007905138339920948
0 656.0286405808794 1833.004376058724 0.0572811617587737 0.008752117447769622
0 823.0536506655909 1811.0073404856014 0.1073013311819282 0.014680971202710334
0 1126.0193626462283 1817.007058159232 0.03872529245663574 0.014116318464144552
0 1244.0344897135942 1813.0076228119706 0.06897942718838242 0.015245623941276116
0 1447.0139169019767 1805.0094579333709 0.027833803953206938 0.0189158667419537
0 1544.0679709560306 1813.0127046866178 0.13594191206131503 0.025409373235460192
0 1879.019967728923 1801.0093167701864 0.03993545784590561 0.018633540372670808
0 2004.0179507866076 1812.0069169960475 0.035901573215006054 0.01383399209486166
0 369.06696248487293 2009.005928853755 0.13392496974586526 0.011857707509881422
0 742.0326744655102 2003.0062111801242 0.0653489310205728 0.012422360248447204
0 950.0300524405002 2007.0056465273856 0.06010488100040339 0.01129305477131564
0 1124.0475998386446 2006.0060700169395 0.09519967728922953 0.012140033879164314
0 1407.0078660750303 2006.0060700169395 0.01573215006050827 0.012140033879164314
0 1470.0623235175474 2005.006352343309 0.12464703509479629 0.012704686617730096
0 1813.0524405002018 2000.012987012987 0.10488100040338846 0.025974025974025976
0 2060.0012101653892 2042.0007058159233 0.0024203307785397336 0.001411631846414455
