0 0.1555062525211779 0.14031620553359683 0.16296893908834206 0.018351214003387916
0 0.16337232755143202 0.1411631846414455 0.00927793465106898 0.005928853754940711
0 0.23295683743444937 0.1513269339356296 0.10770471964501815 0.03359683794466403
0 0.26522791448164584 0.13975155279503104 0.04437273093989512 0.015245623941276116
0 0.32876159741831384 0.14991530208921514 0.11254538120209762 0.04206662902315076
0 0.39673255344897135 0.1411631846414455 0.10972166196046793 0.012140033879164314
0 0.09640984267849939 0.16558441558441558 0.04881000403388463 0.010163749294184076
0 0.18253327954820492 0.1751835121400339 0.14885034288019364 0.039525691699604744
0 0.2436466317063332 0.17320722755505363 0.0935861234368697 0.03162055335968379
0 0.2658329971762808 0.16544325239977414 0.018959257765227916 0.015245623941276116
0 0.33844292053247277 0.1782891022021457 0.12222670431625655 0.04517221908526256
0 0.38886647841871724 0.16558441558441558 0.06494554255748286 0.01693958215697346
0 0.12061315046389673 0.1922642574816488 0.09600645421540945 0.021174477696216828
0 0.19060104881000403 0.19028797289666854 0.11214199273900767 0.019198193111236588
0 0.23678902783380396 0.1895821569734613 0.05808793868495361 0.014963297571993224
0 0.2646228317870109 0.18986448334274422 0.020572811617587738 0.01637492941840768
0 0.3204921339249697 0.1901468097120271 0.07704719645018153 0.016657255787690572
0 0.3600242033077854 0.19000564652738566 0.05486083098023396 0.01637492941840768
0 0.4035901573215006 0.1997459062676454 0.05203711173860428 0.0378317334839074
0 0.4114562323517547 0.19113495200451722 0.00927793465106898 0.005364201016374929
0 0.11234368697055264 0.2230378317334839 0.06938281565147236 0.02456239412761152
0 0.14078257361839452 0.22501411631846416 0.029043969342476807 0.03896103896103896
0 0.19584509883017345 0.2149915302089215 0.0826946349334409 0.018068887634105024
0 0.24041952400161357 0.21442687747035574 0.05445744251714401 0.009599096555618294
0 0.327349737797499 0.22529644268774704 0.14481645824929407 0.03387916431394692
0 0.4007664380798709 0.2236024844720497 0.12585720048406615 0.03613777526821005
0 0.09217426381605485 0.2528232636928289 0.02581686163775716 0.04630152456239413
0 0.15954013715207746 0.24872953133822698 0.10810810810810811 0.02710333145115754
0 0.22186365469947558 0.2518351214003388 0.10810810810810811 0.038396386222473176
0 0.26321097216619604 0.24167137210615472 0.06131504638967326 0.020327498588368152
0 0.32008874546187976 0.2419536984754376 0.07301331181928197 0.019198193111236588
0 0.39411052843888666 0.24858836815358554 0.11657926583299717 0.029079616036137776
0 0.4035901573215006 0.24153020892151328 0.008471157724889069 0.005081874647092038
0 0.10508269463493344 0.26679841897233203 0.05244050020169423 0.0189158667419537
0 0.13937071399757966 0.27738565782044045 0.03791851553045583 0.045736871823828344
0 0.19160951996772893 0.26679841897233203 0.08592174263816055 0.011857707509881422
0 0.23477208551835418 0.265527950310559 0.06252521177894312 0.018351214003387916
0 0.2892295280354982 0.26468097120271034 0.06978620411456232 0.017786561264822136
0 0.31988705123033484 0.264257481648786 0.03872529245663574 0.016092603049124788
0 0.3741427995159338 0.2751270468661773 0.08390480032271078 0.039243365330321855
0 0.41589350544574427 0.26679841897233203 0.057684550221863654 0.018633540372670808
0 0.08350141185962082 0.2909373235460192 0.02702702702702703 0.010446075663466968
0 0.14925373134328357 0.30138339920948615 0.09923356192012908 0.04630152456239413
0 0.23154497781363453 0.2900903444381705 0.1355385235982251 0.020609824957651044
0 0.23719241629689392 0.2896668548842462 0.0028237192416296895 0.001976284584980237
0 0.27309398951189995 0.2930547713156409 0.05647438483259379 0.029644268774703556
0 0.3130294473578056 0.2896668548842462 0.04800322710770472 0.019762845849802372
0 0.3380395320693828 0.288961038961039 0.022993142396127472 0.0189158667419537
0 0.3797902379991932 0.28952569169960474 0.05163372327551432 0.018351214003387916
0 0.4288019362646228 0.30321852060982496 0.08753529649052037 0.045736871823828344
0 0.12061315046389673 0.3145115753811406 0.10205728116175877 0.012704686617730096
0 0.18697055264219442 0.31394692264257484 0.09519967728922953 0.014963297571993224
0 0.23678902783380396 0.3177583286278938 0.0653489310205728 0.023433088650479956
0 0.27511093182734975 0.3142292490118577 0.04961678096006454 0.01637492941840768
0 0.3235175473981444 0.31931112365894976 0.06736587333602259 0.024280067758328628
0 0.36587333602258976 0.31437041219649914 0.06010488100040339 0.010728402032749858
0 0.4253731343283582 0.31945228684359117 0.09802339653085922 0.022868435911914172
0 0.09056070996369504 0.3424618859401468 0.04679306171843485 0.017504234895539244
0 0.12847922549415086 0.35403726708074534 0.0500201694231545 0.04517221908526256
0 0.21157724889068172 0.3430265386787126 0.1355385235982251 0.02258610954263128
0 0.27591770875352967 0.3512140033879164 0.10125050423557887 0.036420101637492944
0 0.2827753126260589 0.34288537549407117 0.0052440500201694235 0.004799548277809147
0 0.37152077450584914 0.35163749294184077 0.15449778136345302 0.042631281761716544
0 0.4255748285599032 0.3427442123094297 0.0826946349334409 0.021456804065499716
0 0.127470754336426 0.3794466403162055 0.11093182734973779 0.04488989271597967
0 0.15288422751109318 0.36688311688311687 0.021782977006857603 0.023150762281197064
0 0.22428398547801534 0.3780350084697911 0.1399757966922146 0.043478260869565216
0 0.2942718838241226 0.3674477696216827 0.10810810810810811 0.019762845849802372
0 0.3279548204921339 0.37874082439299833 0.029043969342476807 0.04912478825522304
0 0.3644614764017749 0.367871259175607 0.04679306171843485 0.022303783173348392
