0 368.0252117789431 990.0115753811406 0.050423557886244454 0.023150762281197064
0 596.0213795885438 1006.0105872388481 0.042759177087535294 0.021174477696216828
0 810.0352964905204 990.0117165443253 0.07059298104074223 0.023433088650479956
0 1069.0367083501412 1039.0091756070017 0.07341670028237192 0.018351214003387916
0 1389.057684550222 1014.0084697910785 0.11536910044372731 0.01693958215697346
0 1749.0227914481645 1021.0070581592321 0.045582896329164985 0.014116318464144552
0 1925.0397337636143 1018.0071993224167 0.07946752722872126 0.014398644833427442
0 361.049213392497 1202.0104460756634 0.09842678499394918 0.020892151326933936
0 647.015933844292 1224.0076228119706 0.0318676885841065 0.015245623941276116
0 780.0231948366277 1197.0080463015245 0.0463896732553449 0.016092603049124788
0 979.013311819282 1193.00790513834 0.026623638563937072 0.015810276679841896
0 1071.0369100443727 1195.00790513834 0.07382008874546188 0.015810276679841896
0 1329.0532472771279 1193.0121400338792 0.10649455425574829 0.024280067758328628
0 1644.0189592577651 1199.006352343309 0.03791851553045583 0.012704686617730096
0 1790.0379185155305 1193.0076228119706 0.07583703106091166 0.015245623941276116
0 2041.020371117386 1193.0071993224167 0.040742234772085516 0.014398644833427442
0 368.0457845905607 1367.0095990965556 0.09156918112141993 0.019198193111236588
0 663.0490116982654 1371.0087521174478 0.09802339653085922 0.017504234895539244
0 978.0237999193223 1370.0087521174478 0.04759983864461476 0.017504234895539244
0 1142.0167406212183 1401.010587238848 0.033481242436466316 0.021174477696216828
0 1269.0280354981849 1373.008610954263 0.056070996369503835 0.017221908526256352
0 1453.027027027027 1396.0101637492942 0.05405405405405406 0.020327498588368152
0 1594.002218636547 1420.0033879164314 0.004437273093989512 0.006775832862789385
0 1630.0209762000807 1370.008610954263 0.04195240016135539 0.017221908526256352
0 1762.0252117789432 1377.0077639751553 0.050423557886244454 0.015527950310559006
0 1927.042960871319 1371.0084697910786 0.08592174263816055 0.01693958215697346
0 371.0538523598225 1551.0122811970639 0.10770471964501815 0.02456239412761152
0 696.0116982654296 1555.007481648786 0.023396530859217425 0.014963297571993224
0 801.0403388463089 1556.007481648786 0.08067769261799113 0.014963297571993224
0 1059.0207745058492 1553.0080463015245 0.04154901169826543 0.016092603049124788
0 1230.042960871319 1536.0111518915867 0.08592174263816055 0.022303783173348392
0 1516.027027027027 1541.010304912479 0.05405405405405406 0.020609824957651044
0 1699.022589753933 1548.009034443817 0.04517950786607503 0.018068887634105024
0 1818.0437676482452 1570.01185770751 0.08753529649052037 0.023715415019762844
0 337.0726099233562 1929.0115753811406 0.14521984671238403 0.023150762281197064
0 758.0135135135135 1926.0080463015245 0.02702702702702703 0.016092603049124788
0 867.0387252924567 1923.00790513834 0.07745058491327148 0.015810276679841896
0 1128.0250100847115 1926.0076228119706 0.0500201694231545 0.015245623941276116
0 1310.0167406212183 1913.0087521174478 0.033481242436466316 0.017504234895539244
0 1430.0209762000807 1912.0087521174478 0.04195240016135539 0.017504234895539244
0 1586.035498184752 1913.0156691134953 0.07099636950383219 0.031338226990400904
0 1794.0219846712384 1919.00790513834 0.043969342476805166 0.015810276679841896
0 330.05163372327553 2271.0119988706947 0.10326744655102864 0.023997741389045736
0 631.0088745461879 2304.0036702428006 0.017749092375958047 0.007340485601355167
0 734.0530455828963 2279.011010728402 0.10609116579265833 0.0220214568040655
0 1063.0135135135135 2271.0081874647094 0.02702702702702703 0.01637492941840768
0 1177.040742234772 2276.007481648786 0.08148446954417103 0.014963297571993224
0 1430.0578862444534 2271.012563523433 0.11577248890681727 0.0251270468661773
0 1779.0191609519968 2281.007340485601 0.038321903993545785 0.014680971202710334
0 1930.0387252924565 2275.0077639751553 0.07745058491327148 0.015527950310559006
0 336.0473981444131 2442.0097402597403 0.09479628882613957 0.01948051948051948
0 573.0032271077047 2499.0022586109544 0.00645421540943929 0.004517221908526256
