0 0.08854376764824526 0.1380575945793337 0.035901573215006054 0.025409373235460192
0 0.10871319080274304 0.13932806324110672 0.02743041549011698 0.026256352343308864
0 0.14138765631302944 0.14356295878035008 0.04800322710770472 0.037549407114624504
0 0.15994352561516742 0.13848108413325805 0.024203307785397338 0.023715415019762844
0 0.19160951996772893 0.14398644833427443 0.050826946349334406 0.020892151326933936
0 0.21924162968939087 0.1380575945793337 0.04235578862444534 0.00818746470920384
0 0.245461879790238 0.14215132693393562 0.04437273093989512 0.03359683794466403
0 0.26845502218636547 0.13777526821005082 0.03227107704719645 0.016092603049124788
0 0.2890278338039532 0.1432806324110672 0.031060911657926585 0.018633540372670808
0 0.31121419927390076 0.13819875776397517 0.03428801936264623 0.015810276679841896
0 0.3410649455425575 0.1386222473178995 0.050826946349334406 0.020609824957651044
0 0.3578055667607906 0.13819875776397517 0.02218636546994756 0.02258610954263128
0 0.4015732150060508 0.13848108413325805 0.07704719645018153 0.020892151326933936
0 0.4398951189995966 0.1442687747035573 0.06413876563130294 0.0220214568040655
0 0.07765227914481646 0.1621964991530209 0.018152480839048003 0.01383399209486166
0 0.12222670431625655 0.1696781479390175 0.07745058491327148 0.024280067758328628
0 0.1855586930213796 0.16403162055335968 0.11254538120209762 0.026256352343308864
0 0.23779749899152886 0.1634669678147939 0.09035901573215006 0.0251270468661773
0 0.2527228721258572 0.1637492941840768 0.01653892698668818 0.021456804065499716
0 0.2757160145219847 0.16431394692264256 0.0326744655102864 0.01948051948051948
0 0.2944735780556676 0.1686900056465274 0.026220250100847116 0.020045172219085264
0 0.3172650262202501 0.1634669678147939 0.03469140782573618 0.014680971202710334
0 0.35417507059298103 0.16431394692264256 0.05808793868495361 0.025974025974025976
0 0.3699072206534893 0.16332580463015245 0.01936264622831787 0.010446075663466968
0 0.41427995159338443 0.16883116883116883 0.07745058491327148 0.03557312252964427
0 0.44050020169423154 0.1637492941840768 0.04235578862444534 0.023715415019762844
0 0.09136748688987495 0.1945228684359119 0.041145623235175476 0.03867871259175607
0 0.10770471964501815 0.18746470920383965 0.02016942315449778 0.009599096555618294
0 0.13432835820895522 0.18831168831168832 0.04477611940298507 0.010446075663466968
0 0.1791044776119403 0.18774703557312253 0.07341670028237192 0.026821005081874648
0 0.1843485276321097 0.19099378881987578 0.0052440500201694235 0.004517221908526256
0 0.2319483662767245 0.19212309429700733 0.0782573618394514 0.025974025974025976
0 0.2593787817668415 0.18845285149632976 0.0463896732553449 0.024280067758328628
0 0.29386849536103266 0.18746470920383965 0.053247277127874144 0.016092603049124788
0 0.31020572811617586 0.18887634105025408 0.02016942315449778 0.01948051948051948
0 0.3426784993949173 0.1885940146809712 0.052843888664784185 0.020327498588368152
0 0.36688180718031466 0.1932523997741389 0.02944735780556676 0.018633540372670808
0 0.39108511496571197 0.1885940146809712 0.035498184751916094 0.01693958215697346
0 0.4070189592577652 0.18831168831168832 0.020572811617587738 0.009316770186335404
0 0.4346510689794272 0.18901750423489555 0.04195240016135539 0.020609824957651044
0 0.08632513110125051 0.2137210615471485 0.03751512706736587 0.018068887634105024
0 0.12061315046389673 0.21428571428571427 0.050423557886244454 0.020045172219085264
0 0.1381605486083098 0.21386222473178995 0.020572811617587738 0.019198193111236588
0 0.17265026220250101 0.2140033879164314 0.05486083098023396 0.017786561264822136
0 0.19483662767244858 0.2183794466403162 0.031060911657926585 0.01693958215697346
0 0.2172246873739411 0.21329757199322416 0.03307785397337636 0.013269339356295878
0 0.23315853166599435 0.2134387351778656 0.018959257765227916 0.009599096555618294
0 0.26200080677692617 0.21357989836250707 0.04477611940298507 0.018633540372670808
0 0.2656313029447358 0.21357989836250707 0.004033884630899556 0.001976284584980237
0 0.2864058087938685 0.21470920383963862 0.02944735780556676 0.025691699604743084
0 0.3160548608309802 0.2134387351778656 0.04477611940298507 0.023150762281197064
0 0.3325937878176684 0.2134387351778656 0.022993142396127472 0.020045172219085264
0 0.3610326744655103 0.21908526256352343 0.043969342476805166 0.021174477696216828
0 0.3763614360629286 0.21936758893280633 0.021782977006857603 0.03500846979107849
0 0.4110528438886648 0.2204968944099379 0.06252521177894312 0.02258610954263128
0 0.4417103670835014 0.2149915302089215 0.0500201694231545 0.016092603049124788
0 0.4441306978620411 0.2171089779785432 0.004437273093989512 0.004799548277809147
0 0.08208955223880597 0.2381422924901186 0.02501008471157725 0.022868435911914172
0 0.11052843888664785 0.2456239412761152 0.04195240016135539 0.035290796160361376
0 0.17749092375958048 0.24463579898362506 0.11375554659136748 0.03274985883681536
0 0.21621621621621623 0.24520045172219085 0.05889471561113352 0.034161490683229816
0 0.2462686567164179 0.23983625070581593 0.040742234772085516 0.007905138339920948
0 0.2670431625655506 0.24548277809147373 0.02581686163775716 0.033314511575381144
0 0.3237192416296894 0.24025974025974026 0.09802339653085922 0.02710333145115754
0 0.3553852359822509 0.24011857707509882 0.04195240016135539 0.021174477696216828
0 0.38483259378781765 0.24025974025974026 0.04437273093989512 0.021174477696216828
0 0.4288019362646228 0.24082439299830605 0.07462686567164178 0.02456239412761152
0 0.4354578459056071 0.24280067758328627 0.00645421540943929 0.006211180124223602
0 0.08007260992335619 0.262987012987013 0.022993142396127472 0.01101072840203275
0 0.11617587736990723 0.2641163184641446 0.057684550221863654 0.023715415019762844
0 0.13372327551432028 0.2636928289102202 0.023396530859217425 0.020045172219085264
0 0.1708350141185962 0.2649632975719932 0.05647438483259379 0.017221908526256352
0 0.19705526421944333 0.26976284584980237 0.03227107704719645 0.03472614342179559
0 0.218233158531666 0.26990400903444384 0.02379991932230738 0.035290796160361376
0 0.24485679709560307 0.2651044607566347 0.033884630899556276 0.020327498588368152
0 0.25958047599838646 0.2641163184641446 0.016135538523598225 0.019198193111236588
0 0.2882210568777733 0.26468097120271034 0.040742234772085516 0.017786561264822136
0 0.3055667607906414 0.2686335403726708 0.024203307785397338 0.018351214003387916
0 0.32855990318676886 0.2651044607566347 0.0318676885841065 0.01383399209486166
0 0.3446954417103671 0.2707509881422925 0.019766034691407825 0.033314511575381144
0 0.36405808793868494 0.2649632975719932 0.022993142396127472 0.020327498588368152
0 0.40843081887858007 0.2715979672501412 0.07462686567164178 0.021174477696216828
0 0.42718838241226303 0.2717391304347826 0.02864058087938685 0.03190287972896669
0 0.0826946349334409 0.288961038961039 0.026220250100847116 0.020327498588368152
0 0.14199273900766438 0.29023150762281197 0.09519967728922953 0.028232636928289104
0 0.16236385639370715 0.2893845285149633 0.020976200080677694 0.01101072840203275
0 0.18313836224283986 0.2896668548842462 0.025413473174667203 0.020327498588368152
0 0.22125857200484067 0.2933370976849238 0.05889471561113352 0.02766798418972332
0 0.22710770471964503 0.2900903444381705 0.003227107704719645 0.001976284584980237
