0 0.23618394513916902 0.21739130434782608 0.16659943525615167 0.024280067758328628
0 0.354780153287616 0.2180971202710333 0.025413473174667203 0.020609824957651044
0 0.42960871319080274 0.22035573122529645 0.08471157724889068 0.021739130434782608
0 0.5486083098023397 0.21357989836250707 0.10891488503428802 0.016657255787690572
0 0.6732553448971359 0.2183794466403162 0.07745058491327148 0.023997741389045736
0 0.7807583703106091 0.2137210615471485 0.09802339653085922 0.014680971202710334
0 0.20693828156514724 0.2672219085262564 0.1355385235982251 0.029079616036137776
0 0.32210568777732956 0.26228119706380576 0.04719645018152481 0.01355166572557877
0 0.40116982654296085 0.26750423489553926 0.06655909640984267 0.025691699604743084
0 0.445139169019766 0.2701863354037267 0.002016942315449778 0.005081874647092038
0 0.4745865268253328 0.26171654432524 0.035901573215006054 0.014116318464144552
0 0.5312626058894716 0.26002258610954265 0.04759983864461476 0.014680971202710334
0 0.5808793868495361 0.2636928289102202 0.02581686163775716 0.01355166572557877
0 0.6204114562323517 0.2621400338791643 0.03711173860427592 0.013269339356295878
0 0.6893908834207342 0.2608695652173913 0.0782573618394514 0.01637492941840768
0 0.8079870915691811 0.2611518915866742 0.10810810810810811 0.01637492941840768
0 0.9092375958047599 0.26538678712591757 0.04759983864461476 0.010728402032749858
0 0.209156918112142 0.5117165443252399 0.13110125050423557 0.020609824957651044
0 0.3390480032271077 0.5190570299265952 0.05687777329568374 0.013269339356295878
0 0.45018152480839047 0.5148221343873518 0.12020976200080678 0.014963297571993224
0 0.554255748285599 0.5169395821569734 0.022589753933037516 0.01355166572557877
0 0.6339249697458653 0.5162337662337663 0.09156918112141993 0.012704686617730096
0 0.735982250907624 0.5148221343873518 0.04961678096006454 0.013269339356295878
0 0.7769261799112546 0.5242800677583286 0.003227107704719645 0.006211180124223602
0 0.8081887858007261 0.5170807453416149 0.04154901169826543 0.013269339356295878
0 0.8632513110125051 0.5176453980801807 0.03953206938281565 0.011575381140598532
0 0.9489713594191206 0.5119988706945229 0.09479628882613957 0.020045172219085264
