0 0.16579265832997175 0.20482778091473744 0.07260992335619201 0.029644268774703556
0 0.30052440500201694 0.22092038396386224 0.14360629286002422 0.03303218520609825
0 0.41508672851956435 0.20496894409937888 0.016135538523598225 0.024280067758328628
0 0.5016135538523598 0.20793337097684925 0.10770471964501815 0.03359683794466403
0 0.6006454215409439 0.2069452286843591 0.03711173860427592 0.03162055335968379
0 0.6571198063735377 0.2080745341614907 0.063735377168213 0.028232636928289104
0 0.7553448971359419 0.2165443252399774 0.08350141185962082 0.04178430265386787
0 0.8305768455022187 0.2090626764539808 0.04679306171843485 0.023433088650479956
0 0.20855183541750705 0.25903444381705254 0.12263009277934651 0.025691699604743084
0 0.3299717628075837 0.26242236024844723 0.05970149253731343 0.025691699604743084
0 0.42517144009681324 0.25889328063241107 0.0927793465106898 0.025409373235460192
0 0.5116982654296087 0.2607284020327499 0.038321903993545785 0.02456239412761152
0 0.5794675272287213 0.2632693393562959 0.03751512706736587 0.021174477696216828
0 0.6928196853569988 0.26651609260304915 0.14078257361839452 0.042348955392433656
0 0.8168616377571601 0.2619988706945229 0.04437273093989512 0.02258610954263128
0 0.16397741024606696 0.30886504799548276 0.05203711173860428 0.024844720496894408
0 0.2583703106091166 0.3111236589497459 0.08834207341670028 0.026538678712591756
0 0.4045986284792255 0.3123941276115189 0.14764017749092376 0.03698475437605872
0 0.5296490520371118 0.31211180124223603 0.03469140782573618 0.03303218520609825
0 0.5986284792254941 0.30759457933370976 0.05244050020169423 0.025691699604743084
0 0.7133924969745865 0.3090062111801242 0.13029447357805568 0.034161490683229816
0 0.800726099233562 0.32241671372106157 0.007260992335619202 0.015810276679841896
0 0.8594191206131505 0.3138057594579334 0.07866075030254134 0.029644268774703556
0 0.19846712384025816 0.3697063805759458 0.10649455425574829 0.027385657820440428
0 0.30233965308592176 0.3660361377752682 0.03993545784590561 0.014398644833427442
0 0.41589350544574427 0.3681535855448899 0.1371520774505849 0.04291360813099943
0 0.5484066155707946 0.36053077357425184 0.0754336425978217 0.02766798418972332
0 0.6601452198467124 0.367871259175607 0.08430818878580072 0.028797289666854884
0 0.7476805163372328 0.36180124223602483 0.0391286809197257 0.03020892151326934
0 0.23235175473981445 0.423630717108978 0.15248083904800322 0.059006211180124224
0 0.40419524001613555 0.4103613777526821 0.10972166196046793 0.029079616036137776
0 0.5280354981847519 0.41332580463015245 0.08793868495361033 0.028232636928289104
0 0.6599435256151674 0.41304347826086957 0.10568777732956837 0.02710333145115754
0 0.7660346914078258 0.41332580463015245 0.06292860024203308 0.026538678712591756
0 0.8499394917305365 0.41106719367588934 0.08955223880597014 0.026538678712591756
0 0.20250100847115773 0.4658385093167702 0.09923356192012908 0.04517221908526256
0 0.3029447357805567 0.4654150197628458 0.03065752319483663 0.01948051948051948
0 0.36789027833803956 0.4632975719932242 0.05970149253731343 0.024844720496894408
0 0.4836627672448568 0.4632975719932242 0.14602662363856395 0.0378317334839074
0 0.6232351754739814 0.46160361377752684 0.06212182331585317 0.021456804065499716
0 0.6887858007260992 0.46287408243929984 0.02218636546994756 0.016657255787690572
0 0.7888261395724082 0.47261434217955955 0.10851149657119806 0.050818746470920384
0 0.17022993142396128 0.5128458498023716 0.04921339249697459 0.021739130434782608
0 0.24263816054860832 0.5101637492941841 0.06171843485276321 0.030491247882552232
0 0.35699878983461075 0.5108695652173914 0.09439290036304962 0.028514963297571992
0 0.45885437676482455 0.5108695652173914 0.04154901169826543 0.023997741389045736
0 0.5300524405002017 0.5098814229249012 0.04921339249697459 0.029926595143986448
0 0.6054860830980234 0.5141163184641445 0.0645421540943929 0.020892151326933936
0 0.718233158531666 0.5248447204968945 0.12384025816861638 0.04686617730095991
