0 0.15974183138362244 0.20115753811405984 0.022589753933037516 0.03472614342179559
0 0.2254941508672852 0.2124505928853755 0.05163372327551432 0.017786561264822136
0 0.3473174667204518 0.20426312817617165 0.12989108511496572 0.03190287972896669
0 0.44917305365066557 0.20821569734613213 0.03751512706736587 0.035290796160361376
0 0.5647438483259378 0.21456804065499718 0.1508672851956434 0.05138339920948617
0 0.7083501411859621 0.20736871823828346 0.08390480032271078 0.027950310559006212
0 0.7841871722468737 0.20609824957651043 0.03872529245663574 0.030491247882552232
0 0.8501411859620814 0.20793337097684925 0.056070996369503835 0.027385657820440428
0 0.19927390076643808 0.26002258610954265 0.08390480032271078 0.039525691699604744
0 0.29164985881403793 0.2587521174477696 0.03953206938281565 0.03585544889892716
0 0.38221056877773296 0.27315076228119706 0.09398951189995966 0.032467532467532464
0 0.5040338846308996 0.25592885375494073 0.09398951189995966 0.029644268774703556
0 0.6060911657926583 0.2576228119706381 0.06897942718838242 0.023997741389045736
0 0.7309398951189996 0.26750423489553926 0.13392496974586526 0.048842461885940144
0 0.8523598225090763 0.26030491247882553 0.05808793868495361 0.024844720496894408
0 0.17769261799112546 0.3599661208356861 0.050423557886244454 0.026538678712591756
0 0.282170229931424 0.3567193675889328 0.1189995966115369 0.029644268774703556
0 0.37898346107301334 0.3577075098814229 0.0326744655102864 0.029926595143986448
0 0.45240016135538524 0.36589497459062675 0.07382008874546188 0.04178430265386787
0 0.5609116579265833 0.3608130999435347 0.07382008874546188 0.034443817052512704
0 0.6347317466720451 0.3591191417278374 0.04881000403388463 0.025409373235460192
0 0.7511093182734974 0.36688311688311687 0.14683340056474384 0.046583850931677016
0 0.8527632109721662 0.36377752682100506 0.02581686163775716 0.021739130434782608
0 0.21218233158531666 0.4088085827216262 0.11375554659136748 0.029361942405420668
0 0.31222267043162566 0.4140316205533597 0.03711173860427592 0.03698475437605872
0 0.372932634126664 0.41233766233766234 0.02218636546994756 0.012140033879164314
0 0.4592577652279145 0.4088085827216262 0.10044372730939895 0.029361942405420668
0 0.5881403791851553 0.4160079051383399 0.09762000806776926 0.04319593450028233
0 0.6924162968939088 0.41106719367588934 0.031060911657926585 0.03387916431394692
0 0.7656313029447358 0.40866741953698477 0.07018959257765228 0.029079616036137776
0 0.23134328358208955 0.46950875211744775 0.15449778136345302 0.02766798418972332
0 0.3537716821298911 0.4599096555618295 0.04033884630899556 0.025409373235460192
0 0.43586123436869706 0.4590626764539808 0.06494554255748286 0.028797289666854884
0 0.5592981040742234 0.4712027103331451 0.1383622428398548 0.04517221908526256
0 0.7166196046793062 0.46710897797854317 0.12141992739007665 0.04488989271597967
0 0.7872125857200484 0.4707792207792208 0.002016942315449778 0.001976284584980237
0 0.17587736990722067 0.508893280632411 0.0790641387656313 0.029644268774703556
0 0.31141589350544574 0.5100225861095427 0.1444130697862041 0.03020892151326934
0 0.4977813634530052 0.5214568040654998 0.16700282371924163 0.0502540937323546
0 0.6385639370713998 0.5136928289102202 0.042759177087535294 0.034161490683229816
0 0.6920129084308189 0.5194805194805194 0.030254134731746672 0.01355166572557877
0 0.8059701492537313 0.5206098249576511 0.14683340056474384 0.04743083003952569
0 0.20068576038725291 0.5684641445511011 0.10125050423557887 0.04601919819311124
0 0.3208955223880597 0.5628176171654432 0.08350141185962082 0.03472614342179559
0 0.44050020169423154 0.5609824957651045 0.09439290036304962 0.029926595143986448
0 0.5510286405808794 0.5614059853190287 0.06615570794675273 0.0251270468661773
0 0.6567164179104478 0.5645115753811406 0.0935861234368697 0.026821005081874648
0 0.7486889874949576 0.5673348390739695 0.024203307785397338 0.018351214003387916
0 0.24142799515933844 0.6096837944664032 0.18757563533682936 0.029644268774703556
0 0.38584106494554254 0.6108130999435347 0.03509479628882614 0.026821005081874648
0 0.45562726906010487 0.6106719367588933 0.05929810407422348 0.028797289666854884
0 0.5520371117386043 0.612789384528515 0.07301331181928197 0.03980801806888763
0 0.6569181121419927 0.6103896103896104 0.09640984267849939 0.03500846979107849
0 0.7426381605486083 0.6211180124223602 0.03227107704719645 0.038396386222473176
0 0.7979023799919323 0.6175889328063241 0.029043969342476807 0.016092603049124788
0 0.209156918112142 0.6661490683229814 0.11173860427591771 0.036420101637492944
0 0.30879386849536106 0.664455110107284 0.03428801936264623 0.03472614342179559
0 0.38664784187172246 0.6597967250141163 0.08108108108108109 0.030491247882552232
0 0.44776119402985076 0.6727837380011293 0.00645421540943929 0.01355166572557877
0 0.5258168616377572 0.6725014116318464 0.13916901976603469 0.03274985883681536
0 0.6575231948366277 0.6617730095990966 0.06776926179911255 0.029361942405420668
0 0.7736990722065349 0.6703839638622248 0.11536910044372731 0.017786561264822136
0 0.846107301331182 0.6773009599096556 0.0052440500201694235 0.002258610954263128
