0 310.04457442517145 739.0128458498024 0.0891488503428802 0.025691699604743084
0 590.0106897942719 758.0091756070017 0.021379588543767647 0.018351214003387916
0 657.0020169423154 808.0043760587239 0.004033884630899556 0.008752117447769622
0 724.0619201290843 739.0128458498024 0.12384025816861638 0.025691699604743084
0 1053.0024203307785 812.0052230378317 0.004840661557079467 0.010446075663466968
0 1129.0116982654297 780.0064935064935 0.023396530859217425 0.012987012987012988
0 1245.057684550222 739.0241389045736 0.11536910044372731 0.04827780914737437
0 1586.0330778539733 742.013410502541 0.06615570794675273 0.026821005081874648
0 1825.0530455828964 745.0131281761717 0.10609116579265833 0.026256352343308864
0 343.0308592174264 908.0131281761717 0.06171843485276321 0.026256352343308864
0 571.0290439693425 909.0201863354038 0.05808793868495361 0.040372670807453416
0 778.027027027027 907.0135516657256 0.05405405405405406 0.02710333145115754
0 975.0391286809197 930.011434217956 0.0782573618394514 0.022868435911914172
0 1238.0165389269866 959.0079051383399 0.03307785397337636 0.015810276679841896
0 1408.035901573215 908.0170807453416 0.07180314643001211 0.034161490683229816
0 1653.0518354175072 907.0152456239413 0.1036708350141186 0.030491247882552232
0 1966.0475998386446 924.0124223602485 0.09519967728922953 0.024844720496894408
0 343.02904396934247 1096.0201863354037 0.05808793868495361 0.040372670807453416
0 547.0363049616781 1085.018915866742 0.07260992335619201 0.0378317334839074
0 795.0187575635337 1093.012563523433 0.03751512706736587 0.0251270468661773
0 959.0792658329972 1123.0170807453417 0.15853166599435256 0.034161490683229816
0 1399.037716821299 1102.012987012987 0.0754336425978217 0.025974025974025976
0 1663.0841064945544 1085.0151044607567 0.16821298910851148 0.03020892151326934
0 2103.0012101653892 1179.0012704686617 0.0024203307785397336 0.002540937323546019
0 358.015530455829 1273.0138339920948 0.031060911657926585 0.02766798418972332
0 483.0092779346511 1302.0097402597403 0.01855586930213796 0.01948051948051948
0 593.0760387252925 1265.0167984189723 0.15207745058491326 0.03359683794466403
0 1036.0431625655506 1274.0146809712028 0.08632513110125051 0.029361942405420668
0 1319.0316659943526 1278.0131281761717 0.06333198870512304 0.026256352343308864
0 1545.0127067365872 1291.0104460756634 0.025413473174667203 0.020892151326933936
0 1657.0663574021783 1291.0201863354037 0.1327148043565954 0.040372670807453416
0 2036.0302541347316 1282.0134105025409 0.060508269463493344 0.026821005081874648
0 358.06070996369505 1445.0203274985884 0.12141992739007665 0.040654997176736304
0 715.0221863654699 1460.0119988706945 0.04437273093989512 0.023997741389045736
0 914.0348931020573 1434.0201863354037 0.06978620411456232 0.040372670807453416
0 1154.026623638564 1445.0143986448334 0.053247277127874144 0.028797289666854884
0 1345.0532472771279 1436.0155279503106 0.10649455425574829 0.031055900621118012
0 1685.0401371520775 1482.0162337662337 0.08027430415490117 0.032467532467532464
0 1955.0417507059299 1447.0162337662337 0.08350141185962082 0.032467532467532464
0 337.06837434449375 1631.0135516657256 0.13674868898749495 0.02710333145115754
0 767.0354981847519 1635.0136928289103 0.07099636950383219 0.027385657820440428
0 1017.0722065348931 1641.0115753811406 0.1444130697862041 0.023150762281197064
0 1441.0639370713998 1633.0197628458498 0.12787414279951592 0.039525691699604744
0 1781.0032271077048 1696.006634669678 0.00645421540943929 0.013269339356295878
0 1842.0302541347316 1676.0175042348956 0.060508269463493344 0.03500846979107849
0 2005.0010084711578 1720.0009881422925 0.002016942315449778 0.001976284584980237
0 2046.0185558693022 1644.0218802936195 0.03711173860427592 0.04376058723884811
0 328.04296087131905 2162.014116318464 0.08592174263816055 0.028232636928289104
0 604.0062525211779 2173.013833992095 0.012505042355788625 0.02766798418972332
0 647.0411456232351 2166.0179277244492 0.08229124647035095 0.03585544889892716
0 911.091770875353 2177.0136928289103 0.18354175070592982 0.027385657820440428
0 1449.038523598225 2179.012140033879 0.07704719645018153 0.024280067758328628
0 1683.028842275111 2177.0128458498025 0.057684550221863654 0.025691699604743084
0 1871.0542557482856 2178.0194805194806 0.10851149657119806 0.03896103896103896
0 357.06716417910445 2516.0142574816487 0.13432835820895522 0.028514963297571992
0 745.0179507866075 2534.01185770751 0.035901573215006054 0.023715415019762844
0 908.0576845502219 2531.019198193111 0.11536910044372731 0.038396386222473176
0 1260.060306575232 2521.016516092603 0.12061315046389673 0.03303218520609825
0 1639.0387252924565 2530.017363071711 0.07745058491327148 0.03472614342179559
0 1876.0808793868496 2556.0234330886506 0.1617587736990722 0.04686617730095991
