0 0.16599435256151673 0.20426312817617165 0.0754336425978217 0.028514963297571992
0 0.3021379588543768 0.21485036702428006 0.1500605082694635 0.034443817052512704
0 0.43686970552642196 0.20793337097684925 0.08309802339653086 0.028514963297571992
0 0.5195643404598629 0.20976849237718803 0.055667607906413875 0.023150762281197064
0 0.6070996369503833 0.20920383963862224 0.07341670028237192 0.03274985883681536
0 0.6601452198467124 0.21626199887069453 0.00927793465106898 0.0016939582156973462
0 0.6887858007260992 0.21781479390175043 0.038321903993545785 0.013269339356295878
0 0.8025413473174667 0.22134387351778656 0.145623235175474 0.044042913608131
0 0.18616377571601453 0.2694805194805195 0.09398951189995966 0.04432523997741389
0 0.2791448164582493 0.26468097120271034 0.04033884630899556 0.01383399209486166
0 0.33965308592174265 0.2587521174477696 0.05244050020169423 0.023433088650479956
0 0.4048003227107705 0.2676453980801807 0.04881000403388463 0.0378317334839074
0 0.47196450181524807 0.26468097120271034 0.03630496167809601 0.032467532467532464
0 0.5288422751109318 0.26129305477131565 0.04921339249697459 0.021174477696216828
0 0.6165792658329972 0.26651609260304915 0.09802339653085922 0.014116318464144552
0 0.6795078660750302 0.27343308865047994 0.003630496167809601 0.009881422924901186
0 0.7644211375554659 0.2597402597402597 0.12989108511496572 0.026538678712591756
0 0.8654699475594998 0.26030491247882553 0.03428801936264623 0.02258610954263128
0 0.190802743041549 0.31437041219649914 0.10407422347720856 0.03472614342179559
0 0.31141589350544574 0.31098249576510445 0.09197256958450989 0.026821005081874648
0 0.4255748285599032 0.3126764539808018 0.11214199273900767 0.021174477696216828
0 0.5381202097620008 0.3116883116883117 0.06292860024203308 0.020892151326933936
0 0.6129487696651875 0.3111236589497459 0.04961678096006454 0.024280067758328628
0 0.682129891085115 0.31154714850367027 0.05486083098023396 0.023997741389045736
0 0.7260992335619201 0.322557876905703 0.005647438483259379 0.012140033879164314
0 0.7747075433642597 0.3104178430265387 0.06010488100040339 0.023997741389045736
0 0.22065348931020573 0.36123658949745907 0.14764017749092376 0.023997741389045736
0 0.39653085921742637 0.36801242236024845 0.1661960467930617 0.037549407114624504
0 0.5350947962888262 0.3620835686053077 0.07220653489310205 0.022868435911914172
0 0.6026623638563937 0.3684359119141728 0.021782977006857603 0.014680971202710334
0 0.7014925373134329 0.3632128740824393 0.1290843081887858 0.025691699604743084
0 0.8370310609116579 0.36914172783738003 0.09439290036304962 0.039243365330321855
0 0.18253327954820492 0.5619706380575946 0.06333198870512304 0.023433088650479956
0 0.22408229124647036 0.5762281197063805 0.002016942315449778 0.001129305477131564
0 0.32654296087131907 0.571005081874647 0.14400968132311415 0.040372670807453416
0 0.49616780960064544 0.5694522868435912 0.11940298507462686 0.040654997176736304
0 0.6099233561920129 0.564652738565782 0.048406615570794675 0.03557312252964427
0 0.6974586526825333 0.5614059853190287 0.06857603872529246 0.029079616036137776
0 0.8130294473578056 0.5645115753811406 0.09398951189995966 0.034161490683229816
0 0.17587736990722067 0.6185770750988142 0.06212182331585317 0.014116318464144552
0 0.2698668818071803 0.6247882552230378 0.08309802339653086 0.050818746470920384
0 0.38321903993545786 0.6142010163749294 0.08874546187979024 0.026821005081874648
0 0.4868898749495764 0.6112365894974591 0.05405405405405406 0.02258610954263128
0 0.554457442517144 0.6132128740824393 0.043162565550625254 0.023715415019762844
0 0.6668011294876967 0.6223884810841332 0.11375554659136748 0.04319593450028233
0 0.7293263412666398 0.6226708074534162 0.004840661557079467 0.003105590062111801
