0 0.0954013715207745 0.11434217955957086 0.0572811617587737 0.010446075663466968
0 0.109116579265833 0.1144833427442123 0.015328761597418314 0.01355166572557877
0 0.12605889471561113 0.1144833427442123 0.028237192416296894 0.006775832862789385
0 0.17164179104477612 0.1147656691134952 0.08430818878580072 0.00846979107848673
0 0.18777732956837434 0.11391869000564653 0.018152480839048003 0.009316770186335404
0 0.2390076643807987 0.11758893280632411 0.09640984267849939 0.012422360248447204
0 0.27148043565954016 0.11420101637492942 0.052843888664784185 0.010446075663466968
0 0.30334812424364666 0.1147656691134952 0.05163372327551432 0.01355166572557877
0 0.3465106897942719 0.11589497459062677 0.0782573618394514 0.014963297571993224
0 0.3608309802339653 0.11363636363636363 0.017749092375958047 0.015527950310559006
0 0.4144816458249294 0.11533032185206098 0.09762000806776926 0.01693958215697346
0 0.43162565550625254 0.11377752682100509 0.02379991932230738 0.010163749294184076
0 0.11778943122226704 0.1422924901185771 0.09762000806776926 0.016092603049124788
0 0.12141992739007665 0.13975155279503104 0.0028237192416296895 0.002540937323546019
0 0.14400968132311415 0.1401750423489554 0.035901573215006054 0.012140033879164314
0 0.22690601048810005 0.14144551101072841 0.15449778136345302 0.014963297571993224
0 0.3075837031060912 0.14158667419536985 0.15167406212182333 0.014963297571993224
0 0.33965308592174265 0.14031620553359683 0.056070996369503835 0.010446075663466968
0 0.3828156514723679 0.14045736871823827 0.07664380798709157 0.014680971202710334
0 0.39955627269060107 0.14059853190287974 0.02864058087938685 0.010728402032749858
0 0.40843081887858007 0.13946922642574816 0.00927793465106898 0.00564652738565782
0 0.44493747478822104 0.13946922642574816 0.06413876563130294 0.01693958215697346
0 0.11859620814844696 0.1665725578769057 0.09640984267849939 0.014680971202710334
0 0.13533682936668012 0.16643139469226426 0.019766034691407825 0.011857707509881422
0 0.2029043969342477 0.16826651609260304 0.12101653892698669 0.022303783173348392
0 0.20693828156514724 0.16586674195369847 0.003227107704719645 0.003952569169960474
0 0.2579669221460266 0.1671372106154715 0.09197256958450989 0.018633540372670808
0 0.26764824526018555 0.16558441558441558 0.010488100040338847 0.006211180124223602
0 0.34409035901573215 0.16558441558441558 0.14521984671238403 0.012422360248447204
0 0.3872529245663574 0.1653020892151327 0.07220653489310205 0.014680971202710334
0 0.4037918515530456 0.16629023150762282 0.021379588543767647 0.011857707509881422
0 0.12989108511496572 0.19395821569734614 0.12263009277934651 0.015810276679841896
0 0.14663170633319886 0.191699604743083 0.024203307785397338 0.007340485601355167
0 0.17527228721258573 0.19085262563523434 0.052843888664784185 0.01383399209486166
0 0.18898749495764422 0.1907114624505929 0.020976200080677694 0.007340485601355167
0 0.22851956434045986 0.19057029926595143 0.06736587333602259 0.015245623941276116
0 0.245461879790238 0.191699604743083 0.02016942315449778 0.012704686617730096
0 0.3208955223880597 0.19184076792772445 0.13674868898749495 0.017504234895539244
0 0.34066155707946755 0.19141727837380013 0.029043969342476807 0.011575381140598532
0 0.36849536103267444 0.19127611518915866 0.04800322710770472 0.007058159232072276
0 0.37373941105284386 0.1922642574816488 0.003227107704719645 0.004234895539243365
0 0.42154094392900365 0.19085262563523434 0.09156918112141993 0.009034443817052512
0 0.44937474788221055 0.19000564652738566 0.04477611940298507 0.015245623941276116
0 0.16397741024606696 0.21668548842461885 0.18676885841064947 0.012987012987012988
0 0.16922146026623638 0.21739130434782608 0.0028237192416296895 0.004234895539243365
0 0.20673658733360226 0.21626199887069453 0.06292860024203308 0.015810276679841896
0 0.2373941105284389 0.21527385657820441 0.04437273093989512 0.008752117447769622
0 0.2882210568777733 0.21823828345567475 0.08955223880597014 0.016092603049124788
0 0.30697862041145624 0.21541501976284586 0.026623638563937072 0.009034443817052512
0 0.3301734570391287 0.21583850931677018 0.03993545784590561 0.011857707509881422
0 0.4062121823315853 0.21597967250141162 0.1383622428398548 0.015527950310559006
0 0.11738604275917709 0.24421230942970074 0.09439290036304962 0.017221908526256352
0 0.1936264622831787 0.24167137210615472 0.14320290439693426 0.01637492941840768
0 0.20976200080677693 0.2409655561829475 0.023396530859217425 0.014680971202710334
0 0.2418313836224284 0.24082439299830605 0.05244050020169423 0.012704686617730096
0 0.2880193626462283 0.24110671936758893 0.07946752722872126 0.010728402032749858
0 0.2920532472771279 0.24167137210615472 0.003630496167809601 0.0033879164313946925
0 0.3688987494957644 0.24280067758328627 0.1444130697862041 0.020609824957651044
0 0.4465510286405809 0.24364765669113495 0.13916901976603469 0.022303783173348392
0 0.4517950786607503 0.2419536984754376 0.004840661557079467 0.004799548277809147
0 0.13110125050423557 0.2689158667419537 0.12464703509479629 0.020045172219085264
0 0.15570794675272287 0.26651609260304915 0.03509479628882614 0.011857707509881422
0 0.1990722065348931 0.2663749294184077 0.07704719645018153 0.010728402032749858
0 0.254739814441307 0.26693958215697344 0.09762000806776926 0.015527950310559006
0 0.28620411456232353 0.2670807453416149 0.05203711173860428 0.012704686617730096
0 0.34772085518354173 0.26665725578769056 0.11133521581282775 0.01383399209486166
0 0.4201290843081888 0.265527950310559 0.13674868898749495 0.016657255787690572
0 0.4253731343283582 0.2670807453416149 0.004437273093989512 0.005081874647092038
0 0.11052843888664785 0.34443817052512704 0.08511496571198064 0.020327498588368152
0 0.13674868898749495 0.34189723320158105 0.03670835014118596 0.01101072840203275
0 0.17607906413876562 0.34217955957086393 0.06212182331585317 0.01129305477131564
0 0.20613150463896732 0.34203839638622247 0.045582896329164985 0.010163749294184076
0 0.2446551028640581 0.3448616600790514 0.063735377168213 0.012422360248447204
0 0.26502622025010086 0.3424618859401468 0.022589753933037516 0.015527950310559006
0 0.2874142799515934 0.3417560700169396 0.03630496167809601 0.010728402032749858
0 0.34751916095199675 0.3445793337097685 0.1073013311819282 0.014680971202710334
0 0.41407825736183945 0.34443817052512704 0.11738604275917709 0.019198193111236588
0 0.4191206131504639 0.34105025409373235 0.004437273093989512 0.002540937323546019
