0 366.0318676885841 723.0110107284021 0.063735377168213 0.0220214568040655
0 580.0389269866881 719.0153867871259 0.07785397337636143 0.03077357425183512
0 839.0139169019766 711.0156691134952 0.027833803953206938 0.031338226990400904
0 956.0163372327552 711.0117165443253 0.0326744655102864 0.023433088650479956
0 1084.04699475595 717.0158102766799 0.09398951189995966 0.03162055335968379
0 1362.011496571198 726.0170807453416 0.022993142396127472 0.034161490683229816
0 1461.0342880193627 731.0097402597403 0.06857603872529246 0.01948051948051948
0 1644.0016135538524 795.0025409373236 0.003227107704719645 0.005081874647092038
0 1679.049213392497 721.0141163184642 0.09842678499394918 0.028232636928289104
0 1976.015933844292 713.0172219085263 0.0318676885841065 0.034443817052512704
0 353.04638967325536 902.0125635234331 0.0927793465106898 0.0251270468661773
0 646.0528438886648 896.0115753811406 0.10568777732956837 0.023150762281197064
0 992.020371117386 922.0086109542631 0.040742234772085516 0.017221908526256352
0 1164.0379185155305 904.0097402597403 0.07583703106091166 0.01948051948051948
0 1425.0504235578862 890.0118577075099 0.10084711577248891 0.023715415019762844
0 1755.017345703913 927.0070581592321 0.03469140782573618 0.014116318464144552
0 1921.0139169019767 901.0145398080181 0.027833803953206938 0.029079616036137776
0 2050.030657523195 929.0079051383399 0.06131504638967326 0.015810276679841896
0 358.06716417910445 1076.0124223602484 0.13432835820895522 0.024844720496894408
0 751.0352964905204 1078.0142574816489 0.07059298104074223 0.028514963297571992
0 967.0548608309803 1083.016939582157 0.10972166196046793 0.03387916431394692
0 1305.0086728519564 1088.0094579333709 0.01734570391286809 0.0189158667419537
0 1410.012908430819 1073.0111518915867 0.02581686163775716 0.022303783173348392
0 1527.0187575635337 1079.0104460756634 0.03751512706736587 0.020892151326933936
0 1669.0324727712787 1077.0114342179559 0.06494554255748286 0.022868435911914172
0 1852.0016135538524 1141.0009881422925 0.003227107704719645 0.001976284584980237
0 1876.0506252521177 1073.0114342179559 0.10125050423557887 0.022868435911914172
0 357.0161355385236 1261.0155279503106 0.03227107704719645 0.031055900621118012
0 487.01936264622833 1270.0100225861095 0.03872529245663574 0.020045172219085264
0 652.0524405002017 1268.0101637492942 0.10488100040338846 0.020327498588368152
0 981.0193626462283 1287.0127046866178 0.03872529245663574 0.025409373235460192
0 1130.0506252521177 1257.0111518915867 0.10125050423557887 0.022303783173348392
0 1449.012908430819 1259.016516092603 0.02581686163775716 0.03303218520609825
0 1559.017345703913 1259.0114342179559 0.03469140782573618 0.022868435911914172
0 1722.0211778943121 1277.007058159232 0.04235578862444534 0.014116318464144552
0 1871.0334812424364 1265.0097402597403 0.06696248487293263 0.01948051948051948
0 339.06696248487293 1446.0156691134953 0.13392496974586526 0.031338226990400904
0 735.0197660346914 1448.010587238848 0.03953206938281565 0.021174477696216828
0 918.0486083098024 1446.0097402597403 0.09721661960467931 0.01948051948051948
0 1222.0143202904396 1435.0175042348956 0.02864058087938685 0.03500846979107849
0 1344.0473981444131 1427.0138339920948 0.09479628882613957 0.02766798418972332
0 1646.0344897135942 1440.0201863354037 0.06897942718838242 0.040372670807453416
0 363.0814844695442 1611.0201863354037 0.16296893908834206 0.040372670807453416
0 823.020371117386 1654.0128458498023 0.040742234772085516 0.025691699604743084
0 946.0020169423154 1672.0036702428006 0.004033884630899556 0.007340485601355167
0 999.0582896329165 1617.0175042348956 0.11657926583299717 0.03500846979107849
0 1351.0116982654297 1640.007058159232 0.023396530859217425 0.014116318464144552
0 1469.0076643807988 1649.0052230378317 0.015328761597418314 0.010446075663466968
0 1553.0716014521984 1613.0200451722192 0.14320290439693426 0.04009034443817053
0 1995.0149253731342 1613.0139751552795 0.029850746268656716 0.027950310559006212
0 2086.0191609519966 1613.0112930547714 0.038321903993545785 0.02258610954263128
0 375.02743041549013 1791.0119988706945 0.05486083098023396 0.023997741389045736
0 550.0615167406212 1795.0176453980803 0.12303348124243646 0.035290796160361376
0 863.0024203307786 1838.004376058724 0.004840661557079467 0.008752117447769622
0 907.0179507866075 1782.0128458498023 0.035901573215006054 0.025691699604743084
0 1080.0231948366277 1788.0124223602484 0.0463896732553449 0.024844720496894408
0 1260.022589753933 1787.0121400338792 0.04517950786607503 0.024280067758328628
0 1413.0213795885438 1788.011010728402 0.042759177087535294 0.0220214568040655
0 1587.0123033481243 1796.0108695652175 0.024606696248487294 0.021739130434782608
0 1694.0379185155305 1783.0119988706945 0.07583703106091166 0.023997741389045736
0 1958.0205728116175 1782.0122811970639 0.041145623235175476 0.02456239412761152
0 386.05324727712787 1981.0108695652175 0.10649455425574829 0.021739130434782608
0 739.0471964501816 2003.0132693393564 0.09439290036304962 0.026538678712591756
0 998.0018152480839 2039.0018351214003 0.003630496167809601 0.0036702428006775835
