0 0.12222670431625655 0.10897797854319594 0.09640984267849939 0.034161490683229816
0 0.14784187172246874 0.10601355166572558 0.0326744655102864 0.024844720496894408
0 0.20572811617587736 0.10431959345002824 0.09318273497377975 0.029361942405420668
0 0.3055667607906414 0.10615471485036702 0.16337232755143202 0.02766798418972332
0 0.31323114158935056 0.10615471485036702 0.0024203307785397336 0.00846979107848673
0 0.3574021782977007 0.10756634669678147 0.07059298104074223 0.028514963297571992
0 0.409035901573215 0.10587238848108413 0.08713190802743041 0.034443817052512704
0 0.16841468334005646 0.13410502540937325 0.1899959661153691 0.029926595143986448
0 0.20976200080677693 0.13043478260869565 0.0645421540943929 0.024844720496894408
0 0.25312626058894716 0.13114059853190288 0.063735377168213 0.021456804065499716
0 0.2972972972972973 0.13382269904009034 0.06494554255748286 0.029079616036137776
0 0.35760387252924564 0.1324110671936759 0.10528438886647842 0.026821005081874648
0 0.40782573618394513 0.1302936194240542 0.09076240419524001 0.023997741389045736
0 0.10266236385639371 0.15894974590626765 0.05647438483259379 0.025409373235460192
0 0.16518757563533684 0.15739695087521174 0.10246066962484873 0.023715415019762844
0 0.18616377571601453 0.15542066629023152 0.025413473174667203 0.01948051948051948
0 0.2117789431222267 0.15612648221343872 0.038321903993545785 0.023433088650479956
0 0.24667204517950786 0.15683229813664595 0.051230334812424366 0.009599096555618294
0 0.291246470350948 0.15584415584415584 0.07059298104074223 0.020045172219085264
0 0.2952803549818475 0.1572557876905703 0.0028237192416296895 0.00818746470920384
0 0.35760387252924564 0.15894974590626765 0.11375554659136748 0.027950310559006212
0 0.418112141992739 0.15429136081309994 0.10326744655102864 0.023997741389045736
0 0.4334409035901573 0.15640880858272163 0.022993142396127472 0.028232636928289104
0 0.13533682936668012 0.208498023715415 0.11617587736990723 0.029926595143986448
0 0.1762807583703106 0.20821569734613213 0.06575231948366277 0.029926595143986448
0 0.181726502622025 0.2090626764539808 0.0028237192416296895 0.00818746470920384
0 0.2563533682936668 0.21019198193111235 0.1335215812827753 0.03303218520609825
0 0.31887858007260994 0.20793337097684925 0.09116579265832997 0.026256352343308864
0 0.36849536103267444 0.20793337097684925 0.07462686567164178 0.03190287972896669
0 0.3743444937474788 0.2080745341614907 0.0028237192416296895 0.009881422924901186
0 0.43485276321097216 0.21075663466967814 0.11577248890681727 0.037549407114624504
0 0.4396934247680516 0.2069452286843591 0.003630496167809601 0.001976284584980237
0 0.11032674465510287 0.26044607566346695 0.05889471561113352 0.025974025974025976
0 0.1736587333602259 0.2607284020327499 0.09076240419524001 0.027385657820440428
0 0.2156111335215813 0.26044607566346695 0.0681726502622025 0.03190287972896669
0 0.24162968939088342 0.25804630152456237 0.018152480839048003 0.012140033879164314
0 0.2989108511496571 0.25663466967814796 0.11214199273900767 0.02766798418972332
0 0.363251311012505 0.26044607566346695 0.10649455425574829 0.021739130434782608
0 0.399959661153691 0.25917560700169395 0.0500201694231545 0.03020892151326934
0 0.427390076643808 0.2583286278938453 0.03146430012101654 0.03162055335968379
0 0.12323517547398144 0.2876905702992659 0.08108108108108109 0.032467532467532464
0 0.17466720451795079 0.2885375494071146 0.08430818878580072 0.023150762281197064
0 0.21944332392093585 0.2834556747600226 0.07503025413473174 0.024280067758328628
0 0.3206938281565147 0.2824675324675325 0.1827349737797499 0.025691699604743084
0 0.33662767244856795 0.28091473743647655 0.01008471157724889 0.001976284584980237
0 0.3898749495764421 0.2821852060982496 0.09479628882613957 0.0251270468661773
0 0.41609519967728925 0.28204404291360813 0.03227107704719645 0.013269339356295878
0 0.12404195240016136 0.3104178430265387 0.0826946349334409 0.027950310559006212
0 0.15449778136345302 0.30971202710333146 0.030254134731746672 0.010728402032749858
0 0.18031464300121017 0.3094297007340486 0.033481242436466316 0.0251270468661773
0 0.2281161758773699 0.3092885375494071 0.060508269463493344 0.024844720496894408
0 0.27511093182734975 0.308300395256917 0.060508269463493344 0.012422360248447204
0 0.3021379588543768 0.3073122529644269 0.03751512706736587 0.009034443817052512
0 0.33400564743848327 0.3111236589497459 0.04154901169826543 0.027950310559006212
0 0.4219443323920936 0.31084133258046304 0.15490116982654295 0.03162055335968379
0 0.4292053247277128 0.307029926595144 0.0028237192416296895 0.001411631846414455
