0 102.03327954820492 2130.0124223602484 0.06655909640984267 0.024844720496894408
0 357.0484066155708 2128.0124223602484 0.09681323114158935 0.024844720496894408
0 635.0145219846712 2121.013269339356 0.029043969342476807 0.026538678712591756
0 782.0441710367083 2110.017786561265 0.08834207341670028 0.03557312252964427
0 1066.0687777329567 2103.0208921513267 0.13755546591367487 0.04178430265386787
0 1449.0280354981849 2162.0057876905703 0.056070996369503835 0.011575381140598532
0 1639.0518354175072 2091.020609824958 0.1036708350141186 0.04121964991530209
0 1935.0149253731342 2159.0049407114625 0.029850746268656716 0.009881422924901186
0 2024.028842275111 2091.020045172219 0.057684550221863654 0.04009034443817053
0 2187.0149253731342 2165.0064935064934 0.029850746268656716 0.012987012987012988
0 102.04699475594998 2487.011434217956 0.09398951189995966 0.022868435911914172
0 425.05264219443325 2480.0139751552797 0.10528438886647842 0.027950310559006212
0 746.0171440096814 2494.0108695652175 0.03428801936264623 0.021739130434782608
0 876.0334812424364 2459.015245623941 0.06696248487293263 0.030491247882552232
0 1110.0080677692617 2522.005505364201 0.016135538523598225 0.01101072840203275
0 1200.0397337636143 2459.013410502541 0.07946752722872126 0.026821005081874648
0 1473.0098830173456 2483.0104460756634 0.019766034691407825 0.020892151326933936
0 1561.0177490923759 2466.012704686618 0.035498184751916094 0.025409373235460192
0 1729.0308592174263 2509.0064935064934 0.06171843485276321 0.012987012987012988
0 1933.0334812424364 2471.012140033879 0.06696248487293263 0.024280067758328628
0 2113.001411859621 2547.0021174477697 0.0028237192416296895 0.004234895539243365
