0 0.17406212182331585 0.21456804065499718 0.051230334812424366 0.024280067758328628
0 0.2561516740621218 0.21894409937888198 0.07099636950383219 0.031338226990400904
0 0.3344090359015732 0.21852060982495766 0.03227107704719645 0.019762845849802372
0 0.41427995159338443 0.21301524562394128 0.0790641387656313 0.014963297571993224
0 0.509479628882614 0.21146245059288538 0.07341670028237192 0.01693958215697346
0 0.599838644614764 0.2100508187464709 0.05808793868495361 0.01693958215697346
0 0.7398144413069786 0.2180971202710333 0.1661960467930617 0.014963297571993224
0 0.8311819281968535 0.22233201581027667 0.010891488503428802 0.006493506493506494
0 0.1865671641791045 0.2686335403726708 0.07301331181928197 0.023997741389045736
0 0.2789431222267043 0.26256352343308864 0.04719645018152481 0.019762845849802372
0 0.35619201290843083 0.26538678712591757 0.063735377168213 0.02258610954263128
0 0.49173053650665594 0.26439864483342745 0.17103670835014118 0.0251270468661773
0 0.6206131504638968 0.2627046866177301 0.05929810407422348 0.016657255787690572
0 0.6805163372327552 0.2598814229249012 0.022589753933037516 0.014963297571993224
0 0.7626058894715612 0.2621400338791643 0.0899556272690601 0.018351214003387916
0 0.16478418717224688 0.313382269904009 0.0463896732553449 0.024280067758328628
0 0.2446551028640581 0.31648785996612083 0.08430818878580072 0.014680971202710334
0 0.40298507462686567 0.314652738565782 0.17749092375958048 0.01948051948051948
0 0.4937474788221057 0.32382834556747603 0.00645421540943929 0.004517221908526256
0 0.5516337232755143 0.3142292490118577 0.0754336425978217 0.01637492941840768
0 0.6514723678902783 0.3126764539808018 0.07745058491327148 0.017221908526256352
0 0.7678499394917305 0.31733483907396953 0.10528438886647842 0.020327498588368152
0 0.1772892295280355 0.3634952004517222 0.06252521177894312 0.022868435911914172
0 0.2382008874546188 0.36801242236024845 0.031060911657926585 0.012140033879164314
0 0.318273497377975 0.36928289102202144 0.0782573618394514 0.012422360248447204
0 0.3898749495764421 0.36829474872953133 0.027833803953206938 0.009881422924901186
0 0.44352561516740624 0.36716544325239975 0.030254134731746672 0.017221908526256352
0 0.5375151270673659 0.36773009599096557 0.09721661960467931 0.022303783173348392
0 0.6486486486486487 0.3622247317899492 0.08390480032271078 0.020327498588368152
0 0.7214602662363856 0.36151891586674195 0.026220250100847116 0.014963297571993224
0 0.7942718838241226 0.36363636363636365 0.08390480032271078 0.015810276679841896
0 0.19766034691407824 0.41770186335403725 0.100040338846309 0.026821005081874648
0 0.29144816458249295 0.41544325239977414 0.051230334812424366 0.014398644833427442
0 0.3501411859620815 0.4148785996612084 0.03227107704719645 0.014963297571993224
0 0.44130697862041146 0.41869000564652736 0.09681323114158935 0.029361942405420668
0 0.581686163775716 0.41741953698475437 0.1371520774505849 0.02456239412761152
0 0.6536910044372731 0.42165443252399776 0.0052440500201694235 0.002540937323546019
0 0.6986688180718031 0.41106719367588934 0.042759177087535294 0.0220214568040655
0 0.754739814441307 0.4153020892151327 0.028237192416296894 0.014116318464144552
0 0.8118192819685357 0.41332580463015245 0.04154901169826543 0.01637492941840768
0 0.1772892295280355 0.4666854884246189 0.06575231948366277 0.014116318464144552
0 0.2462686567164179 0.46908526256352345 0.0326744655102864 0.021739130434782608
0 0.3380395320693828 0.4662619988706945 0.1218233158531666 0.021739130434782608
0 0.4485679709560307 0.4662619988706945 0.0572811617587737 0.009881422924901186
0 0.5631302944735781 0.46795595708639187 0.136345300524405 0.017786561264822136
0 0.6811214199273901 0.466403162055336 0.0609116579265833 0.020327498588368152
0 0.7166196046793062 0.4785431959345003 0.00927793465106898 0.007905138339920948
0 0.7650262202501008 0.4645680406549972 0.051230334812424366 0.017786561264822136
0 0.18676885841064947 0.5686053077357425 0.07422347720855184 0.02258610954263128
0 0.2791448164582493 0.5669113495200452 0.05486083098023396 0.025409373235460192
0 0.3709156918112142 0.5632411067193676 0.07220653489310205 0.021456804065499716
0 0.4681323114158935 0.5667701863354038 0.0681726502622025 0.02456239412761152
0 0.5536506655909641 0.5669113495200452 0.056070996369503835 0.01129305477131564
0 0.655304558289633 0.5704404291360813 0.10609116579265833 0.023997741389045736
0 0.7575635336829367 0.5652173913043478 0.06212182331585317 0.020327498588368152
0 0.8011294876966518 0.5734048560135516 0.003227107704719645 0.005081874647092038
0 0.8400564743848326 0.5625352907961604 0.0463896732553449 0.022868435911914172
0 0.17386042759177087 0.6177300959909655 0.053247277127874144 0.017504234895539244
0 0.23880597014925373 0.6219649915302089 0.033884630899556276 0.021456804065499716
0 0.3126260588947156 0.6174477696216827 0.07422347720855184 0.018633540372670808
0 0.4100443727309399 0.6154714850367025 0.07624041952400161 0.018633540372670808
0 0.5764421137555465 0.6175889328063241 0.18394513916901978 0.026821005081874648
0 0.7105687777329568 0.6177300959909655 0.043162565550625254 0.019762845849802372
0 0.7775312626058895 0.614059853190288 0.04881000403388463 0.019762845849802372
0 0.8501411859620814 0.6250705815923208 0.0609116579265833 0.0220214568040655
0 0.18071803146430013 0.6681253529079616 0.063735377168213 0.027385657820440428
0 0.25534489713594194 0.6668548842461886 0.022589753933037516 0.014680971202710334
0 0.33844292053247277 0.6692546583850931 0.07341670028237192 0.015527950310559006
0 0.44029850746268656 0.6696781479390175 0.07059298104074223 0.014680971202710334
0 0.5423557886244453 0.6662902315076228 0.08592174263816055 0.019198193111236588
0 0.6478418717224688 0.6733483907396951 0.07018959257765228 0.02710333145115754
0 0.7446551028640581 0.6746188594014682 0.09439290036304962 0.021174477696216828
0 0.8487293263412666 0.6716544325239977 0.07180314643001211 0.010728402032749858
0 0.17749092375958048 0.7192264257481649 0.05647438483259379 0.014398644833427442
0 0.28862444534086323 0.7224731789949181 0.12948769665187576 0.023715415019762844
0 0.44332392093586126 0.7190852625635235 0.13392496974586526 0.018068887634105024
0 0.5742234772085518 0.717391304347826 0.06333198870512304 0.011857707509881422
0 0.7115772488906817 0.715132693393563 0.15409439290036306 0.019198193111236588
0 0.8559903186768858 0.7190852625635235 0.10407422347720856 0.019198193111236588
0 0.9124647035094796 0.7241671372106154 0.004033884630899556 0.002258610954263128
