0 0.08350141185962082 0.10813099943534726 0.029043969342476807 0.023150762281197064
0 0.11718434852763211 0.10643704121964992 0.04235578862444534 0.017786561264822136
0 0.1809197256958451 0.10714285714285714 0.10649455425574829 0.017786561264822136
0 0.22065348931020573 0.10587238848108413 0.05445744251714401 0.015810276679841896
0 0.24505849132714805 0.10502540937323546 0.02501008471157725 0.014116318464144552
0 0.29386849536103266 0.10601355166572558 0.07341670028237192 0.017786561264822136
0 0.32654296087131907 0.10728402032749859 0.03630496167809601 0.023715415019762844
0 0.35135135135135137 0.10460191981931112 0.038321903993545785 0.01693958215697346
0 0.40237999193223073 0.10544889892715979 0.07462686567164178 0.0189158667419537
0 0.08834207341670028 0.13325804630152457 0.03670835014118596 0.018068887634105024
0 0.145421540943929 0.13848108413325805 0.08753529649052037 0.025409373235460192
0 0.19866881807180314 0.13354037267080746 0.08713190802743041 0.019762845849802372
0 0.2319483662767245 0.13128176171654432 0.04356595401371521 0.016657255787690572
0 0.2874142799515934 0.1318464144551101 0.08834207341670028 0.018351214003387916
0 0.30899556272690604 0.1305759457933371 0.023396530859217425 0.01637492941840768
0 0.3519564340459863 0.13481084133258045 0.06615570794675273 0.018633540372670808
0 0.3567970956030658 0.13099943534726144 0.006857603872529245 0.005928853754940711
0 0.40318676885841065 0.13283455674760022 0.08229124647035095 0.024280067758328628
0 0.11879790237999194 0.15965556182947488 0.09883017345703912 0.019198193111236588
0 0.14965711980637353 0.15824392998306042 0.035901573215006054 0.017221908526256352
0 0.2345703912868092 0.16304347826086957 0.1371520774505849 0.027950310559006212
0 0.2628075837031061 0.15979672501411632 0.033884630899556276 0.023150762281197064
0 0.33319887051230335 0.16050254093732355 0.118192819685357 0.024844720496894408
0 0.4045986284792255 0.16233766233766234 0.11940298507462686 0.027385657820440428
0 0.14320290439693426 0.18675889328063242 0.14400968132311415 0.023715415019762844
0 0.2210568777732957 0.18224167137210615 0.12101653892698669 0.015810276679841896
0 0.22730939895118998 0.18252399774138905 0.00645421540943929 0.005928853754940711
0 0.28136345300524407 0.18379446640316205 0.0891488503428802 0.023997741389045736
0 0.3555869302137959 0.18026538678712592 0.11093182734973779 0.016092603049124788
0 0.38321903993545786 0.18040654997176736 0.026220250100847116 0.01355166572557877
0 0.11254538120209762 0.20821569734613213 0.08632513110125051 0.017786561264822136
0 0.1609519967728923 0.21174477696216826 0.08229124647035095 0.017786561264822136
0 0.1946349334409036 0.20680406549971767 0.03670835014118596 0.016092603049124788
0 0.26220250100847114 0.20948616600790515 0.11698265429608713 0.016092603049124788
0 0.28620411456232353 0.20609824957651043 0.02581686163775716 0.007058159232072276
0 0.3140379185155305 0.20609824957651043 0.03670835014118596 0.01693958215697346
0 0.3797902379991932 0.21089779785431959 0.1073013311819282 0.026256352343308864
0 0.12041145623235175 0.23715415019762845 0.09519967728922953 0.026538678712591756
0 0.1254538120209762 0.23404856013551667 0.008874546187979023 0.009034443817052512
0 0.15147236789027835 0.23221343873517786 0.03227107704719645 0.018351214003387916
0 0.2172246873739411 0.237012987012987 0.10851149657119806 0.028797289666854884
0 0.25231948366276724 0.23517786561264822 0.03670835014118596 0.026821005081874648
0 0.30354981847519164 0.2305194805194805 0.07987091569181122 0.015527950310559006
0 0.34187172246873737 0.2300959909655562 0.05808793868495361 0.01383399209486166
0 0.3949173053650666 0.23080180688876342 0.07704719645018153 0.018068887634105024
0 0.12323517547398144 0.25917560700169395 0.1073013311819282 0.018351214003387916
0 0.13049616780960063 0.2605872388481084 0.010891488503428802 0.007340485601355167
0 0.1690197660346914 0.2576228119706381 0.05526421944332392 0.016657255787690572
0 0.20431625655506253 0.2567758328627894 0.040742234772085516 0.017504234895539244
0 0.2688584106494554 0.26129305477131565 0.10851149657119806 0.02710333145115754
0 0.2987091569181121 0.2611518915866742 0.03469140782573618 0.026821005081874648
0 0.35962081484469544 0.2562111801242236 0.09560306575231949 0.018068887634105024
0 0.4199273900766438 0.256352343308865 0.09560306575231949 0.01637492941840768
0 0.42416296893908834 0.26016374929418407 0.01290843081887858 0.009034443817052512
0 0.1446147640177491 0.28642010163749293 0.1399757966922146 0.023433088650479956
0 0.16821298910851148 0.2821852060982496 0.02379991932230738 0.012987012987012988
0 0.19685356998789835 0.2816205533596838 0.035498184751916094 0.01637492941840768
0 0.26845502218636547 0.28642010163749293 0.118192819685357 0.025974025974025976
0 0.32109721661960466 0.28091473743647655 0.07785397337636143 0.015245623941276116
0 0.3293666801129488 0.28402032749858835 0.009681323114158934 0.00818746470920384
0 0.3688987494957644 0.28190287972896666 0.045986284792254944 0.017504234895539244
0 0.427390076643808 0.28176171654432525 0.08551835417507059 0.015245623941276116
0 0.08753529649052037 0.30886504799548276 0.028237192416296894 0.019762845849802372
0 0.16296893908834206 0.31126482213438733 0.13029447357805568 0.023997741389045736
0 0.19604679306171843 0.31211180124223603 0.055667607906413875 0.024844720496894408
0 0.3027430415490117 0.31126482213438733 0.1791044776119403 0.023997741389045736
0 0.33400564743848327 0.3081592320722755 0.02581686163775716 0.01693958215697346
0 0.40540540540540543 0.30844155844155846 0.1145623235175474 0.018351214003387916
0 0.10286405808793868 0.3359683794466403 0.06252521177894312 0.01948051948051948
0 0.14945542557482855 0.3370976849237719 0.0653489310205728 0.02456239412761152
0 0.2525211778943122 0.3372388481084133 0.18233158531665994 0.0189158667419537
0 0.2603872529245664 0.33243929983060416 0.004437273093989512 0.002258610954263128
