0 378.0252117789431 685.0098814229249 0.050423557886244454 0.019762845849802372
0 543.0480032271078 692.0091756070017 0.09600645421540945 0.018351214003387916
0 863.0175473981444 683.0091756070017 0.03509479628882614 0.018351214003387916
0 993.0510286405809 690.0086109542631 0.10205728116175877 0.017221908526256352
0 1305.0443727309398 677.009457933371 0.08874546187979024 0.0189158667419537
0 1564.0467930617185 712.0079051383399 0.0935861234368697 0.015810276679841896
0 1860.0278338039532 679.0084697910785 0.055667607906413875 0.01693958215697346
0 386.03569987898345 871.0083286278939 0.07139975796692215 0.016657255787690572
0 658.0348931020573 870.0070581592321 0.06978620411456232 0.014116318464144552
0 896.015933844292 862.0080463015246 0.0318676885841065 0.016092603049124788
0 1040.0716014521984 861.0117165443253 0.14320290439693426 0.023433088650479956
0 1480.0246066962484 864.0083286278939 0.04921339249697459 0.016657255787690572
0 1712.027027027027 861.0086109542631 0.05405405405405406 0.017221908526256352
0 1904.027027027027 889.0057876905703 0.05405405405405406 0.011575381140598532
0 389.0320693828157 1052.0080463015245 0.06413876563130294 0.016092603049124788
0 634.0371117386043 1045.01185770751 0.07422347720855184 0.023715415019762844
0 899.020371117386 1049.00790513834 0.040742234772085516 0.015810276679841896
0 1098.0034288019363 1039.0022586109542 0.006857603872529245 0.004517221908526256
0 1096.0365066559095 1040.0127046866178 0.07301331181928197 0.025409373235460192
0 1318.00524405002 1039.0022586109542 0.010488100040338847 0.004517221908526256
0 1370.0191609519968 1043.0077639751553 0.038321903993545785 0.015527950310559006
0 1496.047801532876 1042.0112930547714 0.09560306575231949 0.02258610954263128
0 1737.0038321903994 1089.0031055900622 0.007664380798709157 0.006211180124223602
0 1811.0123033481243 1046.0073404856014 0.024606696248487294 0.014680971202710334
0 1931.0169423154498 1044.00790513834 0.033884630899556276 0.015810276679841896
0 394.02722872125855 1251.0045172219086 0.05445744251714401 0.009034443817052512
0 596.0395320693829 1223.007481648786 0.0790641387656313 0.014963297571993224
0 865.020371117386 1225.0073404856014 0.040742234772085516 0.014680971202710334
0 1040.0764421137555 1219.0108695652175 0.15288422751109318 0.021739130434782608
0 1493.0256151674062 1217.007058159232 0.051230334812424366 0.014116318464144552
0 1650.0601048810004 1218.0121400338792 0.12020976200080678 0.024280067758328628
0 1971.0197660346914 1239.0097402597403 0.03953206938281565 0.01948051948051948
0 394.01895925776523 1430.0047995482778 0.03791851553045583 0.009599096555618294
0 553.0421540943929 1408.0136928289103 0.08430818878580072 0.027385657820440428
0 860.0076643807987 1397.0087521174478 0.015328761597418314 0.017504234895539244
0 904.0116982654296 1403.006634669678 0.023396530859217425 0.013269339356295878
0 1037.0298507462687 1420.0047995482778 0.05970149253731343 0.009599096555618294
0 1262.0350947962888 1401.007481648786 0.07018959257765228 0.014963297571993224
0 1518.0272287212586 1408.0071993224167 0.05445744251714401 0.014398644833427442
0 1732.0183541750705 1404.0081874647092 0.03670835014118596 0.01637492941840768
0 1891.0480032271078 1404.0077639751553 0.09600645421540945 0.015527950310559006
0 376.05990318676885 1596.0071993224167 0.11980637353771682 0.014398644833427442
0 685.0072609923357 1577.0104460756634 0.014521984671238403 0.020892151326933936
0 781.0534489713594 1577.0119988706945 0.10689794271883823 0.023997741389045736
0 1154.0405405405406 1570.0081874647092 0.08108108108108109 0.01637492941840768
0 1447.0153287615974 1570.0117165443253 0.03065752319483663 0.023433088650479956
0 1573.0504235578862 1578.0114342179559 0.10084711577248891 0.022868435911914172
0 1896.0264219443325 1573.009034443817 0.052843888664784185 0.018068887634105024
0 2058.024405002017 1611.005928853755 0.04881000403388463 0.011857707509881422
0 419.05244050020167 1946.009034443817 0.10488100040338846 0.018068887634105024
0 721.0018152480839 1999.0012704686617 0.003630496167809601 0.002540937323546019
