0 402.02924566357405 778.0062111801242 0.058491327148043566 0.012422360248447204
0 612.0072609923357 780.0063523433089 0.014521984671238403 0.012704686617730096
0 698.0046389673255 778.005505364201 0.00927793465106898 0.01101072840203275
0 792.0306575231948 780.0067758328628 0.06131504638967326 0.01355166572557877
0 1013.0106897942719 784.005928853755 0.021379588543767647 0.011857707509881422
0 1126.0262202501008 780.0069169960474 0.05244050020169423 0.01383399209486166
0 1314.0342880193627 803.0088932806324 0.06857603872529246 0.017786561264822136
0 1538.0473981444131 783.0121400338792 0.09479628882613957 0.024280067758328628
0 1835.0058491327147 814.0023997741389 0.011698265429608713 0.004799548277809147
0 1914.0268253327954 797.0091756070017 0.0536506655909641 0.018351214003387916
0 395.04235578862443 964.0063523433089 0.08471157724889068 0.012704686617730096
0 666.0068576038725 969.0053642010164 0.01371520774505849 0.010728402032749858
0 773.0139169019766 960.0064935064935 0.027833803953206938 0.012987012987012988
0 911.0379185155305 964.005928853755 0.07583703106091166 0.011857707509881422
0 1178.0395320693829 962.0067758328628 0.0790641387656313 0.01355166572557877
0 1446.0320693828157 955.0071993224167 0.06413876563130294 0.014398644833427442
0 1673.0211778943121 964.0060700169396 0.04235578862444534 0.012140033879164314
0 1846.0240016135538 962.0063523433089 0.04800322710770472 0.012704686617730096
0 2029.0068576038725 963.0057876905703 0.01371520774505849 0.011575381140598532
0 392.03691004437275 1139.0067758328628 0.07382008874546188 0.01355166572557877
0 653.0167406212182 1147.006634669678 0.033481242436466316 0.013269339356295878
0 803.0179507866075 1145.0060700169395 0.035901573215006054 0.012140033879164314
0 963.0175473981444 1163.0031055900622 0.03509479628882614 0.006211180124223602
0 1125.0205728116175 1140.0108695652175 0.041145623235175476 0.021739130434782608
0 1311.0086728519564 1139.0062111801242 0.01734570391286809 0.012422360248447204
0 1413.0256151674062 1141.005928853755 0.051230334812424366 0.011857707509881422
0 1604.008874546188 1169.002399774139 0.017749092375958047 0.004799548277809147
0 1719.0161355385235 1145.0056465273856 0.03227107704719645 0.01129305477131564
0 1879.020371117386 1146.005928853755 0.040742234772085516 0.011857707509881422
0 380.05123033481243 1314.0124223602484 0.10246066962484873 0.024844720496894408
0 717.0258168616377 1320.0060700169395 0.05163372327551432 0.012140033879164314
0 888.0010084711578 1362.0022586109542 0.002016942315449778 0.004517221908526256
0 963.0080677692617 1343.0032467532467 0.016135538523598225 0.006493506493506494
0 1080.0125050423558 1339.0031055900622 0.02501008471157725 0.006211180124223602
0 1217.0348931020574 1342.00790513834 0.06978620411456232 0.015810276679841896
0 1466.0687777329567 1313.0076228119706 0.13755546591367487 0.015245623941276116
0 1880.0373134328358 1317.0069169960475 0.07462686567164178 0.01383399209486166
0 2089.0010084711575 1359.0008469791078 0.002016942315449778 0.0016939582156973462
0 404.03650665590965 1693.0093167701864 0.07301331181928197 0.018633540372670808
0 661.049213392497 1670.0115753811406 0.09842678499394918 0.023150762281197064
0 988.0157321500606 1676.0069169960475 0.03146430012101654 0.01383399209486166
0 1134.0439693424769 1674.0101637492942 0.08793868495361033 0.020327498588368152
0 1424.0482049213392 1671.0081874647092 0.09640984267849939 0.01637492941840768
0 1752.0308592174263 1681.0062111801242 0.06171843485276321 0.012422360248447204
0 1980.0086728519564 1679.0062111801242 0.01734570391286809 0.012422360248447204
0 2091.0254134731745 1681.006634669678 0.050826946349334406 0.013269339356295878
0 404.01169826542963 1848.0069169960475 0.023396530859217425 0.01383399209486166
0 539.0235982250907 1846.007481648786 0.04719645018152481 0.014963297571993224
0 736.0459862847922 1849.0114342179559 0.09197256958450989 0.022868435911914172
0 1049.0246066962484 1855.006634669678 0.04921339249697459 0.013269339356295878
0 1252.049213392497 1851.0127046866178 0.09842678499394918 0.025409373235460192
0 1582.0076643807988 1881.002399774139 0.015328761597418314 0.004799548277809147
0 1708.0439693424769 1860.0117165443253 0.08793868495361033 0.023433088650479956
0 1998.0550625252117 1851.008328627894 0.11012505042355789 0.016657255787690572
0 404.0080677692618 2033.0060700169395 0.016135538523598225 0.012140033879164314
0 519.0145219846712 2030.0067758328628 0.029043969342476807 0.01355166572557877
0 681.0399354578459 2029.0069169960475 0.07987091569181122 0.01383399209486166
0 970.033279548205 2033.007058159232 0.06655909640984267 0.014116318464144552
0 1218.0127067365872 2039.0087521174478 0.025413473174667203 0.017504234895539244
0 1359.0240016135538 2029.0069169960475 0.04800322710770472 0.01383399209486166
0 1559.0498184751916 2032.0081874647092 0.09963695038321904 0.01637492941840768
0 1907.034086325131 2040.006352343309 0.0681726502622025 0.012704686617730096
0 2153.008874546188 2037.0064935064936 0.017749092375958047 0.012987012987012988
