0 0.10528438886647842 0.11561264822134387 0.04437273093989512 0.015527950310559006
0 0.13049616780960063 0.11956521739130435 0.02743041549011698 0.0220214568040655
0 0.15792658329971762 0.1163184641445511 0.03065752319483663 0.014680971202710334
0 0.2099636950383219 0.12012987012987013 0.07624041952400161 0.020892151326933936
0 0.2472771278741428 0.11575381140598531 0.043969342476805166 0.007058159232072276
0 0.2710770471964502 0.1209768492377188 0.02016942315449778 0.023433088650479956
0 0.326946349334409 0.11617730095990965 0.08471157724889068 0.012704686617730096
0 0.34872932634126663 0.11561264822134387 0.015328761597418314 0.01101072840203275
0 0.36688180718031466 0.11561264822134387 0.010488100040338847 0.005081874647092038
0 0.4201290843081888 0.11575381140598531 0.08148446954417103 0.012704686617730096
0 0.11778943122226704 0.14130434782608695 0.0681726502622025 0.014116318464144552
0 0.1399757966922146 0.14088085827216262 0.011294876966518758 0.006211180124223602
0 0.20068576038725291 0.14144551101072841 0.09439290036304962 0.012140033879164314
0 0.26200080677692617 0.1417278373800113 0.0899556272690601 0.014963297571993224
0 0.3118192819685357 0.14130434782608695 0.06696248487293263 0.013269339356295878
0 0.33985478015328763 0.14045736871823827 0.020572811617587738 0.012422360248447204
0 0.3592174263816055 0.14059853190287974 0.01008471157724889 0.00564652738565782
0 0.4154901169826543 0.14469226425748166 0.0891488503428802 0.020892151326933936
0 0.13614360629286001 0.16643139469226426 0.10528438886647842 0.014398644833427442
0 0.16014521984671237 0.1712309429700734 0.01855586930213796 0.020892151326933936
0 0.2146026623638564 0.16671372106154714 0.08229124647035095 0.012704686617730096
0 0.2920532472771279 0.16727837380011293 0.1218233158531666 0.015810276679841896
0 0.33098023396530857 0.16699604743083005 0.04759983864461476 0.014116318464144552
0 0.4138765631302945 0.17207792207792208 0.1371520774505849 0.025691699604743084
0 0.10467930617184348 0.191699604743083 0.04235578862444534 0.014116318464144552
0 0.16922146026623638 0.19212309429700733 0.09237595804759983 0.012987012987012988
0 0.23981444130697863 0.1972049689440994 0.10891488503428802 0.026821005081874648
0 0.28297700685760385 0.19494635798983626 0.052843888664784185 0.020609824957651044
0 0.3138362242839855 0.19085262563523434 0.03146430012101654 0.014116318464144552
0 0.3745461879790238 0.19155844155844157 0.09076240419524001 0.014398644833427442
0 0.39854780153287617 0.19833427442123094 0.01734570391286809 0.025974025974025976
0 0.4191206131504639 0.1919819311123659 0.010891488503428802 0.006493506493506494
0 0.10790641387656313 0.21725014116318464 0.04881000403388463 0.012422360248447204
0 0.1661960467930617 0.21725014116318464 0.08229124647035095 0.012140033879164314
0 0.2400161355385236 0.22332015810276679 0.11415893505445744 0.02710333145115754
0 0.24868898749495763 0.2171089779785432 0.0028237192416296895 0.0016939582156973462
0 0.27732956837434447 0.2165443252399774 0.022589753933037516 0.017221908526256352
0 0.33219039935457845 0.22346132128740825 0.08632513110125051 0.026256352343308864
0 0.38684953610326744 0.2224731789949181 0.07382008874546188 0.027385657820440428
0 0.42960871319080274 0.2204968944099379 0.05203711173860428 0.01948051948051948
0 0.13755546591367487 0.2676453980801807 0.10528438886647842 0.015810276679841896
0 0.16962484872932634 0.27089215132693395 0.02702702702702703 0.020892151326933936
0 0.23073820088745461 0.26778656126482214 0.08753529649052037 0.014398644833427442
0 0.27228721258572003 0.2673630717108978 0.050826946349334406 0.012987012987012988
0 0.3325937878176684 0.2723037831733484 0.08672851956434045 0.025691699604743084
0 0.3826139572408229 0.27315076228119706 0.07180314643001211 0.0251270468661773
0 0.3924969745865268 0.26976284584980237 0.003630496167809601 0.004234895539243365
0 0.4334409035901573 0.26750423489553926 0.05244050020169423 0.006211180124223602
0 0.13210972166196047 0.2994071146245059 0.09479628882613957 0.026256352343308864
0 0.20512303348124244 0.29347826086956524 0.10891488503428802 0.017221908526256352
0 0.21319080274304156 0.2933370976849238 0.002016942315449778 0.0016939582156973462
0 0.2519160951996773 0.29347826086956524 0.04033884630899556 0.017221908526256352
0 0.32230738200887454 0.2987012987012987 0.10931827349737798 0.02766798418972332
0 0.40641387656313027 0.29884246188594016 0.13110125050423557 0.026538678712591756
0 0.4312222670431626 0.2974308300395257 0.021379588543767647 0.023150762281197064
0 0.09802339653085922 0.3178994918125353 0.027833803953206938 0.015810276679841896
0 0.14320290439693426 0.31832298136645965 0.05486083098023396 0.014398644833427442
0 0.1845502218636547 0.31846414455110106 0.04356595401371521 0.012422360248447204
0 0.2236789027833804 0.31832298136645965 0.043162565550625254 0.013269339356295878
0 0.27853973376361435 0.3181818181818182 0.07785397337636143 0.013269339356295878
0 0.36486486486486486 0.3188876341050254 0.13674868898749495 0.014116318464144552
0 0.45784590560709965 0.3234048560135517 0.1565147236789028 0.026538678712591756
0 0.10125050423557887 0.34288537549407117 0.03509479628882614 0.015527950310559006
0 0.15127067365873337 0.3471202710333145 0.056070996369503835 0.0220214568040655
0 0.17809600645421542 0.34316770186335405 0.016942315449778138 0.01355166572557877
0 0.2127874142799516 0.34316770186335405 0.03670835014118596 0.007058159232072276
0 0.24203307785397338 0.34260304912478823 0.01855586930213796 0.012704686617730096
0 0.3043565954013715 0.3435911914172784 0.09398951189995966 0.01383399209486166
0 0.31040742234772084 0.34330886504799546 0.003227107704719645 0.001976284584980237
