0 0.16317063331988704 0.22811970638057594 0.035901573215006054 0.015810276679841896
0 0.23396530859217426 0.22939017504234896 0.06615570794675273 0.023997741389045736
0 0.30677692617991126 0.2285431959345003 0.0391286809197257 0.01383399209486166
0 0.3612343686970553 0.22656691134952003 0.02944735780556676 0.0189158667419537
0 0.4552238805970149 0.22699040090344438 0.12787414279951592 0.019198193111236588
0 0.5580879386849537 0.22628458498023715 0.06010488100040339 0.020609824957651044
0 0.6220250100847116 0.23037831733483907 0.07341670028237192 0.02710333145115754
0 0.6954417103670835 0.2267080745341615 0.05486083098023396 0.018633540372670808
0 0.7654296087131908 0.2279785431959345 0.05687777329568374 0.016092603049124788
0 0.8231141589350545 0.23588368153585546 0.0463896732553449 0.021739130434782608
0 0.16296893908834206 0.2782326369282891 0.03307785397337636 0.016657255787690572
0 0.21379588543767647 0.2769621682665161 0.035498184751916094 0.017504234895539244
0 0.2801532876159742 0.2766798418972332 0.051230334812424366 0.018633540372670808
0 0.33420734167002825 0.27865612648221344 0.021379588543767647 0.019198193111236588
0 0.4037918515530456 0.27780914737436474 0.07503025413473174 0.018633540372670808
0 0.49173053650665594 0.27653867871259175 0.07260992335619201 0.020045172219085264
0 0.5631302944735781 0.28091473743647655 0.03227107704719645 0.0220214568040655
0 0.6230334812424365 0.27992659514398643 0.06494554255748286 0.014398644833427442
0 0.6811214199273901 0.2776679841897233 0.02864058087938685 0.017221908526256352
0 0.7688584106494554 0.282326369282891 0.12989108511496572 0.033314511575381144
0 0.20209762000806777 0.32820440429136083 0.10246066962484873 0.020609824957651044
0 0.29608713190802743 0.3306041784302654 0.06292860024203308 0.02710333145115754
0 0.3828156514723679 0.3266516092603049 0.05486083098023396 0.019198193111236588
0 0.4499798305768455 0.32919254658385094 0.043162565550625254 0.015810276679841896
0 0.5159338442920532 0.3272162619988707 0.05405405405405406 0.019762845849802372
0 0.6139572408229125 0.32792207792207795 0.09197256958450989 0.0189158667419537
0 0.6841468334005647 0.32735742518351213 0.0500201694231545 0.020609824957651044
0 0.7033077853973376 0.3352625635234331 0.002016942315449778 0.001411631846414455
0 0.7402178297700686 0.3274985883681536 0.041145623235175476 0.019762845849802372
0 0.7801532876159741 0.3290513833992095 0.028237192416296894 0.015527950310559006
0 0.8225090762404196 0.32806324110671936 0.04759983864461476 0.017504234895539244
0 0.16659943525615167 0.47939017504234893 0.03791851553045583 0.017504234895539244
0 0.28479225494150867 0.4850367024280068 0.16216216216216217 0.03162055335968379
0 0.3854376764824526 0.48249576510446074 0.035901573215006054 0.024844720496894408
0 0.45784590560709965 0.4815076228119706 0.06696248487293263 0.015527950310559006
0 0.5782573618394514 0.48306041784302656 0.10851149657119806 0.02710333145115754
0 0.7057281161758774 0.4784020327498588 0.11335215812827754 0.018351214003387916
0 0.7934651068979427 0.4827780914737436 0.04033884630899556 0.02710333145115754
0 0.2281161758773699 0.5350084697910785 0.16014521984671237 0.03387916431394692
0 0.35841064945542556 0.5292207792207793 0.04154901169826543 0.01948051948051948
0 0.44130697862041146 0.5365612648221344 0.08632513110125051 0.025691699604743084
0 0.5246066962484873 0.5293619424054207 0.043162565550625254 0.019198193111236588
0 0.5707946752722872 0.5330321852060983 0.01936264622831787 0.012422360248447204
0 0.6508672851956434 0.5296442687747036 0.09156918112141993 0.018633540372670808
0 0.7630092779346511 0.528514963297572 0.09156918112141993 0.020327498588368152
0 0.8065752319483662 0.5367024280067758 0.002016942315449778 0.0016939582156973462
0 0.844695441710367 0.5283738001129306 0.04033884630899556 0.020609824957651044
0 0.20835014118596207 0.584274421230943 0.12384025816861638 0.026821005081874648
0 0.34953610326744655 0.5856860530773574 0.11254538120209762 0.034161490683229816
0 0.509277934651069 0.5810276679841897 0.14965711980637353 0.019762845849802372
0 0.6183945139169019 0.5848390739695087 0.03791851553045583 0.027950310559006212
0 0.6665994352561517 0.5806041784302653 0.04154901169826543 0.0189158667419537
0 0.745461879790238 0.5794748729531338 0.09035901573215006 0.020045172219085264
0 0.7932634126663978 0.5902032749858837 0.010891488503428802 0.010446075663466968
0 0.827551432029044 0.5815923207227555 0.033481242436466316 0.017504234895539244
0 0.2325534489713594 0.6355166572557877 0.16337232755143202 0.030491247882552232
0 0.3852359822509076 0.6343873517786561 0.10084711577248891 0.025409373235460192
0 0.49697458652682536 0.6297289666854884 0.0927793465106898 0.020045172219085264
0 0.5885437676482452 0.6353754940711462 0.05889471561113352 0.027385657820440428
0 0.6964501815248084 0.6367871259175607 0.11657926583299717 0.027950310559006212
0 0.7882210568777733 0.6335403726708074 0.04195240016135539 0.02710333145115754
0 0.8525615167406212 0.6318464144551101 0.07059298104074223 0.020327498588368152
0 0.22226704316256554 0.6854884246188594 0.12827753126260588 0.029361942405420668
0 0.3471157724889068 0.6802653867871259 0.05687777329568374 0.020045172219085264
0 0.4100443727309399 0.6847826086956522 0.03509479628882614 0.0251270468661773
0 0.4653085921742638 0.6898644833427442 0.056070996369503835 0.026256352343308864
0 0.5508269463493344 0.6804065499717674 0.07866075030254134 0.024280067758328628
0 0.6480435659540137 0.6823828345567476 0.07139975796692215 0.020327498588368152
0 0.7335619201290843 0.6815358554488989 0.0609116579265833 0.021456804065499716
0 0.781766841468334 0.6830886504799548 0.03146430012101654 0.013269339356295878
0 0.8271480435659541 0.6826651609260305 0.043162565550625254 0.024844720496894408
0 0.8602258975393303 0.6939582156973462 0.00927793465106898 0.009034443817052512
0 0.18697055264219442 0.7309429700734048 0.06252521177894312 0.0220214568040655
0 0.24949576442113755 0.7309429700734048 0.03993545784590561 0.020327498588368152
0 0.3063735377168213 0.734472049689441 0.04477611940298507 0.014398644833427442
0 0.39572408229124645 0.7396950875211745 0.07987091569181122 0.029926595143986448
0 0.4864864864864865 0.7348955392433654 0.08067769261799113 0.029361942405420668
0 0.5855183541750706 0.7368718238283456 0.09076240419524001 0.03387916431394692
0 0.672448567970956 0.7348955392433654 0.03711173860427592 0.028232636928289104
0 0.7379991932230738 0.7404009034443817 0.08672851956434045 0.027950310559006212
0 0.8162565550625253 0.7374364765669114 0.0391286809197257 0.03162055335968379
