0 0.16438079870915692 0.20920383963862224 0.020572811617587738 0.019762845849802372
0 0.2281161758773699 0.21146245059288538 0.06736587333602259 0.018633540372670808
0 0.300121016538927 0.20892151326933936 0.017749092375958047 0.015810276679841896
0 0.40399354578459057 0.2100508187464709 0.11657926583299717 0.020327498588368152
0 0.5191609519967729 0.21160361377752682 0.04759983864461476 0.017221908526256352
0 0.6157724889068172 0.21823828345567475 0.07946752722872126 0.029361942405420668
0 0.6684146833400565 0.2199322416713721 0.008067769261799113 0.007340485601355167
0 0.6988705123033482 0.21315640880858272 0.03670835014118596 0.012422360248447204
0 0.7920532472771279 0.21202710333145117 0.10851149657119806 0.015810276679841896
0 0.15590964098426785 0.31098249576510445 0.020572811617587738 0.03303218520609825
0 0.23154497781363453 0.31309994353472614 0.09035901573215006 0.024280067758328628
0 0.3348124243646632 0.31098249576510445 0.029043969342476807 0.016657255787690572
0 0.40762404195240015 0.31507622811970637 0.05445744251714401 0.021456804065499716
0 0.49596611536910046 0.31225296442687744 0.058491327148043566 0.01129305477131564
0 0.5284388866478419 0.31592320722755507 0.003227107704719645 0.0016939582156973462
0 0.5611133521581283 0.31098249576510445 0.03146430012101654 0.012704686617730096
0 0.6476401774909237 0.3105590062111801 0.0891488503428802 0.015810276679841896
0 0.7313432835820896 0.31084133258046304 0.022589753933037516 0.015810276679841896
0 0.7847922549415087 0.30999435347261434 0.052843888664784185 0.015810276679841896
0 0.18737394110528438 0.36123658949745907 0.10528438886647842 0.016092603049124788
0 0.2964905203711174 0.36236589497459065 0.05163372327551432 0.012704686617730096
0 0.37031060911657926 0.36250705815923207 0.04033884630899556 0.012422360248447204
0 0.46893908834207343 0.3620835686053077 0.12061315046389673 0.017786561264822136
0 0.6095199677289229 0.364059853190288 0.08229124647035095 0.018351214003387916
0 0.7067365873336022 0.36829474872953133 0.04921339249697459 0.020045172219085264
0 0.808995562726906 0.367871259175607 0.09721661960467931 0.020327498588368152
0 0.1619604679306172 0.410643704121965 0.03751512706736587 0.014963297571993224
0 0.23134328358208955 0.4127611518915867 0.04154901169826543 0.01355166572557877
0 0.3608309802339653 0.4095143986448334 0.1553045582896329 0.017786561264822136
0 0.48769665187575634 0.41643139469226426 0.05889471561113352 0.018068887634105024
0 0.5693828156514724 0.41445511010728403 0.022993142396127472 0.01129305477131564
0 0.6319080274304155 0.41304347826086957 0.03428801936264623 0.011857707509881422
0 0.7208551835417507 0.4103613777526821 0.07099636950383219 0.015527950310559006
0 0.8100040338846309 0.41332580463015245 0.028237192416296894 0.012987012987012988
0 0.2029043969342477 0.46612083568605306 0.11294876966518758 0.0220214568040655
0 0.3676885841064946 0.46725014116318464 0.12868091972569584 0.019198193111236588
0 0.4844695441710367 0.4624505928853755 0.03711173860427592 0.011857707509881422
0 0.5381202097620008 0.4621682665160926 0.04437273093989512 0.012987012987012988
0 0.6605486083098023 0.46273291925465837 0.10205728116175877 0.015810276679841896
0 0.7692617991125453 0.4686617730095991 0.024203307785397338 0.02766798418972332
0 0.19423154497781364 0.5173630717108978 0.09076240419524001 0.021174477696216828
0 0.3136345300524405 0.5138339920948617 0.03509479628882614 0.015810276679841896
0 0.3862444534086325 0.5176453980801807 0.0536506655909641 0.022303783173348392
0 0.43243243243243246 0.5170807453416149 0.005647438483259379 0.002540937323546019
0 0.4628882613957241 0.5125635234330886 0.0391286809197257 0.013269339356295878
0 0.5463896732553449 0.5153867871259176 0.058491327148043566 0.011575381140598532
0 0.6373537716821299 0.5160926030491247 0.048406615570794675 0.01129305477131564
0 0.7039128680919726 0.5162337662337663 0.035498184751916094 0.009316770186335404
0 0.7513110125050424 0.5125635234330886 0.026220250100847116 0.014963297571993224
0 0.808995562726906 0.5125635234330886 0.0391286809197257 0.014963297571993224
