0 357.07765227914484 775.0128458498024 0.1553045582896329 0.025691699604743084
0 788.047398144413 783.0105872388481 0.09479628882613957 0.021174477696216828
0 1067.012908430819 814.0066346696782 0.02581686163775716 0.013269339356295878
0 1164.020371117386 789.0103049124788 0.040742234772085516 0.020609824957651044
0 1316.0409439290036 793.0104460756635 0.08188785800726099 0.020892151326933936
0 1550.0207745058492 793.0100225861096 0.04154901169826543 0.020045172219085264
0 1683.0258168616378 786.0121400338792 0.05163372327551432 0.024280067758328628
0 1851.0211778943121 808.0076228119707 0.04235578862444534 0.015245623941276116
0 350.02037111738605 1142.0101637492942 0.040742234772085516 0.020327498588368152
0 479.0631302944736 1146.0111518915867 0.1262605889471561 0.022303783173348392
0 845.0443727309399 1156.0124223602484 0.08874546187979024 0.024844720496894408
0 1102.0443727309398 1150.0153867871259 0.08874546187979024 0.03077357425183512
0 1369.0102864058088 1142.012563523433 0.020572811617587738 0.0251270468661773
0 1439.0205728116175 1157.0101637492942 0.041145623235175476 0.020327498588368152
0 1578.0312626058894 1144.0121400338792 0.06252521177894312 0.024280067758328628
0 1761.0484066155707 1149.0114342179559 0.09681323114158935 0.022868435911914172
0 2049.0227914481648 1153.011010728402 0.045582896329164985 0.0220214568040655
0 350.02016942315447 1319.0112930547714 0.04033884630899556 0.02258610954263128
0 499.03428801936263 1318.0117165443253 0.06857603872529246 0.023433088650479956
0 711.031464300121 1326.0104460756634 0.06292860024203308 0.020892151326933936
0 872.0020169423154 1383.001976284585 0.004033884630899556 0.003952569169960474
0 904.0233965308593 1318.0121400338792 0.04679306171843485 0.024280067758328628
0 1069.029245663574 1329.011010728402 0.058491327148043566 0.0220214568040655
0 1260.0104881000404 1318.0128458498023 0.020976200080677694 0.025691699604743084
0 1355.0286405808795 1330.011010728402 0.0572811617587737 0.0220214568040655
0 1537.0231948366277 1341.010304912479 0.0463896732553449 0.020609824957651044
0 1687.008471157725 1364.005928853755 0.016942315449778138 0.011857707509881422
0 1762.0393303751512 1328.0172219085262 0.07866075030254134 0.034443817052512704
0 338.0713997579669 1503.0142574816489 0.1427995159338443 0.028514963297571992
0 746.0217829770069 1503.011010728402 0.04356595401371521 0.0220214568040655
0 890.0290439693425 1507.0107284020328 0.05808793868495361 0.021456804065499716
0 1068.042960871319 1503.0111518915867 0.08592174263816055 0.022303783173348392
0 1330.031867688584 1532.0111518915867 0.063735377168213 0.022303783173348392
0 1487.0020169423155 1559.0022586109542 0.004033884630899556 0.004517221908526256
0 1517.0108914885034 1511.0100225861095 0.021782977006857603 0.020045172219085264
0 1599.0205728116175 1519.0091756070017 0.041145623235175476 0.018351214003387916
0 1736.0369100443727 1519.0100225861095 0.07382008874546188 0.020045172219085264
0 1956.0391286809197 1524.0160926030492 0.0782573618394514 0.032185206098249576
0 354.015530455829 1687.0095990965556 0.031060911657926585 0.019198193111236588
0 476.02077450584915 1686.010304912479 0.04154901169826543 0.020609824957651044
0 627.0590964098427 1686.0131281761717 0.118192819685357 0.026256352343308864
0 924.0036304961678 1734.0052230378317 0.007260992335619202 0.010446075663466968
0 977.0296490520371 1691.0122811970639 0.05929810407422348 0.02456239412761152
0 1152.0211778943121 1693.010304912479 0.04235578862444534 0.020609824957651044
0 1296.0613150463896 1699.010304912479 0.12263009277934651 0.020609824957651044
0 1659.0657523194836 1686.0183512140034 0.13150463896732553 0.03670242800677583
0 341.0502218636547 2211.0182100508187 0.10044372730939895 0.036420101637492944
0 639.0268253327955 2230.013269339356 0.0536506655909641 0.026538678712591756
0 788.00262202501 2266.005364201016 0.0052440500201694235 0.010728402032749858
0 856.0348931020573 2211.013269339356 0.06978620411456232 0.026538678712591756
0 1073.031867688584 2219.012140033879 0.063735377168213 0.024280067758328628
0 1295.0145219846713 2255.0063523433087 0.029043969342476807 0.012704686617730096
0 1407.065147236789 2221.013269339356 0.13029447357805568 0.026538678712591756
0 1777.038120209762 2225.014116318464 0.07624041952400161 0.028232636928289104
0 1977.0028237192416 2278.004799548278 0.005647438483259379 0.009599096555618294
0 349.04961678096004 2384.018492377188 0.09923356192012908 0.03698475437605872
0 604.0028237192416 2453.0042348955394 0.005647438483259379 0.00846979107848673
0 649.0215812827753 2395.0108695652175 0.043162565550625254 0.021739130434782608
0 799.0209762000807 2408.0100225861097 0.04195240016135539 0.020045172219085264
0 943.0312626058894 2403.011010728402 0.06252521177894312 0.0220214568040655
0 1146.0217829770068 2414.009881422925 0.04356595401371521 0.019762845849802372
0 1288.029245663574 2405.011434217956 0.058491327148043566 0.022868435911914172
0 1472.0314643001211 2400.014963297572 0.06292860024203308 0.029926595143986448
0 1675.034086325131 2392.0139751552797 0.0681726502622025 0.027950310559006212
0 1917.0227914481645 2414.0097402597403 0.045582896329164985 0.01948051948051948
0 339.08229124647033 2569.012704686618 0.1645824929407019 0.025409373235460192
0 798.0379185155305 2590.016516092603 0.07583703106091166 0.03303218520609825
0 1025.011496571198 2572.0111518915865 0.022993142396127472 0.022303783173348392
0 1086.002218636547 2633.0021174477697 0.004437273093989512 0.004234895539243365
