0 0.09237595804759983 0.14144551101072841 0.05526421944332392 0.0251270468661773
0 0.11879790237999194 0.1417278373800113 0.035498184751916094 0.01101072840203275
0 0.15328761597418314 0.14215132693393562 0.0318676885841065 0.018068887634105024
0 0.22287212585720048 0.1427159796725014 0.10851149657119806 0.02456239412761152
0 0.2700685760387253 0.14130434782608695 0.07018959257765228 0.022868435911914172
0 0.3120209762000807 0.147656691134952 0.06292860024203308 0.03613777526821005
0 0.3765631302944736 0.14215132693393562 0.10689794271883823 0.0189158667419537
0 0.40419524001613555 0.14031620553359683 0.03469140782573618 0.020609824957651044
0 0.4443323920935861 0.14130434782608695 0.0681726502622025 0.021739130434782608
0 0.09338442920532473 0.1665725578769057 0.057684550221863654 0.019198193111236588
0 0.11476401774909238 0.17264257481648787 0.022589753933037516 0.032185206098249576
0 0.22347720855183542 0.17433653303218521 0.1936264622831787 0.03274985883681536
0 0.25332795482049214 0.16699604743083005 0.0391286809197257 0.0189158667419537
0 0.29043969342476805 0.16699604743083005 0.050423557886244454 0.020892151326933936
0 0.33057684550221866 0.1671372106154715 0.058491327148043566 0.01693958215697346
0 0.3408632513110125 0.1671372106154715 0.01290843081887858 0.008752117447769622
0 0.4223477208551835 0.1691134952004517 0.14199273900766438 0.023150762281197064
0 0.12202501008471157 0.19579333709768493 0.1145623235175474 0.028514963297571992
0 0.12565550625252117 0.19042913608130999 0.0012101653892698668 0.0008469791078486731
0 0.15832997176280758 0.19212309429700733 0.050826946349334406 0.023150762281197064
0 0.1954417103670835 0.1935347261434218 0.050826946349334406 0.024844720496894408
0 0.28620411456232353 0.19155844155844157 0.145623235175474 0.01948051948051948
0 0.3307785397337636 0.1922642574816488 0.06494554255748286 0.018351214003387916
0 0.3844292053247277 0.1922642574816488 0.08390480032271078 0.0189158667419537
0 0.4233561920129084 0.19748729531338227 0.05445744251714401 0.02258610954263128
0 0.10427591770875352 0.21753246753246752 0.07664380798709157 0.020609824957651044
0 0.12787414279951592 0.21682665160926032 0.02864058087938685 0.009599096555618294
0 0.17144009681323114 0.2171089779785432 0.06615570794675273 0.01693958215697346
0 0.20229931423961275 0.21739130434782608 0.03751512706736587 0.019762845849802372
0 0.25030254134731744 0.21753246753246752 0.06938281565147236 0.012704686617730096
0 0.3172650262202501 0.21852060982495766 0.10851149657119806 0.02258610954263128
0 0.3563937071399758 0.217673630717109 0.052843888664784185 0.018633540372670808
0 0.4233561920129084 0.220214568040655 0.11738604275917709 0.025974025974025976
0 0.07624041952400161 0.24308300395256918 0.016942315449778138 0.017504234895539244
0 0.1327148043565954 0.2429418407679277 0.08471157724889068 0.02258610954263128
0 0.21419927390076643 0.2509881422924901 0.14078257361839452 0.03557312252964427
0 0.2811617587736991 0.24322416713721062 0.11214199273900767 0.020327498588368152
0 0.31988705123033484 0.2440711462450593 0.055667607906413875 0.014963297571993224
0 0.34227511093182733 0.24364765669113495 0.029043969342476807 0.022868435911914172
0 0.43586123436869706 0.24548277809147373 0.16579265832997175 0.023150762281197064
0 0.08067769261799113 0.26778656126482214 0.03065752319483663 0.023433088650479956
0 0.10488100040338846 0.2683512140033879 0.03872529245663574 0.022303783173348392
0 0.18777732956837434 0.2683512140033879 0.14239612747075434 0.019762845849802372
0 0.2607906413876563 0.2717391304347826 0.1145623235175474 0.032467532467532464
0 0.2767244856797096 0.2676453980801807 0.017749092375958047 0.013269339356295878
0 0.3600242033077854 0.269339356295878 0.14078257361839452 0.022868435911914172
0 0.36587333602258976 0.268068887634105 0.0024203307785397336 0.003105590062111801
0 0.4292053247277128 0.27413890457368717 0.09721661960467931 0.03472614342179559
0 0.09177087535296491 0.2941840767927724 0.0500201694231545 0.020327498588368152
0 0.1853569987898346 0.3036420101637493 0.1500605082694635 0.038396386222473176
0 0.21682129891085114 0.2929136081309994 0.035901573215006054 0.020892151326933936
0 0.26099233561920127 0.2937605872388481 0.0609116579265833 0.02258610954263128
0 0.3301734570391287 0.29390175042348954 0.1044776119402985 0.013269339356295878
0 0.36789027833803956 0.29361942405420666 0.05445744251714401 0.022303783173348392
0 0.40197660346914077 0.29488989271597965 0.04517950786607503 0.012704686617730096
0 0.11859620814844696 0.3198757763975155 0.11294876966518758 0.025974025974025976
0 0.2101653892698669 0.32608695652173914 0.14804356595401372 0.03557312252964427
0 0.24142799515933844 0.3186053077357425 0.03469140782573618 0.023715415019762844
0 0.32956837434449376 0.31931112365894976 0.1444130697862041 0.020327498588368152
0 0.36930213795885436 0.320016939582157 0.05244050020169423 0.014680971202710334
0 0.42295280354981846 0.3190287972896669 0.07099636950383219 0.022303783173348392
0 0.42698668818071805 0.3211462450592885 0.010488100040338847 0.007058159232072276
0 0.10346914078257362 0.3437323546019198 0.08309802339653086 0.013269339356295878
0 0.15671641791044777 0.34429700734048563 0.06736587333602259 0.020327498588368152
0 0.19887051230334812 0.3448616600790514 0.03670835014118596 0.019762845849802372
0 0.299919322307382 0.3455674760022586 0.1855586930213796 0.0220214568040655
0 0.30778539733763616 0.3450028232636928 0.003227107704719645 0.0036702428006775835
