0 389.0393303751513 777.0101637492942 0.07866075030254134 0.020327498588368152
0 645.0054457442517 787.007481648786 0.010891488503428802 0.014963297571993224
0 738.038120209762 786.0077639751553 0.07624041952400161 0.015527950310559006
0 999.0244050020169 770.0095990965556 0.04881000403388463 0.019198193111236588
0 1159.1125453812022 785.0080463015246 0.22509076240419523 0.016092603049124788
0 1786.0528438886647 779.0088932806324 0.10568777732956837 0.017786561264822136
0 358.0562726906011 962.0095990965556 0.11254538120209762 0.019198193111236588
0 707.1048810004033 959.0122811970638 0.20976200080677693 0.02456239412761152
0 1285.0209762000807 954.0090344438171 0.04195240016135539 0.018068887634105024
0 1426.0223880597016 974.0066346696782 0.04477611940298507 0.013269339356295878
0 1594.0988301734571 963.0084697910785 0.19766034691407824 0.01693958215697346
0 2085.00262202501 1019.0036702428007 0.0052440500201694235 0.007340485601355167
0 348.0871319080274 1141.012563523433 0.17426381605486083 0.0251270468661773
0 831.013311819282 1141.007481648786 0.026623638563937072 0.014963297571993224
0 936.0237999193223 1154.007058159232 0.04759983864461476 0.014116318464144552
0 1106.0631302944735 1151.0084697910786 0.1262605889471561 0.01693958215697346
0 1464.013311819282 1151.0100225861095 0.026623638563937072 0.020045172219085264
0 1566.0818878580073 1144.0084697910786 0.16377571601452198 0.01693958215697346
0 2030.0233965308591 1149.0067758328628 0.04679306171843485 0.01355166572557877
0 348.04356595401373 1321.010587238848 0.08713190802743041 0.021174477696216828
0 575.0012101653892 1373.0009881422925 0.0024203307785397336 0.001976284584980237
0 650.0256151674062 1307.0097402597403 0.051230334812424366 0.01948051948051948
0 855.1169826542961 1307.0112930547714 0.23396530859217426 0.02258610954263128
0 1490.0457845905607 1310.010587238848 0.09156918112141993 0.021174477696216828
0 1758.0322710770472 1323.0087521174478 0.0645421540943929 0.017504234895539244
0 1970.0379185155305 1324.0081874647092 0.07583703106091166 0.01637492941840768
0 357.0240016135539 1498.0080463015245 0.04800322710770472 0.016092603049124788
0 556.0306575231948 1498.012563523433 0.06131504638967326 0.0251270468661773
0 783.0197660346914 1491.0101637492942 0.03953206938281565 0.020327498588368152
0 963.1119402985074 1488.0108695652175 0.22388059701492538 0.021739130434782608
0 1575.0223880597016 1514.0067758328628 0.04477611940298507 0.01355166572557877
0 1731.0891488503428 1511.00790513834 0.1782977006857604 0.015810276679841896
0 349.0330778539734 1676.0080463015245 0.06615570794675273 0.016092603049124788
0 588.0304558289633 1664.010304912479 0.0609116579265833 0.020609824957651044
0 815.0697862041145 1663.0153867871259 0.13957240822912464 0.03077357425183512
0 1241.0116982654297 1678.0067758328628 0.023396530859217425 0.01355166572557877
0 1343.0209762000807 1667.008610954263 0.04195240016135539 0.017221908526256352
0 1482.0346914078257 1677.0084697910786 0.06938281565147236 0.01693958215697346
0 1705.0441710367083 1692.0115753811406 0.08834207341670028 0.023150762281197064
0 1928.0020169423155 1736.002682100508 0.004033884630899556 0.005364201016374929
0 1984.0211778943121 1693.0073404856014 0.04235578862444534 0.014680971202710334
0 351.0153287615974 2026.009034443817 0.03065752319483663 0.018068887634105024
0 500.06797095603065 2031.0134105025409 0.13594191206131503 0.026821005081874648
0 842.0014118596208 2093.0009881422925 0.0028237192416296895 0.001976284584980237
0 901.0350947962888 2023.010587238848 0.07018959257765228 0.021174477696216828
0 1122.022589753933 2044.0088932806325 0.04517950786607503 0.017786561264822136
0 1292.0512303348123 2046.0080463015245 0.10246066962484873 0.016092603049124788
0 1618.0475998386446 2041.0135516657256 0.09519967728922953 0.02710333145115754
0 1888.0046389673255 2034.0087521174478 0.00927793465106898 0.017504234895539244
0 1922.0171440096813 2045.009034443817 0.03428801936264623 0.018068887634105024
0 2044.0490116982655 2050.008610954263 0.09802339653085922 0.017221908526256352
0 355.0748285599032 2208.013410502541 0.14965711980637353 0.026821005081874648
0 808.051432029044 2237.0062111801244 0.10286405808793868 0.012422360248447204
0 1088.0040338846309 2220.009457933371 0.008067769261799113 0.0189158667419537
0 1190.0108914885034 2212.0081874647094 0.021782977006857603 0.01637492941840768
0 1306.0774505849133 2216.0142574816487 0.15490116982654295 0.028514963297571992
0 1706.0024203307785 2274.0036702428006 0.004840661557079467 0.007340485601355167
0 1770.02218636547 2207.0097402597403 0.04437273093989512 0.01948051948051948
0 1914.0778539733762 2213.010728402033 0.15570794675272287 0.021456804065499716
