0 0.08773699072206535 0.11335403726708075 0.038321903993545785 0.017786561264822136
0 0.12968939088342074 0.11278938452851496 0.05647438483259379 0.00846979107848673
0 0.18233158531665994 0.11307171089779786 0.07422347720855184 0.011575381140598532
0 0.20209762000806777 0.1144833427442123 0.02016942315449778 0.01637492941840768
0 0.22771278741427994 0.11236589497459062 0.03146430012101654 0.010446075663466968
0 0.2779346510689794 0.11688311688311688 0.07785397337636143 0.020609824957651044
0 0.32674465510286405 0.11674195369847544 0.07704719645018153 0.017504234895539244
0 0.36264622831787013 0.11250705815923208 0.05203711173860428 0.007905138339920948
0 0.381807180314643 0.11278938452851496 0.020976200080677694 0.010163749294184076
0 0.42396127470754336 0.11405985319028797 0.06010488100040339 0.0189158667419537
0 0.43929003630496166 0.11575381140598531 0.01734570391286809 0.017221908526256352
0 0.127470754336426 0.14045736871823827 0.1145623235175474 0.014963297571993224
0 0.15832997176280758 0.1401750423489554 0.030254134731746672 0.0189158667419537
0 0.1920129084308189 0.13749294184076793 0.041145623235175476 0.010163749294184076
0 0.23033481242436465 0.13749294184076793 0.053247277127874144 0.011857707509881422
0 0.24848729326341268 0.13946922642574816 0.021782977006857603 0.01693958215697346
0 0.28398547801532875 0.1373517786561265 0.050826946349334406 0.010728402032749858
0 0.31968535699878986 0.14130434782608695 0.050423557886244454 0.01637492941840768
0 0.381605486083098 0.1380575945793337 0.10609116579265833 0.01101072840203275
0 0.4243646631706333 0.13749294184076793 0.063735377168213 0.008752117447769622
0 0.10488100040338846 0.19339356295878035 0.063735377168213 0.025409373235460192
0 0.11799112545381202 0.18845285149632976 0.011698265429608713 0.01129305477131564
0 0.11980637353771682 0.18817052512704688 0.0024203307785397336 0.0016939582156973462
0 0.1510689794271884 0.18831168831168832 0.04679306171843485 0.011857707509881422
0 0.18797902379991932 0.18831168831168832 0.04961678096006454 0.010163749294184076
0 0.23719241629689392 0.1880293619424054 0.0782573618394514 0.012422360248447204
0 0.26845502218636547 0.1885940146809712 0.043969342476805166 0.014398644833427442
0 0.30475998386446146 0.18887634105025408 0.04961678096006454 0.011857707509881422
0 0.37474788221056876 0.18873517786561264 0.11617587736990723 0.014963297571993224
0 0.381807180314643 0.19000564652738566 0.003227107704719645 0.005364201016374929
0 0.400363049616781 0.18817052512704688 0.029850746268656716 0.009881422924901186
0 0.43848325937878174 0.19141727837380013 0.057684550221863654 0.018068887634105024
0 0.07785397337636143 0.21569734613212874 0.02016942315449778 0.01948051948051948
0 0.11738604275917709 0.21414455110107283 0.050826946349334406 0.012140033879164314
0 0.14905203711173862 0.2137210615471485 0.043969342476805166 0.01101072840203275
0 0.16780960064542155 0.2134387351778656 0.016135538523598225 0.01101072840203275
0 0.1936264622831787 0.21386222473178995 0.0391286809197257 0.01355166572557877
0 0.22851956434045986 0.2149915302089215 0.052843888664784185 0.017504234895539244
0 0.23154497781363453 0.21301524562394128 0.0028237192416296895 0.001411631846414455
0 0.2559499798305768 0.21329757199322416 0.04356595401371521 0.01637492941840768
0 0.3120209762000807 0.21414455110107283 0.09116579265832997 0.013269339356295878
0 0.36486486486486486 0.21386222473178995 0.08793868495361033 0.010728402032749858
0 0.4277934651068979 0.21414455110107283 0.09842678499394918 0.011575381140598532
0 0.09156918112141993 0.23955392433653303 0.04235578862444534 0.01355166572557877
0 0.11758773699072207 0.2388481084133258 0.029850746268656716 0.012422360248447204
0 0.17224687373941105 0.2406832298136646 0.07704719645018153 0.017504234895539244
0 0.2408229124647035 0.24336533032185206 0.10770471964501815 0.020892151326933936
0 0.27511093182734975 0.23898927159796726 0.043162565550625254 0.014116318464144552
0 0.30597014925373134 0.23898927159796726 0.03630496167809601 0.011857707509881422
0 0.3602258975393304 0.23969508752117447 0.08592174263816055 0.011857707509881422
0 0.3892698668818072 0.23927159796725014 0.033884630899556276 0.009881422924901186
0 0.4267849939491731 0.24082439299830605 0.04033884630899556 0.01693958215697346
0 0.11496571198063735 0.295313382269904 0.08793868495361033 0.024844720496894408
0 0.1381605486083098 0.29178430265386784 0.02016942315449778 0.0189158667419537
0 0.1700282371924163 0.2898080180688876 0.03307785397337636 0.011857707509881422
0 0.2436466317063332 0.29460756634669677 0.10810810810810811 0.022868435911914172
0 0.2942718838241226 0.29446640316205536 0.07260992335619201 0.020045172219085264
0 0.3301734570391287 0.2920666290231508 0.042759177087535294 0.020609824957651044
0 0.35498184751916095 0.2888198757763975 0.03227107704719645 0.009881422924901186
0 0.39753933037515127 0.2931959345002823 0.0572811617587737 0.019762845849802372
0 0.42154094392900365 0.29136081309994355 0.017749092375958047 0.018351214003387916
