0 0.10669624848729327 0.14102202145680406 0.06897942718838242 0.03020892151326934
0 0.16559096409842677 0.13509316770186336 0.07785397337636143 0.019762845849802372
0 0.21137555465913674 0.13537549407114624 0.035498184751916094 0.011857707509881422
0 0.3194836627672449 0.13608130999435347 0.16337232755143202 0.018633540372670808
0 0.3557886244453409 0.13565782044042915 0.048406615570794675 0.020892151326933936
0 0.4342476805163372 0.13608130999435347 0.12464703509479629 0.019198193111236588
0 0.1482452601855587 0.16431394692264256 0.14804356595401372 0.020892151326933936
0 0.17849939491730538 0.16078486730660643 0.02864058087938685 0.017221908526256352
0 0.2698668818071803 0.1668548842461886 0.1371520774505849 0.032185206098249576
0 0.2781363453005244 0.16078486730660643 0.0028237192416296895 0.001976284584980237
0 0.318273497377975 0.16205533596837945 0.05405405405405406 0.018068887634105024
0 0.44130697862041146 0.1686900056465274 0.208955223880597 0.033314511575381144
0 0.0881403791851553 0.18591191417278374 0.033884630899556276 0.021456804065499716
0 0.12868091972569584 0.18661773009599097 0.056070996369503835 0.017221908526256352
0 0.22226704316256554 0.18633540372670807 0.1472367890278338 0.019762845849802372
0 0.3239209358612344 0.1922642574816488 0.145623235175474 0.029361942405420668
0 0.40742234772085517 0.18690005646527386 0.12263009277934651 0.01948051948051948
0 0.44574425171440096 0.18774703557312253 0.050826946349334406 0.018351214003387916
0 0.1789027833803953 0.21230942970073405 0.21581282775312627 0.020892151326933936
0 0.22670431625655507 0.21202710333145117 0.0645421540943929 0.020609824957651044
0 0.2747075433642598 0.21146245059288538 0.0536506655909641 0.016657255787690572
0 0.3501411859620815 0.21202710333145117 0.09883017345703912 0.019762845849802372
0 0.42617991125453814 0.21188594014680973 0.1218233158531666 0.020327498588368152
0 0.463493344090359 0.21160361377752682 0.0572811617587737 0.011857707509881422
0 0.10588947156111335 0.26228119706380576 0.06413876563130294 0.0251270468661773
0 0.20068576038725291 0.262987012987013 0.1565147236789028 0.02456239412761152
0 0.2210568777732957 0.2618577075098814 0.01855586930213796 0.014398644833427442
0 0.2966922146026624 0.26341050254093734 0.1427995159338443 0.022303783173348392
0 0.30354981847519164 0.2660926030491248 0.003630496167809601 0.00818746470920384
0 0.41972569584509883 0.2658102766798419 0.20814844695441712 0.025691699604743084
0 0.4265832997176281 0.265527950310559 0.007260992335619202 0.024280067758328628
0 0.10891488503428802 0.28839638622247316 0.07018959257765228 0.020045172219085264
0 0.17870108914885036 0.28726708074534163 0.1044776119402985 0.017786561264822136
0 0.23013311819281967 0.2878317334839074 0.0653489310205728 0.0220214568040655
0 0.31988705123033484 0.2881140598531903 0.14118596208148446 0.02258610954263128
0 0.3471157724889068 0.2881140598531903 0.02702702702702703 0.016092603049124788
0 0.41528842275110933 0.28797289666854886 0.10165389269866881 0.01948051948051948
0 0.10326744655102864 0.3123941276115189 0.06171843485276321 0.020045172219085264
0 0.13795885437676483 0.31154714850367027 0.026623638563937072 0.016092603049124788
0 0.20673658733360226 0.31309994353472614 0.0899556272690601 0.024280067758328628
0 0.2874142799515934 0.31309994353472614 0.1044776119402985 0.018633540372670808
0 0.29790237999193225 0.3132411067193676 0.006857603872529245 0.00282326369282891
0 0.3301734570391287 0.3136645962732919 0.05405405405405406 0.018351214003387916
0 0.4100443727309399 0.31309994353472614 0.13755546591367487 0.01948051948051948
0 0.11032674465510287 0.3382269904009034 0.07220653489310205 0.015527950310559006
0 0.22791448164582492 0.3451439864483343 0.1782977006857604 0.03472614342179559
0 0.2599838644614764 0.3382269904009034 0.03428801936264623 0.014680971202710334
0 0.3444937474788221 0.34203839638622247 0.13110125050423557 0.026538678712591756
0 0.3973376361436063 0.34006211180124224 0.06938281565147236 0.022868435911914172
