0 368.0143202904397 823.0117165443253 0.02864058087938685 0.023433088650479956
0 477.02016942315447 833.0112930547713 0.04033884630899556 0.02258610954263128
0 625.0195643404599 816.0132693393563 0.0391286809197257 0.026538678712591756
0 748.0151270673658 841.0100225861096 0.030254134731746672 0.020045172219085264
0 867.0248083904801 827.0115753811406 0.04961678096006454 0.023150762281197064
0 1039.0264219443325 829.0138339920949 0.052843888664784185 0.02766798418972332
0 1177.003025413473 882.0050818746471 0.0060508269463493344 0.010163749294184076
0 1222.0768455022187 828.0122811970638 0.1536910044372731 0.02456239412761152
0 1647.0314643001211 836.0127046866178 0.06292860024203308 0.025409373235460192
0 1837.026623638564 837.0107284020328 0.053247277127874144 0.021456804065499716
0 378.05163372327553 1007.0119988706945 0.10326744655102864 0.023997741389045736
0 683.0631302944736 1013.0122811970638 0.1262605889471561 0.02456239412761152
0 1023.0141185962082 1027.009034443817 0.028237192416296894 0.018068887634105024
0 1144.018152480839 1014.0107284020328 0.03630496167809601 0.021456804065499716
0 1276.0800726099233 1007.016939582157 0.16014521984671237 0.03387916431394692
0 1738.0324727712787 1020.0110107284021 0.06494554255748286 0.0220214568040655
0 1946.0235982250908 1011.0117165443253 0.04719645018152481 0.023433088650479956
0 413.0223880597015 1201.0088932806325 0.04477611940298507 0.017786561264822136
0 569.0127067365873 1196.010304912479 0.025413473174667203 0.020609824957651044
0 690.0471964501816 1196.0104460756634 0.09439290036304962 0.020892151326933936
0 974.0502218636547 1196.0162337662337 0.10044372730939895 0.032467532467532464
0 1273.0157321500606 1221.0069169960475 0.03146430012101654 0.01383399209486166
0 1394.067365873336 1196.012987012987 0.13473174667204518 0.025974025974025976
0 1775.0592981040743 1199.010587238848 0.11859620814844696 0.021174477696216828
0 357.0887454618798 1372.0143986448334 0.17749092375958048 0.028797289666854884
0 842.034086325131 1363.0121400338792 0.0681726502622025 0.024280067758328628
0 1070.0143202904396 1380.0097402597403 0.02864058087938685 0.01948051948051948
0 1176.0294473578056 1383.0122811970639 0.05889471561113352 0.02456239412761152
0 1357.022589753933 1379.0101637492942 0.04517950786607503 0.020327498588368152
0 1510.0326744655104 1379.010587238848 0.0653489310205728 0.021174477696216828
0 1726.0730133118193 1367.0162337662337 0.14602662363856395 0.032467532467532464
0 353.0326744655103 1554.0108695652175 0.0653489310205728 0.021739130434782608
0 565.0665590964098 1546.012563523433 0.13311819281968534 0.0251270468661773
0 931.0229931423961 1560.0100225861095 0.045986284792254944 0.020045172219085264
0 1076.0223880597016 1557.0112930547714 0.04477611940298507 0.02258610954263128
0 1230.040742234772 1556.0142574816489 0.08148446954417103 0.028514963297571992
0 1482.0679709560306 1546.0159514398645 0.13594191206131503 0.03190287972896669
0 1867.0352964905203 1566.0093167701864 0.07059298104074223 0.018633540372670808
0 395.0897539330375 1731.0139751552795 0.17950786607503025 0.027950310559006212
0 843.0030254134732 1790.0021174477697 0.0060508269463493344 0.004234895539243365
