0 0.13876563130294473 0.11857707509881422 0.12948769665187576 0.026256352343308864
0 0.17486889874949577 0.11222473178994918 0.05445744251714401 0.014398644833427442
0 0.22186365469947558 0.11264822134387352 0.07059298104074223 0.015245623941276116
0 0.24929407018959257 0.11208356860530773 0.031060911657926585 0.01383399209486166
0 0.3412666397741025 0.11490683229813664 0.1617587736990722 0.018633540372670808
0 0.3852359822509076 0.11208356860530773 0.06171843485276321 0.012704686617730096
0 0.42839854780153286 0.11250705815923208 0.055667607906413875 0.011575381140598532
0 0.13755546591367487 0.189158667419537 0.13311819281968534 0.014398644833427442
0 0.21661960467930616 0.19184076792772445 0.12787414279951592 0.021456804065499716
0 0.24203307785397338 0.1880293619424054 0.030254134731746672 0.013269339356295878
0 0.27188382412263007 0.18774703557312253 0.0463896732553449 0.012140033879164314
0 0.34933440903590157 0.18831168831168832 0.13755546591367487 0.014398644833427442
0 0.4489713594191206 0.18788819875776397 0.17305365066559097 0.01355166572557877
0 0.0954013715207745 0.21357989836250707 0.04921339249697459 0.010728402032749858
0 0.1290843081887858 0.21301524562394128 0.03993545784590561 0.012704686617730096
0 0.2208551835417507 0.2140033879164314 0.15490116982654295 0.016657255787690572
0 0.2678499394917305 0.21329757199322416 0.0645421540943929 0.014398644833427442
0 0.30254134731746674 0.21259175607001693 0.05486083098023396 0.012987012987012988
0 0.36688180718031466 0.21315640880858272 0.09963695038321904 0.012704686617730096
0 0.44352561516740624 0.2161208356860531 0.1327148043565954 0.020892151326933936
0 0.08612343686970553 0.23898927159796726 0.03307785397337636 0.014398644833427442
0 0.11758773699072207 0.23870694522868435 0.051230334812424366 0.014116318464144552
0 0.20794675272287214 0.23941276115189158 0.1536910044372731 0.01383399209486166
0 0.28075837031060913 0.23941276115189158 0.13029447357805568 0.015527950310559006
0 0.32331585316659944 0.23842461885940147 0.06655909640984267 0.01355166572557877
0 0.35841064945542556 0.2381422924901186 0.050423557886244454 0.01383399209486166
0 0.43686970552642196 0.2388481084133258 0.1371520774505849 0.017221908526256352
0 0.11557079467527229 0.26792772444946356 0.08471157724889068 0.022303783173348392
0 0.12242839854780153 0.2672219085262564 0.0028237192416296895 0.005081874647092038
0 0.15853166599435256 0.264257481648786 0.0536506655909641 0.014398644833427442
0 0.20068576038725291 0.264257481648786 0.05889471561113352 0.012987012987012988
0 0.2989108511496571 0.26468097120271034 0.16942315449778136 0.01637492941840768
0 0.32573618394513915 0.2636928289102202 0.033481242436466316 0.012987012987012988
0 0.4421137555465914 0.26976284584980237 0.20693828156514724 0.022868435911914172
0 0.13876563130294473 0.29234895539243366 0.13513513513513514 0.01948051948051948
0 0.17749092375958048 0.28924336533032186 0.05203711173860428 0.01355166572557877
0 0.22609923356192013 0.2893845285149633 0.07946752722872126 0.010446075663466968
0 0.27591770875352967 0.28952569169960474 0.06736587333602259 0.012704686617730096
0 0.34187172246873737 0.288961038961039 0.10931827349737798 0.013269339356295878
0 0.40964098426784995 0.28924336533032186 0.1145623235175474 0.014116318464144552
0 0.4308188785800726 0.2891022021456804 0.0318676885841065 0.01383399209486166
0 0.1054860830980234 0.3154997176736307 0.06736587333602259 0.012987012987012988
0 0.1327148043565954 0.31507622811970637 0.0318676885841065 0.009316770186335404
0 0.20028237192416296 0.31804065499717676 0.11375554659136748 0.017221908526256352
0 0.24263816054860832 0.31437041219649914 0.050826946349334406 0.012704686617730096
0 0.33521581282775315 0.31493506493506496 0.1581282775312626 0.014963297571993224
0 0.43686970552642196 0.314652738565782 0.1799112545381202 0.014680971202710334
