0 0.10649455425574829 0.11038961038961038 0.07664380798709157 0.026538678712591756
0 0.2063331988705123 0.11688311688311688 0.18071803146430013 0.03811405985319029
0 0.3045582896329165 0.11137775268210051 0.17789431222267044 0.016092603049124788
0 0.3325937878176684 0.11024844720496894 0.03751512706736587 0.024280067758328628
0 0.3686970552642194 0.11038961038961038 0.05526421944332392 0.026821005081874648
0 0.4352561516740621 0.11250705815923208 0.118192819685357 0.029926595143986448
0 0.1145623235175474 0.13537549407114624 0.09035901573215006 0.024280067758328628
0 0.1438079870915692 0.1373517786561265 0.03227107704719645 0.031055900621118012
0 0.2045179507866075 0.1362224731789949 0.09923356192012908 0.01693958215697346
0 0.23295683743444937 0.13565782044042915 0.035901573215006054 0.023433088650479956
0 0.33420734167002825 0.13664596273291926 0.1827349737797499 0.029361942405420668
0 0.37031060911657926 0.1352343308865048 0.05203711173860428 0.020892151326933936
0 0.44150867285195644 0.1367871259175607 0.12020976200080678 0.023997741389045736
0 0.08834207341670028 0.16261998870694522 0.03469140782573618 0.03162055335968379
0 0.10851149657119806 0.15979672501411632 0.020572811617587738 0.012422360248447204
0 0.19342476805163372 0.16078486730660643 0.14885034288019364 0.023433088650479956
0 0.2373941105284389 0.16854884246188595 0.0645421540943929 0.043478260869565216
0 0.2934651068979427 0.1668548842461886 0.0899556272690601 0.03698475437605872
0 0.299717628075837 0.16092603049124787 0.0024203307785397336 0.001976284584980237
0 0.3446954417103671 0.16022021456804064 0.06857603872529246 0.026821005081874648
0 0.3989511899959661 0.1634669678147939 0.09439290036304962 0.032185206098249576
0 0.4245663574021783 0.16290231507622813 0.03630496167809601 0.032185206098249576
0 0.10830980233965308 0.191699604743083 0.06938281565147236 0.03980801806888763
0 0.16982654296087132 0.19240542066629024 0.09721661960467931 0.03698475437605872
0 0.22488906817265025 0.1935347261434218 0.07745058491327148 0.028232636928289104
0 0.26220250100847114 0.1873235460191982 0.05647438483259379 0.025691699604743084
0 0.3465106897942719 0.19480519480519481 0.1508672851956434 0.04319593450028233
0 0.37898346107301334 0.18817052512704688 0.03428801936264623 0.026821005081874648
0 0.44473578055667606 0.18661773009599097 0.11698265429608713 0.018068887634105024
0 0.14703509479628882 0.21174477696216826 0.14320290439693426 0.029361942405420668
0 0.1946349334409036 0.21188594014680973 0.05687777329568374 0.021739130434782608
0 0.24223477208551836 0.2127329192546584 0.07220653489310205 0.027950310559006212
0 0.3327954820492134 0.21357989836250707 0.14158935054457442 0.0251270468661773
0 0.43162565550625254 0.2124505928853755 0.16054860830980233 0.026256352343308864
0 0.4396934247680516 0.21047430830039526 0.0024203307785397336 0.0016939582156973462
0 0.4538120209762001 0.2111801242236025 0.01936264622831787 0.010728402032749858
0 0.4572408229124647 0.21174477696216826 0.002016942315449778 0.0016939582156973462
0 0.09217426381605485 0.2648221343873518 0.03307785397337636 0.029926595143986448
0 0.21379588543767647 0.2725861095426313 0.20330778539733763 0.048842461885940144
0 0.30919725695845096 0.26256352343308864 0.15893505445744252 0.028514963297571992
0 0.3229124647035095 0.26665725578769056 0.004437273093989512 0.014963297571993224
0 0.37696651875756354 0.2627046866177301 0.09439290036304962 0.014398644833427442
0 0.42759177087535294 0.26312817617165446 0.08148446954417103 0.029926595143986448
0 0.14703509479628882 0.3125352907961604 0.1306978620411456 0.029644268774703556
0 0.23941105284388867 0.3135234330886505 0.16054860830980233 0.025974025974025976
0 0.30798709156918114 0.3138057594579334 0.10488100040338846 0.014963297571993224
0 0.3344090359015732 0.3142292490118577 0.021782977006857603 0.023150762281197064
0 0.39007664380798707 0.3136645962732919 0.08108108108108109 0.014680971202710334
0 0.43828156514723676 0.3166290231507623 0.07664380798709157 0.03303218520609825
0 0.12484872932634127 0.36307171089779783 0.07946752722872126 0.026256352343308864
0 0.2265026220250101 0.3752117447769622 0.17789431222267044 0.05110107284020327
0 0.28075837031060913 0.3629305477131564 0.0754336425978217 0.028232636928289104
0 0.28680919725695847 0.3616600790513834 0.003227107704719645 0.004234895539243365
