0 365.0941912061315 697.0143986448335 0.18838241226300928 0.028797289666854884
0 898.0853166599435 706.0111518915867 0.17063331988705124 0.022303783173348392
0 1365.0393303751512 753.0110107284021 0.07866075030254134 0.0220214568040655
0 1599.0108914885034 705.012987012987 0.021782977006857603 0.025974025974025976
0 1714.0459862847922 745.0073404856014 0.09197256958450989 0.014680971202710334
0 2008.0435659540137 697.016939582157 0.08713190802743041 0.03387916431394692
0 366.04457442517145 849.016939582157 0.0891488503428802 0.03387916431394692
0 688.0189592577652 917.0073404856014 0.03791851553045583 0.014680971202710334
0 871.0129084308189 922.0053642010164 0.02581686163775716 0.010728402032749858
0 966.0772488906817 904.0146809712027 0.15449778136345302 0.029361942405420668
0 1477.0538523598225 872.0265386787125 0.10770471964501815 0.05307735742518351
0 1788.0058491327147 962.0053642010164 0.011698265429608713 0.010728402032749858
0 1876.084711577249 893.0177865612649 0.16942315449778136 0.03557312252964427
0 406.04417103670835 1042.0159514398645 0.08834207341670028 0.03190287972896669
0 727.0153287615974 1048.014539808018 0.03065752319483663 0.029079616036137776
0 867.0578862444534 1101.0071993224167 0.11577248890681727 0.014398644833427442
0 1246.0395320693829 1050.016516092603 0.0790641387656313 0.03303218520609825
0 1517.0445744251715 1068.0117165443253 0.0891488503428802 0.023433088650479956
0 1729.0096813231141 1102.0107284020328 0.01936264622831787 0.021456804065499716
0 1807.0300524405002 1053.014539808018 0.06010488100040339 0.029079616036137776
0 1997.031060911658 1032.0175042348956 0.06212182331585317 0.03500846979107849
0 392.05949979830575 1237.0128458498023 0.1189995966115369 0.025691699604743084
0 770.0627269060105 1238.0136928289103 0.1254538120209762 0.027385657820440428
0 1180.076643807987 1212.0245623941275 0.15328761597418314 0.04912478825522304
0 1651.0205728116175 1237.01185770751 0.041145623235175476 0.023715415019762844
0 1840.0742234772085 1239.0151044607567 0.14844695441710368 0.03020892151326934
0 395.0237999193223 1406.0242800677584 0.04759983864461476 0.048560135516657256
0 602.0256151674062 1395.0146809712028 0.051230334812424366 0.029361942405420668
0 767.0972166196046 1395.0203274985884 0.19443323920935862 0.040654997176736304
0 1329.0996369503832 1416.0148221343873 0.19927390076643808 0.029644268774703556
0 1905.080274304155 1421.0245623941275 0.16054860830980233 0.04912478825522304
0 373.0814844695442 1588.016516092603 0.16296893908834206 0.03303218520609825
0 894.0149253731344 1590.0131281761717 0.029850746268656716 0.026256352343308864
0 1029.0219846712384 1570.0162337662337 0.043969342476805166 0.032467532467532464
0 1205.0490116982655 1577.0199040090345 0.09802339653085922 0.03980801806888763
0 1478.0016135538524 1689.0014116318464 0.003227107704719645 0.00282326369282891
0 1582.0165389269866 1591.0141163184642 0.03307785397337636 0.028232636928289104
0 1701.0016135538524 1678.0008469791078 0.003227107704719645 0.0016939582156973462
0 1775.0750302541348 1578.0266798418972 0.1500605082694635 0.0533596837944664
0 2182.006655909641 1673.007481648786 0.013311819281968536 0.014963297571993224
0 349.0865268253328 1971.0183512140034 0.17305365066559097 0.03670242800677583
0 865.1173860427592 1951.0175042348956 0.23477208551835418 0.03500846979107849
0 1531.020371117386 1941.0214568040656 0.040742234772085516 0.04291360813099943
0 1730.0859217426382 1952.0135516657256 0.1718434852763211 0.02710333145115754
0 361.0804759983864 2147.0196216826653 0.1609519967728923 0.039243365330321855
0 882.042557482856 2183.011010728402 0.08511496571198064 0.0220214568040655
0 1198.0645421540944 2109.021174477696 0.1290843081887858 0.042348955392433656
0 1619.0171440096813 2137.0124223602484 0.03428801936264623 0.024844720496894408
0 1813.0443727309398 2134.020609824958 0.08874546187979024 0.04121964991530209
0 2084.059096409843 2144.0179277244492 0.118192819685357 0.03585544889892716
0 381.0175473981444 2332.010587238848 0.03509479628882614 0.021174477696216828
0 631.0645421540944 2318.0183512140034 0.1290843081887858 0.03670242800677583
0 1050.0625252117788 2302.015386787126 0.12505042355788623 0.03077357425183512
0 1398.0024203307785 2381.001976284585 0.004840661557079467 0.003952569169960474
0 1465.040742234772 2297.0196216826653 0.08148446954417103 0.039243365330321855
0 1817.0141185962082 2316.011293054771 0.028237192416296894 0.02258610954263128
0 1973.04699475595 2318.016939582157 0.09398951189995966 0.03387916431394692
