0 353.02258975393306 762.0070581592321 0.04517950786607503 0.014116318464144552
0 528.0354981847519 757.0081874647092 0.07099636950383219 0.01637492941840768
0 790.0413473174667 753.0086109542631 0.0826946349334409 0.017221908526256352
0 1053.0123033481243 763.0100225861096 0.024606696248487294 0.020045172219085264
0 1149.075837031061 759.0077639751553 0.15167406212182333 0.015527950310559006
0 1579.0090762404195 765.0062111801242 0.018152480839048003 0.012422360248447204
0 1668.0231948366277 759.0077639751553 0.0463896732553449 0.015527950310559006
0 1831.0419524001613 757.0112930547713 0.08390480032271078 0.02258610954263128
0 2089.0227914481648 753.0080463015246 0.045582896329164985 0.016092603049124788
0 356.06131504638967 945.0122811970638 0.12263009277934651 0.02456239412761152
0 760.0536506655909 940.0103049124788 0.1073013311819282 0.020609824957651044
0 1066.0014118596207 985.0009881422925 0.0028237192416296895 0.001976284584980237
0 1127.0439693424769 947.0112930547713 0.08793868495361033 0.02258610954263128
0 1386.0058491327147 949.0057876905703 0.011698265429608713 0.011575381140598532
0 1479.0613150463896 940.0084697910785 0.12263009277934651 0.01693958215697346
0 1850.0175473981444 938.0069169960474 0.03509479628882614 0.01383399209486166
0 364.08269463493343 1128.0104460756634 0.1653892698668818 0.020892151326933936
0 830.0129084308189 1128.008610954263 0.02581686163775716 0.017221908526256352
0 956.0088745461879 1145.003529079616 0.017749092375958047 0.007058159232072276
0 1049.039935457846 1125.0111518915867 0.07987091569181122 0.022303783173348392
0 1309.0506252521177 1140.0084697910786 0.10125050423557887 0.01693958215697346
0 1582.0020169423155 1161.0008469791078 0.004033884630899556 0.0016939582156973462
0 1625.0240016135538 1129.0067758328628 0.04800322710770472 0.01355166572557877
0 1791.0211778943121 1149.0040937323547 0.04235578862444534 0.00818746470920384
0 1934.0149253731342 1125.0064935064936 0.029850746268656716 0.012987012987012988
0 367.10649455425573 1478.0132693393564 0.21298910851149658 0.026538678712591756
0 954.0661557079468 1486.009881422925 0.13231141589350545 0.019762845849802372
0 1340.059903186769 1482.0081874647092 0.11980637353771682 0.01637492941840768
0 1677.0016135538524 1525.0008469791078 0.003227107704719645 0.0016939582156973462
0 1727.019967728923 1489.0060700169395 0.03993545784590561 0.012140033879164314
0 1876.0671641791046 1485.011010728402 0.13432835820895522 0.0220214568040655
0 356.01129487696653 1850.0108695652175 0.022589753933037516 0.021739130434782608
0 493.07059298104076 1835.0132693393564 0.14118596208148446 0.026538678712591756
0 904.0114965711981 1845.0067758328628 0.022993142396127472 0.01355166572557877
0 1003.0373134328358 1837.0122811970639 0.07462686567164178 0.02456239412761152
0 1235.0256151674062 1839.007481648786 0.051230334812424366 0.014963297571993224
0 1425.0197660346914 1841.0108695652175 0.03953206938281565 0.021739130434782608
0 1573.0302541347316 1831.0117165443253 0.060508269463493344 0.023433088650479956
0 1759.0014118596207 1885.0011293054772 0.0028237192416296895 0.002258610954263128
