0 341.01008471157724 707.0153867871259 0.02016942315449778 0.03077357425183512
0 418.0478015328762 702.0182100508188 0.09560306575231949 0.036420101637492944
0 669.0020169423154 773.0038114059853 0.004033884630899556 0.007622811970638058
0 701.013715207745 702.0107284020328 0.02743041549011698 0.021456804065499716
0 794.0233965308593 705.0105872388481 0.04679306171843485 0.021174477696216828
0 930.0383219039935 702.0153867871259 0.07664380798709157 0.03077357425183512
0 1155.038523598225 704.0107284020328 0.07704719645018153 0.021456804065499716
0 1375.0082694634934 729.0073404856014 0.01653892698668818 0.014680971202710334
0 1440.0242033077855 702.0108695652174 0.048406615570794675 0.021739130434782608
0 1585.027027027027 729.0073404856014 0.05405405405405406 0.014680971202710334
0 1742.050020169423 710.0103049124788 0.100040338846309 0.020609824957651044
0 1968.0032271077048 770.0045172219085 0.00645421540943929 0.009034443817052512
0 1999.0242033077855 716.0101637492942 0.048406615570794675 0.020327498588368152
0 336.02985074626866 876.0115753811406 0.05970149253731343 0.023150762281197064
0 512.0280354981847 906.0076228119707 0.056070996369503835 0.015245623941276116
0 670.0328761597418 884.0155279503106 0.06575231948366277 0.031055900621118012
0 847.0016135538524 946.0014116318464 0.003227107704719645 0.00282326369282891
0 891.0072609923357 884.0104460756635 0.014521984671238403 0.020892151326933936
0 957.0467930617184 876.0173630717109 0.0935861234368697 0.03472614342179559
0 1212.0161355385235 880.0111518915867 0.03227107704719645 0.022303783173348392
0 1309.0441710367083 873.0191981931113 0.08834207341670028 0.038396386222473176
0 1536.002218636547 910.0046583850932 0.004437273093989512 0.009316770186335404
0 1580.0024203307785 873.0026821005082 0.004840661557079467 0.005364201016374929
0 1589.0104881000404 881.0111518915867 0.020976200080677694 0.022303783173348392
0 1656.0219846712384 883.0142574816488 0.043969342476805166 0.028514963297571992
0 1780.0314643001211 908.0141163184642 0.06292860024203308 0.028232636928289104
0 1959.0131101250504 888.0101637492942 0.026220250100847116 0.020327498588368152
0 2049.016538926987 885.0108695652174 0.03307785397337636 0.021739130434782608
0 329.02137958854377 1057.0115753811406 0.042759177087535294 0.023150762281197064
0 439.00302541347315 1137.0036702428006 0.0060508269463493344 0.007340485601355167
0 479.0179507866075 1086.012563523433 0.035901573215006054 0.0251270468661773
0 595.0197660346914 1057.0160926030492 0.03953206938281565 0.032185206098249576
0 697.0030254134732 1131.0033879164314 0.0060508269463493344 0.006775832862789385
0 740.0256151674062 1060.0112930547714 0.051230334812424366 0.02258610954263128
0 881.0246066962485 1086.0136928289103 0.04921339249697459 0.027385657820440428
0 1020.0163372327552 1059.0114342179559 0.0326744655102864 0.022868435911914172
0 1119.0316659943526 1062.0111518915867 0.06333198870512304 0.022303783173348392
0 1294.00524405002 1096.001552795031 0.010488100040338847 0.003105590062111801
0 1346.0072609923357 1063.011010728402 0.014521984671238403 0.0220214568040655
0 1389.0191609519968 1065.010587238848 0.038321903993545785 0.021174477696216828
0 1502.024405002017 1087.0080463015245 0.04881000403388463 0.016092603049124788
0 1644.0286405808795 1088.0132693393564 0.0572811617587737 0.026538678712591756
0 1809.029245663574 1057.0121400338792 0.058491327148043566 0.024280067758328628
0 1971.0197660346914 1066.0104460756634 0.03953206938281565 0.020892151326933936
0 335.02178297700686 1232.0160926030492 0.04356595401371521 0.032185206098249576
0 462.00423557886245 1227.0128458498023 0.008471157724889069 0.025691699604743084
0 504.00242033077853 1223.0040937323547 0.004840661557079467 0.00818746470920384
0 536.0266236385639 1232.0159514398645 0.053247277127874144 0.03190287972896669
0 694.0191609519968 1235.0115753811406 0.038321903993545785 0.023150762281197064
0 816.031060911658 1266.0139751552795 0.06212182331585317 0.027950310559006212
0 972.00262202501 1315.0031055900622 0.0052440500201694235 0.006211180124223602
0 1028.0078660750303 1245.0104460756634 0.01573215006050827 0.020892151326933936
0 1086.0443727309398 1234.0119988706945 0.08874546187979024 0.023997741389045736
0 1328.0258168616378 1238.014963297572 0.05163372327551432 0.029926595143986448
0 1480.0177490923759 1238.0112930547714 0.035498184751916094 0.02258610954263128
0 1574.0207745058492 1265.0143986448334 0.04154901169826543 0.028797289666854884
0 1694.047801532876 1235.016516092603 0.09560306575231949 0.03303218520609825
0 1965.015933844292 1235.0117165443253 0.0318676885841065 0.023433088650479956
0 337.0179507866075 1413.0111518915867 0.035901573215006054 0.022303783173348392
0 432.00161355385234 1480.0014116318464 0.003227107704719645 0.00282326369282891
0 469.0074626865672 1418.009881422925 0.014925373134328358 0.019762845849802372
0 538.0231948366277 1413.0114342179559 0.0463896732553449 0.022868435911914172
0 669.0217829770069 1413.0175042348956 0.04356595401371521 0.03500846979107849
0 809.0258168616377 1417.011010728402 0.05163372327551432 0.0220214568040655
0 969.0405405405405 1413.0121400338792 0.08108108108108109 0.024280067758328628
0 1214.0677692617992 1413.0124223602484 0.1355385235982251 0.024844720496894408
0 1549.0026220250102 1486.0036702428006 0.0052440500201694235 0.007340485601355167
0 1589.0233965308591 1420.0107284020328 0.04679306171843485 0.021456804065499716
0 1720.0242033077855 1440.0080463015245 0.048406615570794675 0.016092603049124788
0 1871.0482049213392 1413.0124223602484 0.09640984267849939 0.024844720496894408
0 2100.0038321903994 1491.0038114059853 0.007664380798709157 0.007622811970638058
0 333.01290843081887 1593.0111518915867 0.02581686163775716 0.022303783173348392
0 412.01411859620816 1618.0077639751553 0.028237192416296894 0.015527950310559006
0 521.0657523194836 1593.0182100508187 0.13150463896732553 0.036420101637492944
0 872.0237999193223 1629.0132693393564 0.04759983864461476 0.026538678712591756
0 996.0018152480839 1658.0016939582158 0.003630496167809601 0.0033879164313946925
