0 0.09479628882613957 0.11194240542066629 0.06736587333602259 0.029361942405420668
0 0.16599435256151673 0.12140033879164314 0.11052843888664785 0.04319593450028233
0 0.1708350141185962 0.11561264822134387 0.0028237192416296895 0.012140033879164314
0 0.20673658733360226 0.11095426312817618 0.06494554255748286 0.023997741389045736
0 0.24485679709560307 0.11222473178994918 0.043162565550625254 0.025409373235460192
0 0.3303751512706737 0.11405985319028797 0.1399757966922146 0.028232636928289104
0 0.34207341670028235 0.11702428006775834 0.0028237192416296895 0.011857707509881422
0 0.38563937071399756 0.11307171089779786 0.07301331181928197 0.0251270468661773
0 0.43283582089552236 0.11293054771315642 0.07946752722872126 0.016092603049124788
0 0.08672851956434045 0.13495200451722192 0.03146430012101654 0.022303783173348392
0 0.13755546591367487 0.13706945228684358 0.0826946349334409 0.019198193111236588
0 0.17043162565550626 0.13565782044042915 0.04195240016135539 0.025691699604743084
0 0.22206534893102056 0.1373517786561265 0.0782573618394514 0.026821005081874648
0 0.2515127067365873 0.1357989836250706 0.03469140782573618 0.023150762281197064
0 0.29306171843485274 0.13819875776397517 0.05889471561113352 0.027385657820440428
0 0.3061718434852763 0.13509316770186336 0.0028237192416296895 0.0016939582156973462
0 0.34872932634126663 0.13763410502540938 0.05970149253731343 0.029926595143986448
0 0.3563937071399758 0.14384528514963296 0.0052440500201694235 0.013269339356295878
0 0.43283582089552236 0.14695087521174477 0.14481645824929407 0.048560135516657256
0 0.43807987091569184 0.14624505928853754 0.0028237192416296895 0.017221908526256352
0 0.06555062525211779 0.23630717108977978 0.004033884630899556 0.022303783173348392
0 0.11395724082291246 0.23687182382834557 0.07462686567164178 0.0251270468661773
0 0.15792658329971762 0.237012987012987 0.0536506655909641 0.028514963297571992
0 0.23134328358208955 0.2388481084133258 0.11052843888664785 0.01948051948051948
0 0.2613957240822912 0.2502823263692829 0.03711173860427592 0.0533596837944664
0 0.29709560306575233 0.23955392433653303 0.060508269463493344 0.015527950310559006
0 0.3471157724889068 0.24830604178430266 0.08350141185962082 0.04601919819311124
0 0.3890681726502622 0.23955392433653303 0.06776926179911255 0.02710333145115754
0 0.4124647035094796 0.23743647656691136 0.01855586930213796 0.014398644833427442
0 0.44130697862041146 0.23800112930547712 0.04517950786607503 0.03190287972896669
0 0.12868091972569584 0.2738565782044043 0.13594191206131503 0.04827780914737437
0 0.15570794675272287 0.26256352343308864 0.03469140782573618 0.02258610954263128
0 0.21500605082694635 0.2641163184641446 0.0935861234368697 0.02766798418972332
0 0.24384832593787817 0.2621400338791643 0.035901573215006054 0.012987012987012988
0 0.290843081887858 0.26439864483342745 0.07260992335619201 0.01948051948051948
0 0.3235175473981444 0.2641163184641446 0.03751512706736587 0.01693958215697346
0 0.3483259378781767 0.26468097120271034 0.029043969342476807 0.023997741389045736
0 0.41306978620411455 0.2651044607566347 0.11698265429608713 0.020045172219085264
0 0.1427995159338443 0.3468379446640316 0.1536910044372731 0.03613777526821005
0 0.1881807180314643 0.3396386222473179 0.0572811617587737 0.015527950310559006
0 0.20209762000806777 0.3365330321852061 0.004437273093989512 0.003105590062111801
