0 0.09217426381605485 0.13763410502540938 0.01936264622831787 0.023997741389045736
0 0.13130294473578055 0.13706945228684358 0.06010488100040339 0.020609824957651044
0 0.1653892698668818 0.13692828910220214 0.0463896732553449 0.014963297571993224
0 0.208955223880597 0.1448334274421231 0.06171843485276321 0.03190287972896669
0 0.23396530859217426 0.1373517786561265 0.03146430012101654 0.011857707509881422
0 0.2771278741427995 0.13721061547148503 0.05929810407422348 0.021739130434782608
0 0.32956837434449376 0.14370412196499152 0.07704719645018153 0.033314511575381144
0 0.3662767244856797 0.13664596273291926 0.04679306171843485 0.014680971202710334
0 0.3707139975796692 0.13636363636363635 0.0028237192416296895 0.001976284584980237
0 0.39209358612343687 0.13594014680971203 0.017749092375958047 0.015810276679841896
0 0.40217829770068575 0.1362224731789949 0.01855586930213796 0.017786561264822136
0 0.12101653892698669 0.1717955957086392 0.07785397337636143 0.04319593450028233
0 0.1482452601855587 0.16741953698475437 0.035498184751916094 0.026256352343308864
0 0.16659943525615167 0.1621964991530209 0.02743041549011698 0.01637492941840768
0 0.20875352964905203 0.16840767927724448 0.06010488100040339 0.028514963297571992
0 0.25655506252521176 0.1686900056465274 0.07624041952400161 0.031338226990400904
0 0.2932634126663977 0.16205533596837945 0.05647438483259379 0.019198193111236588
0 0.30919725695845096 0.16149068322981366 0.016942315449778138 0.010163749294184076
0 0.3592174263816055 0.16643139469226426 0.07785397337636143 0.025691699604743084
0 0.4017749092375958 0.16770186335403728 0.06655909640984267 0.028797289666854884
0 0.4227511093182735 0.16572557876905702 0.021782977006857603 0.017221908526256352
0 0.4267849939491731 0.1600790513833992 0.0024203307785397336 0.002258610954263128
0 0.08471157724889068 0.1854884246188594 0.012505042355788625 0.014963297571993224
0 0.09620814844695441 0.18675889328063242 0.01936264622831787 0.018351214003387916
0 0.13856393707139975 0.19311123658949747 0.06494554255748286 0.03190287972896669
0 0.1464300121016539 0.19028797289666854 0.006857603872529245 0.007905138339920948
0 0.1811214199273901 0.18774703557312253 0.045986284792254944 0.020327498588368152
0 0.22710770471964503 0.1873235460191982 0.06857603872529246 0.01948051948051948
0 0.23154497781363453 0.18873517786561264 0.0060508269463493344 0.005928853754940711
0 0.2599838644614764 0.19692264257481648 0.04921339249697459 0.030491247882552232
0 0.27309398951189995 0.18591191417278374 0.015328761597418314 0.014398644833427442
0 0.3027430415490117 0.1880293619424054 0.03630496167809601 0.01693958215697346
0 0.3336022589753933 0.19466403162055335 0.06131504638967326 0.024280067758328628
0 0.35397337636143605 0.18633540372670807 0.020976200080677694 0.018351214003387916
0 0.38140379185155304 0.1873235460191982 0.03872529245663574 0.01948051948051948
0 0.4060104881000403 0.18661773009599097 0.02702702702702703 0.017786561264822136
0 0.09580475998386447 0.23743647656691136 0.03509479628882614 0.020609824957651044
0 0.14885034288019364 0.2385657820440429 0.07018959257765228 0.019198193111236588
0 0.2252924566357402 0.23870694522868435 0.11657926583299717 0.01637492941840768
0 0.28075837031060913 0.24421230942970074 0.08511496571198064 0.030491247882552232
0 0.28842275110931825 0.2385657820440429 0.0052440500201694235 0.0033879164313946925
0 0.3291649858814038 0.23828345567476003 0.040742234772085516 0.02258610954263128
0 0.4007664380798709 0.23828345567476003 0.11254538120209762 0.01948051948051948
0 0.0945945945945946 0.262987012987013 0.03469140782573618 0.011857707509881422
0 0.15328761597418314 0.2704686617730096 0.07745058491327148 0.03303218520609825
0 0.18334005647438484 0.2636928289102202 0.023396530859217425 0.011857707509881422
0 0.25574828559903184 0.2724449463579898 0.10246066962484873 0.034443817052512704
0 0.30677692617991126 0.26468097120271034 0.07382008874546188 0.0220214568040655
0 0.33057684550221866 0.26312817617165446 0.029043969342476807 0.020045172219085264
0 0.3664784187172247 0.262987012987013 0.05244050020169423 0.017504234895539244
0 0.41670028237192414 0.2683512140033879 0.07866075030254134 0.025691699604743084
0 0.1300927793465107 0.29446640316205536 0.10851149657119806 0.032467532467532464
0 0.16054860830980233 0.29601919819311123 0.04356595401371521 0.035290796160361376
0 0.18838241226300928 0.28797289666854886 0.019766034691407825 0.009034443817052512
0 0.23053650665590963 0.2876905702992659 0.03953206938281565 0.021456804065499716
0 0.27289229528035497 0.29361942405420666 0.04719645018152481 0.030491247882552232
0 0.32674465510286405 0.2875494071146245 0.07139975796692215 0.018633540372670808
0 0.326946349334409 0.28825522303783174 0.0028237192416296895 0.0016939582156973462
