0 0.10024203307785397 0.16840767927724448 0.06413876563130294 0.02766798418972332
0 0.1345300524405002 0.1634669678147939 0.053247277127874144 0.018068887634105024
0 0.13392496974586526 0.16233766233766234 0.0024203307785397336 0.001411631846414455
0 0.16982654296087132 0.16332580463015245 0.03993545784590561 0.01948051948051948
0 0.20956030657523195 0.16261998870694522 0.06292860024203308 0.018068887634105024
0 0.25514320290439696 0.16191417278373801 0.07704719645018153 0.016092603049124788
0 0.2880193626462283 0.16205533596837945 0.04154901169826543 0.017786561264822136
0 0.3120209762000807 0.16558441558441558 0.029850746268656716 0.011857707509881422
0 0.34953610326744655 0.16558441558441558 0.063735377168213 0.029079616036137776
0 0.4189189189189189 0.16233766233766234 0.10246066962484873 0.0189158667419537
0 0.4872932634126664 0.16643139469226426 0.11415893505445744 0.0251270468661773
0 0.1329164985881404 0.18831168831168832 0.11940298507462686 0.017504234895539244
0 0.16236385639370715 0.1876058723884811 0.020976200080677694 0.015810276679841896
0 0.20572811617587736 0.19155844155844157 0.06776926179911255 0.024280067758328628
0 0.28035498184751917 0.19212309429700733 0.12505042355788623 0.026538678712591756
0 0.2983057684550222 0.18718238283455674 0.018959257765227916 0.014398644833427442
0 0.3346107301331182 0.18718238283455674 0.04477611940298507 0.014116318464144552
0 0.41226300927793463 0.18746470920383965 0.12666397741024607 0.015245623941276116
0 0.46974586526825335 0.19155844155844157 0.10891488503428802 0.012422360248447204
0 0.472569584509883 0.18774703557312253 0.002016942315449778 0.001411631846414455
0 0.10669624848729327 0.23842461885940147 0.06696248487293263 0.018068887634105024
0 0.10649455425574829 0.2385657820440429 0.002016942315449778 0.001411631846414455
