0 0.1127470754336426 0.12083568605307736 0.08309802339653086 0.03557312252964427
0 0.1708350141185962 0.1150479954827781 0.09600645421540945 0.023150762281197064
0 0.20794675272287214 0.11462450592885376 0.06131504638967326 0.024280067758328628
0 0.23860427591770875 0.12055335968379446 0.05526421944332392 0.03557312252964427
0 0.2672448567970956 0.11561264822134387 0.05970149253731343 0.026256352343308864
0 0.3229124647035095 0.11518915866741954 0.0935861234368697 0.023150762281197064
0 0.41064945542557485 0.11575381140598531 0.15893505445744252 0.0251270468661773
0 0.1799112545381202 0.14596273291925466 0.22710770471964503 0.039243365330321855
0 0.21883824122630094 0.1398927159796725 0.0536506655909641 0.0251270468661773
0 0.2648245260185559 0.14144551101072841 0.07664380798709157 0.027950310559006212
0 0.2977006857603873 0.14088085827216262 0.06938281565147236 0.025691699604743084
0 0.28680919725695847 0.14412761151891587 0.012505042355788625 0.007905138339920948
0 0.3434852763210972 0.14045736871823827 0.09640984267849939 0.02456239412761152
0 0.4445340863251311 0.14144551101072841 0.19241629689390882 0.026538678712591756
0 0.09519967728922953 0.17066629023150762 0.040742234772085516 0.029644268774703556
0 0.17386042759177087 0.16586674195369847 0.1355385235982251 0.022868435911914172
0 0.21924162968939087 0.16572557876905702 0.0782573618394514 0.023433088650479956
0 0.27591770875352967 0.17052512704686618 0.11093182734973779 0.03303218520609825
0 0.31121419927390076 0.16629023150762282 0.05687777329568374 0.02258610954263128
0 0.336022589753933 0.16431394692264256 0.045986284792254944 0.020327498588368152
0 0.4116579265832997 0.17193675889328064 0.1290843081887858 0.03585544889892716
0 0.13493344090359016 0.191699604743083 0.12384025816861638 0.024280067758328628
0 0.19967728922952804 0.1950875211744777 0.11133521581282775 0.027950310559006212
0 0.2692617991125454 0.19141727837380013 0.11657926583299717 0.020892151326933936
0 0.2974989915288423 0.19085262563523434 0.05163372327551432 0.021739130434782608
0 0.3763614360629286 0.19480519480519481 0.14804356595401372 0.029644268774703556
0 0.3783783783783784 0.19339356295878035 0.01008471157724889 0.006493506493506494
0 0.4265832997176281 0.19127611518915866 0.07624041952400161 0.014116318464144552
0 0.15127067365873337 0.22092038396386224 0.16296893908834206 0.03387916431394692
0 0.19160951996772893 0.21964991530208922 0.09479628882613957 0.031338226990400904
0 0.22246873739411052 0.21583850931677018 0.050826946349334406 0.0189158667419537
0 0.27611940298507465 0.21583850931677018 0.0899556272690601 0.0220214568040655
0 0.27591770875352967 0.2183794466403162 0.007260992335619202 0.005081874647092038
0 0.3483259378781767 0.22219085262563523 0.12061315046389673 0.03303218520609825
0 0.38342073416700284 0.21513269339356295 0.050423557886244454 0.019762845849802372
0 0.4263816054860831 0.21668548842461885 0.06978620411456232 0.019762845849802372
0 0.11173860427591771 0.2419536984754376 0.07785397337636143 0.012140033879164314
0 0.18293666801129488 0.2466120835686053 0.1262605889471561 0.03162055335968379
0 0.18152480839048002 0.2404009034443817 0.004033884630899556 0.0016939582156973462
0 0.21742638160548608 0.24237718802936195 0.045582896329164985 0.020045172219085264
0 0.26643807987091567 0.24110671936758893 0.09197256958450989 0.012704686617730096
0 0.3140379185155305 0.24110671936758893 0.0826946349334409 0.011857707509881422
0 0.3390480032271077 0.2404009034443817 0.03751512706736587 0.021174477696216828
0 0.3434852763210972 0.2453416149068323 0.014925373134328358 0.008752117447769622
0 0.39209358612343687 0.2409655561829475 0.0754336425978217 0.0189158667419537
0 0.4427188382412263 0.24153020892151328 0.10125050423557887 0.023433088650479956
0 0.09802339653085922 0.2660926030491248 0.05244050020169423 0.019762845849802372
0 0.15893505445744252 0.2660926030491248 0.10044372730939895 0.021174477696216828
0 0.23497377974989916 0.26679841897233203 0.1383622428398548 0.024280067758328628
0 0.2658329971762808 0.27103331451157536 0.057684550221863654 0.029644268774703556
0 0.28297700685760385 0.26679841897233203 0.03872529245663574 0.017221908526256352
0 0.3618394513916902 0.26665725578769056 0.13674868898749495 0.022303783173348392
0 0.3805970149253731 0.26665725578769056 0.0326744655102864 0.014680971202710334
0 0.4060104881000403 0.2670807453416149 0.03711173860427592 0.015810276679841896
0 0.13533682936668012 0.2943252399774139 0.1262605889471561 0.02456239412761152
0 0.17325534489713595 0.29164313946922643 0.07664380798709157 0.022868435911914172
0 0.19302137958854376 0.29136081309994355 0.03791851553045583 0.008752117447769622
0 0.22125857200484067 0.29164313946922643 0.033481242436466316 0.01693958215697346
0 0.25433642597821704 0.2920666290231508 0.05687777329568374 0.01948051948051948
0 0.30879386849536106 0.2924901185770751 0.0927793465106898 0.017504234895539244
0 0.3108108108108108 0.2951722190852626 0.011698265429608713 0.007058159232072276
0 0.3642597821702299 0.292772444946358 0.0754336425978217 0.021174477696216828
0 0.3874546187979024 0.29164313946922643 0.0391286809197257 0.017786561264822136
0 0.4606696248487293 0.29164313946922643 0.11940298507462686 0.020609824957651044
0 0.10346914078257362 0.3167701863354037 0.06938281565147236 0.018068887634105024
0 0.16135538523598225 0.32382834556747603 0.10084711577248891 0.025974025974025976
0 0.28156514723678905 0.32481648785996614 0.22347720855183542 0.035290796160361376
0 0.28580072609923357 0.3170525127046866 0.0028237192416296895 0.001976284584980237
