0 0.07139975796692215 0.10742518351214003 0.0028237192416296895 0.005081874647092038
0 0.09338442920532473 0.11702428006775834 0.041145623235175476 0.021739130434782608
0 0.11335215812827754 0.11208356860530773 0.02501008471157725 0.014398644833427442
0 0.17950786607503025 0.11758893280632411 0.1189995966115369 0.024280067758328628
0 0.23154497781363453 0.11603613777526821 0.0826946349334409 0.022303783173348392
0 0.24223477208551836 0.11137775268210051 0.007664380798709157 0.001976284584980237
0 0.2688584106494554 0.11773009599096555 0.04195240016135539 0.022868435911914172
0 0.2882210568777733 0.11293054771315642 0.031060911657926585 0.012987012987012988
0 0.3206938281565147 0.11744776962168267 0.03670835014118596 0.01637492941840768
0 0.3741427995159338 0.11363636363636363 0.07785397337636143 0.014680971202710334
0 0.38140379185155304 0.11575381140598531 0.006857603872529245 0.006493506493506494
0 0.4312222670431626 0.11335403726708075 0.07664380798709157 0.016657255787690572
0 0.09640984267849939 0.16304347826086957 0.05486083098023396 0.012987012987012988
0 0.13695038321903993 0.16332580463015245 0.05647438483259379 0.012704686617730096
0 0.1661960467930617 0.16558441558441558 0.02864058087938685 0.021174477696216828
0 0.21339249697458654 0.16304347826086957 0.08672851956434045 0.016092603049124788
0 0.21924162968939087 0.16304347826086957 0.0024203307785397336 0.001976284584980237
0 0.2537313432835821 0.1681253529079616 0.04881000403388463 0.023997741389045736
0 0.2702702702702703 0.16261998870694522 0.02501008471157725 0.01355166572557877
0 0.300121016538927 0.16826651609260304 0.04033884630899556 0.018351214003387916
0 0.34066155707946755 0.16332580463015245 0.06494554255748286 0.014680971202710334
0 0.390480032271077 0.1675607001693958 0.08390480032271078 0.024280067758328628
0 0.4235578862444534 0.163184641445511 0.053247277127874144 0.012704686617730096
0 0.08027430415490117 0.19184076792772445 0.020572811617587738 0.022303783173348392
0 0.10427591770875352 0.18788819875776397 0.0326744655102864 0.01383399209486166
0 0.17386042759177087 0.19155844155844157 0.11980637353771682 0.023715415019762844
0 0.20532472771278742 0.191699604743083 0.043162565550625254 0.021174477696216828
0 0.21924162968939087 0.18788819875776397 0.012101653892698669 0.007340485601355167
0 0.2954820492133925 0.18831168831168832 0.12787414279951592 0.014963297571993224
0 0.3239209358612344 0.1907114624505929 0.03307785397337636 0.0220214568040655
0 0.3785800726099234 0.19438170525127046 0.09398951189995966 0.0251270468661773
0 0.4253731343283582 0.18873517786561264 0.06252521177894312 0.008752117447769622
0 0.10629286002420331 0.2137210615471485 0.07866075030254134 0.015527950310559006
0 0.16014521984671237 0.21386222473178995 0.08753529649052037 0.014680971202710334
0 0.20371117386042759 0.2161208356860531 0.07180314643001211 0.022303783173348392
0 0.21903993545784592 0.21301524562394128 0.01936264622831787 0.01355166572557877
0 0.2682533279548205 0.21696781479390176 0.06736587333602259 0.01948051948051948
0 0.29064138765631303 0.21301524562394128 0.02501008471157725 0.012987012987012988
0 0.3301734570391287 0.21357989836250707 0.057684550221863654 0.007905138339920948
0 0.3697055264219443 0.21357989836250707 0.05526421944332392 0.012987012987012988
0 0.37152077450584914 0.2137210615471485 0.002016942315449778 0.0016939582156973462
0 0.3763614360629286 0.20934500282326368 0.003630496167809601 0.00564652738565782
0 0.07139975796692215 0.23475437605872387 0.003630496167809601 0.005364201016374929
0 0.10830980233965308 0.24280067758328627 0.0681726502622025 0.021456804065499716
0 0.20229931423961275 0.2385657820440429 0.16296893908834206 0.015245623941276116
0 0.2319483662767245 0.2385657820440429 0.03670835014118596 0.007905138339920948
0 0.28136345300524407 0.24435347261434218 0.08350141185962082 0.025974025974025976
0 0.3261395724082291 0.23898927159796726 0.07180314643001211 0.015527950310559006
0 0.3628479225494151 0.2385657820440429 0.053247277127874144 0.014116318464144552
0 0.39330375151270675 0.24378881987577639 0.0463896732553449 0.023715415019762844
0 0.4114562323517547 0.2385657820440429 0.02864058087938685 0.012140033879164314
0 0.09398951189995966 0.2891022021456804 0.052843888664784185 0.015245623941276116
0 0.13311819281968534 0.2898080180688876 0.05445744251714401 0.016092603049124788
0 0.15933844292053248 0.28924336533032186 0.03469140782573618 0.014680971202710334
0 0.26200080677692617 0.2922077922077922 0.17749092375958048 0.021174477696216828
0 0.2954820492133925 0.2920666290231508 0.042759177087535294 0.021174477696216828
0 0.3237192416296894 0.28839638622247316 0.033884630899556276 0.013269339356295878
0 0.3618394513916902 0.28952569169960474 0.057684550221863654 0.014963297571993224
0 0.37333602258975396 0.2920666290231508 0.008471157724889069 0.00818746470920384
0 0.390480032271077 0.2886787125917561 0.024606696248487294 0.012422360248447204
0 0.4320290439693425 0.28924336533032186 0.07018959257765228 0.014963297571993224
0 0.43142396127470756 0.288961038961039 0.0024203307785397336 0.001976284584980237
