0 0.07946752722872126 0.2689158667419537 0.027833803953206938 0.021456804065499716
0 0.11617587736990723 0.26990400903444384 0.029850746268656716 0.017221908526256352
0 0.16700282371924163 0.27555053642010163 0.060508269463493344 0.03387916431394692
0 0.19604679306171843 0.2707509881422925 0.03509479628882614 0.014680971202710334
0 0.22287212585720048 0.26990400903444384 0.028237192416296894 0.016092603049124788
0 0.27188382412263007 0.27004517221908525 0.07946752722872126 0.025409373235460192
0 0.30697862041145624 0.27413890457368717 0.045582896329164985 0.022303783173348392
0 0.34409035901573215 0.2696216826651609 0.055667607906413875 0.014398644833427442
0 0.382008874546188 0.2696216826651609 0.048406615570794675 0.016657255787690572
0 0.4025816861637757 0.26905702992659514 0.029043969342476807 0.017221908526256352
0 0.46248487293263413 0.27117447769621683 0.09721661960467931 0.022868435911914172
0 0.48769665187575634 0.27625635234330886 0.042759177087535294 0.021456804065499716
