0 0.07583703106091166 0.1854884246188594 0.02743041549011698 0.014398644833427442
0 0.12121823315853167 0.1870412196499153 0.07704719645018153 0.02258610954263128
0 0.17063331988705124 0.18647656691134953 0.0927793465106898 0.023997741389045736
0 0.19503832190399353 0.1870412196499153 0.035498184751916094 0.019198193111236588
0 0.22751109318273496 0.18675889328063242 0.05647438483259379 0.0189158667419537
0 0.24848729326341268 0.18661773009599097 0.02702702702702703 0.014680971202710334
0 0.28620411456232353 0.19085262563523434 0.06857603872529246 0.029079616036137776
0 0.30778539733763616 0.18718238283455674 0.02944735780556676 0.017786561264822136
0 0.3325937878176684 0.18718238283455674 0.045582896329164985 0.017786561264822136
0 0.33521581282775315 0.18929983060417843 0.0052440500201694235 0.005364201016374929
0 0.37676482452601856 0.18690005646527386 0.0790641387656313 0.020609824957651044
0 0.40863251311012505 0.18647656691134953 0.056070996369503835 0.010163749294184076
0 0.4203307785397338 0.1857707509881423 0.016942315449778138 0.009316770186335404
0 0.46672045179507865 0.18619424054206662 0.08148446954417103 0.023433088650479956
0 0.08693021379588543 0.21174477696216826 0.050423557886244454 0.019198193111236588
0 0.15933844292053248 0.21132128740824394 0.12666397741024607 0.018633540372670808
0 0.1799112545381202 0.21230942970073405 0.029043969342476807 0.023150762281197064
0 0.21359419120613152 0.21174477696216826 0.051230334812424366 0.022303783173348392
0 0.24485679709560307 0.21146245059288538 0.05203711173860428 0.023433088650479956
0 0.2658329971762808 0.21160361377752682 0.033481242436466316 0.018633540372670808
0 0.2956837434449375 0.21329757199322416 0.050423557886244454 0.020045172219085264
0 0.33682936668011293 0.21315640880858272 0.06978620411456232 0.012140033879164314
0 0.3402581686163776 0.21132128740824394 0.0024203307785397336 0.001411631846414455
0 0.3870512303348124 0.2127329192546584 0.08430818878580072 0.018068887634105024
0 0.4245663574021783 0.21287408243929984 0.06938281565147236 0.018633540372670808
0 0.4562323517547398 0.21132128740824394 0.05486083098023396 0.023150762281197064
0 0.11294876966518758 0.23743647656691136 0.10488100040338846 0.0220214568040655
0 0.1327148043565954 0.23588368153585546 0.028237192416296894 0.01693958215697346
0 0.15308592174263816 0.23800112930547712 0.03751512706736587 0.01693958215697346
0 0.18354175070592982 0.23955392433653303 0.0463896732553449 0.022303783173348392
0 0.22045179507866075 0.23729531338226992 0.055667607906413875 0.021739130434782608
0 0.2507059298104074 0.2375776397515528 0.04719645018152481 0.011857707509881422
0 0.3130294473578056 0.2425183512140034 0.10851149657119806 0.034443817052512704
0 0.32109721661960466 0.23715415019762845 0.003227107704719645 0.015810276679841896
0 0.36244453408632515 0.2381422924901186 0.07422347720855184 0.020609824957651044
0 0.37938684953610324 0.23771880293619424 0.024203307785397338 0.016092603049124788
0 0.40116982654296085 0.23785996612083568 0.0318676885841065 0.016657255787690572
0 0.4554255748285599 0.24181253529079616 0.09923356192012908 0.03472614342179559
0 0.10528438886647842 0.26242236024844723 0.07946752722872126 0.015527950310559006
0 0.10588947156111335 0.2621400338791643 0.0024203307785397336 0.003105590062111801
