0 0.09217426381605485 0.13692828910220214 0.03872529245663574 0.011857707509881422
0 0.12767244856797097 0.13777526821005082 0.051230334812424366 0.012987012987012988
0 0.14199273900766438 0.13650479954827782 0.016942315449778138 0.012422360248447204
0 0.1464300121016539 0.1367871259175607 0.0028237192416296895 0.001976284584980237
0 0.17426381605486083 0.1373517786561265 0.04961678096006454 0.01383399209486166
0 0.21238402581686164 0.14102202145680406 0.04961678096006454 0.021739130434782608
0 0.2736990722065349 0.13777526821005082 0.0927793465106898 0.016092603049124788
0 0.30576845502218636 0.13650479954827782 0.0391286809197257 0.012140033879164314
0 0.3402581686163776 0.14243365330321853 0.051230334812424366 0.026256352343308864
0 0.39653085921742637 0.14102202145680406 0.09116579265832997 0.02258610954263128
0 0.10145219846712385 0.16247882552230378 0.06575231948366277 0.014116318464144552
0 0.1371520774505849 0.1668548842461886 0.045986284792254944 0.021174477696216828
0 0.20592981040742234 0.1647374364765669 0.11093182734973779 0.020045172219085264
0 0.23719241629689392 0.1616318464144551 0.03993545784590561 0.01383399209486166
0 0.30778539733763616 0.16205533596837945 0.11698265429608713 0.014680971202710334
0 0.36062928600242034 0.16261998870694522 0.08027430415490117 0.014680971202710334
0 0.36708350141185964 0.16389045736871824 0.007260992335619202 0.006211180124223602
0 0.42416296893908834 0.16784302653867872 0.10770471964501815 0.026256352343308864
0 0.09035901573215006 0.18718238283455674 0.040742234772085516 0.015245623941276116
0 0.17144009681323114 0.1932523997741389 0.13674868898749495 0.023715415019762844
0 0.19402985074626866 0.1873235460191982 0.023396530859217425 0.009034443817052512
0 0.22488906817265025 0.18774703557312253 0.03791851553045583 0.01383399209486166
0 0.2825736183945139 0.19282891022021456 0.09318273497377975 0.023997741389045736
0 0.32412263009277936 0.18746470920383965 0.05405405405405406 0.013269339356295878
0 0.3608309802339653 0.18675889328063242 0.043969342476805166 0.014963297571993224
0 0.42315449778136344 0.18718238283455674 0.09721661960467931 0.01355166572557877
0 0.13957240822912464 0.21541501976284586 0.13231141589350545 0.020609824957651044
0 0.17305365066559097 0.21174477696216826 0.027833803953206938 0.017786561264822136
0 0.2018959257765228 0.21287408243929984 0.03509479628882614 0.014398644833427442
0 0.27874142799515933 0.21527385657820441 0.127470754336426 0.018068887634105024
0 0.3253327954820492 0.21259175607001693 0.06615570794675273 0.014116318464144552
0 0.3646631706333199 0.2127329192546584 0.04437273093989512 0.017786561264822136
0 0.42295280354981846 0.21739130434782608 0.09156918112141993 0.023433088650479956
0 0.09963695038321904 0.23842461885940147 0.042759177087535294 0.014680971202710334
0 0.14501815248083905 0.23800112930547712 0.05486083098023396 0.015245623941276116
0 0.2055264219443324 0.24110671936758893 0.0891488503428802 0.0189158667419537
0 0.21077047196450183 0.2385657820440429 0.0052440500201694235 0.003105590062111801
0 0.254538120209762 0.23828345567476003 0.07260992335619201 0.014116318464144552
0 0.27309398951189995 0.2375776397515528 0.014925373134328358 0.009034443817052512
0 0.31323114158935056 0.23870694522868435 0.0645421540943929 0.014398644833427442
0 0.37777329568374346 0.2385657820440429 0.10205728116175877 0.014116318464144552
0 0.38221056877773296 0.24054206662902314 0.008067769261799113 0.007058159232072276
0 0.4292053247277128 0.23828345567476003 0.08148446954417103 0.015527950310559006
0 0.11678096006454215 0.26383399209486164 0.07382008874546188 0.017221908526256352
0 0.14199273900766438 0.26312817617165446 0.026623638563937072 0.010728402032749858
0 0.2236789027833804 0.2673630717108978 0.13311819281968534 0.018633540372670808
0 0.2515127067365873 0.26256352343308864 0.024606696248487294 0.012422360248447204
0 0.3085921742638161 0.26566911349520045 0.0826946349334409 0.017786561264822136
0 0.37394110528438884 0.264257481648786 0.10810810810810811 0.014963297571993224
0 0.37797498991528844 0.26312817617165446 0.003630496167809601 0.001411631846414455
0 0.07966922146026624 0.28147939017504237 0.0060508269463493344 0.006493506493506494
0 0.09721661960467931 0.28797289666854886 0.03670835014118596 0.015810276679841896
0 0.13937071399757966 0.2888198757763975 0.05405405405405406 0.012704686617730096
0 0.17567567567567569 0.2888198757763975 0.050826946349334406 0.015245623941276116
0 0.2382008874546188 0.2893845285149633 0.09519967728922953 0.019198193111236588
0 0.24021782977006859 0.29107848673066067 0.0052440500201694235 0.004799548277809147
0 0.24929407018959257 0.28289102202145683 0.004033884630899556 0.005081874647092038
0 0.2644211375554659 0.2881140598531903 0.029850746268656716 0.016092603049124788
0 0.3029447357805567 0.2888198757763975 0.05405405405405406 0.015810276679841896
0 0.3293666801129488 0.2878317334839074 0.021782977006857603 0.012704686617730096
0 0.345502218636547 0.28839638622247316 0.01290843081887858 0.00846979107848673
0 0.3763614360629286 0.2886787125917561 0.04356595401371521 0.01355166572557877
0 0.11597418313836225 0.3176171654432524 0.08027430415490117 0.0189158667419537
0 0.15853166599435256 0.3136645962732919 0.05526421944332392 0.012704686617730096
0 0.16216216216216217 0.3138057594579334 0.0016135538523598225 0.001411631846414455
0 0.17265026220250101 0.3094297007340486 0.005647438483259379 0.006493506493506494
0 0.21117386042759176 0.313382269904009 0.07301331181928197 0.014398644833427442
0 0.22025010084711577 0.313382269904009 0.010488100040338847 0.016092603049124788
0 0.22509076240419523 0.30872388481084134 0.004033884630899556 0.00564652738565782
