0 0.10185558693021379 0.11095426312817618 0.063735377168213 0.02456239412761152
0 0.15248083904800322 0.11081309994353472 0.07180314643001211 0.008752117447769622
0 0.20613150463896732 0.11730660643704122 0.07664380798709157 0.02710333145115754
0 0.24586526825332797 0.11236589497459062 0.05970149253731343 0.010446075663466968
0 0.2680516337232755 0.11166007905138339 0.022993142396127472 0.007340485601355167
0 0.3410649455425575 0.11377752682100509 0.1254538120209762 0.018068887634105024
0 0.3662767244856797 0.11208356860530773 0.019766034691407825 0.017221908526256352
0 0.4035901573215006 0.11349520045172219 0.055667607906413875 0.014680971202710334
0 0.4372730939895119 0.11363636363636363 0.05929810407422348 0.0189158667419537
0 0.4421137555465914 0.11363636363636363 0.003630496167809601 0.00282326369282891
0 0.11355385235982252 0.13608130999435347 0.08592174263816055 0.025691699604743084
0 0.1526825332795482 0.13749294184076793 0.04921339249697459 0.020892151326933936
0 0.2569584509883017 0.14003387916431395 0.17507059298104075 0.02456239412761152
0 0.3192819685356999 0.14186900056465274 0.09398951189995966 0.023433088650479956
0 0.35699878983461075 0.13848108413325805 0.04437273093989512 0.019198193111236588
0 0.400363049616781 0.13904573687182384 0.06776926179911255 0.023715415019762844
0 0.4302137958854377 0.13664596273291926 0.02379991932230738 0.023150762281197064
0 0.0945945945945946 0.1616318464144551 0.043969342476805166 0.020327498588368152
0 0.17648245260185558 0.16671372106154714 0.1262605889471561 0.029079616036137776
0 0.23416700282371924 0.16304347826086957 0.08430818878580072 0.019198193111236588
0 0.24122630092779346 0.16431394692264256 0.007260992335619202 0.007905138339920948
0 0.26522791448164584 0.16233766233766234 0.04719645018152481 0.021739130434782608
0 0.3150463896732553 0.16290231507622813 0.08027430415490117 0.019762845849802372
0 0.3590157321500605 0.16417278373800112 0.05808793868495361 0.010446075663466968
0 0.4173053650665591 0.16840767927724448 0.10165389269866881 0.02710333145115754
0 0.12404195240016136 0.19155844155844157 0.100040338846309 0.029361942405420668
0 0.13311819281968534 0.19085262563523434 0.004437273093989512 0.00846979107848673
0 0.16014521984671237 0.18845285149632976 0.04517950786607503 0.015810276679841896
0 0.1946349334409036 0.18873517786561264 0.043162565550625254 0.020609824957651044
0 0.26099233561920127 0.1885940146809712 0.09237595804759983 0.022868435911914172
0 0.3061718434852763 0.18929983060417843 0.06696248487293263 0.018351214003387916
0 0.33965308592174265 0.1885940146809712 0.04154901169826543 0.0189158667419537
0 0.39108511496571197 0.18944099378881987 0.07018959257765228 0.014680971202710334
0 0.4199273900766438 0.1885940146809712 0.03065752319483663 0.016092603049124788
0 0.13493344090359016 0.23842461885940147 0.12424364663170634 0.03077357425183512
0 0.2063331988705123 0.24477696216826653 0.10528438886647842 0.03585544889892716
0 0.2583703106091166 0.2388481084133258 0.07018959257765228 0.020327498588368152
0 0.3126260588947156 0.23983625070581593 0.08188785800726099 0.021739130434782608
0 0.34328358208955223 0.23941276115189158 0.02581686163775716 0.018633540372670808
0 0.3525615167406212 0.23997741389045738 0.004840661557079467 0.00282326369282891
0 0.3805970149253731 0.23983625070581593 0.050423557886244454 0.0220214568040655
0 0.44493747478822104 0.23997741389045738 0.09721661960467931 0.029361942405420668
0 0.11799112545381202 0.26312817617165446 0.10044372730939895 0.014398644833427442
0 0.1865671641791045 0.26355166572557875 0.07503025413473174 0.020045172219085264
0 0.22609923356192013 0.2632693393562959 0.05687777329568374 0.01948051948051948
0 0.28055667607906415 0.26792772444946356 0.07260992335619201 0.023150762281197064
0 0.3307785397337636 0.26468097120271034 0.06938281565147236 0.013269339356295878
0 0.42396127470754336 0.27004517221908525 0.15490116982654295 0.03359683794466403
0 0.4342476805163372 0.26877470355731226 0.014925373134328358 0.018633540372670808
