0 361.0233965308592 915.0145398080181 0.04679306171843485 0.029079616036137776
0 511.0502218636547 894.0108695652174 0.10044372730939895 0.021739130434782608
0 807.015530455829 945.0036702428007 0.031060911657926585 0.007340485601355167
0 899.0459862847922 914.013410502541 0.09197256958450989 0.026821005081874648
0 1152.0038321903994 959.0025409373236 0.007664380798709157 0.005081874647092038
0 1212.0038321903994 869.0032467532468 0.007664380798709157 0.006493506493506494
0 1229.0409439290036 890.0122811970638 0.08188785800726099 0.02456239412761152
0 1464.038523598225 905.0098814229249 0.07704719645018153 0.019762845849802372
0 1684.003025413473 894.0110107284021 0.0060508269463493344 0.0220214568040655
0 1746.035901573215 900.0101637492942 0.07180314643001211 0.020327498588368152
0 1948.0369100443727 943.0108695652174 0.07382008874546188 0.021739130434782608
0 358.0233965308592 1105.0117165443253 0.04679306171843485 0.023433088650479956
0 504.002218636547 1067.0119988706945 0.004437273093989512 0.023997741389045736
0 552.0052440500202 1067.0040937323547 0.010488100040338847 0.00818746470920384
0 623.020371117386 1074.009881422925 0.040742234772085516 0.019762845849802372
0 759.0484066155708 1085.0155279503106 0.09681323114158935 0.031055900621118012
0 1008.0036304961678 1153.0040937323547 0.007260992335619202 0.00818746470920384
0 1077.039935457846 1092.0148221343873 0.07987091569181122 0.029644268774703556
0 1289.0046389673255 1155.0008469791078 0.00927793465106898 0.0016939582156973462
0 1358.037716821299 1110.0084697910786 0.0754336425978217 0.01693958215697346
0 1582.0219846712384 1135.0040937323547 0.043969342476805166 0.00818746470920384
0 1738.0667607906414 1095.0182100508187 0.1335215812827753 0.036420101637492944
0 352.0471964501815 1434.0151044607567 0.09439290036304962 0.03020892151326934
0 640.0145219846712 1447.0142574816489 0.029043969342476807 0.028514963297571992
0 774.0399354578459 1439.0159514398645 0.07987091569181122 0.03190287972896669
0 1039.013311819282 1473.0052230378317 0.026623638563937072 0.010446075663466968
0 1164.0556676079063 1440.0112930547714 0.11133521581282775 0.02258610954263128
0 1453.0054457442518 1510.0011293054772 0.010891488503428802 0.002258610954263128
0 1534.0552642194434 1444.0101637492942 0.11052843888664785 0.020327498588368152
0 1801.0068576038725 1509.0069169960475 0.01371520774505849 0.01383399209486166
0 1879.015127067366 1489.003529079616 0.030254134731746672 0.007058159232072276
0 1993.0231948366277 1448.0097402597403 0.0463896732553449 0.01948051948051948
0 347.0788624445341 1807.0135516657256 0.15772488906817264 0.02710333145115754
0 758.0052440500202 1860.0062111801242 0.010488100040338847 0.012422360248447204
0 836.0435659540137 1793.0104460756634 0.08713190802743041 0.020892151326933936
0 1080.0304558289633 1795.0111518915867 0.0609116579265833 0.022303783173348392
0 1276.0223880597016 1840.0047995482778 0.04477611940298507 0.009599096555618294
0 1438.0546591367488 1793.0111518915867 0.10931827349737798 0.022303783173348392
0 1719.0219846712384 1820.0153867871259 0.043969342476805166 0.03077357425183512
0 1890.0211778943121 1805.0088932806325 0.04235578862444534 0.017786561264822136
0 2023.0028237192416 1854.004376058724 0.005647438483259379 0.008752117447769622
0 336.00605082694636 1975.0056465273856 0.012101653892698669 0.01129305477131564
0 396.0240016135539 2033.0025409373236 0.04800322710770472 0.005081874647092038
0 586.0316659943526 2015.0036702428006 0.06333198870512304 0.007340485601355167
0 799.0231948366277 1970.0111518915867 0.0463896732553449 0.022303783173348392
0 952.0534489713594 1990.0152456239414 0.10689794271883823 0.030491247882552232
0 1262.0235982250908 2043.0014116318464 0.04719645018152481 0.00282326369282891
