0 0.11194029850746269 0.1274703557312253 0.06897942718838242 0.019198193111236588
0 0.13574021782977008 0.12648221343873517 0.018959257765227916 0.010446075663466968
0 0.19140782573618395 0.1271880293619424 0.08834207341670028 0.017221908526256352
0 0.26300927793465106 0.13226990400903443 0.12384025816861638 0.02766798418972332
0 0.2977006857603873 0.1271880293619424 0.0500201694231545 0.016657255787690572
0 0.3588140379185155 0.12831733483907398 0.10407422347720856 0.021456804065499716
0 0.3894715611133522 0.12676453980801808 0.050423557886244454 0.016092603049124788
0 0.41952400161355385 0.12634105025409373 0.05203711173860428 0.014963297571993224
0 0.09782170229931424 0.1520327498588368 0.04961678096006454 0.016657255787690572
0 0.15429608713190804 0.15245623941276115 0.09156918112141993 0.015245623941276116
0 0.21056877773295685 0.1578204404291361 0.08309802339653086 0.023433088650479956
0 0.2573618394513917 0.1525974025974026 0.07301331181928197 0.01693958215697346
0 0.29407018959257764 0.1525974025974026 0.052843888664784185 0.0189158667419537
0 0.3701089148850343 0.15273856578204403 0.1262605889471561 0.019762845849802372
0 0.40237999193223073 0.15245623941276115 0.04961678096006454 0.015245623941276116
0 0.45118999596611536 0.15683229813664595 0.09156918112141993 0.02258610954263128
0 0.0808793868495361 0.1767363071710898 0.018152480839048003 0.020045172219085264
0 0.11436062928600242 0.17843026538678713 0.045582896329164985 0.018351214003387916
0 0.16922146026623638 0.1777244494635799 0.09076240419524001 0.018068887634105024
0 0.1964501815248084 0.17730095990965555 0.033481242436466316 0.015810276679841896
0 0.22932634126663978 0.17701863354037267 0.04921339249697459 0.014398644833427442
0 0.2892295280354982 0.1821005081874647 0.11052843888664785 0.026821005081874648
0 0.2898346107301331 0.17871259175607002 0.004437273093989512 0.005081874647092038
0 0.3533682936668011 0.18280632411067194 0.10689794271883823 0.030491247882552232
0 0.3872529245663574 0.17786561264822134 0.0500201694231545 0.018351214003387916
0 0.46026623638563935 0.17984189723320157 0.12787414279951592 0.020045172219085264
0 0.11153691004437273 0.2041219649915302 0.07946752722872126 0.018633540372670808
0 0.11415893505445744 0.20609824957651043 0.008471157724889069 0.009881422924901186
0 0.17507059298104075 0.2069452286843591 0.10568777732956837 0.0251270468661773
0 0.21218233158531666 0.20398080180688877 0.06171843485276321 0.01383399209486166
0 0.2765227914481646 0.2075098814229249 0.10770471964501815 0.026256352343308864
0 0.2823719241629689 0.205957086391869 0.004840661557079467 0.007340485601355167
0 0.34872932634126663 0.20398080180688877 0.12101653892698669 0.018068887634105024
0 0.4398951189995966 0.20722755505364202 0.16861637757160144 0.0251270468661773
0 0.4411052843888665 0.204686617730096 0.0060508269463493344 0.006493506493506494
0 0.10165389269866881 0.22868435911914173 0.057684550221863654 0.01355166572557877
0 0.11879790237999194 0.22826086956521738 0.014521984671238403 0.009881422924901186
0 0.1718434852763211 0.2329192546583851 0.0899556272690601 0.027385657820440428
0 0.26966518757563535 0.23334274421230944 0.17789431222267044 0.028232636928289104
0 0.35720048406615573 0.23348390739695088 0.16821298910851148 0.027950310559006212
0 0.381605486083098 0.22840203274985885 0.03428801936264623 0.010163749294184076
0 0.40782573618394513 0.2285431959345003 0.03953206938281565 0.015810276679841896
0 0.4483662767244857 0.2289666854884246 0.06615570794675273 0.017786561264822136
0 0.44594594594594594 0.22868435911914173 0.003630496167809601 0.002258610954263128
0 0.08955223880597014 0.2528232636928289 0.03227107704719645 0.010728402032749858
0 0.109116579265833 0.2528232636928289 0.017749092375958047 0.010446075663466968
0 0.16841468334005646 0.26016374929418407 0.08874546187979024 0.029926595143986448
0 0.26058894715611136 0.2540937323546019 0.15974183138362244 0.017221908526256352
0 0.3259378781766841 0.2587521174477696 0.11859620814844696 0.026256352343308864
0 0.34227511093182733 0.25395256916996045 0.01734570391286809 0.010446075663466968
0 0.3761597418313836 0.2533879164313947 0.05244050020169423 0.014680971202710334
0 0.4201290843081888 0.2587521174477696 0.07382008874546188 0.02766798418972332
0 0.4628882613957241 0.25395256916996045 0.07260992335619201 0.016092603049124788
0 0.1073013311819282 0.3039243365330322 0.07059298104074223 0.01383399209486166
0 0.14239612747075434 0.3046301524562394 0.050423557886244454 0.0189158667419537
0 0.17507059298104075 0.30434782608695654 0.04195240016135539 0.015245623941276116
0 0.21601452198467125 0.3050536420101638 0.07018959257765228 0.020327498588368152
0 0.21924162968939087 0.3051948051948052 0.004033884630899556 0.005364201016374929
0 0.2864058087938685 0.30477131564088084 0.118192819685357 0.019762845849802372
0 0.327148043565954 0.3039243365330322 0.06292860024203308 0.015245623941276116
0 0.3602258975393304 0.3049124788255223 0.05203711173860428 0.014963297571993224
0 0.4312222670431626 0.31098249576510445 0.12666397741024607 0.029079616036137776
0 0.10891488503428802 0.3296160361377753 0.07785397337636143 0.015527950310559006
0 0.14905203711173862 0.32919254658385094 0.05405405405405406 0.016657255787690572
0 0.21742638160548608 0.3297571993224167 0.10972166196046793 0.015245623941276116
0 0.29507866075030253 0.33046301524562394 0.13392496974586526 0.017786561264822136
0 0.3346107301331182 0.33018068887634106 0.05244050020169423 0.01383399209486166
0 0.3939088342073417 0.3294748729531338 0.1044776119402985 0.016092603049124788
0 0.44796288826139574 0.3308865047995483 0.08955223880597014 0.016657255787690572
0 0.08773699072206535 0.3526256352343309 0.03509479628882614 0.01355166572557877
0 0.18132311415893507 0.35686053077357427 0.16337232755143202 0.0220214568040655
0 0.18293666801129488 0.3543195934500282 0.003227107704719645 0.002258610954263128
