0 0.11476401774909238 0.1362224731789949 0.08390480032271078 0.024280067758328628
0 0.1801129487696652 0.14370412196499152 0.09560306575231949 0.03303218520609825
0 0.2281161758773699 0.13565782044042915 0.06897942718838242 0.018351214003387916
0 0.28156514723678905 0.13636363636363635 0.07139975796692215 0.017504234895539244
0 0.326946349334409 0.13706945228684358 0.053247277127874144 0.015810276679841896
0 0.3761597418313836 0.1401750423489554 0.0653489310205728 0.029926595143986448
0 0.4263816054860831 0.14356295878035008 0.08471157724889068 0.038396386222473176
0 0.15570794675272287 0.1621964991530209 0.1674062121823316 0.019198193111236588
0 0.19705526421944333 0.16134952004517222 0.04356595401371521 0.007058159232072276
0 0.2299314239612747 0.1627611518915867 0.03872529245663574 0.009316770186335404
0 0.2946752722872126 0.16883116883116883 0.08753529649052037 0.032185206098249576
0 0.3537716821298911 0.1671372106154715 0.08471157724889068 0.034161490683229816
0 0.35962081484469544 0.16078486730660643 0.002016942315449778 0.0016939582156973462
0 0.4058087938684954 0.16205533596837945 0.07745058491327148 0.023715415019762844
0 0.44332392093586126 0.16261998870694522 0.04961678096006454 0.017221908526256352
0 0.13231141589350545 0.18661773009599097 0.11536910044372731 0.021456804065499716
0 0.19685356998789835 0.18788819875776397 0.09519967728922953 0.024844720496894408
0 0.20875352964905203 0.1885940146809712 0.006857603872529245 0.009316770186335404
0 0.28620411456232353 0.18774703557312253 0.14844695441710368 0.023433088650479956
0 0.33662767244856795 0.1885940146809712 0.0609116579265833 0.02456239412761152
0 0.39108511496571197 0.18817052512704688 0.07099636950383219 0.022303783173348392
0 0.3963291649858814 0.1857707509881423 0.008874546187979023 0.004517221908526256
0 0.4235578862444534 0.1873235460191982 0.04719645018152481 0.02456239412761152
0 0.11920129084308188 0.21259175607001693 0.0790641387656313 0.021739130434782608
0 0.19705526421944333 0.21513269339356295 0.10407422347720856 0.026821005081874648
0 0.2593787817668415 0.21315640880858272 0.08229124647035095 0.023997741389045736
0 0.30233965308592176 0.21287408243929984 0.053247277127874144 0.023150762281197064
0 0.37232755143202906 0.21301524562394128 0.1073013311819282 0.01948051948051948
0 0.38563937071399756 0.21583850931677018 0.010488100040338847 0.010163749294184076
0 0.41952400161355385 0.21329757199322416 0.05808793868495361 0.017786561264822136
0 0.109116579265833 0.23941276115189158 0.06857603872529246 0.014398644833427442
0 0.19685356998789835 0.24322416713721062 0.1290843081887858 0.028232636928289104
0 0.23436869705526422 0.2385657820440429 0.03670835014118596 0.01355166572557877
0 0.2809600645421541 0.23828345567476003 0.07139975796692215 0.014963297571993224
0 0.32311415893505446 0.23785996612083568 0.035498184751916094 0.017504234895539244
0 0.39552238805970147 0.23842461885940147 0.13150463896732553 0.019762845849802372
0 0.45562726906010487 0.24618859401468096 0.09600645421540945 0.035290796160361376
0 0.46006454215409437 0.2429418407679277 0.003630496167809601 0.00564652738565782
0 0.08935054457442518 0.26143421795595706 0.0318676885841065 0.029079616036137776
0 0.12061315046389673 0.2636928289102202 0.0500201694231545 0.024280067758328628
0 0.1791044776119403 0.26439864483342745 0.09237595804759983 0.0251270468661773
0 0.19039935457845905 0.2641163184641446 0.006857603872529245 0.004517221908526256
0 0.2444534086325131 0.26383399209486164 0.1036708350141186 0.02766798418972332
0 0.27732956837434447 0.2632693393562959 0.0463896732553449 0.024844720496894408
0 0.32755143202904397 0.26312817617165446 0.05970149253731343 0.020892151326933936
0 0.4211375554659137 0.27089215132693395 0.15933844292053248 0.03670242800677583
0 0.09116579265832997 0.28740824392998304 0.0391286809197257 0.01948051948051948
0 0.13210972166196047 0.28797289666854886 0.06171843485276321 0.018633540372670808
0 0.2809600645421541 0.29347826086956524 0.26502622025010086 0.031338226990400904
0 0.318273497377975 0.2899491812535291 0.03993545784590561 0.018633540372670808
0 0.3537716821298911 0.2899491812535291 0.060508269463493344 0.021174477696216828
0 0.39854780153287617 0.29023150762281197 0.07382008874546188 0.012140033879164314
0 0.45784590560709965 0.29136081309994355 0.10246066962484873 0.024280067758328628
0 0.10871319080274304 0.31408808582721626 0.07785397337636143 0.015810276679841896
0 0.1653892698668818 0.3147939017504235 0.07059298104074223 0.023715415019762844
0 0.22287212585720048 0.3142292490118577 0.08430818878580072 0.02258610954263128
0 0.2833803953206938 0.3204404291360813 0.08753529649052037 0.0378317334839074
0 0.3348124243646632 0.3136645962732919 0.08430818878580072 0.011857707509881422
0 0.40883420734167003 0.32171089779785433 0.11133521581282775 0.03387916431394692
0 0.47196450181524807 0.31719367588932806 0.10084711577248891 0.020892151326933936
0 0.08733360225897539 0.33681535855448896 0.03791851553045583 0.0220214568040655
0 0.136345300524405 0.33992094861660077 0.07382008874546188 0.0220214568040655
0 0.2208551835417507 0.33893280632411066 0.1306978620411456 0.021739130434782608
0 0.2291246470350948 0.3396386222473179 0.006857603872529245 0.009881422924901186
0 0.2825736183945139 0.34006211180124224 0.09600645421540945 0.021174477696216828
0 0.3410649455425575 0.3403444381705251 0.0891488503428802 0.013269339356295878
0 0.39572408229124645 0.3450028232636928 0.07462686567164178 0.033314511575381144
0 0.4332392093586123 0.3394974590626765 0.038321903993545785 0.015245623941276116
