0 0.1855586930213796 0.22727272727272727 0.11536910044372731 0.01637492941840768
0 0.29164985881403793 0.22529644268774704 0.05647438483259379 0.009599096555618294
0 0.40419524001613555 0.22063805759457933 0.12263009277934651 0.020045172219085264
0 0.5264219443323921 0.22134387351778656 0.05889471561113352 0.01637492941840768
0 0.6171843485276322 0.22501411631846416 0.0653489310205728 0.02766798418972332
0 0.699677289229528 0.22190852625635235 0.06897942718838242 0.011857707509881422
0 0.8134328358208955 0.21753246753246752 0.10286405808793868 0.021174477696216828
0 0.1680112948769665 0.3390739695087521 0.10609116579265833 0.026538678712591756
0 0.24304154901169828 0.3370976849237719 0.018959257765227916 0.010728402032749858
0 0.2864058087938685 0.3334274421230943 0.041145623235175476 0.018068887634105024
0 0.3674868898749496 0.3365330321852061 0.09439290036304962 0.028797289666854884
0 0.4396934247680516 0.3287690570299266 0.02581686163775716 0.01948051948051948
0 0.47680516337232753 0.32806324110671936 0.041145623235175476 0.018633540372670808
0 0.5478015328761597 0.3277809147374365 0.07422347720855184 0.019762845849802372
0 0.6234368697055265 0.32707509881422925 0.045582896329164985 0.020045172219085264
0 0.7260992335619201 0.32834556747600224 0.12505042355788623 0.024280067758328628
0 0.16256555062525213 0.44028797289666854 0.06212182331585317 0.016092603049124788
0 0.19564340459862847 0.43266516092603047 0.004033884630899556 0.004234895539243365
0 0.19866881807180314 0.4500282326369283 0.0052440500201694235 0.007340485601355167
0 0.23295683743444937 0.4370412196499153 0.05203711173860428 0.023150762281197064
0 0.32008874546187976 0.43788819875776397 0.09237595804759983 0.014116318464144552
0 0.3707139975796692 0.44452286843591193 0.004033884630899556 0.005928853754940711
0 0.42940701895925776 0.4398644833427442 0.09560306575231949 0.018068887634105024
0 0.5012101653892699 0.4345002823263693 0.026220250100847116 0.009599096555618294
0 0.5439693424768052 0.43365330321852064 0.04235578862444534 0.015810276679841896
0 0.6189995966115369 0.43506493506493504 0.07624041952400161 0.02710333145115754
0 0.6845502218636547 0.4342179559570864 0.026623638563937072 0.010163749294184076
0 0.7285195643404598 0.4308300395256917 0.042759177087535294 0.015810276679841896
0 0.7995159338442921 0.4295595708639187 0.07099636950383219 0.016092603049124788
0 0.16841468334005646 0.53613777526821 0.07220653489310205 0.020892151326933936
0 0.28600242033077855 0.5393845285149633 0.13392496974586526 0.029644268774703556
0 0.3797902379991932 0.5375494071146245 0.02864058087938685 0.012422360248447204
0 0.43404598628479224 0.5359966120835686 0.045986284792254944 0.016657255787690572
0 0.509277934651069 0.5405138339920948 0.0826946349334409 0.029644268774703556
0 0.5974183138362242 0.5354319593450029 0.06212182331585317 0.0189158667419537
0 0.6395724082291246 0.5433370976849238 0.0052440500201694235 0.018351214003387916
0 0.7053247277127874 0.5351496329757199 0.11335215812827754 0.014963297571993224
0 0.8192819685356999 0.5287972896668549 0.09116579265832997 0.029361942405420668
0 0.1799112545381202 0.5897797854319593 0.08874546187979024 0.020892151326933936
0 0.26058894715611136 0.5913325804630153 0.04195240016135539 0.016657255787690572
0 0.336224283985478 0.5875211744776963 0.06413876563130294 0.0220214568040655
0 0.4048003227107705 0.5892151326933935 0.02944735780556676 0.010163749294184076
0 0.4772085518354175 0.5859683794466403 0.07341670028237192 0.020045172219085264
0 0.5536506655909641 0.5856860530773574 0.04719645018152481 0.01948051948051948
0 0.6756756756756757 0.5876623376623377 0.1581282775312626 0.017221908526256352
0 0.8305768455022187 0.5879446640316206 0.10084711577248891 0.023997741389045736
