0 384.0260185558693 917.0070581592321 0.05203711173860428 0.014116318464144552
0 575.0149253731344 911.0083286278939 0.029850746268656716 0.016657255787690572
0 696.0191609519968 920.0063523433089 0.038321903993545785 0.012704686617730096
0 820.0484066155708 928.0086109542631 0.09681323114158935 0.017221908526256352
0 1132.065147236789 912.0080463015246 0.13029447357805568 0.016092603049124788
0 1458.0032271077048 956.0032467532468 0.00645421540943929 0.006493506493506494
0 1492.013715207745 933.0046583850932 0.02743041549011698 0.009316770186335404
0 1604.01956434046 921.0062111801242 0.0391286809197257 0.012422360248447204
0 1747.0586930213797 911.0070581592321 0.11738604275917709 0.014116318464144552
0 367.0457845905607 1453.0077639751553 0.09156918112141993 0.015527950310559006
0 610.0030254134732 1506.0031055900622 0.0060508269463493344 0.006211180124223602
0 648.0262202501009 1451.0080463015245 0.05244050020169423 0.016092603049124788
0 836.0078660750303 1469.0047995482778 0.01573215006050827 0.009599096555618294
0 951.0439693424768 1460.01185770751 0.08793868495361033 0.023715415019762844
0 1174.0024203307785 1491.0014116318464 0.004840661557079467 0.00282326369282891
0 1248.0024203307785 1451.0031055900622 0.004840661557079467 0.006211180124223602
0 1274.0217829770068 1452.0069169960475 0.04356595401371521 0.01383399209486166
0 1443.0240016135538 1451.0071993224167 0.04800322710770472 0.014398644833427442
0 1638.0568777732956 1451.0077639751553 0.11375554659136748 0.015527950310559006
0 373.06171843485276 1630.0076228119706 0.12343686970552642 0.015245623941276116
0 767.0219846712384 1630.0071993224167 0.043969342476805166 0.014398644833427442
0 968.0205728116176 1630.0071993224167 0.041145623235175476 0.014398644833427442
0 1100.0264219443325 1636.0067758328628 0.052843888664784185 0.01355166572557877
0 1287.0344897135942 1636.0073404856014 0.06897942718838242 0.014680971202710334
0 1459.0028237192416 1679.002682100508 0.005647438483259379 0.005364201016374929
0 1504.0379185155305 1630.00790513834 0.07583703106091166 0.015810276679841896
0 1720.0217829770068 1636.006352343309 0.04356595401371521 0.012704686617730096
0 1829.0026220250102 1670.001552795031 0.0052440500201694235 0.003105590062111801
0 1893.015933844292 1634.0064935064936 0.0318676885841065 0.012987012987012988
0 381.031464300121 1810.007481648786 0.06292860024203308 0.014963297571993224
0 609.0233965308593 1810.007058159232 0.04679306171843485 0.014116318464144552
0 770.0129084308189 1824.0050818746472 0.02581686163775716 0.010163749294184076
0 873.033279548205 1809.0071993224167 0.06655909640984267 0.014398644833427442
0 1114.0272287212586 1814.0067758328628 0.05445744251714401 0.01355166572557877
0 1310.015127067366 1827.0049407114625 0.030254134731746672 0.009881422924901186
0 1437.0742234772085 1812.0073404856014 0.14844695441710368 0.014680971202710334
0 1880.0312626058894 1810.007481648786 0.06252521177894312 0.014963297571993224
0 2039.0032271077048 1851.002682100508 0.00645421540943929 0.005364201016374929
0 366.01230334812425 1988.006352343309 0.024606696248487294 0.012704686617730096
0 441.00282371924163 2029.0031055900622 0.005647438483259379 0.006211180124223602
0 482.0399354578459 1988.0080463015245 0.07987091569181122 0.016092603049124788
0 704.0046389673255 1988.006634669678 0.00927793465106898 0.013269339356295878
0 745.0020169423154 1988.002682100508 0.004033884630899556 0.005364201016374929
