0 0.08975393303751512 0.10686053077357426 0.026220250100847116 0.016657255787690572
0 0.0935861234368697 0.10530773574251835 0.002016942315449778 0.0033879164313946925
0 0.10588947156111335 0.10587238848108413 0.0060508269463493344 0.01355166572557877
0 0.12041145623235175 0.10615471485036702 0.024606696248487294 0.014680971202710334
0 0.15227914481645824 0.10629587803500846 0.03751512706736587 0.014116318464144552
0 0.1897942718838241 0.1088368153585545 0.0536506655909641 0.015245623941276116
0 0.2226704316256555 0.11024844720496894 0.04759983864461476 0.02456239412761152
0 0.22488906817265025 0.10559006211180125 0.0028237192416296895 0.00282326369282891
0 0.24203307785397338 0.10559006211180125 0.005647438483259379 0.013269339356295878
0 0.25534489713594194 0.10629587803500846 0.02016942315449778 0.01637492941840768
0 0.29306171843485274 0.10657820440429136 0.0572811617587737 0.01693958215697346
0 0.32674465510286405 0.10996612083568605 0.04759983864461476 0.016657255787690572
0 0.3991528842275111 0.10742518351214003 0.12222670431625655 0.017504234895539244
0 0.40217829770068575 0.10587238848108413 0.0024203307785397336 0.00282326369282891
0 0.4136748688987495 0.10587238848108413 0.006857603872529245 0.014398644833427442
0 0.10972166196046793 0.13283455674760022 0.0645421540943929 0.012422360248447204
0 0.14703509479628882 0.13226990400903443 0.04921339249697459 0.017786561264822136
0 0.14945542557482855 0.1318464144551101 0.0024203307785397336 0.0036702428006775835
0 0.16700282371924163 0.13198757763975155 0.006857603872529245 0.017504234895539244
0 0.18031464300121017 0.13170525127046867 0.019766034691407825 0.01637492941840768
0 0.21601452198467125 0.13537549407114624 0.043969342476805166 0.017504234895539244
0 0.27874142799515933 0.13692828910220214 0.10649455425574829 0.025974025974025976
0 0.299919322307382 0.1324110671936759 0.02218636546994756 0.018633540372670808
0 0.3763614360629286 0.1357989836250706 0.13392496974586526 0.025409373235460192
0 0.41407825736183945 0.13325804630152457 0.05203711173860428 0.01383399209486166
0 0.10387252924566358 0.1562676453980802 0.0536506655909641 0.020892151326933936
0 0.11738604275917709 0.1566911349520045 0.020572811617587738 0.020327498588368152
0 0.14844695441710368 0.15612648221343872 0.03791851553045583 0.016657255787690572
0 0.17950786607503025 0.1590909090909091 0.045986284792254944 0.015527950310559006
0 0.18192819685356998 0.15612648221343872 0.0028237192416296895 0.0033879164313946925
0 0.22206534893102056 0.15654997176736307 0.05203711173860428 0.015245623941276116
0 0.23396530859217426 0.15499717673630717 0.0060508269463493344 0.014963297571993224
0 0.245663574021783 0.1557029926595144 0.018152480839048003 0.01637492941840768
0 0.2668414683340056 0.15612648221343872 0.022993142396127472 0.015810276679841896
0 0.3469140782573618 0.16022021456804064 0.1383622428398548 0.02456239412761152
0 0.37494957644211374 0.15753811405985318 0.03711173860427592 0.01693958215697346
0 0.37918515530455826 0.16078486730660643 0.007664380798709157 0.011857707509881422
0 0.40197660346914077 0.15683229813664595 0.026623638563937072 0.014116318464144552
0 0.4431222267043163 0.15866741953698477 0.06010488100040339 0.022303783173348392
0 0.10689794271883823 0.21033314511575382 0.0572811617587737 0.023715415019762844
0 0.1306978620411456 0.20638057594579334 0.02581686163775716 0.009316770186335404
0 0.136345300524405 0.20638057594579334 0.004033884630899556 0.003952569169960474
0 0.1555062525211779 0.2069452286843591 0.008874546187979023 0.01637492941840768
0 0.20794675272287214 0.20736871823828346 0.08350141185962082 0.015527950310559006
0 0.2527228721258572 0.20680406549971767 0.06696248487293263 0.010446075663466968
0 0.282170229931424 0.20722755505364202 0.0326744655102864 0.016657255787690572
0 0.3029447357805567 0.2077922077922078 0.019766034691407825 0.018068887634105024
0 0.3382412263009278 0.21019198193111235 0.040742234772085516 0.023715415019762844
0 0.37575635336829366 0.20835686053077357 0.057684550221863654 0.01948051948051948
0 0.4233561920129084 0.2075098814229249 0.07301331181928197 0.01101072840203275
0 0.4290036304961678 0.20736871823828346 0.003227107704719645 0.0033879164313946925
0 0.08531665994352562 0.23207227555053642 0.021379588543767647 0.017221908526256352
0 0.11052843888664785 0.23306041784302653 0.029043969342476807 0.01101072840203275
0 0.1308995562726906 0.2316487859966121 0.01653892698668818 0.018068887634105024
0 0.1427995159338443 0.23178994918125354 0.019766034691407825 0.017504234895539244
0 0.1680112948769665 0.23150762281197063 0.024203307785397338 0.016657255787690572
0 0.25131101250504234 0.23249576510446077 0.14239612747075434 0.021174477696216828
0 0.3154497781363453 0.2326369282891022 0.09479628882613957 0.017504234895539244
0 0.34772085518354173 0.23588368153585546 0.04235578862444534 0.014963297571993224
0 0.3598225090762404 0.23277809147374365 0.01936264622831787 0.016092603049124788
0 0.42295280354981846 0.23334274421230944 0.11173860427591771 0.018633540372670808
0 0.08672851956434045 0.2571993224167137 0.02218636546994756 0.011575381140598532
0 0.11355385235982252 0.25734048560135514 0.03509479628882614 0.014398644833427442
0 0.11597418313836225 0.2567758328627894 0.002016942315449778 0.003105590062111801
0 0.15026220250100847 0.256352343308865 0.03751512706736587 0.01693958215697346
0 0.16498588140379186 0.256352343308865 0.02016942315449778 0.01693958215697346
0 0.18878580072609924 0.26002258610954265 0.02581686163775716 0.01693958215697346
0 0.24304154901169828 0.2627046866177301 0.06978620411456232 0.021456804065499716
0 0.2644211375554659 0.26129305477131565 0.01855586930213796 0.025691699604743084
0 0.3051633723275514 0.25663466967814796 0.05163372327551432 0.016657255787690572
0 0.3721258572004841 0.2576228119706381 0.1145623235175474 0.018633540372670808
0 0.41871722468737393 0.25734048560135514 0.05889471561113352 0.011857707509881422
0 0.4225494150867285 0.25705815923207226 0.003227107704719645 0.003105590062111801
