0 0.08572004840661557 0.1070016939582157 0.014118596208148447 0.022868435911914172
0 0.09943525615167406 0.10629587803500846 0.017749092375958047 0.021456804065499716
0 0.14683340056474384 0.10629587803500846 0.08108108108108109 0.019198193111236588
0 0.19665187575635337 0.10587238848108413 0.0891488503428802 0.018351214003387916
0 0.2154094392900363 0.10657820440429136 0.021379588543767647 0.0220214568040655
0 0.2591770875352965 0.10601355166572558 0.0681726502622025 0.020892151326933936
0 0.2936668011294877 0.10756634669678147 0.05647438483259379 0.019762845849802372
0 0.3150463896732553 0.10770750988142293 0.022993142396127472 0.020045172219085264
0 0.3598225090762404 0.10813099943534726 0.07099636950383219 0.021174477696216828
0 0.40943929003630497 0.10756634669678147 0.0782573618394514 0.021739130434782608
0 0.09721661960467931 0.13325804630152457 0.04679306171843485 0.014963297571993224
0 0.15026220250100847 0.13297571993224166 0.09237595804759983 0.021174477696216828
0 0.17164179104477612 0.13354037267080746 0.02702702702702703 0.018633540372670808
0 0.23154497781363453 0.1336815358554489 0.09883017345703912 0.020327498588368152
0 0.30133118192819686 0.13565782044042915 0.1262605889471561 0.026821005081874648
0 0.3083904800322711 0.1324110671936759 0.004840661557079467 0.0036702428006775835
0 0.34772085518354173 0.13354037267080746 0.06494554255748286 0.02258610954263128
0 0.3785800726099234 0.13255223037831734 0.048406615570794675 0.020609824957651044
0 0.11799112545381202 0.18944099378881987 0.09318273497377975 0.03077357425183512
0 0.15046389673255345 0.18450028232636928 0.042759177087535294 0.014398644833427442
0 0.15832997176280758 0.1826651609260305 0.004840661557079467 0.0033879164313946925
0 0.19423154497781364 0.18845285149632976 0.05486083098023396 0.032467532467532464
0 0.23416700282371924 0.18450028232636928 0.06776926179911255 0.021739130434782608
0 0.27289229528035497 0.189158667419537 0.06736587333602259 0.03274985883681536
0 0.3116175877369907 0.18450028232636928 0.0609116579265833 0.023715415019762844
0 0.3434852763210972 0.1876058723884811 0.058491327148043566 0.03162055335968379
0 0.38886647841871724 0.18534726143421795 0.07220653489310205 0.022868435911914172
0 0.42315449778136344 0.18929983060417843 0.055667607906413875 0.02258610954263128
0 0.12847922549415086 0.21132128740824394 0.10125050423557887 0.025409373235460192
0 0.15066559096409843 0.20990965556182947 0.023396530859217425 0.0189158667419537
0 0.18515530455828963 0.20976849237718803 0.05808793868495361 0.022868435911914172
0 0.22751109318273496 0.20821569734613213 0.07260992335619201 0.0251270468661773
0 0.23497377974989916 0.20863918690005648 0.004437273093989512 0.004517221908526256
0 0.2753126260588947 0.20948616600790515 0.06897942718838242 0.023433088650479956
0 0.3053650665590964 0.20948616600790515 0.05486083098023396 0.02258610954263128
0 0.354376764824526 0.2124505928853755 0.07866075030254134 0.0189158667419537
0 0.4045986284792255 0.21047430830039526 0.08793868495361033 0.023715415019762844
0 0.13674868898749495 0.23531902879728966 0.12020976200080678 0.017504234895539244
0 0.18354175070592982 0.2360248447204969 0.07583703106091166 0.0251270468661773
0 0.2236789027833804 0.23475437605872387 0.06897942718838242 0.023150762281197064
0 0.22710770471964503 0.23433088650479955 0.0052440500201694235 0.00282326369282891
0 0.28600242033077855 0.23574251835121401 0.08955223880597014 0.020892151326933936
0 0.31968535699878986 0.23475437605872387 0.051230334812424366 0.018351214003387916
0 0.38866478418717226 0.24124788255223037 0.12263009277934651 0.032467532467532464
0 0.12121823315853167 0.2641163184641446 0.09479628882613957 0.031338226990400904
0 0.16377571601452198 0.2583286278938453 0.05526421944332392 0.0189158667419537
0 0.20411456232351755 0.2583286278938453 0.06696248487293263 0.021456804065499716
0 0.25534489713594194 0.25889328063241107 0.08108108108108109 0.023715415019762844
0 0.28418717224687373 0.2597402597402597 0.041145623235175476 0.025409373235460192
0 0.33783783783783783 0.26129305477131565 0.09600645421540945 0.023715415019762844
0 0.37494957644211374 0.25945793337097683 0.05486083098023396 0.01948051948051948
0 0.4037918515530456 0.25945793337097683 0.03953206938281565 0.020327498588368152
0 0.11698265429608713 0.2912196499153021 0.08350141185962082 0.03585544889892716
0 0.1553045582896329 0.2844438170525127 0.05647438483259379 0.0220214568040655
0 0.18313836224283986 0.2845849802371542 0.033884630899556276 0.025409373235460192
0 0.22609923356192013 0.28204404291360813 0.05889471561113352 0.01355166572557877
0 0.23396530859217426 0.28176171654432525 0.008471157724889069 0.011857707509881422
