0 0.0945945945945946 0.10968379446640317 0.033481242436466316 0.019762845849802372
0 0.10084711577248891 0.11081309994353472 0.005647438483259379 0.011857707509881422
0 0.127470754336426 0.1088368153585545 0.043162565550625254 0.022868435911914172
0 0.15832997176280758 0.11038961038961038 0.053247277127874144 0.029644268774703556
0 0.16216216216216217 0.11081309994353472 0.004437273093989512 0.012987012987012988
0 0.19322307382008874 0.11095426312817618 0.05405405405405406 0.020045172219085264
0 0.22791448164582492 0.11123658949745906 0.05244050020169423 0.032185206098249576
0 0.23275514320290439 0.1070016939582157 0.0052440500201694235 0.0033879164313946925
0 0.27753126260588945 0.10798983625070581 0.07341670028237192 0.023715415019762844
0 0.3009277934651069 0.10629587803500846 0.035901573215006054 0.021456804065499716
0 0.3315853166599435 0.10926030491247883 0.0572811617587737 0.01693958215697346
0 0.37353771682129894 0.10756634669678147 0.07745058491327148 0.0220214568040655
0 0.40237999193223073 0.10813099943534726 0.043162565550625254 0.015527950310559006
0 0.11758773699072207 0.13297571993224166 0.07866075030254134 0.022303783173348392
0 0.14683340056474384 0.1336815358554489 0.0391286809197257 0.026821005081874648
0 0.15954013715207746 0.13255223037831734 0.016942315449778138 0.02456239412761152
0 0.1782977006857604 0.13495200451722192 0.02379991932230738 0.023433088650479956
0 0.2603872529245664 0.1380575945793337 0.1383622428398548 0.03190287972896669
0 0.3229124647035095 0.13198757763975155 0.1044776119402985 0.020892151326933936
0 0.34328358208955223 0.13269339356295878 0.026220250100847116 0.023997741389045736
0 0.372932634126664 0.13198757763975155 0.04437273093989512 0.01948051948051948
0 0.13957240822912464 0.16022021456804064 0.11738604275917709 0.028797289666854884
0 0.1672045179507866 0.1572557876905703 0.038321903993545785 0.015810276679841896
0 0.19302137958854376 0.15711462450592886 0.038321903993545785 0.023150762281197064
0 0.25433642597821704 0.15697346132128742 0.11133521581282775 0.020045172219085264
0 0.2680516337232755 0.15753811405985318 0.01653892698668818 0.023997741389045736
0 0.3007260992335619 0.15810276679841898 0.04719645018152481 0.023433088650479956
0 0.32311415893505446 0.15796160361377753 0.035901573215006054 0.0220214568040655
0 0.3892698668818072 0.15951439864483344 0.12020976200080678 0.023997741389045736
0 0.42053247277127875 0.15965556182947488 0.04356595401371521 0.023715415019762844
0 0.12827753126260588 0.18718238283455674 0.10165389269866881 0.027385657820440428
0 0.17870108914885036 0.1836533032185206 0.08753529649052037 0.022303783173348392
0 0.2591770875352965 0.18562958780350083 0.14683340056474384 0.026821005081874648
0 0.3051633723275514 0.18280632411067194 0.07704719645018153 0.021456804065499716
0 0.3592174263816055 0.18633540372670807 0.09519967728922953 0.0220214568040655
0 0.3862444534086325 0.18337097684923773 0.03993545784590561 0.017504234895539244
0 0.418112141992739 0.18252399774138905 0.052843888664784185 0.022868435911914172
0 0.14965711980637353 0.20920383963862224 0.14118596208148446 0.023150762281197064
0 0.21661960467930616 0.2077922077922078 0.12101653892698669 0.0189158667419537
0 0.2987091569181121 0.2111801242236025 0.1508672851956434 0.02710333145115754
0 0.3019362646228318 0.2111801242236025 0.004437273093989512 0.01129305477131564
0 0.32553448971359417 0.20920383963862224 0.02944735780556676 0.01383399209486166
0 0.3783783783783784 0.20835686053077357 0.08834207341670028 0.021456804065499716
0 0.4211375554659137 0.21442687747035574 0.07099636950383219 0.032185206098249576
0 0.11920129084308188 0.23489553924336534 0.08067769261799113 0.014963297571993224
0 0.163574021782977 0.23517786561264822 0.07503025413473174 0.025974025974025976
0 0.23114158935054457 0.23771880293619424 0.11536910044372731 0.025691699604743084
0 0.25534489713594194 0.23376623376623376 0.028237192416296894 0.016657255787690572
0 0.2878176684146833 0.23249576510446077 0.0536506655909641 0.020609824957651044
0 0.3229124647035095 0.233201581027668 0.05445744251714401 0.012987012987012988
0 0.37131908027430416 0.23362507058159232 0.07745058491327148 0.020892151326933936
0 0.3979427188382412 0.234472049689441 0.03791851553045583 0.023997741389045736
0 0.41488503428801937 0.23362507058159232 0.027833803953206938 0.0220214568040655
0 0.1482452601855587 0.26468097120271034 0.1335215812827753 0.031338226990400904
0 0.17386042759177087 0.26129305477131565 0.0318676885841065 0.022303783173348392
0 0.22569584509883017 0.2608695652173913 0.08632513110125051 0.022303783173348392
0 0.25413473174667206 0.26002258610954265 0.04437273093989512 0.021739130434782608
0 0.29588543767648245 0.2598814229249012 0.06736587333602259 0.021174477696216828
0 0.3354175070592981 0.26101072840203277 0.06413876563130294 0.0220214568040655
0 0.39007664380798707 0.2618577075098814 0.09197256958450989 0.023433088650479956
0 0.11678096006454215 0.28642010163749293 0.07180314643001211 0.024280067758328628
0 0.18596208148446955 0.2857142857142857 0.11738604275917709 0.02456239412761152
0 0.21682129891085114 0.2855731225296443 0.04437273093989512 0.017786561264822136
0 0.33098023396530857 0.2900903444381705 0.20169423154497781 0.033314511575381144
0 0.33420734167002825 0.2855731225296443 0.008067769261799113 0.00564652738565782
