0 0.1881807180314643 0.20143986448334275 0.09156918112141993 0.021739130434782608
0 0.2525211778943122 0.20736871823828346 0.009681323114158934 0.013269339356295878
0 0.33864461476401775 0.20539243365330323 0.10125050423557887 0.03020892151326934
0 0.4015732150060508 0.1976284584980237 0.010891488503428802 0.018068887634105024
0 0.4846712384025817 0.20765104460756634 0.06575231948366277 0.031338226990400904
0 0.581081081081081 0.2031338226990401 0.06252521177894312 0.027385657820440428
0 0.6950383219039935 0.1972049689440994 0.07341670028237192 0.020045172219085264
0 0.7950786607503025 0.19536984754376058 0.05808793868495361 0.020892151326933936
0 0.17103670835014118 0.31084133258046304 0.05808793868495361 0.03387916431394692
0 0.20855183541750705 0.30759457933370976 0.003227107704719645 0.001976284584980237
0 0.26845502218636547 0.3018068887634105 0.03670835014118596 0.018633540372670808
0 0.31444130697862044 0.30194805194805197 0.043162565550625254 0.01948051948051948
0 0.42073416700282373 0.2999717673630717 0.09600645421540945 0.020045172219085264
0 0.5411456232351755 0.3094297007340486 0.06171843485276321 0.02766798418972332
0 0.6327148043565954 0.30448898927159795 0.0681726502622025 0.027950310559006212
0 0.7335619201290843 0.29827780914737434 0.06575231948366277 0.0189158667419537
0 0.8281565147236789 0.2985601355166573 0.050826946349334406 0.012704686617730096
0 0.872932634126664 0.29390175042348954 0.011294876966518758 0.018633540372670808
0 0.1744655102864058 0.35615471485036704 0.05929810407422348 0.031338226990400904
0 0.29588543767648245 0.3499435347261434 0.09237595804759983 0.022868435911914172
0 0.4193223073820089 0.35248447204968947 0.07059298104074223 0.018351214003387916
0 0.5679709560306575 0.35926030491247885 0.1427995159338443 0.027950310559006212
0 0.6619604679306171 0.34881422924901184 0.021782977006857603 0.017221908526256352
0 0.7208551835417507 0.3514963297571993 0.01855586930213796 0.012987012987012988
0 0.7964905203711173 0.35629587803500845 0.06413876563130294 0.031055900621118012
0 0.8483259378781767 0.34655561829474874 0.012101653892698669 0.016657255787690572
0 0.21077047196450183 0.4061264822134387 0.13513513513513514 0.026821005081874648
0 0.2833803953206938 0.4088085827216262 0.008471157724889069 0.01129305477131564
0 0.34388866478418717 0.4018915866741954 0.04719645018152481 0.018351214003387916
0 0.4102460669624849 0.40429136081309996 0.016942315449778138 0.012422360248447204
0 0.4864864864864865 0.40894974590626765 0.06696248487293263 0.025691699604743084
0 0.5260185558693021 0.4075381140598532 0.003227107704719645 0.001976284584980237
0 0.5915691811214199 0.4007622811970638 0.051230334812424366 0.017221908526256352
0 0.6714400968132311 0.40062111801242234 0.02379991932230738 0.017504234895539244
0 0.7672448567970956 0.40062111801242234 0.100040338846309 0.018633540372670808
0 0.8646631706333199 0.39723320158102765 0.0318676885841065 0.020892151326933936
0 0.18071803146430013 0.5070581592320723 0.09116579265832997 0.021456804065499716
0 0.30677692617991126 0.5047995482778092 0.06978620411456232 0.021456804065499716
0 0.4100443727309399 0.5039525691699605 0.04477611940298507 0.020327498588368152
0 0.5046389673255345 0.5035290796160361 0.05405405405405406 0.017221908526256352
0 0.6129487696651875 0.5019762845849802 0.1036708350141186 0.019198193111236588
0 0.6764824526018556 0.5031055900621118 0.003227107704719645 0.0016939582156973462
0 0.7642194433239209 0.5022586109542632 0.06978620411456232 0.018068887634105024
0 0.8610326744655102 0.5019762845849802 0.06655909640984267 0.018633540372670808
0 0.1843485276321097 0.554488989271598 0.08793868495361033 0.019762845849802372
0 0.2987091569181121 0.551948051948052 0.05445744251714401 0.019762845849802372
0 0.4509883017345704 0.5561829474872954 0.16700282371924163 0.029926595143986448
0 0.6062928600242034 0.5530773574251835 0.07422347720855184 0.018633540372670808
0 0.6688180718031465 0.5495482778091474 0.01290843081887858 0.017786561264822136
0 0.7587736990722065 0.5592885375494071 0.060508269463493344 0.03162055335968379
0 0.8243243243243243 0.5511010728402033 0.03670835014118596 0.014680971202710334
0 0.17769261799112546 0.6046019198193111 0.07301331181928197 0.026821005081874648
0 0.2892295280354982 0.6034726143421796 0.045986284792254944 0.012140033879164314
0 0.40782573618394513 0.6024844720496895 0.09519967728922953 0.019198193111236588
0 0.5411456232351755 0.6030491247882552 0.09237595804759983 0.020327498588368152
0 0.6718434852763211 0.6027667984189723 0.0891488503428802 0.021456804065499716
0 0.7345703912868092 0.6070016939582157 0.01371520774505849 0.017504234895539244
0 0.8196853569987899 0.6041784302653868 0.07422347720855184 0.012987012987012988
0 0.16054860830980233 0.6585262563523433 0.042759177087535294 0.020609824957651044
0 0.30052440500201694 0.6569734613212874 0.14118596208148446 0.02710333145115754
0 0.463896732553449 0.6540090344438171 0.07018959257765228 0.01948051948051948
0 0.5320693828156515 0.6513269339356296 0.012101653892698669 0.018633540372670808
