0 0.09600645421540945 0.1212591756070017 0.0572811617587737 0.034443817052512704
0 0.1762807583703106 0.11773009599096555 0.13311819281968534 0.02710333145115754
0 0.299717628075837 0.11307171089779786 0.20532472771278742 0.015527950310559006
0 0.30354981847519164 0.11603613777526821 0.010488100040338847 0.011575381140598532
0 0.34489713594191207 0.1212591756070017 0.055667607906413875 0.027950310559006212
0 0.4308188785800726 0.11194240542066629 0.1383622428398548 0.018633540372670808
0 0.10125050423557887 0.13932806324110672 0.0609116579265833 0.017221908526256352
0 0.10568777732956837 0.13721061547148503 0.003227107704719645 0.001976284584980237
0 0.16034691407825735 0.13876341050254093 0.08672851956434045 0.01948051948051948
0 0.19987898346107302 0.1380575945793337 0.04961678096006454 0.011575381140598532
0 0.25958047599838646 0.1380575945793337 0.07987091569181122 0.018068887634105024
0 0.299919322307382 0.14568040654997177 0.05405405405405406 0.02766798418972332
0 0.34045986284792257 0.13819875776397517 0.04800322710770472 0.012422360248447204
0 0.37777329568374346 0.1383399209486166 0.03751512706736587 0.016092603049124788
0 0.4253731343283582 0.13706945228684358 0.05929810407422348 0.016092603049124788
0 0.07886244453408632 0.16516092603049123 0.01653892698668818 0.01693958215697346
0 0.10326744655102864 0.16431394692264256 0.04195240016135539 0.01693958215697346
0 0.14602662363856395 0.1647374364765669 0.053247277127874144 0.01693958215697346
0 0.19160951996772893 0.17094861660079053 0.05929810407422348 0.025691699604743084
0 0.2319483662767245 0.17038396386222474 0.04235578862444534 0.028797289666854884
0 0.27511093182734975 0.16996047430830039 0.050423557886244454 0.023433088650479956
0 0.3301734570391287 0.16459627329192547 0.06938281565147236 0.015527950310559006
0 0.38483259378781765 0.1668548842461886 0.07624041952400161 0.022868435911914172
0 0.3926986688180718 0.16050254093732355 0.0024203307785397336 0.0016939582156973462
0 0.10024203307785397 0.19184076792772445 0.057684550221863654 0.017504234895539244
0 0.1444130697862041 0.19155844155844157 0.04154901169826543 0.017221908526256352
0 0.2035094796288826 0.19141727837380013 0.08027430415490117 0.01383399209486166
0 0.2648245260185559 0.19099378881987578 0.07866075030254134 0.01948051948051948
0 0.29931423961274706 0.19042913608130999 0.02702702702702703 0.01693958215697346
0 0.34187172246873737 0.19028797289666854 0.04437273093989512 0.019198193111236588
0 0.4156918112141993 0.1945228684359119 0.11254538120209762 0.029361942405420668
0 0.08753529649052037 0.22035573122529645 0.03428801936264623 0.023715415019762844
0 0.12343686970552642 0.21597967250141162 0.048406615570794675 0.016092603049124788
0 0.21520774505849133 0.22317899491812535 0.14400968132311415 0.033314511575381144
0 0.2680516337232755 0.21414455110107283 0.06252521177894312 0.016092603049124788
0 0.34045986284792257 0.21485036702428006 0.100040338846309 0.017504234895539244
0 0.39108511496571197 0.21357989836250707 0.06252521177894312 0.01693958215697346
0 0.4386849536103267 0.21964991530208922 0.060508269463493344 0.03020892151326934
0 0.09257765227914481 0.24124788255223037 0.050826946349334406 0.016657255787690572
0 0.13876563130294473 0.24011857707509882 0.053247277127874144 0.011857707509881422
0 0.20250100847115773 0.24703557312252963 0.08309802339653086 0.026821005081874648
0 0.2392093586123437 0.23969508752117447 0.026220250100847116 0.017504234895539244
0 0.3130294473578056 0.24647092038396387 0.10931827349737798 0.025974025974025976
0 0.36042759177087536 0.23969508752117447 0.0572811617587737 0.017786561264822136
0 0.4481645824929407 0.24280067758328627 0.14481645824929407 0.026821005081874648
0 0.45461879790237997 0.23531902879728966 0.0028237192416296895 0.001411631846414455
0 0.13412666397741024 0.26651609260304915 0.1290843081887858 0.017504234895539244
0 0.16942315449778136 0.2639751552795031 0.023396530859217425 0.017221908526256352
0 0.22327551432029044 0.26439864483342745 0.07987091569181122 0.019762845849802372
0 0.28580072609923357 0.26341050254093734 0.08108108108108109 0.020609824957651044
0 0.29507866075030253 0.26665725578769056 0.008874546187979023 0.01355166572557877
0 0.3323920935861234 0.26905702992659514 0.035901573215006054 0.025974025974025976
0 0.4005647438483259 0.26468097120271034 0.1044776119402985 0.012987012987012988
0 0.41085114965711983 0.26341050254093734 0.004437273093989512 0.002258610954263128
0 0.10528438886647842 0.29037267080745344 0.07260992335619201 0.01637492941840768
0 0.15308592174263816 0.28952569169960474 0.038321903993545785 0.017221908526256352
0 0.20391286809197257 0.2964426877470356 0.05687777329568374 0.028232636928289104
0 0.2765227914481646 0.29023150762281197 0.09842678499394918 0.020327498588368152
0 0.29507866075030253 0.29037267080745344 0.014925373134328358 0.023715415019762844
