0 384.04235578862443 692.0162337662338 0.08471157724889068 0.032467532467532464
0 602.0149253731344 681.0108695652174 0.029850746268656716 0.021739130434782608
0 722.0379185155305 685.0135516657256 0.07583703106091166 0.02710333145115754
0 941.028842275111 681.0104460756635 0.057684550221863654 0.020892151326933936
0 1124.0375151270673 680.0111518915867 0.07503025413473174 0.022303783173348392
0 1358.020371117386 682.0118577075099 0.040742234772085516 0.023715415019762844
0 1477.0246066962484 705.0115753811406 0.04921339249697459 0.023150762281197064
0 1616.0328761597418 680.0112930547713 0.06575231948366277 0.02258610954263128
0 1815.028842275111 680.0124223602485 0.057684550221863654 0.024844720496894408
0 365.0720048406616 873.0110107284021 0.14400968132311415 0.0220214568040655
0 761.0300524405002 872.0100225861096 0.06010488100040339 0.020045172219085264
0 942.0445744251714 850.0117165443253 0.0891488503428802 0.023433088650479956
0 1187.0405405405406 849.012987012987 0.08108108108108109 0.025974025974025976
0 1416.0705929810408 867.0141163184642 0.14118596208148446 0.028232636928289104
0 1791.0320693828157 851.0175042348956 0.06413876563130294 0.03500846979107849
0 363.0546591367487 1040.0156691134953 0.10931827349737798 0.031338226990400904
0 678.060709963695 1053.0101637492942 0.12141992739007665 0.020327498588368152
0 1031.0486083098024 1041.0107284020328 0.09721661960467931 0.021456804065499716
0 1306.044776119403 1038.0124223602484 0.08955223880597014 0.024844720496894408
0 1573.0411456232353 1038.014963297572 0.08229124647035095 0.029926595143986448
0 1814.033279548205 1074.0060700169395 0.06655909640984267 0.012140033879164314
0 376.06615570794673 1210.0167984189723 0.13231141589350545 0.03359683794466403
0 735.0157321500606 1259.0062111801242 0.03146430012101654 0.012422360248447204
0 872.0594997983058 1210.0159514398645 0.1189995966115369 0.03190287972896669
0 1217.0552642194434 1233.0134105025409 0.11052843888664785 0.026821005081874648
0 1525.0294473578056 1212.016939582157 0.05889471561113352 0.03387916431394692
0 1681.0328761597418 1214.0114342179559 0.06575231948366277 0.022868435911914172
0 1867.002218636547 1277.001552795031 0.004437273093989512 0.003105590062111801
0 387.0223880597015 1393.0119988706945 0.04477611940298507 0.023997741389045736
0 540.0385235982251 1393.011010728402 0.07704719645018153 0.0220214568040655
0 768.0475998386446 1402.012563523433 0.09519967728922953 0.0251270468661773
0 1037.0316659943526 1395.0146809712028 0.06333198870512304 0.029361942405420668
0 1224.0449778136344 1399.0153867871259 0.0899556272690601 0.03077357425183512
0 1481.031867688584 1409.0112930547714 0.063735377168213 0.02258610954263128
0 1679.0350947962888 1396.0190570299267 0.07018959257765228 0.03811405985319029
0 1854.003025413473 1458.0021174477697 0.0060508269463493344 0.004234895539243365
0 378.040338846309 1571.0162337662337 0.08067769261799113 0.032467532467532464
0 605.0201694231545 1597.0081874647092 0.04033884630899556 0.01637492941840768
0 754.0361032674466 1572.0100225861095 0.07220653489310205 0.020045172219085264
0 934.0062525211779 1627.006634669678 0.012505042355788625 0.013269339356295878
0 1011.0459862847922 1565.0166572557878 0.09197256958450989 0.033314511575381144
0 1286.062121823316 1579.011010728402 0.12424364663170634 0.0220214568040655
0 1611.0024203307785 1639.0012704686617 0.004840661557079467 0.002540937323546019
0 1686.0207745058492 1571.0160926030492 0.04154901169826543 0.032185206098249576
0 1812.0211778943121 1580.011010728402 0.04235578862444534 0.0220214568040655
0 1941.0153287615974 1575.0124223602484 0.03065752319483663 0.024844720496894408
0 375.05889471561113 1753.0163749294184 0.11778943122226704 0.03274985883681536
0 711.0373134328358 1787.01185770751 0.07462686567164178 0.023715415019762844
0 928.060709963695 1771.0135516657256 0.12141992739007665 0.02710333145115754
0 1282.0068576038725 1766.0136928289103 0.01371520774505849 0.027385657820440428
0 1337.0135135135135 1761.0112930547714 0.02702702702702703 0.02258610954263128
0 1451.042557482856 1750.0158102766798 0.08511496571198064 0.03162055335968379
0 1706.0417507059299 1750.010304912479 0.08350141185962082 0.020609824957651044
0 379.04275917708753 1940.0119988706945 0.08551835417507059 0.023997741389045736
0 641.0488100040338 1927.0124223602484 0.09762000806776926 0.024844720496894408
0 910.0391286809197 1928.0114342179559 0.0782573618394514 0.022868435911914172
0 1157.0171440096813 1933.0122811970639 0.03428801936264623 0.02456239412761152
0 1276.036304961678 1952.0121400338792 0.07260992335619201 0.024280067758328628
0 1488.0308592174263 1966.0064935064936 0.06171843485276321 0.012987012987012988
0 1656.0020169423155 1993.001552795031 0.004033884630899556 0.003105590062111801
0 1723.007059298104 1922.0135516657256 0.014118596208148447 0.02710333145115754
0 1780.0205728116175 1923.0119988706945 0.041145623235175476 0.023997741389045736
0 1910.0262202501008 1968.0056465273856 0.05244050020169423 0.01129305477131564
0 395.06131504638967 2101.013269339356 0.12263009277934651 0.026538678712591756
0 752.0399354578459 2112.01185770751 0.07987091569181122 0.023715415019762844
0 1003.0028237192416 2116.0097402597403 0.005647438483259379 0.01948051948051948
0 1050.0463896732554 2105.010728402033 0.0927793465106898 0.021456804065499716
0 1329.0233965308591 2098.0111518915865 0.04679306171843485 0.022303783173348392
0 1476.0308592174263 2098.01185770751 0.06171843485276321 0.023715415019762844
0 1678.0294473578056 2101.0151044607564 0.05889471561113352 0.03020892151326934
0 1851.040742234772 2150.007058159232 0.08148446954417103 0.014116318464144552
0 2063.00262202501 2180.001129305477 0.0052440500201694235 0.002258610954263128
