0 367.02763210972165 858.0196216826652 0.05526421944332392 0.039243365330321855
0 523.0020169423154 865.0112930547713 0.004033884630899556 0.02258610954263128
0 572.0237999193223 860.0131281761717 0.04759983864461476 0.026256352343308864
0 714.0326744655102 880.0193393562959 0.0653489310205728 0.03867871259175607
0 882.0016135538524 952.005505364201 0.003227107704719645 0.01101072840203275
0 926.0280354981847 912.014963297572 0.056070996369503835 0.029926595143986448
0 1094.0320693828157 864.0139751552795 0.06413876563130294 0.027950310559006212
0 1276.0018152480839 853.0135516657256 0.003630496167809601 0.02710333145115754
0 1317.0040338846309 841.0069169960474 0.008067769261799113 0.01383399209486166
0 1382.0373134328358 871.0128458498024 0.07462686567164178 0.025691699604743084
0 1625.0314643001211 867.0142574816488 0.06292860024203308 0.028514963297571992
0 1819.0453812020976 868.0132693393563 0.09076240419524001 0.026538678712591756
0 357.038120209762 1041.0142574816489 0.07624041952400161 0.028514963297571992
0 585.0324727712788 1088.006634669678 0.06494554255748286 0.013269339356295878
0 791.0385235982251 1087.0097402597403 0.07704719645018153 0.01948051948051948
0 1041.0548608309803 1053.012563523433 0.10972166196046793 0.0251270468661773
0 1339.0018152480839 1125.0018351214003 0.003630496167809601 0.0036702428006775835
0 1393.0306575231948 1045.0127046866178 0.06131504638967326 0.025409373235460192
0 1592.0379185155305 1055.0114342179559 0.07583703106091166 0.022868435911914172
0 1819.055869302138 1041.0148221343873 0.11173860427591771 0.029644268774703556
0 355.06918112141994 1212.0155279503106 0.1383622428398548 0.031055900621118012
0 763.0205728116176 1279.0121400338792 0.041145623235175476 0.024280067758328628
0 912.0256151674062 1228.012987012987 0.051230334812424366 0.025974025974025976
0 1083.050020169423 1218.0203274985884 0.100040338846309 0.040654997176736304
0 1363.0330778539733 1228.0156691134953 0.06615570794675273 0.031338226990400904
0 1584.069584509883 1225.0173630717109 0.13916901976603469 0.03472614342179559
0 1945.0016135538524 1311.006352343309 0.003227107704719645 0.012704686617730096
0 1992.0375151270673 1239.0119988706945 0.07503025413473174 0.023997741389045736
0 351.05344897135944 1407.0180688876342 0.10689794271883823 0.03613777526821005
0 682.0764421137555 1446.007481648786 0.15288422751109318 0.014963297571993224
0 1077.0016135538524 1480.0018351214003 0.003227107704719645 0.0036702428006775835
0 1125.0290439693424 1396.0142574816489 0.05808793868495361 0.028514963297571992
0 1319.0475998386446 1410.0134105025409 0.09519967728922953 0.026821005081874648
0 1596.0883420734167 1396.014963297572 0.17668414683340056 0.029926595143986448
0 339.05889471561113 1580.0153867871259 0.11778943122226704 0.03077357425183512
0 679.0171440096814 1598.0114342179559 0.03428801936264623 0.022868435911914172
0 795.028842275111 1589.0136928289103 0.057684550221863654 0.027385657820440428
0 982.0907624041953 1580.0194805194806 0.18152480839048002 0.03896103896103896
0 1461.0683743444938 1628.0080463015245 0.13674868898749495 0.016092603049124788
0 1826.0171440096813 1587.0170807453417 0.03428801936264623 0.034161490683229816
0 1972.0306575231948 1581.0136928289103 0.06131504638967326 0.027385657820440428
0 345.05264219443325 1747.0245623941275 0.10528438886647842 0.04912478825522304
0 622.0403388463089 1756.0158102766798 0.08067769261799113 0.03162055335968379
0 865.04699475595 1760.0177865612648 0.09398951189995966 0.03557312252964427
0 1107.0020169423155 1846.0021174477697 0.004033884630899556 0.004234895539243365
0 1142.0605082694635 1760.0217391304348 0.12101653892698669 0.043478260869565216
0 1479.042960871319 1816.008610954263 0.08592174263816055 0.017221908526256352
0 1720.0597014925372 1771.0167984189723 0.11940298507462686 0.03359683794466403
0 2058.0326744655104 1766.0124223602484 0.0653489310205728 0.024844720496894408
0 378.0506252521178 1943.014539808018 0.10125050423557887 0.029079616036137776
0 657.0028237192416 2038.0064935064936 0.005647438483259379 0.012987012987012988
0 684.0344897135942 1948.0148221343873 0.06897942718838242 0.029644268774703556
0 894.0429608713191 1943.0177865612648 0.08592174263816055 0.03557312252964427
0 1135.011496571198 2000.005928853755 0.022993142396127472 0.011857707509881422
0 1220.0373134328358 1943.0148221343873 0.07462686567164178 0.029644268774703556
0 1455.0352964905203 1953.014963297572 0.07059298104074223 0.029926595143986448
0 1674.076240419524 1951.0131281761717 0.15248083904800322 0.026256352343308864
0 2087.024405002017 1983.0108695652175 0.04881000403388463 0.021739130434782608
0 382.0312626058895 2132.0131281761714 0.06252521177894312 0.026256352343308864
0 591.0619201290843 2135.016939582157 0.12384025816861638 0.03387916431394692
0 946.0750302541347 2122.0189158667417 0.1500605082694635 0.0378317334839074
0 1341.029245663574 2126.023291925466 0.058491327148043566 0.046583850931677016
0 1517.0687777329567 2108.0241389045736 0.13755546591367487 0.04827780914737437
0 1881.0024203307785 2176.007340485601 0.004840661557079467 0.014680971202710334
