0 397.02662363856393 750.0145398080181 0.053247277127874144 0.029079616036137776
0 596.0193626462283 758.0090344438171 0.03872529245663574 0.018068887634105024
0 789.0213795885438 756.0095990965556 0.042759177087535294 0.019198193111236588
0 957.0417507059298 753.0100225861096 0.08350141185962082 0.020045172219085264
0 1245.031060911658 780.0067758328628 0.06212182331585317 0.01355166572557877
0 1488.0231948366277 776.0064935064935 0.0463896732553449 0.012987012987012988
0 1681.0177490923759 749.0100225861096 0.035498184751916094 0.020045172219085264
0 1866.038523598225 772.0079051383399 0.07704719645018153 0.015810276679841896
0 2125.0191609519966 750.0110107284021 0.038321903993545785 0.0220214568040655
0 378.0179507866075 937.0091756070017 0.035901573215006054 0.018351214003387916
0 504.0012101653893 976.0015527950311 0.0024203307785397336 0.003105590062111801
0 594.0268253327955 932.0091756070017 0.0536506655909641 0.018351214003387916
0 813.0213795885438 940.0093167701864 0.042759177087535294 0.018633540372670808
0 987.0237999193223 932.0122811970638 0.04759983864461476 0.02456239412761152
0 1189.0167406212183 941.0083286278939 0.033481242436466316 0.016657255787690572
0 1356.033682936668 933.009457933371 0.06736587333602259 0.0189158667419537
0 1623.0427591770876 934.0081874647092 0.08551835417507059 0.01637492941840768
0 1901.0187575635337 936.0081874647092 0.03751512706736587 0.01637492941840768
0 2058.0278338039534 939.0087521174478 0.055667607906413875 0.017504234895539244
0 2209.003025413473 996.0049407114625 0.0060508269463493344 0.009881422924901186
0 371.02743041549013 1115.0095990965556 0.05486083098023396 0.019198193111236588
0 570.0240016135539 1111.0107284020328 0.04800322710770472 0.021456804065499716
0 775.0536506655909 1113.0093167701864 0.1073013311819282 0.018633540372670808
0 1085.003025413473 1128.0056465273856 0.0060508269463493344 0.01129305477131564
0 1158.0042355788623 1109.0038114059853 0.008471157724889069 0.007622811970638058
0 1221.0242033077855 1114.0108695652175 0.048406615570794675 0.021739130434782608
0 1407.0215812827753 1117.0138339920948 0.043162565550625254 0.02766798418972332
0 1577.034086325131 1107.0146809712028 0.0681726502622025 0.029361942405420668
0 1821.020371117386 1116.0088932806325 0.040742234772085516 0.017786561264822136
0 2011.0135135135135 1107.0138339920948 0.02702702702702703 0.02766798418972332
0 378.02843888664785 1286.0115753811406 0.05687777329568374 0.023150762281197064
0 541.00262202501 1352.0052230378317 0.0052440500201694235 0.010446075663466968
0 640.0256151674062 1288.0104460756634 0.051230334812424366 0.020892151326933936
0 784.0010084711578 1339.0012704686617 0.002016942315449778 0.002540937323546019
0 872.0298507462686 1279.0114342179559 0.05970149253731343 0.022868435911914172
0 1113.0441710367083 1292.0100225861095 0.08834207341670028 0.020045172219085264
0 1443.0201694231546 1305.0073404856014 0.04033884630899556 0.014680971202710334
0 1641.0167406212183 1281.0117165443253 0.033481242436466316 0.023433088650479956
0 1797.0475998386446 1307.0115753811406 0.09519967728922953 0.023150762281197064
0 2067.0012101653892 1336.0012704686617 0.0024203307785397336 0.002540937323546019
0 2122.0056474384833 1262.0042348955392 0.011294876966518758 0.00846979107848673
0 383.02178297700686 1458.0114342179559 0.04356595401371521 0.022868435911914172
0 569.0306575231948 1458.0124223602484 0.06131504638967326 0.024844720496894408
0 821.0219846712384 1489.0069169960475 0.043969342476805166 0.01383399209486166
0 1020.0482049213392 1469.0107284020328 0.09640984267849939 0.021456804065499716
0 1364.0153287615974 1460.0135516657256 0.03065752319483663 0.02710333145115754
0 1495.0211778943121 1459.010587238848 0.04235578862444534 0.021174477696216828
0 1706.078862444534 1459.0152456239414 0.15772488906817264 0.030491247882552232
0 2152.0242033077852 1449.0117165443253 0.048406615570794675 0.023433088650479956
0 2288.0012101653892 1529.0014116318464 0.0024203307785397336 0.00282326369282891
0 368.00484066155707 1626.0056465273856 0.009681323114158934 0.01129305477131564
0 431.02622025010083 1637.0115753811406 0.05244050020169423 0.023150762281197064
0 609.0074626865671 1686.0008469791078 0.014925373134328358 0.0016939582156973462
0 695.0258168616377 1670.0104460756634 0.05163372327551432 0.020892151326933936
0 898.0601048810004 1651.0135516657256 0.12020976200080678 0.02710333145115754
0 1232.0060508269464 1625.0131281761717 0.012101653892698669 0.026256352343308864
0 1311.0046389673255 1621.0052230378317 0.00927793465106898 0.010446075663466968
0 1395.02480839048 1647.0101637492942 0.04961678096006454 0.020327498588368152
0 1604.0845098830173 1642.0107284020328 0.1690197660346914 0.021456804065499716
0 2022.0032271077048 1702.0064935064936 0.00645421540943929 0.012987012987012988
0 2088.032876159742 1649.0093167701864 0.06575231948366277 0.018633540372670808
0 397.074021782977 1815.01185770751 0.14804356595401372 0.023715415019762844
0 881.0613150463897 1814.0117165443253 0.12263009277934651 0.023433088650479956
0 1298.0808793868496 1822.0152456239414 0.1617587736990722 0.030491247882552232
0 1703.0016135538524 1874.0009881422925 0.003227107704719645 0.001976284584980237
0 1790.0227914481645 1814.0112930547714 0.045582896329164985 0.02258610954263128
0 1975.045582896329 1790.0136928289103 0.09116579265832997 0.027385657820440428
0 406.0506252521178 1997.0170807453417 0.10125050423557887 0.034161490683229816
0 685.004437273094 2051.00790513834 0.008874546187979023 0.015810276679841896
0 782.0508269463494 2002.009881422925 0.10165389269866881 0.019762845849802372
0 1138.0445744251715 1996.010587238848 0.0891488503428802 0.021174477696216828
0 1464.0213795885438 2004.0138339920948 0.042759177087535294 0.02766798418972332
0 1644.0227914481645 1996.0101637492942 0.045582896329164985 0.020327498588368152
0 1834.0250100847115 1996.010587238848 0.0500201694231545 0.021174477696216828
0 2031.031060911658 2011.0073404856014 0.06212182331585317 0.014680971202710334
0 2194.004840661557 2058.005223037832 0.009681323114158934 0.010446075663466968
0 396.0869302137959 2184.0143986448334 0.17386042759177087 0.028797289666854884
0 966.0326744655102 2200.007340485601 0.0653489310205728 0.014680971202710334
0 1218.1171843485276 2178.0148221343875 0.23436869705526422 0.029644268774703556
0 1923.0516337232755 2178.010728402033 0.10326744655102864 0.021456804065499716
0 2200.0010084711575 2235.001270468662 0.002016942315449778 0.002540937323546019
