0 413.0157321500605 725.0084697910785 0.03146430012101654 0.01693958215697346
0 540.0153287615974 729.0152456239413 0.03065752319483663 0.030491247882552232
0 649.019967728923 725.0083286278939 0.03993545784590561 0.016657255787690572
0 779.0171440096814 736.0079051383399 0.03428801936264623 0.015810276679841896
0 901.0221863654699 736.007481648786 0.04437273093989512 0.014963297571993224
0 1047.0098830173456 732.0073404856014 0.019766034691407825 0.014680971202710334
0 1121.0123033481243 736.0067758328628 0.024606696248487294 0.01355166572557877
0 1217.0235982250908 728.011434217956 0.04719645018152481 0.022868435911914172
0 1376.0193626462283 732.0071993224167 0.03872529245663574 0.014398644833427442
0 1499.0125050423558 745.005928853755 0.02501008471157725 0.011857707509881422
0 1580.0191609519968 729.0136928289102 0.038321903993545785 0.027385657820440428
0 1725.0191609519968 743.005928853755 0.038321903993545785 0.011857707509881422
0 1869.0207745058492 727.0083286278939 0.04154901169826543 0.016657255787690572
0 379.0330778539734 1277.007058159232 0.06615570794675273 0.014116318464144552
0 575.006655909641 1242.0101637492942 0.013311819281968536 0.020327498588368152
0 664.0207745058491 1270.007481648786 0.04154901169826543 0.014963297571993224
0 788.0070592981041 1267.0080463015245 0.014118596208148447 0.016092603049124788
0 852.0363049616781 1271.012563523433 0.07260992335619201 0.0251270468661773
0 1068.013311819282 1286.0091756070017 0.026623638563937072 0.018351214003387916
0 1140.0028237192416 1315.0038114059853 0.005647438483259379 0.007622811970638058
0 1204.0153287615974 1264.0076228119706 0.03065752319483663 0.015245623941276116
0 1311.0169423154498 1274.007481648786 0.033884630899556276 0.014963297571993224
0 1409.007059298104 1269.00790513834 0.014118596208148447 0.015810276679841896
0 1481.0250100847115 1282.006634669678 0.0500201694231545 0.013269339356295878
0 1635.010689794272 1267.008610954263 0.021379588543767647 0.017221908526256352
0 1718.0161355385235 1268.007058159232 0.03227107704719645 0.014116318464144552
0 1841.0167406212183 1263.007481648786 0.033481242436466316 0.014963297571993224
0 1954.017345703913 1260.0101637492942 0.03469140782573618 0.020327498588368152
0 371.0242033077854 1454.0117165443253 0.048406615570794675 0.023433088650479956
0 515.0014118596208 1487.0011293054772 0.0028237192416296895 0.002258610954263128
0 523.0028237192416 1429.0036702428006 0.005647438483259379 0.007340485601355167
0 367.00463896732555 1817.0067758328628 0.00927793465106898 0.01355166572557877
0 427.0215812827753 1805.0117165443253 0.043162565550625254 0.023433088650479956
0 571.0090762404195 1808.0073404856014 0.018152480839048003 0.014680971202710334
0 637.006655909641 1802.008328627894 0.013311819281968536 0.016657255787690572
0 668.0012101653892 1847.0009881422925 0.0024203307785397336 0.001976284584980237
0 693.0028237192416 1802.0022586109542 0.005647438483259379 0.004517221908526256
0 374.00201694231544 1989.0032467532467 0.004033884630899556 0.006493506493506494
0 404.02218636546996 1977.0094579333709 0.04437273093989512 0.0189158667419537
0 569.0189592577652 1984.0087521174478 0.03791851553045583 0.017504234895539244
0 671.0024203307786 2010.0012704686617 0.004840661557079467 0.002540937323546019
0 714.0354981847519 1992.007058159232 0.07099636950383219 0.014116318464144552
0 917.006655909641 1955.0095990965556 0.013311819281968536 0.019198193111236588
0 965.0024203307786 1950.0028232636928 0.004840661557079467 0.00564652738565782
