0 0.10125050423557887 0.13001129305477133 0.04759983864461476 0.014398644833427442
0 0.13331988705123032 0.13043478260869565 0.02944735780556676 0.019198193111236588
0 0.13574021782977008 0.12987012987012986 0.003227107704719645 0.001976284584980237
0 0.1607503025413473 0.12944664031620554 0.01855586930213796 0.015810276679841896
0 0.20108914885034287 0.13015245623941277 0.05970149253731343 0.01355166572557877
0 0.24848729326341268 0.13749294184076793 0.07583703106091166 0.03896103896103896
0 0.27853973376361435 0.1287408243929983 0.02864058087938685 0.01355166572557877
0 0.3344090359015732 0.1293054771315641 0.09560306575231949 0.014680971202710334
0 0.37373941105284386 0.12916431394692265 0.04921339249697459 0.022303783173348392
0 0.40661557079467525 0.12916431394692265 0.031060911657926585 0.011857707509881422
0 0.0899556272690601 0.15598531902879728 0.026623638563937072 0.013269339356295878
0 0.13614360629286001 0.15556182947487296 0.0500201694231545 0.014963297571993224
0 0.1863654699475595 0.1551383399209486 0.06776926179911255 0.019762845849802372
0 0.2373941105284389 0.15527950310559005 0.06696248487293263 0.020609824957651044
0 0.26300927793465106 0.15457368718238285 0.02581686163775716 0.01383399209486166
0 0.32109721661960466 0.15457368718238285 0.09802339653085922 0.015810276679841896
0 0.3582089552238806 0.15443252399774138 0.035901573215006054 0.011857707509881422
0 0.3656716417910448 0.15330321852060982 0.004033884630899556 0.0016939582156973462
0 0.3890681726502622 0.15979672501411632 0.014521984671238403 0.02766798418972332
0 0.41226300927793463 0.15443252399774138 0.03953206938281565 0.018351214003387916
0 0.1036708350141186 0.18788819875776397 0.05405405405405406 0.026256352343308864
0 0.109116579265833 0.18224167137210615 0.00645421540943929 0.007905138339920948
0 0.1555062525211779 0.18026538678712592 0.0754336425978217 0.019198193111236588
0 0.19947559499798306 0.18026538678712592 0.0609116579265833 0.01637492941840768
0 0.2890278338039532 0.18633540372670807 0.14400968132311415 0.028514963297571992
0 0.2964905203711174 0.1811123658949746 0.005647438483259379 0.006493506493506494
0 0.3390480032271077 0.17998306041784304 0.058491327148043566 0.012140033879164314
0 0.38886647841871724 0.18478260869565216 0.0754336425978217 0.027385657820440428
0 0.42315449778136344 0.17913608130999437 0.02944735780556676 0.011575381140598532
0 0.10588947156111335 0.21414455110107283 0.05647438483259379 0.030491247882552232
0 0.11254538120209762 0.20680406549971767 0.003630496167809601 0.001976284584980237
0 0.16115369100443727 0.2121682665160926 0.06010488100040339 0.029079616036137776
0 0.23436869705526422 0.2121682665160926 0.10891488503428802 0.028514963297571992
0 0.28418717224687373 0.20525127046866176 0.0645421540943929 0.016092603049124788
0 0.32109721661960466 0.21485036702428006 0.05244050020169423 0.03303218520609825
0 0.36486486486486486 0.20482778091473744 0.0500201694231545 0.016657255787690572
0 0.40419524001613555 0.20539243365330323 0.05486083098023396 0.016092603049124788
0 0.0990318676885841 0.23221343873517786 0.045582896329164985 0.01383399209486166
0 0.14965711980637353 0.23080180688876342 0.056070996369503835 0.023997741389045736
0 0.1555062525211779 0.2305194805194805 0.004033884630899556 0.003105590062111801
0 0.16498588140379186 0.2354601919819311 0.017749092375958047 0.03162055335968379
0 0.18959257765227913 0.23037831733483907 0.01936264622831787 0.014963297571993224
0 0.23678902783380396 0.23080180688876342 0.06131504638967326 0.016657255787690572
0 0.32775312626058895 0.23080180688876342 0.14158935054457442 0.016657255787690572
0 0.3592174263816055 0.23037831733483907 0.03307785397337636 0.015245623941276116
0 0.381605486083098 0.23644833427442122 0.043162565550625254 0.025409373235460192
0 0.40883420734167003 0.2300959909655562 0.030254134731746672 0.014680971202710334
0 0.1044776119402985 0.25691699604743085 0.0500201694231545 0.012987012987012988
0 0.14885034288019364 0.25663466967814796 0.05647438483259379 0.016092603049124788
0 0.20391286809197257 0.2587521174477696 0.07987091569181122 0.021456804065499716
0 0.26663977410246065 0.2632693393562959 0.09519967728922953 0.03077357425183512
0 0.3219039935457846 0.25592885375494073 0.08229124647035095 0.016092603049124788
0 0.35296490520371115 0.25607001693958215 0.033884630899556276 0.016657255787690572
0 0.39975796692214605 0.2555053642010164 0.06333198870512304 0.015527950310559006
0 0.11294876966518758 0.28303218520609824 0.06655909640984267 0.01383399209486166
0 0.145623235175474 0.2821852060982496 0.033481242436466316 0.017504234895539244
0 0.22589753933037515 0.28147939017504237 0.11254538120209762 0.016092603049124788
0 0.27148043565954016 0.281055900621118 0.05405405405405406 0.01693958215697346
0 0.3130294473578056 0.28077357425183513 0.04477611940298507 0.0189158667419537
0 0.3945139169019766 0.28924336533032186 0.1262605889471561 0.03500846979107849
0 0.3973376361436063 0.27964426877470355 0.0028237192416296895 0.001976284584980237
0 0.09338442920532473 0.30773574251835123 0.031060911657926585 0.017221908526256352
0 0.13594191206131503 0.308300395256917 0.050423557886244454 0.022868435911914172
0 0.16680112948769665 0.3067476002258611 0.03307785397337636 0.012704686617730096
0 0.1972569584509883 0.3071710897797854 0.03146430012101654 0.017504234895539244
0 0.24263816054860832 0.3073122529644269 0.06212182331585317 0.014116318464144552
0 0.2855990318676886 0.3071710897797854 0.06171843485276321 0.0189158667419537
0 0.2956837434449375 0.3050536420101638 0.003630496167809601 0.0016939582156973462
