0 303.0310609116579 670.0156691134952 0.06212182331585317 0.031338226990400904
0 569.0849132714804 697.0210333145116 0.16982654296087132 0.04206662902315076
0 1002.033279548205 700.0172219085263 0.06655909640984267 0.034443817052512704
0 1180.0252117789432 712.0117165443253 0.050423557886244454 0.023433088650479956
0 1372.0486083098024 687.0142574816488 0.09721661960467931 0.028514963297571992
0 1636.0167406212183 704.011434217956 0.033481242436466316 0.022868435911914172
0 1759.0516337232755 703.0125635234331 0.10326744655102864 0.0251270468661773
0 258.0399354578459 867.0197628458498 0.07987091569181122 0.039525691699604744
0 507.05143202904395 879.0182100508188 0.10286405808793868 0.036420101637492944
0 849.0205728116176 856.0143986448335 0.041145623235175476 0.028797289666854884
0 1009.0395320693829 910.0088932806324 0.0790641387656313 0.017786561264822136
0 1213.0014118596207 953.0008469791079 0.0028237192416296895 0.0016939582156973462
0 1282.0356998789835 869.013410502541 0.07139975796692215 0.026821005081874648
0 1509.0356998789835 853.0166572557877 0.07139975796692215 0.033314511575381144
0 1723.0391286809197 856.0165160926031 0.0782573618394514 0.03303218520609825
0 1966.0165389269866 878.0145398080181 0.03307785397337636 0.029079616036137776
0 269.0601048810004 1054.0162337662337 0.12020976200080678 0.032467532467532464
0 681.0742234772085 1066.011010728402 0.14844695441710368 0.0220214568040655
0 1131.038523598225 1055.0186335403728 0.07704719645018153 0.037267080745341616
0 1380.044776119403 1106.0057876905703 0.08955223880597014 0.011575381140598532
0 1669.0524405002018 1040.0148221343873 0.10488100040338846 0.029644268774703556
0 307.0562726906011 1749.0196216826653 0.11254538120209762 0.039243365330321855
0 626.0334812424364 1753.0153867871259 0.06696248487293263 0.03077357425183512
0 836.0956030657524 1749.0177865612648 0.19120613150463897 0.03557312252964427
0 1373.04699475595 1777.0114342179559 0.09398951189995966 0.022868435911914172
0 1626.0246066962484 1767.0148221343873 0.04921339249697459 0.029644268774703556
0 1758.0488100040338 1772.016516092603 0.09762000806776926 0.03303218520609825
0 2058.0504235578865 1771.0207509881423 0.10084711577248891 0.041501976284584984
0 317.01895925776523 1909.0170807453417 0.03791851553045583 0.034161490683229816
0 459.0465913674869 1930.0200451722192 0.09318273497377975 0.04009034443817053
0 718.0038321903994 2028.0009881422925 0.007664380798709157 0.001976284584980237
0 811.0209762000807 1942.0119988706945 0.04195240016135539 0.023997741389045736
0 976.0413473174667 1951.0152456239414 0.0826946349334409 0.030491247882552232
0 1225.0264219443325 1928.0158102766798 0.052843888664784185 0.03162055335968379
0 1420.0677692617992 1918.0234330886506 0.1355385235982251 0.04686617730095991
0 1817.0361032674466 1931.0160926030492 0.07220653489310205 0.032185206098249576
0 2039.034086325131 1994.005505364201 0.0681726502622025 0.01101072840203275
0 348.05970149253733 2115.0242800677584 0.11940298507462686 0.048560135516657256
0 741.0308592174264 2111.0142574816487 0.06171843485276321 0.028514963297571992
0 951.0482049213392 2161.0080463015247 0.09640984267849939 0.016092603049124788
0 1279.0445744251715 2161.0081874647094 0.0891488503428802 0.01637492941840768
0 1534.0020169423155 2215.0009881422925 0.004033884630899556 0.001976284584980237
