0 0.16216216216216217 0.22600225861095427 0.05244050020169423 0.015527950310559006
0 0.21520774505849133 0.2289666854884246 0.0318676885841065 0.018068887634105024
0 0.26522791448164584 0.22713156408808582 0.0463896732553449 0.014398644833427442
0 0.34409035901573215 0.2274138904573687 0.08632513110125051 0.012704686617730096
0 0.4245663574021783 0.22967250141163184 0.05445744251714401 0.009881422924901186
0 0.46107301331181927 0.23178994918125354 0.0024203307785397336 0.0016939582156973462
0 0.5139169019766034 0.22713156408808582 0.0645421540943929 0.013269339356295878
0 0.5546591367486889 0.23560135516657255 0.004033884630899556 0.008752117447769622
0 0.5941912061315047 0.22571993224167136 0.055667607906413875 0.016092603049124788
0 0.6345300524405002 0.2248729531338227 0.01936264622831787 0.01383399209486166
0 0.6665994352561517 0.22586109542631283 0.021379588543767647 0.017504234895539244
0 0.6879790237999194 0.23221343873517786 0.003630496167809601 0.002540937323546019
0 0.7238805970149254 0.22684923771880294 0.06413876563130294 0.014963297571993224
0 0.8233158531665994 0.22571993224167136 0.10488100040338846 0.016092603049124788
0 0.1674062121823316 0.27738565782044045 0.063735377168213 0.014398644833427442
0 0.22892295280354982 0.27752682100508186 0.024606696248487294 0.015810276679841896
0 0.28479225494150867 0.27865612648221344 0.06776926179911255 0.01355166572557877
0 0.3719241629689391 0.2768210050818746 0.06857603872529246 0.016092603049124788
0 0.48406615570794675 0.279785431959345 0.12263009277934651 0.021456804065499716
0 0.5941912061315047 0.27653867871259175 0.07099636950383219 0.015527950310559006
0 0.6393707139975797 0.2834556747600226 0.0024203307785397336 0.0016939582156973462
0 0.7331585316659943 0.27639751552795033 0.1472367890278338 0.015245623941276116
0 0.8537716821298911 0.277244494635799 0.06575231948366277 0.014680971202710334
0 0.17103670835014118 0.32792207792207795 0.07018959257765228 0.014963297571993224
0 0.2146026623638564 0.33272162619988704 0.004840661557079467 0.001976284584980237
0 0.2444534086325131 0.3274985883681536 0.04195240016135539 0.014116318464144552
0 0.3029447357805567 0.3334274421230943 0.05808793868495361 0.021456804065499716
0 0.36950383219039934 0.3287690570299266 0.04759983864461476 0.014963297571993224
0 0.44372730939895116 0.33116883116883117 0.06857603872529246 0.010163749294184076
0 0.5427591770875353 0.33243929983060416 0.09398951189995966 0.017221908526256352
0 0.6375554659136748 0.3284867306606437 0.058491327148043566 0.012704686617730096
0 0.7666397741024606 0.3274985883681536 0.16417910447761194 0.014116318464144552
0 0.15853166599435256 0.37761151891586675 0.04437273093989512 0.015527950310559006
0 0.2436466317063332 0.38085827216261997 0.09681323114158935 0.023150762281197064
0 0.2989108511496571 0.38424618859401466 0.003227107704719645 0.002258610954263128
0 0.32573618394513915 0.3780350084697911 0.0318676885841065 0.014680971202710334
0 0.37595804759983864 0.3781761716544325 0.04517950786607503 0.014398644833427442
0 0.44029850746268656 0.3794466403162055 0.05526421944332392 0.012422360248447204
0 0.5 0.3794466403162055 0.035901573215006054 0.012987012987012988
0 0.5804759983864461 0.3802936194240542 0.0927793465106898 0.020892151326933936
0 0.6557079467527229 0.3760587238848108 0.026220250100847116 0.015245623941276116
0 0.7097620008067769 0.3771880293619424 0.05445744251714401 0.012987012987012988
0 0.8120209762000806 0.37888198757763975 0.11375554659136748 0.02258610954263128
0 0.8735377168212989 0.38424618859401466 0.004437273093989512 0.00282326369282891
0 0.16155707946752723 0.4295595708639187 0.05687777329568374 0.01383399209486166
0 0.25958047599838646 0.4289949181253529 0.10931827349737798 0.014963297571993224
0 0.35599031867688585 0.4301242236024845 0.058491327148043566 0.016092603049124788
0 0.4277934651068979 0.4288537549407115 0.05203711173860428 0.014680971202710334
0 0.5048406615570795 0.43280632411067194 0.06413876563130294 0.018633540372670808
0 0.5552642194433239 0.4311123658949746 0.011698265429608713 0.002258610954263128
0 0.6343283582089553 0.4295595708639187 0.1254538120209762 0.014398644833427442
0 0.7347720855183542 0.4292772444946358 0.05526421944332392 0.015527950310559006
0 0.8190802743041549 0.42871259175607 0.08108108108108109 0.014398644833427442
0 0.8658733360225898 0.4357707509881423 0.003630496167809601 0.002540937323546019
