0 502.0094796288826 577.011434217956 0.018959257765227916 0.022868435911914172
0 589.0276321097217 608.0056465273857 0.05526421944332392 0.01129305477131564
0 774.0298507462686 577.0103049124788 0.05970149253731343 0.020609824957651044
0 974.0306575231948 583.0095990965556 0.06131504638967326 0.019198193111236588
0 1173.0496167809602 573.0152456239413 0.09923356192012908 0.030491247882552232
0 1461.0264219443325 584.0098814229249 0.052843888664784185 0.019762845849802372
0 1641.0663574021783 598.0071993224167 0.1327148043565954 0.014398644833427442
0 2004.0014118596207 632.0018351214003 0.0028237192416296895 0.0036702428006775835
0 2049.003227107705 637.0038114059853 0.00645421540943929 0.007622811970638058
0 2086.0334812424367 570.0148221343874 0.06696248487293263 0.029644268774703556
0 500.0264219443324 780.0063523433089 0.052843888664784185 0.012704686617730096
0 693.0387252924567 746.0146809712027 0.07745058491327148 0.029361942405420668
0 932.0197660346914 753.0146809712027 0.03953206938281565 0.029361942405420668
0 1085.0118999596612 741.0131281761717 0.02379991932230738 0.026256352343308864
0 1189.0010084711578 815.0053642010164 0.002016942315449778 0.010728402032749858
0 1211.033279548205 752.0112930547713 0.06655909640984267 0.02258610954263128
0 1411.0014118596207 823.0036702428007 0.0028237192416296895 0.007340485601355167
0 1426.0024203307785 743.0028232636928 0.004840661557079467 0.00564652738565782
0 1471.0233965308591 753.0105872388481 0.04679306171843485 0.021174477696216828
0 1644.0401371520775 746.0110107284021 0.08027430415490117 0.0220214568040655
0 1888.0012101653892 819.0047995482778 0.0024203307785397336 0.009599096555618294
0 1923.0548608309803 741.0163749294184 0.10972166196046793 0.03274985883681536
0 2223.0187575635337 773.0071993224167 0.03751512706736587 0.014398644833427442
0 497.0250100847116 939.0115753811406 0.0500201694231545 0.023150762281197064
0 674.0427591770875 946.0121400338792 0.08551835417507059 0.024280067758328628
0 925.018152480839 937.0146809712027 0.03630496167809601 0.029361942405420668
0 1070.0300524405002 940.0107284020328 0.06010488100040339 0.021456804065499716
0 1264.0350947962888 933.011434217956 0.07018959257765228 0.022868435911914172
0 1496.0409439290036 939.0103049124788 0.08188785800726099 0.020609824957651044
0 1748.06918112142 915.0160926030492 0.1383622428398548 0.032185206098249576
0 2120.0419524001613 957.0063523433089 0.08390480032271078 0.012704686617730096
0 511.0165389269867 1095.016939582157 0.03307785397337636 0.03387916431394692
0 663.0250100847115 1101.0127046866178 0.0500201694231545 0.025409373235460192
0 838.0590964098427 1105.0117165443253 0.118192819685357 0.023433088650479956
0 1181.017345703913 1088.0155279503106 0.03469140782573618 0.031055900621118012
0 1313.0316659943526 1099.0128458498023 0.06333198870512304 0.025691699604743084
0 1496.0010084711578 1170.0007058159233 0.002016942315449778 0.001411631846414455
0 1553.0020169423155 1108.0038114059853 0.004033884630899556 0.007622811970638058
0 1601.0264219443325 1098.0112930547714 0.052843888664784185 0.02258610954263128
0 1772.0449778136344 1094.012563523433 0.0899556272690601 0.0251270468661773
0 2040.0449778136344 1108.0101637492942 0.0899556272690601 0.020327498588368152
0 500.03529649052035 1277.0179277244495 0.07059298104074223 0.03585544889892716
0 717.0433642597822 1282.01185770751 0.08672851956434045 0.023715415019762844
0 970.0272287212586 1276.0128458498023 0.05445744251714401 0.025691699604743084
0 1163.031060911658 1284.0112930547714 0.06212182331585317 0.02258610954263128
0 1350.0865268253328 1269.0177865612648 0.17305365066559097 0.03557312252964427
0 1842.065147236789 1304.0084697910786 0.13029447357805568 0.01693958215697346
0 506.07422347720853 1452.014539808018 0.14844695441710368 0.029079616036137776
0 951.0435659540137 1465.0121400338792 0.08713190802743041 0.024280067758328628
0 1205.0010084711578 1529.0007058159233 0.002016942315449778 0.001411631846414455
0 1236.049213392497 1448.0135516657256 0.09842678499394918 0.02710333145115754
0 1561.0401371520775 1458.012563523433 0.08027430415490117 0.0251270468661773
0 1816.0475998386446 1461.0119988706945 0.09519967728922953 0.023997741389045736
0 2106.027228721259 1449.0121400338792 0.05445744251714401 0.024280067758328628
