0 0.0845098830173457 0.1020609824957651 0.017749092375958047 0.020045172219085264
0 0.1438079870915692 0.10657820440429136 0.09237595804759983 0.024280067758328628
0 0.19060104881000403 0.10248447204968944 0.06494554255748286 0.019198193111236588
0 0.21198063735377168 0.10262563523433088 0.023396530859217425 0.016092603049124788
0 0.25030254134731744 0.1020609824957651 0.053247277127874144 0.010446075663466968
0 0.28701089148850345 0.10319028797289667 0.04154901169826543 0.016657255787690572
0 0.327349737797499 0.10897797854319594 0.06131504638967326 0.026821005081874648
0 0.3775716014521985 0.10530773574251835 0.07260992335619201 0.0220214568040655
0 0.4233561920129084 0.10191981931112366 0.07301331181928197 0.014680971202710334
0 0.09398951189995966 0.12704686617730096 0.031060911657926585 0.017786561264822136
0 0.14703509479628882 0.1281761716544325 0.07745058491327148 0.014680971202710334
0 0.17164179104477612 0.12803500846979107 0.016942315449778138 0.01693958215697346
0 0.20794675272287214 0.13114059853190288 0.04921339249697459 0.022303783173348392
0 0.25231948366276724 0.1305759457933371 0.06252521177894312 0.024844720496894408
0 0.2918515530455829 0.12761151891586675 0.051230334812424366 0.017786561264822136
0 0.3021379588543768 0.12690570299265952 0.0028237192416296895 0.001976284584980237
0 0.3160548608309802 0.12224731789949181 0.008874546187979023 0.006775832862789385
0 0.3390480032271077 0.1274703557312253 0.035901573215006054 0.019762845849802372
0 0.37252924566357404 0.12704686617730096 0.04800322710770472 0.017504234895539244
0 0.3828156514723679 0.13170525127046867 0.01653892698668818 0.012422360248447204
0 0.4233561920129084 0.12761151891586675 0.05929810407422348 0.020609824957651044
0 0.427390076643808 0.132128740824393 0.009681323114158934 0.009034443817052512
0 0.44029850746268656 0.12083568605307736 0.008471157724889069 0.007058159232072276
0 0.11557079467527229 0.1525974025974026 0.06938281565147236 0.016092603049124788
0 0.17265026220250101 0.15683229813664595 0.07664380798709157 0.023997741389045736
0 0.18253327954820492 0.15175042348955392 0.002016942315449778 0.001411631846414455
0 0.19987898346107302 0.14525691699604742 0.006857603872529245 0.005081874647092038
0 0.23033481242436465 0.15443252399774138 0.0463896732553449 0.023715415019762844
0 0.2755143202904397 0.15245623941276115 0.07139975796692215 0.015527950310559006
0 0.3261395724082291 0.1523150762281197 0.05445744251714401 0.018633540372670808
0 0.3356192012908431 0.15330321852060982 0.014118596208148447 0.016092603049124788
0 0.39209358612343687 0.15753811405985318 0.09560306575231949 0.023997741389045736
0 0.454417103670835 0.15654997176736307 0.09318273497377975 0.023433088650479956
0 0.45582896329164985 0.15217391304347827 0.0024203307785397336 0.001411631846414455
0 0.4647035094796289 0.147656691134952 0.01008471157724889 0.007905138339920948
0 0.08693021379588543 0.17236024844720496 0.007664380798709157 0.006211180124223602
0 0.12404195240016136 0.18407679277244496 0.05929810407422348 0.03162055335968379
0 0.15853166599435256 0.18294748729531338 0.050423557886244454 0.025974025974025976
0 0.1801129487696652 0.17701863354037267 0.02218636546994756 0.009881422924901186
0 0.2055264219443324 0.1771597967250141 0.03711173860427592 0.014398644833427442
0 0.25211778943122226 0.17814793901750423 0.07260992335619201 0.017786561264822136
0 0.2535296490520371 0.18478260869565216 0.012505042355788625 0.014116318464144552
0 0.26522791448164584 0.17363071710897798 0.008067769261799113 0.007058159232072276
0 0.3100040338846309 0.17857142857142858 0.05929810407422348 0.019198193111236588
0 0.35417507059298103 0.1782891022021457 0.06655909640984267 0.014680971202710334
0 0.3598225090762404 0.17659514398644832 0.0028237192416296895 0.002258610954263128
0 0.3717224687373941 0.17080745341614906 0.004840661557079467 0.005081874647092038
0 0.418313836224284 0.17758328627893846 0.08027430415490117 0.018351214003387916
0 0.445542557482856 0.1782891022021457 0.02864058087938685 0.00846979107848673
0 0.10044372730939895 0.20398080180688877 0.009681323114158934 0.02258610954263128
0 0.11839451391690198 0.204686617730096 0.024203307785397338 0.02258610954263128
0 0.1801129487696652 0.2077922077922078 0.09963695038321904 0.025409373235460192
0 0.22690601048810005 0.2031338226990401 0.06736587333602259 0.01383399209486166
0 0.23235175473981445 0.20722755505364202 0.01008471157724889 0.010446075663466968
0 0.2956837434449375 0.20299265951439865 0.09883017345703912 0.010163749294184076
0 0.33783783783783783 0.20200451722190851 0.048406615570794675 0.014963297571993224
0 0.36789027833803956 0.20200451722190851 0.03670835014118596 0.012422360248447204
0 0.4154901169826543 0.20172219085262563 0.06655909640984267 0.01383399209486166
0 0.45421540943929006 0.2015810276679842 0.063735377168213 0.013269339356295878
0 0.1145623235175474 0.22783738001129306 0.0391286809197257 0.010163749294184076
0 0.16236385639370715 0.2279785431959345 0.07139975796692215 0.012422360248447204
0 0.17587736990722067 0.22811970638057594 0.012505042355788625 0.018351214003387916
0 0.21782977006857604 0.2310841332580463 0.05405405405405406 0.023997741389045736
0 0.2603872529245664 0.22995482778091475 0.0609116579265833 0.020045172219085264
0 0.29164985881403793 0.2274138904573687 0.04195240016135539 0.014963297571993224
0 0.2991125453812021 0.22727272727272727 0.0024203307785397336 0.0016939582156973462
0 0.3654699475594998 0.23136645962732919 0.08188785800726099 0.024280067758328628
0 0.390480032271077 0.22656691134952003 0.022993142396127472 0.015245623941276116
0 0.4114562323517547 0.22571993224167136 0.021782977006857603 0.01355166572557877
0 0.4374747882210569 0.2264257481648786 0.024203307785397338 0.009316770186335404
0 0.1244453408632513 0.25381140598531904 0.05970149253731343 0.020609824957651044
0 0.16438079870915692 0.2605872388481084 0.0536506655909641 0.026821005081874648
0 0.18858410649455426 0.25818746470920384 0.029043969342476807 0.026256352343308864
0 0.2319483662767245 0.26171654432524 0.06615570794675273 0.03274985883681536
0 0.2942718838241226 0.2571993224167137 0.08430818878580072 0.029079616036137776
0 0.3019362646228318 0.25296442687747034 0.0024203307785397336 0.001976284584980237
0 0.3525615167406212 0.2531055900621118 0.06857603872529246 0.018351214003387916
0 0.390480032271077 0.2522586109542631 0.05163372327551432 0.019198193111236588
0 0.3973376361436063 0.2522586109542631 0.0028237192416296895 0.001976284584980237
0 0.4080274304154901 0.24632975719932243 0.005647438483259379 0.006775832862789385
0 0.43787817668414686 0.2519762845849802 0.03791851553045583 0.018633540372670808
0 0.13856393707139975 0.27851496329757197 0.08592174263816055 0.018068887634105024
0 0.16498588140379186 0.2782326369282891 0.031060911657926585 0.010446075663466968
0 0.2029043969342477 0.28430265386787124 0.04154901169826543 0.024844720496894408
0 0.27874142799515933 0.2837380011293055 0.11738604275917709 0.030491247882552232
0 0.28680919725695847 0.2776679841897233 0.0028237192416296895 0.002258610954263128
