0 349.02037111738605 734.0119988706945 0.040742234772085516 0.023997741389045736
0 498.07765227914484 737.018915866742 0.1553045582896329 0.0378317334839074
0 941.0659540137152 735.0176453980802 0.1319080274304155 0.035290796160361376
0 1277.019967728923 773.0067758328628 0.03993545784590561 0.01355166572557877
0 1409.0300524405002 779.0063523433089 0.06010488100040339 0.012704686617730096
0 1622.0419524001613 744.0115753811406 0.08390480032271078 0.023150762281197064
0 1847.0018152480839 803.0021174477696 0.003630496167809601 0.004234895539243365
0 1863.0060508269464 807.0063523433089 0.012101653892698669 0.012704686617730096
0 1916.0330778539733 756.0191981931113 0.06615570794675273 0.038396386222473176
0 2134.0397337636145 764.0084697910785 0.07946752722872126 0.01693958215697346
0 359.0227914481646 903.0121400338792 0.045582896329164985 0.024280067758328628
0 516.0100847115773 920.0103049124788 0.02016942315449778 0.020609824957651044
0 612.0171440096814 922.0117165443253 0.03428801936264623 0.023433088650479956
0 723.0312626058894 951.0069169960474 0.06252521177894312 0.01383399209486166
0 889.0048406615571 965.0073404856014 0.009681323114158934 0.014680971202710334
0 939.0328761597418 910.0119988706945 0.06575231948366277 0.023997741389045736
0 1120.0024203307785 981.0018351214003 0.004840661557079467 0.0036702428006775835
0 1170.0072609923357 906.0125635234331 0.014521984671238403 0.0251270468661773
0 1213.0185558693022 905.0132693393563 0.03711173860427592 0.026538678712591756
0 1337.0627269060105 923.0118577075099 0.1254538120209762 0.023715415019762844
0 1706.029245663574 925.0103049124788 0.058491327148043566 0.020609824957651044
0 1880.0409439290036 948.007481648786 0.08188785800726099 0.014963297571993224
0 2135.020371117386 952.0111518915867 0.040742234772085516 0.022303783173348392
0 2252.016740621218 932.0100225861096 0.033481242436466316 0.020045172219085264
0 356.0264219443324 1110.0153867871259 0.052843888664784185 0.03077357425183512
0 528.0407422347721 1115.0183512140034 0.08148446954417103 0.03670242800677583
0 775.0240016135539 1091.0193393562959 0.04800322710770472 0.03867871259175607
0 917.066962484873 1091.0193393562959 0.13392496974586526 0.03867871259175607
0 1290.0258168616378 1091.01185770751 0.05163372327551432 0.023715415019762844
0 1463.0050423557886 1102.0095990965556 0.01008471157724889 0.019198193111236588
0 1500.0171440096813 1096.011010728402 0.03428801936264623 0.0220214568040655
0 1605.0625252117788 1103.0108695652175 0.12505042355788623 0.021739130434782608
0 1975.0078660750303 1126.0077639751553 0.01573215006050827 0.015527950310559006
0 2083.0449778136344 1102.0124223602484 0.0899556272690601 0.024844720496894408
0 2290.00262202501 1176.0016939582158 0.0052440500201694235 0.0033879164313946925
0 350.0084711577249 1495.0094579333709 0.016942315449778138 0.0189158667419537
0 421.0395320693828 1454.0112930547714 0.0790641387656313 0.02258610954263128
0 634.0032271077047 1510.005505364201 0.00645421540943929 0.01101072840203275
0 686.0060508269463 1448.0038114059853 0.012101653892698669 0.007622811970638058
0 746.0344897135942 1457.0117165443253 0.06897942718838242 0.023433088650479956
0 980.0423557886245 1455.0107284020328 0.08471157724889068 0.021456804065499716
0 1218.0502218636548 1460.0175042348956 0.10044372730939895 0.03500846979107849
0 1478.0034288019363 1511.0056465273856 0.006857603872529245 0.01129305477131564
0 1526.0068576038725 1451.005505364201 0.01371520774505849 0.01101072840203275
0 1582.054457442517 1454.0119988706945 0.10891488503428802 0.023997741389045736
0 1899.0304558289633 1492.0136928289103 0.0609116579265833 0.027385657820440428
0 2099.039935457846 1489.0076228119706 0.07987091569181122 0.015245623941276116
0 349.02803549818475 1670.0064935064936 0.056070996369503835 0.012987012987012988
0 540.0490116982654 1644.0104460756634 0.09802339653085922 0.020892151326933936
0 841.0925776522791 1630.0131281761717 0.18515530455828963 0.026256352343308864
0 1303.0040338846309 1693.007058159232 0.008067769261799113 0.014116318464144552
0 1360.040742234772 1630.0121400338792 0.08148446954417103 0.024280067758328628
0 1591.0260185558693 1663.008328627894 0.05203711173860428 0.016657255787690572
0 1789.038523598225 1642.0111518915867 0.07704719645018153 0.022303783173348392
0 2013.0387252924565 1637.022868435912 0.07745058491327148 0.045736871823828344
0 2216.0056474384833 1687.0080463015245 0.011294876966518758 0.016092603049124788
0 2263.0149253731342 1680.0053642010164 0.029850746268656716 0.010728402032749858
0 346.03751512706737 1823.0193393562959 0.07503025413473174 0.03867871259175607
0 598.0403388463089 1801.012987012987 0.08067769261799113 0.025974025974025976
0 851.0116982654296 1814.0108695652175 0.023396530859217425 0.021739130434782608
0 944.0300524405002 1815.010587238848 0.06010488100040339 0.021174477696216828
0 1135.0223880597016 1844.0114342179559 0.04477611940298507 0.022868435911914172
0 1296.0338846308996 1820.0100225861095 0.06776926179911255 0.020045172219085264
0 1514.0373134328358 1832.0097402597403 0.07462686567164178 0.01948051948051948
0 1754.0286405808795 1835.00790513834 0.0572811617587737 0.015810276679841896
0 1942.0223880597016 1811.009881422925 0.04477611940298507 0.019762845849802372
0 2074.0282371924163 1824.0172219085262 0.05647438483259379 0.034443817052512704
