0 357.01774909237594 952.0070581592321 0.035498184751916094 0.014116318464144552
0 480.0260185558693 974.0043760587239 0.05203711173860428 0.008752117447769622
0 644.0094796288826 973.0042348955393 0.018959257765227916 0.00846979107848673
0 734.0520371117386 953.0070581592321 0.10407422347720856 0.014116318464144552
0 1019.002218636547 996.0012704686618 0.004437273093989512 0.002540937323546019
0 1055.0197660346914 955.0069169960474 0.03953206938281565 0.01383399209486166
0 1196.0379185155305 961.0060700169396 0.07583703106091166 0.012140033879164314
0 1429.0518354175072 964.0101637492942 0.1036708350141186 0.020327498588368152
0 1735.0298507462687 959.0069169960474 0.05970149253731343 0.01383399209486166
0 1909.0177490923759 974.0043760587239 0.035498184751916094 0.008752117447769622
0 2018.0268253327954 952.0071993224167 0.0536506655909641 0.014398644833427442
0 356.04296087131905 1129.0077639751553 0.08592174263816055 0.015527950310559006
0 611.0344897135942 1142.0062111801242 0.06897942718838242 0.012422360248447204
0 820.0106897942719 1128.00790513834 0.021379588543767647 0.015810276679841896
0 925.0403388463089 1128.0080463015245 0.08067769261799113 0.016092603049124788
0 1176.02743041549 1141.0064935064936 0.05486083098023396 0.012987012987012988
0 1328.0010084711578 1175.0009881422925 0.002016942315449778 0.001976284584980237
0 1359.0302541347316 1135.006634669678 0.060508269463493344 0.013269339356295878
0 1568.042960871319 1140.0062111801242 0.08592174263816055 0.012422360248447204
0 1826.0504235578862 1133.0104460756634 0.10084711577248891 0.020892151326933936
0 363.0322710770472 1324.0053642010164 0.0645421540943929 0.010728402032749858
0 562.013311819282 1311.0071993224167 0.026623638563937072 0.014398644833427442
0 671.0294473578056 1315.0073404856014 0.05889471561113352 0.014680971202710334
0 856.0262202501009 1320.006634669678 0.05244050020169423 0.013269339356295878
0 1011.0018152480839 1352.0009881422925 0.003630496167809601 0.001976284584980237
0 1047.029245663574 1313.006634669678 0.058491327148043566 0.013269339356295878
0 1221.0290439693424 1323.006352343309 0.05808793868495361 0.012704686617730096
0 1397.056272690601 1311.007058159232 0.11254538120209762 0.014116318464144552
0 1684.008874546188 1341.0012704686617 0.017749092375958047 0.002540937323546019
0 1743.0177490923759 1319.0057876905703 0.035498184751916094 0.011575381140598532
0 1860.02480839048 1328.0049407114625 0.04961678096006454 0.009881422924901186
0 2021.0233965308591 1311.007058159232 0.04679306171843485 0.014116318464144552
0 373.03630496167807 1509.0047995482778 0.07260992335619201 0.009599096555618294
0 588.0235982250907 1512.007058159232 0.04719645018152481 0.014116318464144552
0 741.0135135135135 1514.0042348955392 0.02702702702702703 0.00846979107848673
0 855.0231948366277 1511.007481648786 0.0463896732553449 0.014963297571993224
0 1009.0227914481645 1511.004658385093 0.045582896329164985 0.009316770186335404
0 1152.0060508269464 1526.0009881422925 0.012101653892698669 0.001976284584980237
0 1227.0316659943526 1494.0069169960475 0.06333198870512304 0.01383399209486166
0 1422.0185558693022 1496.008610954263 0.03711173860427592 0.017221908526256352
0 1547.0546591367488 1500.0081874647092 0.10931827349737798 0.01637492941840768
0 1854.0352964905203 1501.005928853755 0.07059298104074223 0.011857707509881422
0 2049.021379588544 1492.0076228119706 0.042759177087535294 0.015245623941276116
0 366.0235982250908 1693.004376058724 0.04719645018152481 0.008752117447769622
0 525.064743848326 1669.0097402597403 0.12948769665187576 0.01948051948051948
0 867.0018152480839 1712.0009881422925 0.003630496167809601 0.001976284584980237
0 917.0300524405002 1675.006352343309 0.06010488100040339 0.012704686617730096
0 1108.034086325131 1669.0084697910786 0.0681726502622025 0.01693958215697346
0 1323.0314643001211 1669.0077639751553 0.06292860024203308 0.015527950310559006
0 1523.0342880193627 1669.0071993224167 0.06857603872529246 0.014398644833427442
0 1734.0441710367083 1669.0094579333709 0.08834207341670028 0.0189158667419537
0 1993.0213795885438 1672.007058159232 0.042759177087535294 0.014116318464144552
0 367.0619201290843 1853.011010728402 0.12384025816861638 0.0220214568040655
0 692.0014118596208 1893.0009881422925 0.0028237192416296895 0.001976284584980237
