0 413.03388463089954 742.0132693393563 0.06776926179911255 0.026538678712591756
0 673.0393303751513 745.0173630717109 0.07866075030254134 0.03472614342179559
0 972.0552642194433 744.016939582157 0.11052843888664785 0.03387916431394692
0 1359.0302541347316 747.0107284020328 0.060508269463493344 0.021456804065499716
0 1605.0242033077855 775.0073404856014 0.048406615570794675 0.014680971202710334
0 1817.0213795885438 778.0105872388481 0.042759177087535294 0.021174477696216828
0 2020.0201694231546 743.0125635234331 0.04033884630899556 0.0251270468661773
0 411.02803549818475 945.007481648786 0.056070996369503835 0.014963297571993224
0 684.0766438079871 945.0172219085263 0.15328761597418314 0.034443817052512704
0 1120.0016135538524 988.0009881422925 0.003227107704719645 0.001976284584980237
0 1144.0219846712384 945.0080463015246 0.043969342476805166 0.016092603049124788
0 1364.0746268656717 950.0127046866178 0.14925373134328357 0.025409373235460192
0 1756.0014118596207 983.003529079616 0.0028237192416296895 0.007058159232072276
0 1844.0647438483259 945.0117165443253 0.12948769665187576 0.023433088650479956
0 394.0546591367487 1128.007481648786 0.10931827349737798 0.014963297571993224
0 792.0304558289633 1130.006634669678 0.0609116579265833 0.013269339356295878
0 1050.0433642597823 1125.0114342179559 0.08672851956434045 0.022868435911914172
0 1399.0530455828964 1125.0100225861095 0.10609116579265833 0.020045172219085264
0 1782.0443727309398 1129.008328627894 0.08874546187979024 0.016657255787690572
0 400.0538523598225 1301.0097402597403 0.10770471964501815 0.01948051948051948
0 727.00262202501 1344.0009881422925 0.0052440500201694235 0.001976284584980237
0 782.038120209762 1289.0173630717109 0.07624041952400161 0.03472614342179559
0 1068.02480839048 1313.0057876905703 0.04961678096006454 0.011575381140598532
0 1284.026623638564 1318.0064935064936 0.053247277127874144 0.012987012987012988
0 1492.0254134731747 1300.007481648786 0.050826946349334406 0.014963297571993224
0 1688.0437676482452 1303.0135516657256 0.08753529649052037 0.02710333145115754
0 2011.039935457846 1297.0084697910786 0.07987091569181122 0.01693958215697346
0 386.06030657523195 1491.0080463015245 0.12061315046389673 0.016092603049124788
0 811.0601048810004 1480.0138339920948 0.12020976200080678 0.02766798418972332
0 1202.0316659943526 1492.0060700169395 0.06333198870512304 0.012140033879164314
0 1467.026623638564 1486.0062111801242 0.053247277127874144 0.012422360248447204
0 1710.0568777732956 1491.0062111801242 0.11375554659136748 0.012422360248447204
0 2080.018555869302 1489.0064935064936 0.03711173860427592 0.012987012987012988
0 394.0637353771682 1663.016516092603 0.127470754336426 0.03303218520609825
0 828.0147236789028 1673.006634669678 0.02944735780556676 0.013269339356295878
0 1028.039935457846 1664.0114342179559 0.07987091569181122 0.022868435911914172
0 1331.0605082694635 1678.0069169960475 0.12101653892698669 0.01383399209486166
0 1652.0012101653892 1701.0007058159233 0.0024203307785397336 0.001411631846414455
0 1774.02480839048 1656.0081874647092 0.04961678096006454 0.01637492941840768
0 2011.027027027027 1674.0080463015245 0.05405405405405406 0.016092603049124788
0 389.0082694634933 1867.0049407114625 0.01653892698668818 0.009881422924901186
0 521.0258168616377 1854.0128458498023 0.05163372327551432 0.025691699604743084
0 765.0338846308996 1849.0067758328628 0.06776926179911255 0.01355166572557877
0 1029.094796288826 1849.012563523433 0.18959257765227913 0.0251270468661773
0 1612.0352964905203 1847.0069169960475 0.07059298104074223 0.01383399209486166
0 1816.0012101653892 1881.0009881422925 0.0024203307785397336 0.001976284584980237
0 1891.0611133521581 1840.0135516657256 0.12222670431625655 0.02710333145115754
0 377.0546591367487 2022.0084697910786 0.10931827349737798 0.01693958215697346
0 676.0016135538524 2064.0033879164316 0.003227107704719645 0.006775832862789385
0 751.0266236385639 2020.00790513834 0.053247277127874144 0.015810276679841896
0 983.0242033077853 2033.0080463015245 0.048406615570794675 0.016092603049124788
0 1183.0278338039532 2039.0062111801242 0.055667607906413875 0.012422360248447204
0 1402.033279548205 2026.0071993224167 0.06655909640984267 0.014398644833427442
0 1676.0421540943928 2031.0128458498023 0.08430818878580072 0.025691699604743084
0 1965.0423557886245 2026.0064935064936 0.08471157724889068 0.012987012987012988
0 373.03025413473176 2199.0115753811406 0.060508269463493344 0.023150762281197064
0 650.0958047599838 2207.014116318464 0.19160951996772893 0.028232636928289104
0 1242.0373134328358 2203.007058159232 0.07462686567164178 0.014116318464144552
0 1532.0155304558289 2198.009881422925 0.031060911657926585 0.019762845849802372
0 1671.0457845905607 2210.0122811970637 0.09156918112141993 0.02456239412761152
0 2013.015933844292 2201.0080463015247 0.0318676885841065 0.016092603049124788
0 365.02803549818475 2380.0076228119706 0.056070996369503835 0.015245623941276116
0 589.0233965308593 2390.014539808018 0.04679306171843485 0.029079616036137776
0 807.017749092376 2377.011293054771 0.035498184751916094 0.02258610954263128
0 995.0429608713191 2382.0077639751553 0.08592174263816055 0.015527950310559006
0 1366.0209762000807 2372.0084697910784 0.04195240016135539 0.01693958215697346
0 1585.0431625655506 2372.0128458498025 0.08632513110125051 0.025691699604743084
0 1900.056272690601 2371.0139751552797 0.11254538120209762 0.027950310559006212
0 354.0252117789431 2561.0084697910784 0.050423557886244454 0.01693958215697346
0 582.0371117386043 2548.010587238848 0.07422347720855184 0.021174477696216828
0 891.0284388866478 2552.0081874647094 0.05687777329568374 0.01637492941840768
0 1161.0086728519564 2574.005505364201 0.01734570391286809 0.01101072840203275
0 1324.0250100847115 2548.017363071711 0.0500201694231545 0.03472614342179559
0 1536.0312626058894 2558.007199322417 0.06252521177894312 0.014398644833427442
0 1809.0830980233966 2553.012704686618 0.1661960467930617 0.025409373235460192
