0 0.16034691407825735 0.22826086956521738 0.03751512706736587 0.016657255787690572
0 0.21843485276321098 0.23080180688876342 0.04961678096006454 0.009316770186335404
0 0.31585316659943524 0.23277809147374365 0.10326744655102864 0.022303783173348392
0 0.39431222267043164 0.2326369282891022 0.018959257765227916 0.009599096555618294
0 0.4774102460669625 0.23023715415019763 0.10205728116175877 0.01383399209486166
0 0.5705929810407422 0.2300959909655562 0.057684550221863654 0.01693958215697346
0 0.608309802339653 0.23828345567476003 0.004033884630899556 0.002258610954263128
0 0.6425978217022993 0.23080180688876342 0.03953206938281565 0.014963297571993224
0 0.7305365066559096 0.22939017504234896 0.11536910044372731 0.0189158667419537
0 0.8426784993949173 0.23376623376623376 0.07341670028237192 0.01129305477131564
0 0.20794675272287214 0.2826086956521739 0.14481645824929407 0.024844720496894408
0 0.33420734167002825 0.2824675324675325 0.07785397337636143 0.02456239412761152
0 0.40399354578459057 0.28204404291360813 0.031060911657926585 0.009599096555618294
0 0.47115772488906815 0.2790796160361378 0.07099636950383219 0.014963297571993224
0 0.5480032271077048 0.2803500846979108 0.05445744251714401 0.015245623941276116
0 0.6220250100847116 0.2803500846979108 0.0782573618394514 0.015245623941276116
0 0.7402178297700686 0.2847261434217956 0.11940298507462686 0.020609824957651044
0 0.8321903993545785 0.2844438170525127 0.03791851553045583 0.01101072840203275
0 0.16841468334005646 0.3793054771315641 0.06333198870512304 0.018351214003387916
0 0.2265026220250101 0.3826933935629588 0.03509479628882614 0.01948051948051948
0 0.34227511093182733 0.38114059853190285 0.1609519967728923 0.015810276679841896
0 0.46147640177490923 0.38325804630152455 0.04517950786607503 0.020609824957651044
0 0.5240016135538523 0.38198757763975155 0.05405405405405406 0.015245623941276116
0 0.5949979830576846 0.38325804630152455 0.05244050020169423 0.022868435911914172
0 0.6704316256555063 0.38424618859401466 0.06615570794675273 0.020327498588368152
0 0.7472771278741428 0.3804347826086957 0.06010488100040339 0.018351214003387916
0 0.826946349334409 0.38085827216261997 0.05808793868495361 0.015245623941276116
0 0.86385639370714 0.38763410502540935 0.0028237192416296895 0.002258610954263128
0 0.18858410649455426 0.4309712027103331 0.11335215812827754 0.017786561264822136
0 0.2855990318676886 0.43195934500282324 0.04517950786607503 0.015810276679841896
0 0.3797902379991932 0.43407679277244493 0.10851149657119806 0.023997741389045736
0 0.46954417103670837 0.4323828345567476 0.03791851553045583 0.015527950310559006
0 0.5484066155707946 0.4354884246188594 0.09156918112141993 0.020045172219085264
0 0.6246470350947962 0.4322416713721062 0.02864058087938685 0.014116318464144552
0 0.6789027833803953 0.4373235460191982 0.05163372327551432 0.014116318464144552
0 0.7797498991528842 0.4352060982495765 0.1145623235175474 0.021739130434782608
