0 0.20411456232351755 0.26538678712591757 0.11375554659136748 0.03613777526821005
0 0.3073820088745462 0.26341050254093734 0.063735377168213 0.032185206098249576
0 0.45018152480839047 0.26693958215697344 0.16135538523598225 0.03585544889892716
0 0.5929810407422348 0.25705815923207226 0.08793868495361033 0.022303783173348392
0 0.6881807180314643 0.2553642010163749 0.07018959257765228 0.021739130434782608
0 0.799717628075837 0.25705815923207226 0.11335215812827754 0.0189158667419537
0 0.1918112141992739 0.28825522303783174 0.0826946349334409 0.02258610954263128
0 0.29689390883420735 0.2885375494071146 0.09116579265832997 0.024280067758328628
0 0.47135941912061313 0.2878317334839074 0.2029043969342477 0.023997741389045736
0 0.6599435256151674 0.2875494071146245 0.11698265429608713 0.022303783173348392
0 0.7644211375554659 0.2865612648221344 0.060508269463493344 0.021456804065499716
0 0.20956030657523195 0.32622811970638055 0.12948769665187576 0.027385657820440428
0 0.37333602258975396 0.31931112365894976 0.145623235175474 0.021456804065499716
0 0.4945542557482856 0.3241106719367589 0.04921339249697459 0.03557312252964427
0 0.635538523598225 0.3178994918125353 0.1827349737797499 0.023150762281197064
0 0.8100040338846309 0.31507622811970637 0.10246066962484873 0.02258610954263128
0 0.24788221056877774 0.5331733483907397 0.11577248890681727 0.015527950310559006
0 0.3263412666397741 0.5383963862224732 0.004033884630899556 0.00282326369282891
