0 371.02097620008067 710.0115753811406 0.04195240016135539 0.023150762281197064
0 535.0260185558693 715.0104460756635 0.05203711173860428 0.020892151326933936
0 729.0290439693425 704.0117165443253 0.05808793868495361 0.023433088650479956
0 918.0231948366277 709.0111518915867 0.0463896732553449 0.022303783173348392
0 1117.0510286405809 696.0203274985884 0.10205728116175877 0.040654997176736304
0 1429.033682936668 699.0190570299266 0.06736587333602259 0.03811405985319029
0 1653.009277934651 747.0066346696782 0.01855586930213796 0.013269339356295878
0 1773.0572811617587 704.0156691134952 0.1145623235175474 0.031338226990400904
0 384.0344897135942 872.012987012987 0.06897942718838242 0.025974025974025976
0 594.0225897539331 866.0142574816488 0.04517950786607503 0.028514963297571992
0 774.0352964905204 877.0180688876341 0.07059298104074223 0.03613777526821005
0 996.0290439693425 875.0139751552795 0.05808793868495361 0.027950310559006212
0 1182.0352964905203 867.0143986448335 0.07059298104074223 0.028797289666854884
0 1410.0701895925777 875.0131281761717 0.14037918515530456 0.026256352343308864
0 1810.0207745058492 882.0115753811406 0.04154901169826543 0.023150762281197064
0 1977.0471964501814 888.0117165443253 0.09439290036304962 0.023433088650479956
0 401.03549818475193 1058.0190570299267 0.07099636950383219 0.03811405985319029
0 607.0032271077047 1134.0049407114625 0.00645421540943929 0.009881422924901186
0 655.0207745058491 1050.0132693393564 0.04154901169826543 0.026538678712591756
0 816.0244050020169 1059.012563523433 0.04881000403388463 0.0251270468661773
0 1001.0752319483663 1058.012563523433 0.15046389673255345 0.0251270468661773
0 1436.0387252924565 1040.0155279503106 0.07745058491327148 0.031055900621118012
0 1683.0094796288827 1109.0057876905703 0.018959257765227916 0.011575381140598532
0 1792.062928600242 1065.02159796725 0.12585720048406615 0.04319593450028233
0 373.03691004437275 1223.014963297572 0.07382008874546188 0.029926595143986448
0 614.051835417507 1229.0136928289103 0.1036708350141186 0.027385657820440428
0 911.0211778943122 1237.0121400338792 0.04235578862444534 0.024280067758328628
0 1071.0510286405809 1234.0135516657256 0.10205728116175877 0.02710333145115754
0 1364.020371117386 1223.0132693393564 0.040742234772085516 0.026538678712591756
0 1509.0510286405809 1249.0166572557878 0.10205728116175877 0.033314511575381144
0 1817.0100847115773 1229.0175042348956 0.02016942315449778 0.03500846979107849
0 1926.0512303348123 1247.0117165443253 0.10246066962484873 0.023433088650479956
0 365.0377168212989 1416.0114342179559 0.0754336425978217 0.022868435911914172
0 609.0367083501412 1404.0238565782045 0.07341670028237192 0.047713156408808584
0 805.0012101653892 1493.0011293054772 0.0024203307785397336 0.002258610954263128
0 834.019967728923 1403.0138339920948 0.03993545784590561 0.02766798418972332
0 973.027027027027 1410.0217391304348 0.05405405405405406 0.043478260869565216
0 1170.0554659136749 1414.0197628458498 0.11093182734973779 0.039525691699604744
0 1536.0264219443325 1407.0151044607567 0.052843888664784185 0.03020892151326934
0 1704.0086728519564 1455.0080463015245 0.01734570391286809 0.016092603049124788
0 1813.060709963695 1396.022444946358 0.12141992739007665 0.04488989271597967
0 370.0312626058895 1627.008328627894 0.06252521177894312 0.016657255787690572
0 545.0038321903994 1671.0056465273856 0.007664380798709157 0.01129305477131564
0 598.0225897539331 1602.0114342179559 0.04517950786607503 0.022868435911914172
0 762.0433642597822 1594.0135516657256 0.08672851956434045 0.02710333145115754
0 1038.0252117789432 1590.0127046866178 0.050423557886244454 0.025409373235460192
0 1195.0193626462283 1596.0132693393564 0.03872529245663574 0.026538678712591756
0 1352.0308592174263 1597.0242800677584 0.06171843485276321 0.048560135516657256
0 1566.0280354981849 1587.0196216826653 0.056070996369503835 0.039243365330321855
0 1733.0237999193223 1586.0134105025409 0.04759983864461476 0.026821005081874648
0 1907.0383219039936 1592.0131281761717 0.07664380798709157 0.026256352343308864
0 374.055869302138 1764.0213156408809 0.11173860427591771 0.042631281761716544
0 729.0260185558693 1759.0207509881423 0.05203711173860428 0.041501976284584984
0 915.0302541347318 1752.0155279503106 0.060508269463493344 0.031055900621118012
0 1092.0014118596207 1853.0012704686617 0.0028237192416296895 0.002540937323546019
0 1146.034086325131 1759.014539808018 0.0681726502622025 0.029079616036137776
0 1390.0233965308591 1801.0081874647092 0.04679306171843485 0.01637492941840768
0 1569.0165389269866 1802.0091756070017 0.03307785397337636 0.018351214003387916
0 1690.0330778539733 1741.0173630717109 0.06615570794675273 0.03472614342179559
0 1930.018152480839 1740.0217391304348 0.03630496167809601 0.043478260869565216
0 381.05486083098026 1954.0221626199886 0.10972166196046793 0.04432523997741389
0 689.0034288019363 2027.0045172219086 0.006857603872529245 0.009034443817052512
0 747.0207745058491 1940.0135516657256 0.04154901169826543 0.02710333145115754
0 904.017749092376 1946.0134105025409 0.035498184751916094 0.026821005081874648
0 1062.0264219443325 1942.0141163184642 0.052843888664784185 0.028232636928289104
0 1218.0042355788623 2032.0053642010164 0.008471157724889069 0.010728402032749858
0 1284.0312626058894 1945.016939582157 0.06252521177894312 0.03387916431394692
0 1494.0346914078257 1952.0210333145117 0.06938281565147236 0.04206662902315076
0 1732.0161355385235 1920.0203274985884 0.03227107704719645 0.040654997176736304
0 1882.0233965308591 1943.014539808018 0.04679306171843485 0.029079616036137776
0 363.0550625252118 2107.015245623941 0.11012505042355789 0.030491247882552232
0 698.0217829770069 2122.013410502541 0.04356595401371521 0.026821005081874648
0 882.0084711577249 2164.007199322417 0.016942315449778138 0.014398644833427442
0 1015.0240016135539 2154.0083286278937 0.04800322710770472 0.016657255787690572
0 1199.0633319887052 2084.0207509881425 0.12666397741024607 0.041501976284584984
0 1612.0475998386446 2167.01976284585 0.09519967728922953 0.039525691699604744
0 1896.0538523598225 2125.027103331451 0.10770471964501815 0.05420666290231508
0 385.01411859620816 2298.0143986448334 0.028237192416296894 0.028797289666854884
0 520.0290439693425 2284.0285149632978 0.05808793868495361 0.057029926595143984
0 676.0012101653892 2389.001270468662 0.0024203307785397336 0.002540937323546019
