0 0.1036708350141186 0.11151891586674195 0.053247277127874144 0.027385657820440428
0 0.12847922549415086 0.11067193675889328 0.026220250100847116 0.011575381140598532
0 0.15611133521581283 0.11151891586674195 0.030254134731746672 0.022303783173348392
0 0.20512303348124244 0.11307171089779786 0.07099636950383219 0.028232636928289104
0 0.29588543767648245 0.11137775268210051 0.14965711980637353 0.02710333145115754
0 0.3578055667607906 0.11377752682100509 0.10246066962484873 0.030491247882552232
0 0.38563937071399756 0.11038961038961038 0.04719645018152481 0.020045172219085264
0 0.4225494150867285 0.10954263128176171 0.05203711173860428 0.01948051948051948
0 0.10972166196046793 0.13721061547148503 0.07422347720855184 0.014963297571993224
0 0.16760790641387657 0.1362224731789949 0.08551835417507059 0.02766798418972332
0 0.209156918112142 0.13551665725578768 0.0609116579265833 0.021456804065499716
0 0.25131101250504234 0.13509316770186336 0.056070996369503835 0.020609824957651044
0 0.3219039935457846 0.13848108413325805 0.11738604275917709 0.02710333145115754
0 0.3446954417103671 0.1367871259175607 0.02864058087938685 0.027385657820440428
0 0.36062928600242034 0.13481084133258045 0.021379588543767647 0.01129305477131564
0 0.4164985881403792 0.13509316770186336 0.09116579265832997 0.023150762281197064
0 0.10427591770875352 0.1621964991530209 0.06010488100040339 0.027385657820440428
0 0.1399757966922146 0.16360813099943536 0.05405405405405406 0.015527950310559006
0 0.19060104881000403 0.1627611518915867 0.08229124647035095 0.0251270468661773
0 0.2299314239612747 0.16233766233766234 0.05526421944332392 0.02766798418972332
0 0.2712787414279952 0.16092603049124787 0.05889471561113352 0.0220214568040655
0 0.32553448971359417 0.16600790513833993 0.08672851956434045 0.02456239412761152
0 0.3307785397337636 0.15965556182947488 0.0028237192416296895 0.002540937323546019
0 0.35215812827753123 0.16149068322981366 0.02864058087938685 0.020327498588368152
0 0.42073416700282373 0.16106719367588934 0.11254538120209762 0.024280067758328628
0 0.4417103670835014 0.1600790513833992 0.024606696248487294 0.020892151326933936
0 0.13372327551432028 0.18661773009599097 0.12989108511496572 0.0251270468661773
0 0.16115369100443727 0.18887634105025408 0.0318676885841065 0.029644268774703556
0 0.18293666801129488 0.18605307735742518 0.016942315449778138 0.008752117447769622
0 0.21944332392093585 0.18675889328063242 0.05486083098023396 0.010163749294184076
0 0.24203307785397338 0.1857707509881423 0.02218636546994756 0.01355166572557877
0 0.2743041549011698 0.1873235460191982 0.035901573215006054 0.024844720496894408
0 0.327349737797499 0.19113495200451722 0.08551835417507059 0.031055900621118012
0 0.3465106897942719 0.18591191417278374 0.021379588543767647 0.01693958215697346
0 0.3870512303348124 0.18661773009599097 0.063735377168213 0.0189158667419537
0 0.4485679709560307 0.18929983060417843 0.10891488503428802 0.020892151326933936
0 0.0845098830173457 0.21583850931677018 0.029043969342476807 0.029926595143986448
0 0.10871319080274304 0.21174477696216826 0.02743041549011698 0.008752117447769622
0 0.17063331988705124 0.2121682665160926 0.09721661960467931 0.02258610954263128
0 0.23699072206534894 0.2140033879164314 0.11173860427591771 0.025691699604743084
0 0.25756353368293666 0.21132128740824394 0.024606696248487294 0.01129305477131564
0 0.3007260992335619 0.21202710333145117 0.07139975796692215 0.01948051948051948
0 0.33965308592174265 0.21188594014680973 0.06212182331585317 0.021174477696216828
0 0.36345300524405 0.21103896103896103 0.026220250100847116 0.019762845849802372
0 0.4302137958854377 0.217673630717109 0.11536910044372731 0.031338226990400904
0 0.08128277531262607 0.23715415019762845 0.023396530859217425 0.010728402032749858
0 0.15469947559499797 0.2419536984754376 0.12101653892698669 0.029644268774703556
0 0.19766034691407824 0.23800112930547712 0.06292860024203308 0.021739130434782608
0 0.22045179507866075 0.23927159796725014 0.028237192416296894 0.02258610954263128
0 0.2712787414279952 0.2385657820440429 0.08672851956434045 0.020327498588368152
0 0.3174667204517951 0.23898927159796726 0.07059298104074223 0.023715415019762844
0 0.36688180718031466 0.24336533032185206 0.07664380798709157 0.032185206098249576
0 0.3945139169019766 0.237012987012987 0.03751512706736587 0.019762845849802372
0 0.4298104074223477 0.2365894974590627 0.0500201694231545 0.008752117447769622
0 0.10750302541347317 0.2891022021456804 0.06696248487293263 0.014963297571993224
0 0.17870108914885036 0.28797289666854886 0.10609116579265833 0.022868435911914172
0 0.2198467123840258 0.2875494071146245 0.05687777329568374 0.020045172219085264
0 0.2599838644614764 0.2881140598531903 0.055667607906413875 0.01948051948051948
0 0.3239209358612344 0.29079616036137773 0.1036708350141186 0.025691699604743084
0 0.34630899556272693 0.288961038961039 0.027833803953206938 0.024280067758328628
0 0.40843081887858007 0.2868435911914173 0.10488100040338846 0.012987012987012988
0 0.11859620814844696 0.3181818181818182 0.09237595804759983 0.02766798418972332
0 0.1498588140379185 0.3136645962732919 0.03872529245663574 0.019198193111236588
0 0.18031464300121017 0.313382269904009 0.03872529245663574 0.010163749294184076
0 0.22872125857200484 0.3147939017504235 0.07099636950383219 0.023715415019762844
0 0.2656313029447358 0.31535855448898925 0.0536506655909641 0.014963297571993224
0 0.31968535699878986 0.31493506493506496 0.09035901573215006 0.026538678712591756
0 0.3553852359822509 0.3125352907961604 0.05203711173860428 0.01129305477131564
0 0.4035901573215006 0.3125352907961604 0.0790641387656313 0.021739130434782608
0 0.4058087938684954 0.3114059853190288 0.0016135538523598225 0.001129305477131564
