0 0.18394513916901978 0.22981366459627328 0.07664380798709157 0.034443817052512704
0 0.28156514723678905 0.22684923771880294 0.09035901573215006 0.020045172219085264
0 0.3338039532069383 0.2339073969508752 0.0028237192416296895 0.001411631846414455
0 0.3600242033077854 0.2261434217955957 0.03993545784590561 0.021456804065499716
0 0.4199273900766438 0.22727272727272727 0.05405405405405406 0.020327498588368152
0 0.49052037111738606 0.2316487859966121 0.05889471561113352 0.010446075663466968
0 0.5516337232755143 0.23094297007340486 0.0463896732553449 0.01355166572557877
0 0.6577248890681726 0.22826086956521738 0.1472367890278338 0.023997741389045736
0 0.8108108108108109 0.23080180688876342 0.11133521581282775 0.016657255787690572
0 0.17426381605486083 0.2811970638057595 0.06131504638967326 0.018068887634105024
0 0.2436466317063332 0.28430265386787124 0.048406615570794675 0.011857707509881422
0 0.34328358208955223 0.279785431959345 0.11133521581282775 0.020327498588368152
0 0.43586123436869706 0.28147939017504237 0.030254134731746672 0.01355166572557877
0 0.4933440903590157 0.28077357425183513 0.055667607906413875 0.016657255787690572
0 0.5534489713594192 0.27992659514398643 0.045986284792254944 0.020045172219085264
0 0.6183945139169019 0.28049124788255225 0.041145623235175476 0.014963297571993224
0 0.6895925776522791 0.2831733483907397 0.051230334812424366 0.018633540372670808
0 0.780960064542154 0.27992659514398643 0.09197256958450989 0.020609824957651044
0 0.163574021782977 0.3286278938452851 0.05203711173860428 0.018633540372670808
0 0.2563533682936668 0.33483907396950874 0.0754336425978217 0.012987012987012988
0 0.40661557079467525 0.33145115753811405 0.15570794675272287 0.01637492941840768
0 0.4963695038321904 0.33695652173913043 0.002016942315449778 0.001411631846414455
0 0.5032271077047197 0.3243929983060418 0.004437273093989512 0.006775832862789385
0 0.5213795885437676 0.32820440429136083 0.014118596208148447 0.01948051948051948
0 0.5837031060911658 0.32891022021456806 0.07422347720855184 0.020892151326933936
0 0.6284792254941509 0.33977978543195936 0.003227107704719645 0.004799548277809147
0 0.6663977410246067 0.33243929983060416 0.048406615570794675 0.015527950310559006
0 0.7432432432432432 0.3290513833992095 0.07624041952400161 0.020045172219085264
0 0.8194836627672448 0.33258046301524563 0.0536506655909641 0.014680971202710334
0 0.19846712384025816 0.3836815358554489 0.11375554659136748 0.01355166572557877
0 0.2920532472771279 0.38099943534726144 0.04033884630899556 0.018351214003387916
0 0.37394110528438884 0.3790231507622812 0.0927793465106898 0.020045172219085264
0 0.46752722872125857 0.3804347826086957 0.045986284792254944 0.015527950310559006
0 0.5159338442920532 0.3794466403162055 0.026623638563937072 0.01693958215697346
0 0.5772488906817265 0.3818464144551101 0.05889471561113352 0.018351214003387916
0 0.6383622428398548 0.383399209486166 0.04235578862444534 0.010728402032749858
0 0.7204517950786608 0.3802936194240542 0.09842678499394918 0.019198193111236588
0 0.8031464300121016 0.3845285149632976 0.01936264622831787 0.01129305477131564
0 0.1772892295280355 0.4295595708639187 0.07704719645018153 0.018351214003387916
0 0.2601855586930214 0.43167701863354035 0.026623638563937072 0.018633540372670808
0 0.3652682533279548 0.4308300395256917 0.12303348124243646 0.019762845849802372
0 0.46974586526825335 0.4352060982495765 0.03509479628882614 0.01383399209486166
0 0.5359015732150061 0.43591191417278374 0.07462686567164178 0.01693958215697346
0 0.6413876563130294 0.43351214003387917 0.07422347720855184 0.016092603049124788
0 0.7615974183138362 0.4330886504799548 0.127470754336426 0.025409373235460192
0 0.8325937878176685 0.43464144551101075 0.0024203307785397336 0.001411631846414455
0 0.20774505849132716 0.4826369282891022 0.14118596208148446 0.022868435911914172
0 0.31766841468334006 0.4851778656126482 0.043162565550625254 0.017786561264822136
0 0.3838241226300928 0.4841897233201581 0.0609116579265833 0.01129305477131564
0 0.49173053650665594 0.4836250705815923 0.11375554659136748 0.01637492941840768
0 0.5576845502218637 0.4925183512140034 0.002016942315449778 0.004234895539243365
0 0.6236385639370714 0.4841897233201581 0.08551835417507059 0.01637492941840768
0 0.7014925373134329 0.4815076228119706 0.03065752319483663 0.016092603049124788
0 0.7898346107301332 0.4837662337662338 0.09439290036304962 0.016092603049124788
0 0.8709156918112142 0.4847543760587239 0.03065752319483663 0.011857707509881422
0 0.15691811214199275 0.5341614906832298 0.03791851553045583 0.020327498588368152
0 0.30778539733763616 0.5381140598531903 0.16780960064542155 0.025974025974025976
0 0.4035901573215006 0.5379728966685489 0.0028237192416296895 0.001976284584980237
0 0.49394917305365066 0.5327498588368154 0.15611133521581283 0.017504234895539244
0 0.6228317870108915 0.5352907961603613 0.06776926179911255 0.021456804065499716
0 0.6932230738200887 0.5333145115753811 0.025413473174667203 0.01355166572557877
0 0.7585720048406616 0.5344438170525128 0.056070996369503835 0.012422360248447204
0 0.8045582896329165 0.541501976284585 0.002016942315449778 0.00564652738565782
0 0.8436869705526422 0.5337380011293055 0.06252521177894312 0.017786561264822136
0 0.17930617184348527 0.5873800112930547 0.09721661960467931 0.021174477696216828
0 0.27974989915288423 0.5822981366459627 0.05526421944332392 0.017786561264822136
0 0.34772085518354173 0.5848390739695087 0.01855586930213796 0.01101072840203275
0 0.41226300927793463 0.5913325804630153 0.05486083098023396 0.022303783173348392
0 0.481444130697862 0.5851214003387917 0.04961678096006454 0.015527950310559006
0 0.5445744251714401 0.5845567476002259 0.03953206938281565 0.017786561264822136
0 0.6468334005647438 0.5903444381705252 0.12222670431625655 0.034443817052512704
0 0.7503025413473174 0.5863918690005646 0.041145623235175476 0.014116318464144552
0 0.8499394917305365 0.5851214003387917 0.1218233158531666 0.023997741389045736
0 0.19019766034691407 0.6339638622247318 0.09398951189995966 0.0189158667419537
0 0.291044776119403 0.6365047995482778 0.040742234772085516 0.014398644833427442
0 0.36930213795885436 0.6342461885940147 0.07059298104074223 0.018351214003387916
0 0.46571198063735375 0.6435629587803501 0.07462686567164178 0.03698475437605872
0 0.554860830980234 0.6363636363636364 0.06333198870512304 0.017504234895539244
0 0.6456232351754739 0.6379164313946922 0.058491327148043566 0.023997741389045736
0 0.7490923759580476 0.6369282891022021 0.10568777732956837 0.015810276679841896
0 0.836425978217023 0.6339638622247318 0.038321903993545785 0.016657255787690572
0 0.18031464300121017 0.6854884246188594 0.0653489310205728 0.018068887634105024
0 0.2418313836224284 0.689158667419537 0.031060911657926585 0.0033879164313946925
0 0.26744655102864057 0.6888763410502541 0.004840661557079467 0.00282326369282891
0 0.27773295683743443 0.6733483907396951 0.007664380798709157 0.006775832862789385
