0 0.1510689794271884 0.2025691699604743 0.008471157724889069 0.008752117447769622
0 0.1845502218636547 0.21019198193111235 0.03751512706736587 0.026821005081874648
0 0.20935861234368697 0.22543760587238848 0.004840661557079467 0.00818746470920384
0 0.2809600645421541 0.22261434217955958 0.09883017345703912 0.04488989271597967
0 0.36486486486486486 0.20990965556182947 0.025413473174667203 0.0251270468661773
0 0.38664784187172246 0.22275550536420102 0.01008471157724889 0.007905138339920948
0 0.3981444130697862 0.2285431959345003 0.003227107704719645 0.005928853754940711
0 0.4342476805163372 0.21075663466967814 0.056070996369503835 0.027950310559006212
0 0.509277934651069 0.21301524562394128 0.07220653489310205 0.0251270468661773
0 0.645421540943929 0.22134387351778656 0.17022993142396128 0.044042913608131
0 0.736385639370714 0.2220496894409938 0.0052440500201694235 0.003105590062111801
0 0.7609923356192013 0.20200451722190851 0.011698265429608713 0.00818746470920384
0 0.7753126260588947 0.21160361377752682 0.01855586930213796 0.022303783173348392
0 0.808592174263816 0.21089779785431959 0.025413473174667203 0.025409373235460192
0 0.8741427995159339 0.21950875211744778 0.08148446954417103 0.045454545454545456
0 0.1609519967728923 0.275974025974026 0.050826946349334406 0.031338226990400904
0 0.23678902783380396 0.2662337662337662 0.05244050020169423 0.0220214568040655
0 0.2890278338039532 0.2682100508187465 0.018959257765227916 0.012987012987012988
0 0.36587333602258976 0.2651044607566347 0.10246066962484873 0.025974025974025976
0 0.4540137152077451 0.26355166572557875 0.043162565550625254 0.022303783173348392
0 0.5344897135941912 0.27188029361942406 0.08551835417507059 0.039525691699604744
0 0.6006454215409439 0.26750423489553926 0.016942315449778138 0.01101072840203275
0 0.690399354578459 0.2751270468661773 0.1335215812827753 0.041501976284584984
0 0.7956837434449375 0.2737154150197628 0.045582896329164985 0.039243365330321855
0 0.8329971762807584 0.2725861095426313 0.005647438483259379 0.0036702428006775835
0 0.15671641791044777 0.3145115753811406 0.04800322710770472 0.03613777526821005
0 0.23840258168616377 0.3138057594579334 0.0782573618394514 0.026821005081874648
0 0.3150463896732553 0.3160643704121965 0.04759983864461476 0.020609824957651044
0 0.39229528035498185 0.32382834556747603 0.07059298104074223 0.04121964991530209
0 0.527228721258572 0.3197346132128741 0.15570794675272287 0.032467532467532464
0 0.7069382815651473 0.31931112365894976 0.16498588140379186 0.030491247882552232
0 0.8069786204114562 0.3177583286278938 0.019766034691407825 0.028514963297571992
0 0.8233158531665994 0.3286278938452851 0.010488100040338847 0.006211180124223602
0 0.1472367890278338 0.36589497459062675 0.029043969342476807 0.03613777526821005
0 0.2210568777732957 0.36462450592885376 0.05889471561113352 0.028514963297571992
0 0.2781363453005244 0.36829474872953133 0.01573215006050827 0.01383399209486166
0 0.3325937878176684 0.37422360248447206 0.08188785800726099 0.04827780914737437
0 0.41508672851956435 0.365330321852061 0.03711173860427592 0.020892151326933936
0 0.5235982250907624 0.36928289102202144 0.15732150060508268 0.030491247882552232
0 0.6712384025816862 0.36391869000564653 0.09116579265832997 0.026538678712591756
0 0.7587736990722065 0.36885940146809715 0.06292860024203308 0.014963297571993224
0 0.8376361436062929 0.3681535855448899 0.058491327148043566 0.02710333145115754
0 0.8781766841468334 0.3728119706380576 0.00645421540943929 0.004234895539243365
0 0.22065348931020573 0.41869000564652736 0.16942315449778136 0.054771315640880856
0 0.354780153287616 0.422360248447205 0.0536506655909641 0.019198193111236588
0 0.4308188785800726 0.4162902315076228 0.053247277127874144 0.02456239412761152
0 0.5121016538926987 0.42730095990965555 0.07139975796692215 0.04827780914737437
0 0.599838644614764 0.41953698475437606 0.06776926179911255 0.012987012987012988
0 0.6373537716821299 0.4264539808018069 0.007260992335619202 0.00818746470920384
0 0.7008874546187979 0.41516092603049126 0.0899556272690601 0.023433088650479956
0 0.799919322307382 0.4148785996612084 0.0645421540943929 0.026256352343308864
0 0.8392496974586526 0.424901185770751 0.007664380798709157 0.004517221908526256
0 0.8799919322307382 0.41445511010728403 0.06010488100040339 0.02710333145115754
0 0.18838241226300928 0.4665443252399774 0.10084711577248891 0.026256352343308864
0 0.2956837434449375 0.4795313382269904 0.09519967728922953 0.03303218520609825
0 0.3781766841468334 0.467673630717109 0.031060911657926585 0.016657255787690572
0 0.45865268253327957 0.467673630717109 0.0927793465106898 0.023433088650479956
0 0.5661557079467527 0.467673630717109 0.07139975796692215 0.021174477696216828
0 0.6653892698668818 0.47219085262563526 0.06010488100040339 0.028514963297571992
0 0.7051230334812424 0.4776962168266516 0.004033884630899556 0.006211180124223602
0 0.7585720048406616 0.46485036702428006 0.08188785800726099 0.025691699604743084
0 0.8406615570794675 0.4642857142857143 0.050826946349334406 0.02456239412761152
0 0.872327551432029 0.47346132128740825 0.0060508269463493344 0.0033879164313946925
0 0.1661960467930617 0.5143986448334275 0.04517950786607503 0.03162055335968379
0 0.24808390480032272 0.5179277244494636 0.0500201694231545 0.023433088650479956
0 0.3745461879790238 0.5213156408808582 0.14481645824929407 0.037549407114624504
0 0.4782170229931424 0.515527950310559 0.020572811617587738 0.023150762281197064
0 0.5415490116982654 0.5184923771880293 0.05445744251714401 0.017221908526256352
0 0.6194029850746269 0.5148221343873518 0.050423557886244454 0.022303783173348392
0 0.6974586526825333 0.5254093732354602 0.06938281565147236 0.045736871823828344
0 0.8005244050020169 0.5251270468661773 0.0891488503428802 0.043478260869565216
0 0.8826139572408229 0.5190570299265952 0.03307785397337636 0.011575381140598532
0 0.9402985074626866 0.5180688876341051 0.05405405405405406 0.024280067758328628
0 0.18777732956837434 0.5677583286278939 0.08592174263816055 0.029361942405420668
0 0.2878176684146833 0.5670525127046866 0.0754336425978217 0.027950310559006212
0 0.43586123436869706 0.5683229813664596 0.16498588140379186 0.029926595143986448
0 0.5258168616377572 0.580180688876341 0.0060508269463493344 0.0033879164313946925
