0 0.09318273497377975 0.12577639751552794 0.06212182331585317 0.03020892151326934
0 0.1290843081887858 0.12648221343873517 0.041145623235175476 0.023997741389045736
0 0.16579265832997175 0.12521174477696217 0.05244050020169423 0.012140033879164314
0 0.2101653892698669 0.12535290796160362 0.0645421540943929 0.024844720496894408
0 0.23678902783380396 0.12478825522303783 0.03428801936264623 0.010446075663466968
0 0.2789431222267043 0.12605872388481085 0.06776926179911255 0.025691699604743084
0 0.3051633723275514 0.12831733483907398 0.03307785397337636 0.025974025974025976
0 0.3535699878983461 0.1287408243929983 0.0899556272690601 0.021174477696216828
0 0.3838241226300928 0.12902315076228119 0.033884630899556276 0.027385657820440428
0 0.39975796692214605 0.12902315076228119 0.019766034691407825 0.010163749294184076
0 0.44251714400968134 0.14073969508752118 0.07301331181928197 0.034443817052512704
0 0.09197256958450989 0.14723320158102768 0.05405405405405406 0.02456239412761152
0 0.14037918515530456 0.14808018068887635 0.06655909640984267 0.025691699604743084
0 0.23315853166599435 0.15457368718238285 0.14965711980637353 0.03303218520609825
0 0.27390076643807987 0.1523150762281197 0.05808793868495361 0.023433088650479956
0 0.3027430415490117 0.15217391304347827 0.0318676885841065 0.023715415019762844
0 0.3446954417103671 0.15344438170525126 0.06736587333602259 0.015810276679841896
0 0.3644614764017749 0.15344438170525126 0.02016942315449778 0.02258610954263128
0 0.36688180718031466 0.1535855448898927 0.003227107704719645 0.002258610954263128
0 0.3916901976603469 0.15443252399774138 0.030254134731746672 0.029926595143986448
0 0.4507866075030254 0.15612648221343872 0.100040338846309 0.023433088650479956
0 0.10125050423557887 0.18224167137210615 0.07301331181928197 0.03190287972896669
0 0.1444130697862041 0.1730660643704122 0.05970149253731343 0.022303783173348392
0 0.20270270270270271 0.18619424054206662 0.08067769261799113 0.04686617730095991
0 0.2299314239612747 0.176171654432524 0.026220250100847116 0.023715415019762844
0 0.2964905203711174 0.17701863354037267 0.11214199273900767 0.023997741389045736
0 0.299919322307382 0.17857142857142858 0.003630496167809601 0.006211180124223602
0 0.372932634126664 0.19028797289666854 0.1290843081887858 0.04630152456239413
0 0.4126663977410246 0.18068887634105024 0.05808793868495361 0.025974025974025976
0 0.4427188382412263 0.18167701863354038 0.040742234772085516 0.025691699604743084
0 0.09883017345703912 0.19734613212874083 0.06252521177894312 0.024844720496894408
0 0.10286405808793868 0.19734613212874083 0.003227107704719645 0.002258610954263128
0 0.1335215812827753 0.19918125352907962 0.03993545784590561 0.031338226990400904
0 0.16962484872932634 0.2100508187464709 0.043162565550625254 0.03274985883681536
0 0.2892295280354982 0.21329757199322416 0.2146026623638564 0.04827780914737437
0 0.354376764824526 0.2134387351778656 0.11415893505445744 0.04488989271597967
0 0.4169019766034691 0.20793337097684925 0.10528438886647842 0.025691699604743084
0 0.4473578055667608 0.20793337097684925 0.04477611940298507 0.025409373235460192
0 0.10064542154094393 0.22811970638057594 0.08471157724889068 0.03303218520609825
0 0.1565147236789028 0.22628458498023715 0.08471157724889068 0.02710333145115754
0 0.2539330375151271 0.2285431959345003 0.16780960064542155 0.029926595143986448
0 0.28680919725695847 0.2295313382269904 0.04679306171843485 0.025974025974025976
0 0.3973376361436063 0.24153020892151328 0.19402985074626866 0.04827780914737437
0 0.42154094392900365 0.23277809147374365 0.0326744655102864 0.021456804065499716
0 0.44574425171440096 0.23348390739695088 0.03711173860427592 0.020892151326933936
0 0.10488100040338846 0.25042348955392435 0.09197256958450989 0.024280067758328628
0 0.19039935457845905 0.2519762845849802 0.13473174667204518 0.025691699604743084
0 0.19584509883017345 0.2523997741389046 0.0024203307785397336 0.001976284584980237
0 0.2299314239612747 0.2533879164313947 0.042759177087535294 0.03162055335968379
0 0.2658329971762808 0.25508187464709203 0.043969342476805166 0.01101072840203275
0 0.3344090359015732 0.2583286278938453 0.11859620814844696 0.029079616036137776
0 0.3656716417910448 0.2571993224167137 0.02864058087938685 0.023433088650479956
0 0.41670028237192414 0.2586109542631282 0.08632513110125051 0.025974025974025976
0 0.14784187172246874 0.27639751552795033 0.17950786607503025 0.03077357425183512
0 0.16982654296087132 0.2766798418972332 0.02702702702702703 0.023997741389045736
0 0.20592981040742234 0.27837380011293056 0.04517950786607503 0.024844720496894408
0 0.2507059298104074 0.27936194240542067 0.0653489310205728 0.028514963297571992
0 0.2559499798305768 0.2813382269904009 0.003630496167809601 0.005364201016374929
0 0.29225494150867287 0.2813382269904009 0.03953206938281565 0.027385657820440428
0 0.3346107301331182 0.29051383399209485 0.060508269463493344 0.029644268774703556
0 0.44029850746268656 0.29474872953133824 0.18313836224283986 0.04121964991530209
0 0.07099636950383219 0.29898362507058157 0.03146430012101654 0.01355166572557877
0 0.11859620814844696 0.30957086391869 0.057684550221863654 0.045454545454545456
0 0.19665187575635337 0.30321852060982496 0.11940298507462686 0.02710333145115754
0 0.2855990318676886 0.3067476002258611 0.15409439290036306 0.03162055335968379
0 0.31665994352561516 0.30660643704121965 0.030254134731746672 0.009599096555618294
0 0.35054457442517145 0.3080180688876341 0.0463896732553449 0.023150762281197064
0 0.39310205728116177 0.31070016939582157 0.07180314643001211 0.025974025974025976
0 0.3971359419120613 0.31098249576510445 0.0024203307785397336 0.001411631846414455
