0 0.15147236789027835 0.16078486730660643 0.1617587736990722 0.01693958215697346
0 0.19866881807180314 0.16106719367588934 0.08511496571198064 0.015245623941276116
0 0.23497377974989916 0.16078486730660643 0.05163372327551432 0.01637492941840768
0 0.23396530859217426 0.16389045736871824 0.006857603872529245 0.007905138339920948
0 0.24606696248487292 0.16050254093732355 0.016942315449778138 0.006775832862789385
0 0.2892295280354982 0.16614906832298137 0.06696248487293263 0.028797289666854884
0 0.28600242033077855 0.16233766233766234 0.007260992335619202 0.005081874647092038
0 0.33400564743848327 0.16558441558441558 0.07220653489310205 0.025691699604743084
0 0.4025816861637757 0.16092603049124787 0.12343686970552642 0.017221908526256352
0 0.10125050423557887 0.18661773009599097 0.06696248487293263 0.021456804065499716
0 0.1373537716821299 0.18619424054206662 0.051230334812424366 0.018068887634105024
0 0.18071803146430013 0.18605307735742518 0.07422347720855184 0.014116318464144552
0 0.208955223880597 0.18591191417278374 0.03670835014118596 0.01693958215697346
0 0.24526018555869303 0.19282891022021456 0.06494554255748286 0.027950310559006212
0 0.2843888664784187 0.1857707509881423 0.05163372327551432 0.014680971202710334
0 0.35296490520371115 0.19099378881987578 0.12343686970552642 0.026821005081874648
0 0.40419524001613555 0.19240542066629024 0.09076240419524001 0.029079616036137776
0 0.4058087938684954 0.18534726143421795 0.0024203307785397336 0.001129305477131564
0 0.11980637353771682 0.2111801242236025 0.1044776119402985 0.018633540372670808
0 0.14118596208148446 0.21160361377752682 0.03065752319483663 0.015527950310559006
0 0.19039935457845905 0.21753246753246752 0.07785397337636143 0.030491247882552232
0 0.2291246470350948 0.21146245059288538 0.06494554255748286 0.018351214003387916
0 0.26744655102864057 0.21174477696216826 0.0653489310205728 0.016092603049124788
0 0.3085921742638161 0.21188594014680973 0.060508269463493344 0.014963297571993224
0 0.36405808793868494 0.2111801242236025 0.08188785800726099 0.010163749294184076
0 0.38866478418717226 0.217673630717109 0.02864058087938685 0.026538678712591756
0 0.4136748688987495 0.2111801242236025 0.03751512706736587 0.01355166572557877
0 0.12162162162162163 0.23687182382834557 0.10528438886647842 0.0189158667419537
0 0.18253327954820492 0.2365894974590627 0.10165389269866881 0.017786561264822136
0 0.20431625655506253 0.2365894974590627 0.021782977006857603 0.015527950310559006
0 0.23759580475998388 0.23983625070581593 0.04759983864461476 0.021174477696216828
0 0.2736990722065349 0.23715415019762845 0.053247277127874144 0.017221908526256352
0 0.29306171843485274 0.2419536984754376 0.0318676885841065 0.02710333145115754
0 0.3164582492940702 0.23729531338226992 0.0391286809197257 0.01637492941840768
0 0.37353771682129894 0.24378881987577639 0.09116579265832997 0.02710333145115754
0 0.4146833400564744 0.23644833427442122 0.06333198870512304 0.014963297571993224
