0 352.0318676885841 707.0145398080181 0.063735377168213 0.029079616036137776
0 600.0383219039935 740.0069169960474 0.07664380798709157 0.01383399209486166
0 871.0605082694635 717.0124223602485 0.12101653892698669 0.024844720496894408
0 1238.0254134731747 741.0071993224167 0.050826946349334406 0.014398644833427442
0 1452.0207745058492 747.0062111801242 0.04154901169826543 0.012422360248447204
0 1655.0724082291247 731.013410502541 0.14481645824929407 0.026821005081874648
0 2077.0219846712384 728.0081874647092 0.043969342476805166 0.01637492941840768
0 351.01976603469143 923.0052230378317 0.03953206938281565 0.010446075663466968
0 524.0296490520371 906.0080463015246 0.05929810407422348 0.016092603049124788
0 743.0324727712788 896.013410502541 0.06494554255748286 0.026821005081874648
0 958.0189592577652 895.0095990965556 0.03791851553045583 0.019198193111236588
0 1144.037716821299 896.009457933371 0.0754336425978217 0.0189158667419537
0 1413.0116982654297 934.005928853755 0.023396530859217425 0.011857707509881422
0 1470.0014118596207 962.0005646527386 0.0028237192416296895 0.001129305477131564
0 1528.008874546188 903.0087521174478 0.017749092375958047 0.017504234895539244
0 1621.020371117386 936.0050818746471 0.040742234772085516 0.010163749294184076
0 1779.033682936668 902.0139751552795 0.06736587333602259 0.027950310559006212
0 1993.022589753933 910.0080463015246 0.04517950786607503 0.016092603049124788
0 338.08632513110126 1062.0158102766798 0.17265026220250101 0.03162055335968379
0 851.0205728116176 1099.0069169960475 0.041145623235175476 0.01383399209486166
0 1034.0389269866882 1075.009881422925 0.07785397337636143 0.019762845849802372
0 1307.0342880193627 1083.008610954263 0.06857603872529246 0.017221908526256352
0 1539.0304558289633 1109.009034443817 0.0609116579265833 0.018068887634105024
0 1737.020371117386 1107.0067758328628 0.040742234772085516 0.01355166572557877
0 1897.0262202501008 1094.0073404856014 0.05244050020169423 0.014680971202710334
0 2047.0201694231546 1096.0080463015245 0.04033884630899556 0.016092603049124788
0 327.0395320693828 1266.01185770751 0.0790641387656313 0.023715415019762844
0 606.04961678096 1254.010587238848 0.09923356192012908 0.021174477696216828
0 945.0401371520775 1270.0131281761717 0.08027430415490117 0.026256352343308864
0 1200.0411456232353 1264.0094579333709 0.08229124647035095 0.0189158667419537
0 1492.0302541347316 1266.0084697910786 0.060508269463493344 0.01693958215697346
0 1726.0209762000807 1266.008610954263 0.04195240016135539 0.017221908526256352
0 1885.0062525211779 1297.0045172219086 0.012505042355788625 0.009034443817052512
0 1969.017345703913 1277.0127046866178 0.03469140782573618 0.025409373235460192
0 2065.002218636547 1328.0028232636928 0.004437273093989512 0.00564652738565782
0 329.0014118596208 1618.0031055900622 0.0028237192416296895 0.006211180124223602
0 343.0098830173457 1623.009034443817 0.019766034691407825 0.018068887634105024
0 484.01855586930213 1650.0050818746472 0.03711173860427592 0.010163749294184076
0 649.0411456232351 1634.0122811970639 0.08229124647035095 0.02456239412761152
0 910.0211778943122 1643.0071993224167 0.04235578862444534 0.014398644833427442
0 1074.035901573215 1624.010304912479 0.07180314643001211 0.020609824957651044
0 1332.0383219039936 1631.0136928289103 0.07664380798709157 0.027385657820440428
0 1574.0233965308591 1622.010587238848 0.04679306171843485 0.021174477696216828
0 1742.0020169423155 1696.0038114059853 0.004033884630899556 0.007622811970638058
0 1778.0179507866076 1650.0071993224167 0.035901573215006054 0.014398644833427442
0 1889.010689794272 1677.0012704686617 0.021379588543767647 0.002540937323546019
0 1955.0026220250102 1629.0029644268775 0.0052440500201694235 0.005928853754940711
0 1992.0193626462283 1639.0071993224167 0.03872529245663574 0.014398644833427442
0 331.0244050020169 1829.0047995482778 0.04881000403388463 0.009599096555618294
0 553.0274304154901 1796.010587238848 0.05486083098023396 0.021174477696216828
0 770.0100847115773 1832.0062111801242 0.02016942315449778 0.012422360248447204
0 892.0064542154095 1832.0049407114625 0.01290843081887858 0.009881422924901186
0 1001.0254134731747 1793.010304912479 0.050826946349334406 0.020609824957651044
0 1219.0435659540137 1803.0111518915867 0.08713190802743041 0.022303783173348392
0 1465.0014118596207 1852.0011293054772 0.0028237192416296895 0.002258610954263128
0 1523.0014118596207 1791.0033879164314 0.0028237192416296895 0.006775832862789385
0 1567.0496167809602 1793.0136928289103 0.09923356192012908 0.027385657820440428
0 1874.0147236789028 1822.004376058724 0.02944735780556676 0.008752117447769622
0 2025.0235982250908 1787.0111518915867 0.04719645018152481 0.022303783173348392
0 345.01774909237594 2006.0069169960475 0.035498184751916094 0.01383399209486166
0 458.0014118596208 1991.0031055900622 0.0028237192416296895 0.006211180124223602
0 517.002218636547 2042.0033879164314 0.004437273093989512 0.006775832862789385
0 576.0123033481242 1980.0094579333709 0.024606696248487294 0.0189158667419537
0 745.0407422347721 1973.010304912479 0.08148446954417103 0.020609824957651044
0 1020.002218636547 2038.0042348955392 0.004437273093989512 0.00846979107848673
0 1090.0433642597823 1974.0141163184642 0.08672851956434045 0.028232636928289104
0 1387.0163372327552 1999.006352343309 0.0326744655102864 0.012704686617730096
0 1543.0264219443325 1973.0136928289103 0.052843888664784185 0.027385657820440428
0 1691.0010084711578 2020.0008469791078 0.002016942315449778 0.0016939582156973462
