0 376.0014118596208 713.0016939582157 0.0028237192416296895 0.0033879164313946925
0 392.02016942315447 731.0080463015246 0.04033884630899556 0.016092603049124788
0 543.0240016135539 739.0093167701864 0.04800322710770472 0.018633540372670808
0 697.0020169423154 727.0022586109543 0.004033884630899556 0.004517221908526256
0 705.0040338846309 784.0028232636928 0.008067769261799113 0.00564652738565782
0 756.0135135135135 734.0071993224167 0.02702702702702703 0.014398644833427442
0 869.0465913674869 725.0084697910785 0.09318273497377975 0.01693958215697346
0 1148.0373134328358 733.0101637492942 0.07462686567164178 0.020327498588368152
0 1335.0014118596207 784.0008469791079 0.0028237192416296895 0.0016939582156973462
0 1379.0016135538524 726.0028232636928 0.003227107704719645 0.00564652738565782
0 1408.0187575635337 733.0081874647092 0.03751512706736587 0.01637492941840768
0 1535.0215812827753 735.0104460756635 0.043162565550625254 0.020892151326933936
0 1687.0369100443727 729.0081874647092 0.07382008874546188 0.01637492941840768
0 1915.0233965308591 747.0057876905703 0.04679306171843485 0.011575381140598532
0 381.0332795482049 1451.0132693393564 0.06655909640984267 0.026538678712591756
0 609.013715207745 1471.0049407114625 0.02743041549011698 0.009881422924901186
0 716.0139169019766 1453.0073404856014 0.027833803953206938 0.014680971202710334
0 854.0282371924163 1443.0124223602484 0.05647438483259379 0.024844720496894408
0 1064.0175473981444 1432.009881422925 0.03509479628882614 0.019762845849802372
0 1227.047801532876 1435.0142574816489 0.09560306575231949 0.028514963297571992
0 1527.0147236789028 1448.00790513834 0.02944735780556676 0.015810276679841896
0 1644.0177490923759 1454.0069169960475 0.035498184751916094 0.01383399209486166
0 1748.0014118596207 1495.0009881422925 0.0028237192416296895 0.001976284584980237
0 1796.0026220250102 1440.0029644268775 0.0052440500201694235 0.005928853754940711
0 1814.024405002017 1435.0100225861095 0.04881000403388463 0.020045172219085264
0 1940.0028237192416 1506.0025409373236 0.005647438483259379 0.005081874647092038
0 1993.0191609519968 1434.010587238848 0.038321903993545785 0.021174477696216828
0 2085.0028237192414 1494.002399774139 0.005647438483259379 0.004799548277809147
0 2120.0024203307785 1440.002682100508 0.004840661557079467 0.005364201016374929
