0 0.09257765227914481 0.14186900056465274 0.0681726502622025 0.022868435911914172
0 0.11133521581282775 0.1380575945793337 0.012101653892698669 0.018068887634105024
0 0.16861637757160144 0.13975155279503104 0.07987091569181122 0.014680971202710334
0 0.20875352964905203 0.14031620553359683 0.055667607906413875 0.017786561264822136
0 0.23961274707543365 0.13777526821005082 0.03509479628882614 0.013269339356295878
0 0.28297700685760385 0.13890457368718237 0.06897942718838242 0.01383399209486166
0 0.3206938281565147 0.1386222473178995 0.0609116579265833 0.014963297571993224
0 0.35962081484469544 0.14073969508752118 0.05808793868495361 0.020892151326933936
0 0.36587333602258976 0.13763410502540938 0.003630496167809601 0.001976284584980237
0 0.3753529649052037 0.13749294184076793 0.011698265429608713 0.019762845849802372
0 0.4290036304961678 0.13946922642574816 0.09439290036304962 0.019198193111236588
0 0.08249294070189593 0.16459627329192547 0.04235578862444534 0.020892151326933936
0 0.12868091972569584 0.16487859966120835 0.06494554255748286 0.0220214568040655
0 0.1563130294473578 0.16544325239977414 0.033481242436466316 0.012704686617730096
0 0.18757563533682936 0.16459627329192547 0.03791851553045583 0.011857707509881422
0 0.2745058491327148 0.1675607001693958 0.15449778136345302 0.02258610954263128
0 0.31585316659943524 0.16770186335403728 0.056070996369503835 0.020327498588368152
0 0.3444937474788221 0.16445511010728403 0.03630496167809601 0.018068887634105024
0 0.38684953610326744 0.16445511010728403 0.05445744251714401 0.016092603049124788
0 0.1446147640177491 0.1976284584980237 0.16700282371924163 0.03613777526821005
0 0.14804356595401372 0.18774703557312253 0.0024203307785397336 0.001976284584980237
0 0.25110931827349736 0.19028797289666854 0.19241629689390882 0.021174477696216828
0 0.2613957240822912 0.19028797289666854 0.005647438483259379 0.007340485601355167
0 0.3029447357805567 0.189158667419537 0.06615570794675273 0.019198193111236588
0 0.33662767244856795 0.18929983060417843 0.04961678096006454 0.017221908526256352
0 0.34288019362646227 0.19113495200451722 0.0028237192416296895 0.005364201016374929
0 0.36385639370713996 0.18972332015810275 0.022993142396127472 0.01355166572557877
0 0.4334409035901573 0.189158667419537 0.12101653892698669 0.018633540372670808
0 0.10326744655102864 0.21470920383963862 0.0826946349334409 0.015810276679841896
0 0.1399757966922146 0.21414455110107283 0.045986284792254944 0.011575381140598532
0 0.20754336425978218 0.2161208356860531 0.09883017345703912 0.021174477696216828
0 0.26220250100847114 0.21470920383963862 0.0782573618394514 0.020045172219085264
0 0.2954820492133925 0.21428571428571427 0.033884630899556276 0.018633540372670808
0 0.34045986284792257 0.21541501976284586 0.06897942718838242 0.017786561264822136
0 0.4209358612343687 0.2149915302089215 0.13392496974586526 0.020327498588368152
0 0.13331988705123032 0.2406832298136646 0.14602662363856395 0.015810276679841896
0 0.16256555062525213 0.24011857707509882 0.03751512706736587 0.011575381140598532
0 0.2101653892698669 0.24082439299830605 0.07987091569181122 0.01637492941840768
0 0.2525211778943122 0.24054206662902314 0.05970149253731343 0.014963297571993224
0 0.32210568777732956 0.24167137210615472 0.11294876966518758 0.018068887634105024
0 0.35296490520371115 0.2409655561829475 0.03670835014118596 0.010728402032749858
0 0.38563937071399756 0.24054206662902314 0.04921339249697459 0.014398644833427442
0 0.4374747882210569 0.2453416149068323 0.08471157724889068 0.025691699604743084
0 0.08007260992335619 0.2660926030491248 0.035901573215006054 0.020327498588368152
0 0.15994352561516742 0.264257481648786 0.1218233158531666 0.015810276679841896
0 0.2144009681323114 0.2682100508187465 0.08067769261799113 0.01948051948051948
0 0.21641791044776118 0.25917560700169395 0.00645421540943929 0.007622811970638058
0 0.22206534893102056 0.2670807453416149 0.003630496167809601 0.002540937323546019
