0 363.03650665590965 863.0084697910785 0.07301331181928197 0.01693958215697346
0 580.0494150867286 862.0100225861096 0.09883017345703912 0.020045172219085264
0 841.0018152480839 907.0022586109543 0.003630496167809601 0.004517221908526256
0 883.0191609519968 868.0066346696782 0.038321903993545785 0.013269339356295878
0 1013.0330778539734 882.005928853755 0.06615570794675273 0.011857707509881422
0 1213.0927793465107 864.0091756070017 0.1855586930213796 0.018351214003387916
0 1701.0451795078661 862.0080463015246 0.09035901573215006 0.016092603049124788
0 1977.0252117789432 862.0076228119707 0.050423557886244454 0.015245623941276116
0 374.0552642194433 1049.009034443817 0.11052843888664785 0.018068887634105024
0 687.0276321097217 1045.0067758328628 0.05526421944332392 0.01355166572557877
0 863.0611133521581 1040.0093167701864 0.12222670431625655 0.018633540372670808
0 1177.0016135538524 1090.0033879164314 0.003227107704719645 0.006775832862789385
0 1211.0804759983864 1035.0107284020328 0.1609519967728923 0.021456804065499716
0 1638.0165389269866 1062.0053642010164 0.03307785397337636 0.010728402032749858
0 1752.02218636547 1040.0084697910786 0.04437273093989512 0.01693958215697346
0 1892.064340459863 1031.0136928289103 0.12868091972569584 0.027385657820440428
0 363.0179507866075 1208.0112930547714 0.035901573215006054 0.02258610954263128
0 505.02097620008067 1209.0088932806325 0.04195240016135539 0.017786561264822136
0 665.0764421137555 1208.0112930547714 0.15288422751109318 0.02258610954263128
0 1049.0012101653892 1256.002682100508 0.0024203307785397336 0.005364201016374929
0 1073.0324727712787 1208.0095990965556 0.06494554255748286 0.019198193111236588
0 1273.0798709156918 1208.011010728402 0.15974183138362244 0.0220214568040655
0 1712.0356998789835 1237.0067758328628 0.07139975796692215 0.01355166572557877
0 1942.0175473981444 1210.0115753811406 0.03509479628882614 0.023150762281197064
0 2071.014118596208 1216.0080463015245 0.028237192416296894 0.016092603049124788
0 375.03630496167807 1397.0081874647092 0.07260992335619201 0.01637492941840768
0 583.013715207745 1388.0087521174478 0.02743041549011698 0.017504234895539244
0 672.0018152480839 1446.0011293054772 0.003630496167809601 0.002258610954263128
0 715.0046389673255 1394.0080463015245 0.00927793465106898 0.016092603049124788
0 768.0338846308996 1412.0067758328628 0.06776926179911255 0.01355166572557877
0 972.038120209762 1413.006352343309 0.07624041952400161 0.012704686617730096
0 1183.034086325131 1396.009034443817 0.0681726502622025 0.018068887634105024
0 1380.0675675675675 1388.0111518915867 0.13513513513513514 0.022303783173348392
0 1754.0189592577651 1388.0111518915867 0.03791851553045583 0.022303783173348392
0 1897.0246066962484 1393.009034443817 0.04921339249697459 0.018068887634105024
0 2053.0282371924163 1390.0115753811406 0.05647438483259379 0.023150762281197064
0 371.04195240016134 1580.0091756070017 0.08390480032271078 0.018351214003387916
0 638.0272287212586 1592.005505364201 0.05445744251714401 0.01101072840203275
0 807.0326744655102 1572.00790513834 0.0653489310205728 0.015810276679841896
0 1009.07180314643 1567.0091756070017 0.14360629286002422 0.018351214003387916
0 1427.0246066962484 1587.009034443817 0.04921339249697459 0.018068887634105024
0 1598.0594997983058 1569.012987012987 0.1189995966115369 0.025974025974025976
0 1932.0278338039532 1574.007058159232 0.055667607906413875 0.014116318464144552
0 2105.022993142396 1565.007481648786 0.045986284792254944 0.014963297571993224
0 391.0395320693828 1771.0071993224167 0.0790641387656313 0.014398644833427442
0 630.0528438886648 1756.0094579333709 0.10568777732956837 0.0189158667419537
0 929.0161355385236 1758.0076228119706 0.03227107704719645 0.015245623941276116
0 1039.0490116982655 1773.0053642010164 0.09802339653085922 0.010728402032749858
0 1299.0012101653892 1804.0009881422925 0.0024203307785397336 0.001976284584980237
0 1312.031867688584 1748.0095990965556 0.063735377168213 0.019198193111236588
0 1494.0389269866882 1767.0064935064936 0.07785397337636143 0.012987012987012988
0 1735.0346914078257 1766.0064935064936 0.06938281565147236 0.012987012987012988
0 1943.0647438483259 1760.0084697910786 0.12948769665187576 0.01693958215697346
0 366.03751512706737 1935.0084697910786 0.07503025413473174 0.01693958215697346
0 585.0552642194433 1933.010587238848 0.11052843888664785 0.021174477696216828
0 912.0161355385236 1932.0112930547714 0.03227107704719645 0.02258610954263128
0 1043.0635336829366 1936.0111518915867 0.12706736587333603 0.022303783173348392
0 1388.0484066155707 1935.0097402597403 0.09681323114158935 0.01948051948051948
0 1683.0506252521177 1932.0100225861095 0.10125050423557887 0.020045172219085264
0 374.0732150060508 2108.0095990965556 0.1464300121016539 0.019198193111236588
0 792.0554659136749 2126.007481648786 0.11093182734973779 0.014963297571993224
0 1115.0223880597016 2136.0060700169397 0.04477611940298507 0.012140033879164314
0 1287.0379185155305 2109.008752117448 0.07583703106091166 0.017504234895539244
0 1513.0415490116982 2107.013269339356 0.08309802339653086 0.026538678712591756
0 1757.0302541347316 2130.007481648786 0.060508269463493344 0.014963297571993224
0 1939.0449778136344 2118.009175607002 0.0899556272690601 0.018351214003387916
0 371.04598628479226 2311.007058159232 0.09197256958450989 0.014116318464144552
0 647.0344897135942 2294.009175607002 0.06897942718838242 0.018351214003387916
0 870.0429608713191 2296.0103049124787 0.08592174263816055 0.020609824957651044
0 1136.0183541750705 2292.009316770186 0.03670835014118596 0.018633540372670808
0 1276.076643807987 2292.012987012987 0.15328761597418314 0.025974025974025976
0 1666.0014118596207 2363.0042348955394 0.0028237192416296895 0.00846979107848673
0 1698.0298507462687 2312.00790513834 0.05970149253731343 0.015810276679841896
0 1898.0328761597418 2296.0083286278937 0.06575231948366277 0.016657255787690572
0 363.07099636950386 2482.0084697910784 0.14199273900766438 0.01693958215697346
0 750.015530455829 2476.0088932806325 0.031060911657926585 0.017786561264822136
0 869.0451795078661 2473.0097402597403 0.09035901573215006 0.01948051948051948
0 1149.0641387656312 2481.0124223602484 0.12827753126260588 0.024844720496894408
0 1526.0437676482452 2492.0088932806325 0.08753529649052037 0.017786561264822136
0 1802.0185558693022 2489.0083286278937 0.03711173860427592 0.016657255787690572
0 1938.0205728116175 2494.007340485601 0.041145623235175476 0.014680971202710334
0 359.0318676885841 2674.006775832863 0.063735377168213 0.01355166572557877
0 558.0191609519968 2678.006775832863 0.038321903993545785 0.01355166572557877
0 669.029245663574 2664.009175607002 0.058491327148043566 0.018351214003387916
0 843.0443727309399 2680.0069169960475 0.08874546187979024 0.01383399209486166
0 1088.0508269463494 2656.0084697910784 0.10165389269866881 0.01693958215697346
0 1383.0361032674466 2651.01185770751 0.07220653489310205 0.023715415019762844
0 1614.022589753933 2677.005364201016 0.04517950786607503 0.010728402032749858
0 1770.0764421137555 2659.0128458498025 0.15288422751109318 0.025691699604743084
