0 377.0413473174667 870.0080463015246 0.0826946349334409 0.016092603049124788
0 619.0151270673658 872.0080463015246 0.030254134731746672 0.016092603049124788
0 743.0324727712788 864.0110107284021 0.06494554255748286 0.0220214568040655
0 927.028842275111 865.0086109542631 0.057684550221863654 0.017221908526256352
0 1083.0016135538524 922.0008469791079 0.003227107704719645 0.0016939582156973462
0 1106.0264219443325 861.0097402597403 0.052843888664784185 0.01948051948051948
0 1263.027027027027 884.005505364201 0.05405405405405406 0.01101072840203275
0 1423.0314643001211 893.0064935064935 0.06292860024203308 0.012987012987012988
0 1601.0145219846713 895.005928853755 0.029043969342476807 0.011857707509881422
0 1708.044776119403 883.0111518915867 0.08955223880597014 0.022303783173348392
0 1963.0524405002018 875.0131281761717 0.10488100040338846 0.026256352343308864
0 371.0316659943526 1062.0060700169395 0.06333198870512304 0.012140033879164314
0 582.0114965711981 1035.0093167701864 0.022993142396127472 0.018633540372670808
0 680.0318676885842 1059.005928853755 0.063735377168213 0.011857707509881422
0 877.0348931020573 1050.0080463015245 0.06978620411456232 0.016092603049124788
0 1103.0459862847922 1064.0064935064936 0.09197256958450989 0.012987012987012988
0 1372.0421540943928 1048.008610954263 0.08430818878580072 0.017221908526256352
0 1619.015127067366 1058.010304912479 0.030254134731746672 0.020609824957651044
0 1728.0256151674062 1058.0094579333709 0.051230334812424366 0.0189158667419537
0 1888.0449778136344 1062.0101637492942 0.0899556272690601 0.020327498588368152
0 2123.002218636547 1115.0036702428006 0.004437273093989512 0.007340485601355167
0 372.02823719241627 1229.008328627894 0.05647438483259379 0.016657255787690572
0 559.0042355788624 1236.008328627894 0.008471157724889069 0.016657255787690572
0 613.0689794271884 1233.0117165443253 0.13795885437676483 0.023433088650479956
0 1009.0042355788624 1237.00790513834 0.008471157724889069 0.015810276679841896
0 1061.0304558289633 1232.0084697910786 0.0609116579265833 0.01693958215697346
0 1267.0346914078257 1246.005928853755 0.06938281565147236 0.011857707509881422
0 1472.0820895522388 1234.0119988706945 0.16417910447761194 0.023997741389045736
0 1918.0397337636143 1255.0057876905703 0.07946752722872126 0.011575381140598532
0 2131.001613553852 1294.0007058159233 0.003227107704719645 0.001411631846414455
