0 349.0229931423961 1028.014963297572 0.045986284792254944 0.029926595143986448
0 567.0308592174264 1050.0100225861095 0.06171843485276321 0.020045172219085264
0 838.0290439693425 1057.0067758328628 0.05808793868495361 0.01355166572557877
0 1109.0320693828157 1023.013410502541 0.06413876563130294 0.026821005081874648
0 1349.0161355385235 1029.010304912479 0.03227107704719645 0.020609824957651044
0 1526.0883420734167 1020.0118577075099 0.17668414683340056 0.023715415019762844
0 2043.033682936668 1012.0111518915867 0.06736587333602259 0.022303783173348392
0 350.09136748688985 1207.0141163184642 0.1827349737797499 0.028232636928289104
0 921.0147236789028 1207.01185770751 0.02944735780556676 0.023715415019762844
0 1008.0233965308593 1200.0134105025409 0.04679306171843485 0.026821005081874648
0 1237.0324727712787 1240.007481648786 0.06494554255748286 0.014963297571993224
0 1496.0322710770472 1238.009034443817 0.0645421540943929 0.018068887634105024
0 1758.020371117386 1231.009881422925 0.040742234772085516 0.019762845849802372
0 1970.0524405002018 1203.0107284020328 0.10488100040338846 0.021456804065499716
0 324.03691004437275 1582.0115753811406 0.07382008874546188 0.023150762281197064
0 521.0018152480839 1619.0016939582158 0.003630496167809601 0.0033879164313946925
0 559.0084711577249 1565.0049407114625 0.016942315449778138 0.009881422924901186
0 659.0100847115773 1563.0040937323547 0.02016942315449778 0.00818746470920384
0 739.0435659540137 1561.01185770751 0.08713190802743041 0.023715415019762844
0 968.0048406615571 1613.0045172219086 0.009681323114158934 0.009034443817052512
0 1157.06655909641 1549.0134105025409 0.13311819281968534 0.026821005081874648
0 1499.0016135538524 1603.001552795031 0.003227107704719645 0.003105590062111801
0 1578.0131101250504 1549.0100225861095 0.026220250100847116 0.020045172219085264
0 1724.0344897135942 1529.0136928289103 0.06897942718838242 0.027385657820440428
0 1938.038120209762 1562.0114342179559 0.07624041952400161 0.022868435911914172
0 2123.0046389673257 1591.0056465273856 0.00927793465106898 0.01129305477131564
0 338.015530455829 1757.0111518915867 0.031060911657926585 0.022303783173348392
0 438.0235982250908 1764.009034443817 0.04719645018152481 0.018068887634105024
0 662.0423557886245 1739.0134105025409 0.08471157724889068 0.026821005081874648
0 1008.0582896329165 1728.012987012987 0.11657926583299717 0.025974025974025976
0 1388.053650665591 1716.0146809712028 0.1073013311819282 0.029361942405420668
0 1666.0018152480839 1797.0016939582158 0.003630496167809601 0.0033879164313946925
0 1790.0542557482856 1740.010304912479 0.10851149657119806 0.020609824957651044
