0 367.0102864058088 855.0049407114625 0.020572811617587738 0.009881422924901186
0 419.08531665994354 839.0139751552795 0.17063331988705124 0.027950310559006212
0 833.0036304961678 915.005505364201 0.007260992335619202 0.01101072840203275
0 897.0104881000403 865.0047995482778 0.020976200080677694 0.009599096555618294
0 991.0409439290037 838.0132693393563 0.08188785800726099 0.026538678712591756
0 1287.0393303751512 855.0118577075099 0.07866075030254134 0.023715415019762844
0 1493.0016135538524 914.0015527950311 0.003227107704719645 0.003105590062111801
0 1591.012908430819 849.0050818746471 0.02581686163775716 0.010163749294184076
0 1660.0211778943121 837.0132693393563 0.04235578862444534 0.026538678712591756
0 1755.00524405002 907.005928853755 0.010488100040338847 0.011857707509881422
0 1835.0171440096813 836.0119988706945 0.03428801936264623 0.023997741389045736
0 1971.037716821299 836.0119988706945 0.0754336425978217 0.023997741389045736
0 2135.0020169423155 904.0018351214003 0.004033884630899556 0.0036702428006775835
0 363.0879386849536 1208.0121400338792 0.17587736990722067 0.024280067758328628
0 894.0312626058894 1230.010587238848 0.06252521177894312 0.021174477696216828
0 1136.0304558289633 1231.0091756070017 0.0609116579265833 0.018351214003387916
0 1286.0020169423155 1267.001976284585 0.004033884630899556 0.003952569169960474
0 1366.0100847115773 1210.005505364201 0.02016942315449778 0.01101072840203275
0 1499.011496571198 1211.0047995482778 0.022993142396127472 0.009599096555618294
0 1555.0139169019767 1206.0122811970639 0.027833803953206938 0.02456239412761152
0 1671.031867688584 1245.0064935064936 0.063735377168213 0.012987012987012988
0 1904.0490116982655 1196.0128458498023 0.09802339653085922 0.025691699604743084
0 2170.0161355385235 1199.0166572557878 0.03227107704719645 0.033314511575381144
0 365.040338846309 1383.0127046866178 0.08067769261799113 0.025409373235460192
0 559.0020169423154 1453.0022586109542 0.004033884630899556 0.004517221908526256
0 637.0090762404195 1389.005505364201 0.018152480839048003 0.01101072840203275
0 729.0231948366277 1382.0128458498023 0.0463896732553449 0.025691699604743084
0 916.0730133118193 1366.0134105025409 0.14602662363856395 0.026821005081874648
0 1345.0837031060912 1366.0143986448334 0.1674062121823316 0.028797289666854884
0 1830.0300524405002 1366.0122811970639 0.06010488100040339 0.02456239412761152
0 2021.0443727309398 1396.0069169960475 0.08874546187979024 0.01383399209486166
0 381.02843888664785 1571.0114342179559 0.05687777329568374 0.022868435911914172
0 624.0437676482453 1561.0121400338792 0.08753529649052037 0.024280067758328628
0 974.0786607503026 1544.0166572557878 0.15732150060508268 0.033314511575381144
0 1355.0018152480839 1603.001976284585 0.003630496167809601 0.003952569169960474
0 1479.0108914885034 1546.0052230378317 0.021782977006857603 0.010446075663466968
0 1539.0302541347316 1548.0122811970639 0.060508269463493344 0.02456239412761152
0 1718.01956434046 1565.0093167701864 0.0391286809197257 0.018633540372670808
0 1900.0094796288827 1585.0062111801242 0.018959257765227916 0.012422360248447204
0 2004.040338846309 1579.0081874647092 0.08067769261799113 0.01637492941840768
0 400.0649455425575 1722.0155279503106 0.12989108511496572 0.031055900621118012
0 838.0701895925777 1772.0073404856014 0.14037918515530456 0.014680971202710334
0 1315.0320693828157 1728.0119988706945 0.06413876563130294 0.023997741389045736
0 1565.0104881000404 1739.0104460756634 0.020976200080677694 0.020892151326933936
0 1639.0233965308591 1723.0122811970639 0.04679306171843485 0.02456239412761152
0 1833.0675675675675 1739.014539808018 0.13513513513513514 0.029079616036137776
0 386.0461879790238 1936.0104460756634 0.09237595804759983 0.020892151326933936
0 725.051432029044 1894.0139751552795 0.10286405808793868 0.027950310559006212
0 1033.0316659943526 1899.0143986448334 0.06333198870512304 0.028797289666854884
0 1340.0346914078257 1929.01185770751 0.06938281565147236 0.023715415019762844
0 1603.033682936668 1937.0067758328628 0.06736587333602259 0.01355166572557877
0 1879.0213795885438 1894.0162337662337 0.042759177087535294 0.032467532467532464
0 2015.040338846309 1906.0108695652175 0.08067769261799113 0.021739130434782608
0 394.05102864058085 2098.014539808018 0.10205728116175877 0.029079616036137776
0 665.0034288019363 2165.0025409373234 0.006857603872529245 0.005081874647092038
