0 0.1680112948769665 0.2532467532467532 0.018959257765227916 0.015245623941276116
0 0.24122630092779346 0.25479954827780915 0.08955223880597014 0.016657255787690572
0 0.31686163775716014 0.2576228119706381 0.020572811617587738 0.00818746470920384
0 0.3771682129891085 0.2593167701863354 0.07180314643001211 0.021739130434782608
0 0.4647035094796289 0.2533879164313947 0.08390480032271078 0.017786561264822136
0 0.5597014925373134 0.25169395821569734 0.07301331181928197 0.016092603049124788
0 0.6419927390076644 0.2542348955392434 0.06897942718838242 0.020045172219085264
0 0.7129891085114965 0.2523997741389046 0.050423557886244454 0.01637492941840768
0 0.7974989915288423 0.2528232636928289 0.09439290036304962 0.017786561264822136
0 0.17164179104477612 0.3064652738565782 0.030254134731746672 0.015527950310559006
0 0.2353771682129891 0.30632411067193677 0.05687777329568374 0.01693958215697346
0 0.30496167809600644 0.3064652738565782 0.05486083098023396 0.015527950310559006
0 0.3628479225494151 0.30773574251835123 0.030254134731746672 0.020327498588368152
0 0.40681726502622023 0.30971202710333146 0.02218636546994756 0.009034443817052512
0 0.4854780153287616 0.30844155844155846 0.10125050423557887 0.022868435911914172
0 0.6010488100040339 0.3051948051948052 0.08309802339653086 0.017504234895539244
0 0.7166196046793062 0.30448898927159795 0.12384025816861638 0.021739130434782608
0 0.827349737797499 0.3020892151326934 0.060508269463493344 0.018068887634105024
0 0.23275514320290439 0.3565782044042914 0.15409439290036306 0.024280067758328628
0 0.36789027833803956 0.35601355166572557 0.08551835417507059 0.018068887634105024
0 0.4580475998386446 0.3551665725578769 0.06010488100040339 0.015245623941276116
0 0.5607099636950383 0.3534726143421796 0.10810810810810811 0.020327498588368152
0 0.6206131504638968 0.3609542631281762 0.002016942315449778 0.001976284584980237
0 0.6498588140379186 0.354884246188594 0.03227107704719645 0.01637492941840768
0 0.7079467527228721 0.3544607566346697 0.05808793868495361 0.017786561264822136
0 0.7892295280354982 0.35841332580463015 0.07866075030254134 0.028514963297571992
0 0.8580072609923356 0.3565782044042914 0.03146430012101654 0.025409373235460192
0 0.218233158531666 0.45327498588368154 0.12343686970552642 0.01948051948051948
0 0.37918515530455826 0.4566629023150762 0.15490116982654295 0.016657255787690572
0 0.545582896329165 0.4575098814229249 0.1464300121016539 0.014963297571993224
0 0.6448164582492941 0.4556747600225861 0.031060911657926585 0.01693958215697346
0 0.745461879790238 0.45553359683794464 0.13392496974586526 0.0189158667419537
0 0.8166599435256152 0.4623094297007341 0.0052440500201694235 0.010446075663466968
0 0.8491327148043566 0.45313382269904007 0.024203307785397338 0.019198193111236588
0 0.1918112141992739 0.5074816487859967 0.0681726502622025 0.01101072840203275
0 0.29608713190802743 0.5046583850931677 0.10326744655102864 0.0189158667419537
0 0.42718838241226303 0.5079051383399209 0.10568777732956837 0.012422360248447204
0 0.508471157724889 0.5079051383399209 0.022993142396127472 0.009599096555618294
0 0.5984267849939492 0.5086109542631282 0.12464703509479629 0.014398644833427442
0 0.763614360629286 0.5046583850931677 0.1718434852763211 0.018351214003387916
0 0.1871722468737394 0.5578769057029926 0.05889471561113352 0.01355166572557877
0 0.2892295280354982 0.5566064370412197 0.09035901573215006 0.017221908526256352
0 0.39411052843888666 0.5573122529644269 0.07260992335619201 0.012422360248447204
0 0.46409842678499397 0.5591473743647657 0.024606696248487294 0.010446075663466968
0 0.5653489310205728 0.5570299265951439 0.12868091972569584 0.015810276679841896
0 0.6686163775716014 0.5567476002258611 0.058491327148043566 0.01693958215697346
0 0.7851956434045986 0.5551948051948052 0.1383622428398548 0.022303783173348392
0 0.2444534086325131 0.609966120835686 0.1661960467930617 0.028514963297571992
0 0.37676482452601856 0.6054488989271598 0.05486083098023396 0.018351214003387916
0 0.45784590560709965 0.6064370412196499 0.08148446954417103 0.017504234895539244
0 0.5550625252117789 0.6044607566346697 0.0653489310205728 0.018068887634105024
0 0.6246470350947962 0.6047430830039525 0.027833803953206938 0.017504234895539244
0 0.6680112948769665 0.6075663466967814 0.021782977006857603 0.010728402032749858
0 0.7319483662767244 0.6089779785431959 0.08188785800726099 0.014116318464144552
0 0.8307785397337636 0.60742518351214 0.09721661960467931 0.015527950310559006
0 0.8820088745461879 0.6136363636363636 0.003630496167809601 0.001976284584980237
