0 384.0078660750303 673.0050818746471 0.01573215006050827 0.010163749294184076
0 453.02843888664785 679.0110107284021 0.05687777329568374 0.0220214568040655
0 669.0439693424768 681.0107284020328 0.08793868495361033 0.021456804065499716
0 971.0413473174667 713.0098814229249 0.0826946349334409 0.019762845849802372
0 1281.047801532876 673.0115753811406 0.09560306575231949 0.023150762281197064
0 1582.035498184752 676.013410502541 0.07099636950383219 0.026821005081874648
0 1832.0262202501008 706.0060700169396 0.05244050020169423 0.012140033879164314
0 1963.0020169423155 734.0021174477696 0.004033884630899556 0.004234895539243365
0 1996.009277934651 688.0049407114625 0.01855586930213796 0.009881422924901186
0 2080.0112948769665 687.0060700169396 0.022589753933037516 0.012140033879164314
0 2126.012101653893 684.0095990965556 0.024203307785397338 0.019198193111236588
0 2202.020774505849 712.0057876905703 0.04154901169826543 0.011575381140598532
0 369.0179507866075 859.0115753811406 0.035901573215006054 0.023150762281197064
0 530.0661557079468 859.0117165443253 0.13231141589350545 0.023433088650479956
0 971.0397337636143 875.0103049124788 0.07946752722872126 0.020609824957651044
0 1247.0393303751512 862.0110107284021 0.07866075030254134 0.0220214568040655
0 1419.0018152480839 925.001976284585 0.003630496167809601 0.003952569169960474
0 1520.020371117386 863.013410502541 0.040742234772085516 0.026821005081874648
0 1677.0254134731747 903.005928853755 0.050826946349334406 0.011857707509881422
0 1893.0397337636143 895.0067758328628 0.07946752722872126 0.01355166572557877
0 2133.0125050423558 872.0107284020328 0.02501008471157725 0.021456804065499716
0 387.0310609116579 1026.0122811970639 0.06212182331585317 0.02456239412761152
0 645.083299717628 1022.0128458498024 0.16659943525615167 0.025691699604743084
0 1165.0433642597823 1067.0067758328628 0.08672851956434045 0.01355166572557877
0 1463.0121016538926 1051.0081874647092 0.024203307785397338 0.01637492941840768
0 1583.0572811617587 1011.0153867871259 0.1145623235175474 0.03077357425183512
0 1907.0494150867285 1067.0076228119706 0.09883017345703912 0.015245623941276116
0 388.0385235982251 1196.0114342179559 0.07704719645018153 0.022868435911914172
0 646.0344897135942 1227.0100225861095 0.06897942718838242 0.020045172219085264
0 829.0028237192416 1259.0025409373236 0.005647438483259379 0.005081874647092038
0 873.0106897942719 1217.0056465273856 0.021379588543767647 0.01129305477131564
0 974.013715207745 1202.0107284020328 0.02743041549011698 0.021456804065499716
0 1084.0683743444938 1191.0139751552795 0.13674868898749495 0.027950310559006212
0 1506.0520371117386 1187.0135516657256 0.10407422347720856 0.02710333145115754
0 1849.0223880597016 1198.0127046866178 0.04477611940298507 0.025409373235460192
0 1996.0316659943526 1238.010304912479 0.06333198870512304 0.020609824957651044
0 387.05344897135944 1376.012987012987 0.10689794271883823 0.025974025974025976
0 661.0056474384833 1437.0053642010164 0.011294876966518758 0.010728402032749858
0 782.0308592174264 1376.0119988706945 0.06171843485276321 0.023997741389045736
0 1038.0667607906414 1376.0146809712028 0.1335215812827753 0.029361942405420668
0 1476.0177490923759 1382.0124223602484 0.035498184751916094 0.024844720496894408
0 1650.0300524405002 1389.0128458498023 0.06010488100040339 0.025691699604743084
0 1862.0356998789835 1397.0112930547714 0.07139975796692215 0.02258610954263128
0 2094.022993142396 1407.00790513834 0.045986284792254944 0.015810276679841896
0 392.0377168212989 1560.0136928289103 0.0754336425978217 0.027385657820440428
0 695.0506252521178 1565.0114342179559 0.10125050423557887 0.022868435911914172
0 1040.02743041549 1564.0114342179559 0.05486083098023396 0.022868435911914172
0 1290.0405405405406 1536.0151044607567 0.08108108108108109 0.03020892151326934
0 1611.0839048003227 1538.016939582157 0.16780960064542155 0.03387916431394692
0 2101.014723678903 1530.0155279503106 0.02944735780556676 0.031055900621118012
0 383.02662363856393 1778.0062111801242 0.053247277127874144 0.012422360248447204
0 523.004437273094 1807.0047995482778 0.008874546187979023 0.009599096555618294
0 635.1064945542557 1736.0163749294184 0.21298910851149658 0.03274985883681536
0 1264.07442517144 1737.016516092603 0.14885034288019364 0.03303218520609825
0 1709.0350947962888 1745.012563523433 0.07018959257765228 0.0251270468661773
0 1962.013715207745 1746.010304912479 0.02743041549011698 0.020609824957651044
0 2095.0308592174265 1723.014963297572 0.06171843485276321 0.029926595143986448
0 376.04517950786607 1920.0162337662337 0.09035901573215006 0.032467532467532464
0 720.0459862847922 1922.0111518915867 0.09197256958450989 0.022303783173348392
0 1066.042960871319 1900.0128458498023 0.08592174263816055 0.025691699604743084
0 1376.044776119403 1900.0131281761717 0.08955223880597014 0.026256352343308864
0 1712.0141185962082 1947.005928853755 0.028237192416296894 0.011857707509881422
0 1874.0482049213392 1917.0136928289103 0.09640984267849939 0.027385657820440428
0 372.09338442920534 2122.012140033879 0.18676885841064947 0.024280067758328628
0 987.0225897539331 2120.0108695652175 0.04517950786607503 0.021739130434782608
0 1203.0304558289633 2096.014116318464 0.0609116579265833 0.028232636928289104
0 1446.0330778539733 2103.013269339356 0.06615570794675273 0.026538678712591756
0 1677.0496167809602 2113.01185770751 0.09923356192012908 0.023715415019762844
0 1994.028842275111 2107.012704686618 0.057684550221863654 0.025409373235460192
0 396.05949979830575 2277.014539808018 0.1189995966115369 0.029079616036137776
0 844.051835417507 2280.013833992095 0.1036708350141186 0.02766798418972332
0 1123.0028237192416 2350.0029644268775 0.005647438483259379 0.005928853754940711
