0 0.17749092375958048 0.21626199887069453 0.05647438483259379 0.018633540372670808
0 0.22932634126663978 0.21470920383963862 0.02702702702702703 0.017786561264822136
0 0.29245663574021785 0.220214568040655 0.07018959257765228 0.037267080745341616
0 0.39330375151270675 0.2127329192546584 0.10084711577248891 0.021739130434782608
0 0.472771278741428 0.21315640880858272 0.02501008471157725 0.019762845849802372
0 0.5284388866478419 0.21089779785431959 0.060508269463493344 0.019198193111236588
0 0.5875352964905204 0.21103896103896103 0.02702702702702703 0.020045172219085264
0 0.6512706736587334 0.21146245059288538 0.06252521177894312 0.020892151326933936
0 0.6871722468737395 0.22543760587238848 0.00927793465106898 0.013269339356295878
0 0.7307382008874547 0.2140033879164314 0.03993545784590561 0.02258610954263128
0 0.8083904800322711 0.21202710333145117 0.08229124647035095 0.0220214568040655
0 0.17930617184348527 0.2597402597402597 0.05929810407422348 0.032185206098249576
0 0.245461879790238 0.24957651044607565 0.0391286809197257 0.018068887634105024
0 0.3402581686163776 0.2521174477696217 0.13513513513513514 0.031055900621118012
0 0.436668011294877 0.2515527950310559 0.02218636546994756 0.033314511575381144
0 0.5006050826946349 0.25607001693958215 0.07422347720855184 0.038396386222473176
0 0.5851149657119806 0.24435347261434218 0.05445744251714401 0.017786561264822136
0 0.6700282371924163 0.2540937323546019 0.08955223880597014 0.038396386222473176
0 0.7450584913271481 0.24520045172219085 0.03791851553045583 0.017786561264822136
0 0.8011294876966518 0.24491812535290797 0.048406615570794675 0.017221908526256352
0 0.16922146026623638 0.3999153020892151 0.051230334812424366 0.017786561264822136
0 0.23578055667607906 0.40062111801242234 0.058491327148043566 0.019198193111236588
0 0.29931423961274706 0.40062111801242234 0.03630496167809601 0.017504234895539244
0 0.3642597821702299 0.4023150762281197 0.06615570794675273 0.01693958215697346
0 0.47297297297297297 0.4062676453980802 0.11738604275917709 0.02710333145115754
0 0.5578862444534086 0.4064088085827216 0.03227107704719645 0.012704686617730096
0 0.5992335619201291 0.4023150762281197 0.026220250100847116 0.014680971202710334
0 0.6706333198870512 0.4018915866741954 0.08188785800726099 0.018351214003387916
0 0.7402178297700686 0.41233766233766234 0.03146430012101654 0.021739130434782608
0 0.7872125857200484 0.40217391304347827 0.043969342476805166 0.016657255787690572
0 0.1718434852763211 0.43591191417278374 0.05405405405405406 0.017504234895539244
0 0.20774505849132716 0.44649915302089216 0.005647438483259379 0.010446075663466968
0 0.23941105284388867 0.4440993788819876 0.02702702702702703 0.021456804065499716
0 0.28862444534086323 0.43718238283455674 0.04154901169826543 0.014963297571993224
0 0.35175473981444133 0.4394409937888199 0.06696248487293263 0.017221908526256352
0 0.39774102460669625 0.44565217391304346 0.0024203307785397336 0.001976284584980237
