0 0.10467930617184348 0.1383399209486166 0.04437273093989512 0.027385657820440428
0 0.16054860830980233 0.13791643139469226 0.08955223880597014 0.023150762281197064
0 0.24405002016942315 0.13904573687182384 0.14158935054457442 0.03274985883681536
0 0.29507866075030253 0.1396103896103896 0.07220653489310205 0.015810276679841896
0 0.31867688584106496 0.13932806324110672 0.022993142396127472 0.01129305477131564
0 0.40137152077450583 0.14045736871823827 0.14885034288019364 0.025409373235460192
0 0.4372730939895119 0.14539808018068887 0.04921339249697459 0.03359683794466403
0 0.19947559499798306 0.16981931112365894 0.23598225090762404 0.038396386222473176
0 0.30052440500201694 0.18238283455674761 0.15893505445744252 0.05844155844155844
0 0.3400564743848326 0.16600790513833993 0.048406615570794675 0.01383399209486166
0 0.4390883420734167 0.16629023150762282 0.1609519967728923 0.027950310559006212
0 0.23215006050826947 0.19113495200451722 0.3126260588947156 0.024280067758328628
0 0.28136345300524407 0.19099378881987578 0.07341670028237192 0.026538678712591756
0 0.3160548608309802 0.19904009034443818 0.0463896732553449 0.0409373235460192
0 0.3446954417103671 0.19057029926595143 0.02702702702702703 0.01101072840203275
0 0.41206131504638965 0.20539243365330323 0.10770471964501815 0.044042913608131
0 0.17950786607503025 0.2305194805194805 0.200080677692618 0.053924336533032184
0 0.30233965308592176 0.22826086956521738 0.2101653892698669 0.045736871823828344
0 0.3501411859620815 0.2165443252399774 0.05808793868495361 0.020609824957651044
0 0.47236789027833803 0.22995482778091475 0.21218233158531666 0.046583850931677016
0 0.11133521581282775 0.24011857707509882 0.0790641387656313 0.025974025974025976
0 0.15732150060508268 0.2409655561829475 0.06857603872529246 0.026538678712591756
0 0.24647035094796288 0.2471767363071711 0.15490116982654295 0.02766798418972332
0 0.2833803953206938 0.24209486166007904 0.06010488100040339 0.020609824957651044
0 0.32977006857603874 0.24209486166007904 0.06776926179911255 0.014398644833427442
0 0.3612343686970553 0.24124788255223037 0.03872529245663574 0.01948051948051948
0 0.42759177087535294 0.2409655561829475 0.1036708350141186 0.01383399209486166
0 0.436264622831787 0.2404009034443817 0.002016942315449778 0.0016939582156973462
0 0.13392496974586526 0.29234895539243366 0.10931827349737798 0.022868435911914172
0 0.17809600645421542 0.29178430265386784 0.06736587333602259 0.02258610954263128
0 0.23618394513916902 0.29107848673066067 0.10084711577248891 0.0189158667419537
0 0.2811617587736991 0.29164313946922643 0.06655909640984267 0.02258610954263128
0 0.3162565550625252 0.2920666290231508 0.03469140782573618 0.017786561264822136
0 0.37575635336829366 0.2931959345002823 0.08713190802743041 0.020609824957651044
0 0.47781363453005243 0.29361942405420666 0.1734570391286809 0.026821005081874648
0 0.10044372730939895 0.3167701863354037 0.03872529245663574 0.023150762281197064
0 0.1555062525211779 0.31592320722755507 0.09116579265832997 0.020892151326933936
0 0.16377571601452198 0.31648785996612083 0.004033884630899556 0.004234895539243365
0 0.22872125857200484 0.31959345002823264 0.11133521581282775 0.023150762281197064
0 0.32412263009277936 0.3204404291360813 0.17466720451795079 0.03190287972896669
0 0.3511496571198064 0.31747600225861095 0.0391286809197257 0.015810276679841896
0 0.40641387656313027 0.3188876341050254 0.10125050423557887 0.027385657820440428
0 0.15873336022589754 0.34754376058723885 0.16135538523598225 0.03472614342179559
0 0.1645824929407019 0.3468379446640316 0.00927793465106898 0.017504234895539244
0 0.27148043565954016 0.34217955957086393 0.200080677692618 0.023997741389045736
0 0.3289632916498588 0.34345002823263693 0.0891488503428802 0.021456804065499716
0 0.373134328358209 0.3440146809712027 0.06736587333602259 0.023433088650479956
0 0.4933440903590157 0.35403726708074534 0.22146026623638565 0.041501976284584984
0 0.13231141589350545 0.3673066064370412 0.10689794271883823 0.028232636928289104
0 0.17063331988705124 0.3674477696216827 0.05889471561113352 0.026538678712591756
0 0.23315853166599435 0.37972896668548844 0.1036708350141186 0.05110107284020327
0 0.2898346107301331 0.36900056465273856 0.08027430415490117 0.026256352343308864
0 0.3699072206534893 0.3800112930547713 0.13876563130294473 0.04601919819311124
0 0.4015732150060508 0.36885940146809715 0.042759177087535294 0.021456804065499716
0 0.4475594997983058 0.3687182382834557 0.07018959257765228 0.02258610954263128
