0 0.14521984671238403 0.13791643139469226 0.1565147236789028 0.03077357425183512
0 0.16760790641387657 0.13763410502540938 0.03711173860427592 0.029926595143986448
0 0.19342476805163372 0.13791643139469226 0.04477611940298507 0.012704686617730096
0 0.1990722065348931 0.13636363636363635 0.0028237192416296895 0.0016939582156973462
0 0.26401774909237596 0.1367871259175607 0.11173860427591771 0.03020892151326934
0 0.34530052440500203 0.13749294184076793 0.13916901976603469 0.028232636928289104
0 0.39229528035498185 0.1367871259175607 0.07462686567164178 0.032467532467532464
0 0.41972569584509883 0.14553924336533033 0.0500201694231545 0.046583850931677016
0 0.08430818878580072 0.16191417278373801 0.03469140782573618 0.014680971202710334
0 0.1145623235175474 0.16233766233766234 0.042759177087535294 0.029644268774703556
0 0.1718434852763211 0.1627611518915867 0.09398951189995966 0.027950310559006212
0 0.1762807583703106 0.16389045736871824 0.008874546187979023 0.006775832862789385
0 0.21581282775312627 0.16149068322981366 0.04961678096006454 0.025974025974025976
0 0.2644211375554659 0.17066629023150762 0.07664380798709157 0.042631281761716544
0 0.3836224283985478 0.17038396386222474 0.21419927390076643 0.04432523997741389
0 0.44675272287212586 0.1627611518915867 0.11335215812827754 0.03077357425183512
0 0.10084711577248891 0.18831168831168832 0.07180314643001211 0.029926595143986448
0 0.17749092375958048 0.19339356295878035 0.13110125050423557 0.039243365330321855
0 0.22065348931020573 0.1880293619424054 0.07260992335619201 0.034161490683229816
0 0.32008874546187976 0.18845285149632976 0.17789431222267044 0.03387916431394692
0 0.3979427188382412 0.19113495200451722 0.15167406212182333 0.03020892151326934
0 0.4390883420734167 0.19339356295878035 0.08430818878580072 0.0409373235460192
0 0.44251714400968134 0.18675889328063242 0.003227107704719645 0.002540937323546019
0 0.07765227914481646 0.21230942970073405 0.027833803953206938 0.028514963297571992
0 0.1264622831787011 0.21301524562394128 0.07785397337636143 0.032467532467532464
0 0.14703509479628882 0.21315640880858272 0.02864058087938685 0.024280067758328628
0 0.17507059298104075 0.2134387351778656 0.04437273093989512 0.025974025974025976
0 0.24263816054860832 0.21315640880858272 0.10972166196046793 0.031338226990400904
0 0.2747075433642598 0.21753246753246752 0.053247277127874144 0.03387916431394692
0 0.326946349334409 0.21315640880858272 0.08471157724889068 0.03190287972896669
0 0.37333602258975396 0.2134387351778656 0.06857603872529246 0.026538678712591756
0 0.4320290439693425 0.21880293619424054 0.11335215812827754 0.03811405985319029
0 0.08632513110125051 0.2429418407679277 0.0572811617587737 0.03585544889892716
0 0.09177087535296491 0.23715415019762845 0.004033884630899556 0.001976284584980237
0 0.1329164985881404 0.24421230942970074 0.06494554255748286 0.035290796160361376
0 0.172851956434046 0.23785996612083568 0.04921339249697459 0.015527950310559006
0 0.2210568777732957 0.24675324675324675 0.07301331181928197 0.042348955392433656
0 0.2525211778943122 0.23870694522868435 0.033884630899556276 0.011857707509881422
0 0.2672448567970956 0.23828345567476003 0.01734570391286809 0.010163749294184076
0 0.3126260588947156 0.24971767363071712 0.06010488100040339 0.046583850931677016
0 0.37333602258975396 0.23870694522868435 0.09076240419524001 0.026256352343308864
0 0.3989511899959661 0.23800112930547712 0.03065752319483663 0.019198193111236588
0 0.42940701895925776 0.2391304347826087 0.04679306171843485 0.025974025974025976
0 0.14300121016538928 0.2676453980801807 0.15328761597418314 0.04009034443817053
0 0.19039935457845905 0.26355166572557875 0.07745058491327148 0.030491247882552232
0 0.19140782573618395 0.2670807453416149 0.010891488503428802 0.009599096555618294
0 0.2281161758773699 0.2649632975719932 0.051230334812424366 0.02766798418972332
0 0.2845905607099637 0.26228119706380576 0.0927793465106898 0.027950310559006212
0 0.3392496974586527 0.26312817617165446 0.08874546187979024 0.0251270468661773
0 0.41770875352964904 0.26990400903444384 0.1508672851956434 0.039525691699604744
0 0.12484872932634127 0.29785431959345005 0.11698265429608713 0.05533596837944664
0 0.15691811214199275 0.28839638622247316 0.04719645018152481 0.028232636928289104
0 0.20976200080677693 0.28797289666854886 0.07946752722872126 0.030491247882552232
0 0.20794675272287214 0.28839638622247316 0.003227107704719645 0.002258610954263128
