0 0.12868091972569584 0.12394127611518915 0.11536910044372731 0.02766798418972332
0 0.20270270270270271 0.11871823828345568 0.118192819685357 0.01948051948051948
0 0.20976200080677693 0.1228119706380576 0.008874546187979023 0.012704686617730096
0 0.272488906817265 0.12605872388481085 0.1044776119402985 0.033314511575381144
0 0.3408632513110125 0.12267080745341614 0.10407422347720856 0.023715415019762844
0 0.35155304558289635 0.11744776962168267 0.00645421540943929 0.022303783173348392
0 0.11415893505445744 0.14469226425748166 0.08188785800726099 0.016657255787690572
0 0.2109721661960468 0.14412761151891587 0.1617587736990722 0.016092603049124788
0 0.26300927793465106 0.1492094861660079 0.0681726502622025 0.02710333145115754
0 0.30576845502218636 0.14342179559570864 0.060508269463493344 0.014398644833427442
0 0.3860427591770875 0.1442687747035573 0.12989108511496572 0.018633540372670808
0 0.41750705929810406 0.14398644833427443 0.03428801936264623 0.012422360248447204
0 0.0982250907624042 0.19438170525127046 0.05405405405405406 0.013269339356295878
0 0.13251311012505043 0.19424054206662902 0.04800322710770472 0.014963297571993224
0 0.23134328358208955 0.20115753811405984 0.17466720451795079 0.03020892151326934
0 0.2700685760387253 0.19409937888198758 0.0536506655909641 0.016657255787690572
0 0.3247277127874143 0.2025691699604743 0.07785397337636143 0.028797289666854884
0 0.3719241629689391 0.19889892715979673 0.058491327148043566 0.024844720496894408
0 0.3939088342073417 0.19438170525127046 0.021379588543767647 0.011575381140598532
0 0.43061718434852764 0.19381705251270467 0.04921339249697459 0.015245623941276116
0 0.1399757966922146 0.22699040090344438 0.13110125050423557 0.029926595143986448
0 0.2063331988705123 0.22035573122529645 0.1036708350141186 0.015810276679841896
0 0.21137555465913674 0.21964991530208922 0.002016942315449778 0.001976284584980237
0 0.2418313836224284 0.21979107848673066 0.03428801936264623 0.015245623941276116
0 0.2835820895522388 0.21979107848673066 0.05970149253731343 0.01637492941840768
0 0.33219039935457845 0.22571993224167136 0.06897942718838242 0.029644268774703556
0 0.4116579265832997 0.22162619988706944 0.12505042355788623 0.023433088650479956
0 0.13574021782977008 0.25042348955392435 0.12585720048406615 0.025974025974025976
0 0.18676885841064947 0.2450592885375494 0.0754336425978217 0.01948051948051948
0 0.2101653892698669 0.2450592885375494 0.01855586930213796 0.016092603049124788
0 0.2656313029447358 0.2453416149068323 0.08955223880597014 0.012704686617730096
0 0.29931423961274706 0.2456239412761152 0.04033884630899556 0.01129305477131564
0 0.30597014925373134 0.2533879164313947 0.012101653892698669 0.0220214568040655
0 0.34933440903590157 0.24548277809147373 0.057684550221863654 0.019762845849802372
0 0.37333602258975396 0.24435347261434218 0.02379991932230738 0.010728402032749858
0 0.4169019766034691 0.2466120835686053 0.06252521177894312 0.022868435911914172
0 0.1127470754336426 0.27060982495765107 0.07341670028237192 0.017786561264822136
0 0.20028237192416296 0.2766798418972332 0.14239612747075434 0.029644268774703556
0 0.20814844695441712 0.26976284584980237 0.005647438483259379 0.009316770186335404
0 0.22166196046793063 0.26228119706380576 0.008067769261799113 0.007058159232072276
0 0.25756353368293666 0.2691981931112366 0.06857603872529246 0.017504234895539244
0 0.28156514723678905 0.2696216826651609 0.028237192416296894 0.015527950310559006
0 0.3323920935861234 0.2701863354037267 0.07220653489310205 0.015810276679841896
0 0.40338846308995563 0.2792207792207792 0.10770471964501815 0.03585544889892716
0 0.10246066962484873 0.29545454545454547 0.04759983864461476 0.002540937323546019
0 0.1399757966922146 0.29587803500846976 0.06010488100040339 0.015810276679841896
0 0.16821298910851148 0.2955957086391869 0.02944735780556676 0.015810276679841896
0 0.22025010084711577 0.2963015245623941 0.07139975796692215 0.014680971202710334
0 0.2876159741831384 0.3037831733483907 0.10326744655102864 0.03162055335968379
0 0.31847519160952 0.29545454545454547 0.052843888664784185 0.005364201016374929
0 0.3303751512706737 0.28430265386787124 0.01008471157724889 0.00846979107848673
