0 431.00363049616783 723.0063523433089 0.007260992335619202 0.012704686617730096
0 512.0252117789431 732.0097402597403 0.050423557886244454 0.01948051948051948
0 691.0020169423154 804.003529079616 0.004033884630899556 0.007058159232072276
0 729.0141185962082 738.0101637492942 0.028237192416296894 0.020327498588368152
0 860.0756353368294 731.0121400338792 0.15127067365873337 0.024280067758328628
0 1314.0308592174263 737.0119988706945 0.06171843485276321 0.023997741389045736
0 1532.0090762404195 755.0093167701864 0.018152480839048003 0.018633540372670808
0 1643.0439693424769 725.0124223602485 0.08793868495361033 0.024844720496894408
0 1915.0276321097217 742.0083286278939 0.05526421944332392 0.016657255787690572
0 420.0461879790238 942.0077639751553 0.09237595804759983 0.015527950310559006
0 723.0165389269866 912.0180688876341 0.03307785397337636 0.03613777526821005
0 859.0441710367083 909.011434217956 0.08834207341670028 0.022868435911914172
0 1144.0488100040338 903.0112930547713 0.09762000806776926 0.02258610954263128
0 1427.012908430819 908.0097402597403 0.02581686163775716 0.01948051948051948
0 1514.002218636547 956.0008469791079 0.004437273093989512 0.0016939582156973462
0 1548.034086325131 903.0125635234331 0.0681726502622025 0.0251270468661773
0 1755.0042355788623 965.0038114059853 0.008471157724889069 0.007622811970638058
0 1782.011496571198 918.0098814229249 0.022993142396127472 0.019762845849802372
0 1882.036304961678 885.0142574816488 0.07260992335619201 0.028514963297571992
0 2108.0254134731745 898.012987012987 0.050826946349334406 0.025974025974025976
0 351.06575231948364 1085.011010728402 0.13150463896732553 0.0220214568040655
0 737.0352964905204 1092.011010728402 0.07059298104074223 0.0220214568040655
0 975.0233965308593 1096.0088932806325 0.04679306171843485 0.017786561264822136
0 1134.0415490116982 1073.0177865612648 0.08309802339653086 0.03557312252964427
0 1351.0036304961677 1149.0036702428006 0.007260992335619202 0.007340485601355167
0 1409.0167406212183 1114.0119988706945 0.033481242436466316 0.023997741389045736
0 1542.0348931020574 1101.0158102766798 0.06978620411456232 0.03162055335968379
0 1783.0473981444131 1075.01185770751 0.09479628882613957 0.023715415019762844
0 2081.026623638564 1037.0136928289103 0.053247277127874144 0.027385657820440428
0 422.02924566357405 1223.0127046866178 0.058491327148043566 0.025409373235460192
0 664.0135135135135 1262.0067758328628 0.02702702702702703 0.01355166572557877
0 822.0282371924163 1231.0104460756634 0.05647438483259379 0.020892151326933936
0 974.0024203307786 1241.009881422925 0.004840661557079467 0.019762845849802372
0 1054.0605082694635 1230.0121400338792 0.12101653892698669 0.024280067758328628
0 1383.0016135538524 1292.0040937323547 0.003227107704719645 0.00818746470920384
0 1442.015127067366 1261.0080463015245 0.030254134731746672 0.016092603049124788
0 1592.0393303751512 1230.01185770751 0.07866075030254134 0.023715415019762844
0 1858.0421540943928 1233.0166572557878 0.08430818878580072 0.033314511575381144
0 2118.042557482856 1224.0201863354037 0.08511496571198064 0.040372670807453416
0 437.05808793868493 1397.0159514398645 0.11617587736990723 0.03190287972896669
0 779.0266236385639 1409.0080463015245 0.053247277127874144 0.016092603049124788
0 951.0338846308996 1415.0067758328628 0.06776926179911255 0.01355166572557877
0 1163.049213392497 1412.018915866742 0.09842678499394918 0.0378317334839074
0 1438.0042355788623 1459.0053642010164 0.008471157724889069 0.010728402032749858
0 1541.0550625252117 1400.0197628458498 0.11012505042355789 0.039525691699604744
0 1882.0235982250908 1417.0107284020328 0.04719645018152481 0.021456804065499716
0 2051.037716821299 1397.0199040090345 0.0754336425978217 0.03980801806888763
0 2278.0227914481648 1394.0132693393564 0.045582896329164985 0.026538678712591756
0 443.04417103670835 1523.0101637492942 0.08834207341670028 0.020327498588368152
0 768.0631302944736 1528.014963297572 0.1262605889471561 0.029926595143986448
0 1157.0286405808795 1589.006352343309 0.0572811617587737 0.012704686617730096
0 1372.035901573215 1592.006352343309 0.07180314643001211 0.012704686617730096
0 1615.0411456232353 1562.010587238848 0.08229124647035095 0.021174477696216828
0 1878.0435659540137 1553.0117165443253 0.08713190802743041 0.023433088650479956
0 2163.0441710367086 1547.0214568040656 0.08834207341670028 0.04291360813099943
0 2394.0012101653892 1625.001976284585 0.0024203307785397336 0.003952569169960474
0 424.03065752319486 1684.0135516657256 0.06131504638967326 0.02710333145115754
0 643.0455828963292 1705.0101637492942 0.09116579265832997 0.020327498588368152
0 898.0030254134732 1772.0036702428006 0.0060508269463493344 0.007340485601355167
0 956.0169423154498 1707.011010728402 0.033884630899556276 0.0220214568040655
0 1112.0467930617185 1703.018492377188 0.0935861234368697 0.03698475437605872
0 1413.045582896329 1715.0111518915867 0.09116579265832997 0.022303783173348392
0 1706.064340459863 1692.0128458498023 0.12868091972569584 0.025691699604743084
0 2100.062525211779 1716.0134105025409 0.12505042355788623 0.026821005081874648
0 2430.0012101653892 1806.0011293054772 0.0024203307785397336 0.002258610954263128
0 464.01956434045985 1997.0104460756634 0.0391286809197257 0.020892151326933936
0 656.0576845502219 1977.0132693393564 0.11536910044372731 0.026538678712591756
0 1044.0506252521177 1986.0124223602484 0.10125050423557887 0.024844720496894408
0 1414.0201694231546 1985.0136928289103 0.04033884630899556 0.027385657820440428
0 1597.0229931423962 2021.0071993224167 0.045986284792254944 0.014398644833427442
0 1807.0344897135942 2025.0062111801242 0.06897942718838242 0.012422360248447204
0 2032.0526421944332 1966.0155279503106 0.10528438886647842 0.031055900621118012
0 527.0617184348528 2184.0103049124787 0.12343686970552642 0.020609824957651044
0 878.0012101653892 2234.000846979108 0.0024203307785397336 0.0016939582156973462
