0 390.02258975393306 803.0101637492942 0.04517950786607503 0.020327498588368152
0 554.0296490520371 805.0104460756635 0.05929810407422348 0.020892151326933936
0 782.0242033077853 801.0105872388481 0.048406615570794675 0.021174477696216828
0 979.0296490520371 812.0100225861096 0.05929810407422348 0.020045172219085264
0 1226.019967728923 798.0111518915867 0.03993545784590561 0.022303783173348392
0 1408.0338846308996 820.0117165443253 0.06776926179911255 0.023433088650479956
0 1653.0627269060105 813.020045172219 0.1254538120209762 0.04009034443817053
0 1984.0026220250102 875.0045172219085 0.0052440500201694235 0.009034443817052512
0 396.0135135135135 996.007481648786 0.02702702702702703 0.014963297571993224
0 515.060709963695 969.0132693393563 0.12141992739007665 0.026538678712591756
0 887.0121016538927 999.0073404856014 0.024203307785397338 0.014680971202710334
0 1019.0195643404599 994.0071993224167 0.0391286809197257 0.014398644833427442
0 1125.0012101653892 1048.0011293054772 0.0024203307785397336 0.002258610954263128
0 1198.0260185558693 974.0105872388481 0.05203711173860428 0.021174477696216828
0 1372.0286405808795 964.0131281761717 0.0572811617587737 0.026256352343308864
0 1564.0443727309398 978.0108695652174 0.08874546187979024 0.021739130434782608
0 1845.0260185558693 965.0118577075099 0.05203711173860428 0.023715415019762844
0 370.0344897135942 1167.0162337662337 0.06897942718838242 0.032467532467532464
0 621.0419524001613 1156.016939582157 0.08390480032271078 0.03387916431394692
0 849.0028237192416 1230.004658385093 0.005647438483259379 0.009316770186335404
0 933.0671641791045 1158.0177865612648 0.13432835820895522 0.03557312252964427
0 1330.0108914885034 1163.0097402597403 0.021782977006857603 0.01948051948051948
0 1464.0445744251715 1184.0064935064936 0.0891488503428802 0.012987012987012988
0 1736.0413473174667 1159.0179277244495 0.0826946349334409 0.03585544889892716
0 2006.0197660346914 1148.0197628458498 0.03953206938281565 0.039525691699604744
0 366.10750302541345 1352.0201863354037 0.21500605082694635 0.040372670807453416
0 973.0516337232755 1365.0159514398645 0.10326744655102864 0.03190287972896669
0 1306.040742234772 1341.0173630717109 0.08148446954417103 0.03472614342179559
0 1568.0213795885438 1336.0108695652175 0.042759177087535294 0.021739130434782608
0 1730.0516337232755 1339.0199040090345 0.10326744655102864 0.03980801806888763
0 2040.0207745058492 1324.0191981931112 0.04154901169826543 0.038396386222473176
0 345.02016942315447 1521.0101637492942 0.04033884630899556 0.020327498588368152
0 509.0484066155708 1520.0108695652175 0.09681323114158935 0.021739130434782608
0 842.0609116579266 1544.0158102766798 0.1218233158531666 0.03162055335968379
0 1190.0786607503026 1524.0175042348956 0.15732150060508268 0.03500846979107849
0 1587.0042355788623 1584.005928853755 0.008471157724889069 0.011857707509881422
0 1669.0465913674868 1552.0141163184642 0.09318273497377975 0.028232636928289104
0 377.05324727712787 1893.0088932806325 0.10649455425574829 0.017786561264822136
0 710.0732150060509 1906.014539808018 0.1464300121016539 0.029079616036137776
0 1130.0026220250102 1940.001976284585 0.0052440500201694235 0.003952569169960474
0 1211.006655909641 1868.010304912479 0.013311819281968536 0.020609824957651044
0 1316.0312626058894 1878.009034443817 0.06252521177894312 0.018068887634105024
0 1525.0582896329165 1879.016516092603 0.11657926583299717 0.03303218520609825
0 1894.0246066962484 1867.0093167701864 0.04921339249697459 0.018633540372670808
0 371.03509479628883 2049.011010728402 0.07018959257765228 0.0220214568040655
0 609.0334812424364 2055.016939582157 0.06696248487293263 0.03387916431394692
0 860.0106897942719 2078.0069169960475 0.021379588543767647 0.01383399209486166
0 956.0205728116176 2050.010587238848 0.041145623235175476 0.021174477696216828
0 1156.0431625655506 2055.010587238848 0.08632513110125051 0.021174477696216828
0 1431.0419524001613 2059.0175042348956 0.08390480032271078 0.03500846979107849
0 1702.0161355385235 2053.0201863354037 0.03227107704719645 0.040372670807453416
0 1846.0657523194836 2065.0179277244492 0.13150463896732553 0.03585544889892716
0 2177.0038321903994 2117.005364201016 0.007664380798709157 0.010728402032749858
0 388.02722872125855 2216.012987012987 0.05445744251714401 0.025974025974025976
0 597.1308995562727 2246.017221908526 0.2617991125453812 0.034443817052512704
0 1335.0893505445745 2245.0131281761714 0.17870108914885036 0.026256352343308864
0 1873.0286405808795 2216.0103049124787 0.0572811617587737 0.020609824957651044
0 391.0641387656313 2424.0183512140034 0.12827753126260588 0.03670242800677583
0 784.0223880597015 2410.0104460756634 0.04477611940298507 0.020892151326933936
0 949.0334812424364 2446.014680971203 0.06696248487293263 0.029361942405420668
0 1202.0149253731342 2397.0176453980803 0.029850746268656716 0.035290796160361376
0 1334.0237999193223 2413.0088932806325 0.04759983864461476 0.017786561264822136
0 1575.0496167809602 2385.0151044607564 0.09923356192012908 0.03020892151326934
0 1905.0302541347316 2413.015245623941 0.060508269463493344 0.030491247882552232
0 2117.0020169423155 2478.001129305477 0.004033884630899556 0.002258610954263128
