0 0.1653892698668818 0.23122529644268774 0.0572811617587737 0.037267080745341616
0 0.2527228721258572 0.2289666854884246 0.1044776119402985 0.03896103896103896
0 0.34489713594191207 0.22077922077922077 0.050826946349334406 0.015245623941276116
0 0.390480032271077 0.2186617730095991 0.024203307785397338 0.0189158667419537
0 0.42396127470754336 0.22473178994918125 0.014521984671238403 0.010163749294184076
0 0.46893908834207343 0.22628458498023715 0.043162565550625254 0.027950310559006212
0 0.5229931423961275 0.2224731789949181 0.03993545784590561 0.015810276679841896
0 0.5790641387656313 0.22444946357989837 0.04881000403388463 0.02710333145115754
0 0.6308995562726906 0.22571993224167136 0.02581686163775716 0.010446075663466968
0 0.7047196450181524 0.2289666854884246 0.08229124647035095 0.033314511575381144
0 0.7985074626865671 0.22162619988706944 0.09237595804759983 0.01693958215697346
0 0.8503428801936265 0.23362507058159232 0.003227107704719645 0.008752117447769622
0 0.8914885034288019 0.22317899491812535 0.0653489310205728 0.016657255787690572
0 0.15248083904800322 0.27004517221908525 0.024203307785397338 0.018351214003387916
0 0.21702299314239612 0.2704686617730096 0.08309802339653086 0.019762845849802372
0 0.2626058894715611 0.27780914737436474 0.0024203307785397336 0.0016939582156973462
0 0.29265832997176283 0.27300959909655564 0.04235578862444534 0.015810276679841896
0 0.35054457442517145 0.2701863354037267 0.045986284792254944 0.017504234895539244
0 0.40843081887858007 0.2732919254658385 0.04719645018152481 0.02766798418972332
0 0.4663170633319887 0.27625635234330886 0.04517950786607503 0.009881422924901186
0 0.509076240419524 0.27540937323546016 0.016942315449778138 0.009316770186335404
0 0.581887858007261 0.2714568040654997 0.10044372730939895 0.01948051948051948
0 0.6746672045179508 0.2707509881422925 0.07866075030254134 0.019762845849802372
0 0.7404195240016136 0.2758328627893845 0.02864058087938685 0.009599096555618294
0 0.7704719645018152 0.2766798418972332 0.014521984671238403 0.00846979107848673
0 0.8235175473981444 0.2802089215132693 0.06897942718838242 0.03190287972896669
0 0.9025816861637758 0.2704686617730096 0.0609116579265833 0.0220214568040655
0 0.9415086728519564 0.2790796160361378 0.0024203307785397336 0.001976284584980237
0 0.15772488906817264 0.31945228684359117 0.048406615570794675 0.020045172219085264
0 0.2117789431222267 0.320016939582157 0.029043969342476807 0.021174477696216828
0 0.25978217022993144 0.32594579333709767 0.033884630899556276 0.03303218520609825
0 0.3263412666397741 0.3300395256916996 0.05889471561113352 0.04009034443817053
0 0.363251311012505 0.33258046301524563 0.002016942315449778 0.007340485601355167
0 0.3914885034288019 0.32481648785996614 0.03509479628882614 0.03020892151326934
0 0.4628882613957241 0.32481648785996614 0.06171843485276321 0.009881422924901186
0 0.5631302944735781 0.32707509881422925 0.136345300524405 0.028514963297571992
0 0.6688180718031465 0.32185206098249575 0.0500201694231545 0.018068887634105024
0 0.7339653085921742 0.3265104460756635 0.04154901169826543 0.01101072840203275
0 0.8120209762000806 0.32594579333709767 0.09116579265832997 0.031338226990400904
0 0.899556272690601 0.33300395256917 0.06212182331585317 0.018351214003387916
0 0.15873336022589754 0.3719649915302089 0.040742234772085516 0.016657255787690572
0 0.24021782977006859 0.3715415019762846 0.08834207341670028 0.01693958215697346
0 0.33501411859620817 0.3746470920383964 0.06736587333602259 0.029361942405420668
0 0.3898749495764421 0.37210615471485037 0.02944735780556676 0.020327498588368152
0 0.4564340459862848 0.383399209486166 0.07462686567164178 0.025974025974025976
0 0.5746268656716418 0.37888198757763975 0.12868091972569584 0.037267080745341616
0 0.6843485276321097 0.3706945228684359 0.07059298104074223 0.0220214568040655
0 0.7238805970149254 0.38198757763975155 0.0028237192416296895 0.0016939582156973462
0 0.7472771278741428 0.3739412761151892 0.014925373134328358 0.01948051948051948
0 0.8025413473174667 0.3826933935629588 0.07059298104074223 0.04319593450028233
0 0.8868495361032674 0.37238848108413325 0.06252521177894312 0.015245623941276116
0 0.17022993142396128 0.4205251270468662 0.06292860024203308 0.020609824957651044
0 0.22347720855183542 0.42730095990965555 0.01855586930213796 0.010446075663466968
0 0.30032271077047196 0.4233483907396951 0.08753529649052037 0.017221908526256352
0 0.4590560709963695 0.429983060417843 0.1863654699475595 0.03557312252964427
0 0.6111335215812828 0.4209486166007905 0.07987091569181122 0.020892151326933936
0 0.6573215006050827 0.43252399774138905 0.003630496167809601 0.007340485601355167
0 0.7065348931020573 0.42631281761716544 0.06736587333602259 0.02710333145115754
0 0.7684550221863655 0.4295595708639187 0.03307785397337636 0.032467532467532464
0 0.827954820492134 0.4234895539243365 0.043162565550625254 0.018068887634105024
0 0.9211375554659137 0.42476002258610956 0.11980637353771682 0.0189158667419537
0 0.9897135941912061 0.43167701863354035 0.002016942315449778 0.002258610954263128
0 0.18495361032674465 0.5228684359119141 0.0826946349334409 0.019198193111236588
0 0.23436869705526422 0.5343026538678712 0.003227107704719645 0.008752117447769622
0 0.2702702702702703 0.5280914737436476 0.023396530859217425 0.009881422924901186
0 0.336224283985478 0.5245623941276115 0.0681726502622025 0.017504234895539244
0 0.38241226300927794 0.5343026538678712 0.003227107704719645 0.006493506493506494
0 0.40984267849939493 0.5276679841897233 0.026623638563937072 0.009034443817052512
0 0.49213392496974584 0.52343308865048 0.08874546187979024 0.019762845849802372
0 0.5718031464300121 0.5276679841897233 0.02944735780556676 0.010163749294184076
0 0.6175877369907221 0.5283738001129306 0.016942315449778138 0.00818746470920384
0 0.6912061315046389 0.5343026538678712 0.09318273497377975 0.022868435911914172
0 0.8202904396934247 0.529785431959345 0.13110125050423557 0.031338226990400904
0 0.9106494554255748 0.5269621682665161 0.031060911657926585 0.03359683794466403
0 0.15167406212182333 0.5787690570299266 0.014521984671238403 0.009599096555618294
0 0.22065348931020573 0.5821569734613213 0.07987091569181122 0.03557312252964427
0 0.3654699475594998 0.5734048560135516 0.1799112545381202 0.018633540372670808
0 0.5167406212182332 0.5828627893845285 0.09842678499394918 0.023997741389045736
0 0.5748285599031868 0.5837097684923772 0.0024203307785397336 0.001976284584980237
