0 365.0250100847116 735.0104460756635 0.0500201694231545 0.020892151326933936
0 567.0141185962082 741.009457933371 0.028237192416296894 0.0189158667419537
0 696.034086325131 749.0091756070017 0.0681726502622025 0.018351214003387916
0 892.0167406212182 787.009457933371 0.033481242436466316 0.0189158667419537
0 1009.0306575231948 744.0115753811406 0.06131504638967326 0.023150762281197064
0 1204.0131101250504 748.0111518915867 0.026220250100847116 0.022303783173348392
0 1313.0294473578056 743.0118577075099 0.05889471561113352 0.023715415019762844
0 1490.0209762000807 739.018915866742 0.04195240016135539 0.0378317334839074
0 1641.0074626865671 806.0040937323546 0.014925373134328358 0.00818746470920384
0 1697.0316659943526 731.0203274985884 0.06333198870512304 0.040654997176736304
0 1869.031060911658 746.0165160926031 0.06212182331585317 0.03303218520609825
0 2040.0185558693022 742.0159514398645 0.03711173860427592 0.03190287972896669
0 369.0233965308592 906.0103049124788 0.04679306171843485 0.020609824957651044
0 526.0258168616377 912.0146809712027 0.05163372327551432 0.029361942405420668
0 715.0268253327955 928.0084697910785 0.0536506655909641 0.01693958215697346
0 896.0361032674466 921.0107284020328 0.07220653489310205 0.021456804065499716
0 1098.0338846308996 912.0127046866178 0.06776926179911255 0.025409373235460192
0 1305.0131101250504 930.0103049124788 0.026220250100847116 0.020609824957651044
0 1444.0280354981849 928.0111518915867 0.056070996369503835 0.022303783173348392
0 1606.0300524405002 928.0125635234331 0.06010488100040339 0.0251270468661773
0 1818.0108914885034 939.0091756070017 0.021782977006857603 0.018351214003387916
0 1919.0264219443325 920.0132693393563 0.052843888664784185 0.026538678712591756
0 366.02682533279545 1257.0128458498023 0.0536506655909641 0.025691699604743084
0 589.035901573215 1306.014539808018 0.07180314643001211 0.029079616036137776
0 842.0167406212182 1264.0186335403728 0.033481242436466316 0.037267080745341616
0 945.0153287615974 1318.0045172219086 0.03065752319483663 0.009034443817052512
0 1077.0262202501008 1323.0047995482778 0.05244050020169423 0.009599096555618294
0 1306.026623638564 1266.0132693393564 0.053247277127874144 0.026538678712591756
0 1467.0334812424364 1269.0136928289103 0.06696248487293263 0.027385657820440428
0 1684.020371117386 1257.0203274985884 0.040742234772085516 0.040654997176736304
0 1855.0657523194836 1286.0117165443253 0.13150463896732553 0.023433088650479956
0 381.0139169019766 1479.0053642010164 0.027833803953206938 0.010728402032749858
0 529.065147236789 1454.018915866742 0.13029447357805568 0.0378317334839074
0 850.0062525211779 1510.006634669678 0.012505042355788625 0.013269339356295878
0 952.0278338039532 1440.0124223602484 0.055667607906413875 0.024844720496894408
0 1158.0177490923759 1452.0119988706945 0.035498184751916094 0.023997741389045736
0 1332.0631302944735 1452.0119988706945 0.1262605889471561 0.023997741389045736
0 1694.0572811617587 1456.014539808018 0.1145623235175474 0.029079616036137776
0 2002.0189592577651 1460.0162337662337 0.03791851553045583 0.032467532467532464
0 384.05344897135944 1616.0186335403728 0.10689794271883823 0.037267080745341616
0 722.035901573215 1630.012987012987 0.07180314643001211 0.025974025974025976
0 941.018152480839 1632.012563523433 0.03630496167809601 0.0251270468661773
0 1083.0342880193627 1632.011010728402 0.06857603872529246 0.0220214568040655
0 1348.058087938685 1639.0190570299267 0.11617587736990723 0.03811405985319029
0 1701.0437676482452 1648.0111518915867 0.08753529649052037 0.022303783173348392
0 1936.034086325131 1646.0131281761717 0.0681726502622025 0.026256352343308864
0 371.04235578862443 1789.0166572557878 0.08471157724889068 0.033314511575381144
0 683.0191609519968 1786.0176453980803 0.038321903993545785 0.035290796160361376
0 825.0346914078258 1796.0136928289103 0.06938281565147236 0.027385657820440428
0 1094.0592981040743 1806.022444946358 0.11859620814844696 0.04488989271597967
0 1433.0153287615974 1833.0104460756634 0.03065752319483663 0.020892151326933936
0 1557.0223880597016 1805.0134105025409 0.04477611940298507 0.026821005081874648
0 1705.0449778136344 1803.0173630717109 0.0899556272690601 0.03472614342179559
0 1965.003025413473 1884.0018351214003 0.0060508269463493344 0.0036702428006775835
0 2039.031060911658 1815.0117165443253 0.06212182331585317 0.023433088650479956
0 378.04497781363455 1977.0127046866178 0.0899556272690601 0.025409373235460192
0 680.0350947962888 1983.0115753811406 0.07018959257765228 0.023150762281197064
0 951.038120209762 1988.0117165443253 0.07624041952400161 0.023433088650479956
0 1238.031867688584 2007.0093167701864 0.063735377168213 0.018633540372670808
0 1380.0104881000404 2061.0088932806325 0.020976200080677694 0.017786561264822136
0 1454.0167406212183 1989.016939582157 0.033481242436466316 0.03387916431394692
0 1533.0268253327954 2031.005505364201 0.0536506655909641 0.01101072840203275
0 1658.0056474384833 2057.005081874647 0.011294876966518758 0.010163749294184076
0 1749.0157321500606 1992.0112930547714 0.03146430012101654 0.02258610954263128
0 1880.0439693424769 1999.0108695652175 0.08793868495361033 0.021739130434782608
0 2106.016538926987 1999.012563523433 0.03307785397337636 0.0251270468661773
0 370.03670835014117 2160.012987012987 0.07341670028237192 0.025974025974025976
0 629.020371117386 2200.005505364201 0.040742234772085516 0.01101072840203275
0 809.0365066559096 2173.01185770751 0.07301331181928197 0.023715415019762844
0 1067.0419524001613 2188.0156691134953 0.08390480032271078 0.031338226990400904
0 1288.0046389673255 2240.005505364201 0.00927793465106898 0.01101072840203275
0 1358.038523598225 2198.0095990965556 0.07704719645018153 0.019198193111236588
0 1625.027027027027 2172.013833992095 0.05405405405405406 0.02766798418972332
0 1822.015127067366 2187.0124223602484 0.030254134731746672 0.024844720496894408
0 1955.0169423154498 2201.0101637492944 0.033884630899556276 0.020327498588368152
0 338.0554659136749 2345.0103049124787 0.11093182734973779 0.020609824957651044
0 671.0193626462283 2332.012987012987 0.03872529245663574 0.025974025974025976
0 779.0365066559096 2328.0208921513267 0.07301331181928197 0.04178430265386787
0 1004.0484066155708 2339.012563523433 0.09681323114158935 0.0251270468661773
0 1292.0298507462687 2355.01185770751 0.05970149253731343 0.023715415019762844
0 1509.0457845905607 2360.01185770751 0.09156918112141993 0.023715415019762844
0 1810.0183541750705 2408.004799548278 0.03670835014118596 0.009599096555618294
0 1963.031060911658 2388.0088932806325 0.06212182331585317 0.017786561264822136
0 324.02178297700686 2508.012704686618 0.04356595401371521 0.025409373235460192
0 454.04699475595 2487.0227272727275 0.09398951189995966 0.045454545454545456
0 757.0201694231545 2494.01976284585 0.04033884630899556 0.039525691699604744
0 915.0576845502219 2568.01185770751 0.11536910044372731 0.023715415019762844
0 1184.0104881000404 2595.009316770186 0.020976200080677694 0.018633540372670808
0 1273.062121823316 2547.0182100508187 0.12424364663170634 0.036420101637492944
0 1626.0586930213797 2532.0227272727275 0.11738604275917709 0.045454545454545456
0 1915.0060508269464 2618.0056465273856 0.012101653892698669 0.01129305477131564
0 1969.0419524001613 2565.013269339356 0.08390480032271078 0.026538678712591756
0 2192.006655909641 2629.001976284585 0.013311819281968536 0.003952569169960474
