0 0.17204517950786608 0.2649632975719932 0.0754336425978217 0.017786561264822136
0 0.28418717224687373 0.26453980801806887 0.11496571198063735 0.019762845849802372
0 0.3348124243646632 0.27216261998870694 0.009681323114158934 0.00846979107848673
0 0.3654699475594998 0.27032749858836813 0.016942315449778138 0.00818746470920384
0 0.4203307785397338 0.269339356295878 0.0645421540943929 0.024844720496894408
0 0.4947559499798306 0.2682100508187465 0.05526421944332392 0.009599096555618294
0 0.5175473981444131 0.2751270468661773 0.005647438483259379 0.004799548277809147
0 0.5631302944735781 0.26651609260304915 0.05808793868495361 0.014116318464144552
0 0.6456232351754739 0.2651044607566347 0.06494554255748286 0.015810276679841896
0 0.7065348931020573 0.2691981931112366 0.06010488100040339 0.008752117447769622
0 0.7835820895522388 0.2673630717108978 0.06413876563130294 0.015810276679841896
0 0.20592981040742234 0.31620553359683795 0.1383622428398548 0.015810276679841896
0 0.31423961274707546 0.31592320722755507 0.05163372327551432 0.014680971202710334
0 0.3763614360629286 0.31959345002823264 0.053247277127874144 0.006775832862789385
0 0.44796288826139574 0.31874647092038394 0.058491327148043566 0.00846979107848673
0 0.5925776522791448 0.3222755505364201 0.20814844695441712 0.027385657820440428
0 0.7081484469544171 0.32171089779785433 0.006857603872529245 0.008752117447769622
0 0.7349737797498992 0.320016939582157 0.016942315449778138 0.007622811970638058
0 0.8108108108108109 0.3169113495200452 0.10407422347720856 0.017221908526256352
0 0.16155707946752723 0.3660361377752682 0.05526421944332392 0.017221908526256352
0 0.31867688584106496 0.36575381140598534 0.21702299314239612 0.017786561264822136
0 0.43686970552642196 0.3719649915302089 0.004033884630899556 0.001976284584980237
0 0.46772892295280355 0.36575381140598534 0.024606696248487294 0.014398644833427442
0 0.517749092375958 0.36575381140598534 0.035901573215006054 0.014398644833427442
0 0.6339249697458653 0.36688311688311687 0.1536910044372731 0.017221908526256352
0 0.7898346107301332 0.3674477696216827 0.11375554659136748 0.017786561264822136
0 0.8717224687373941 0.36716544325239975 0.02581686163775716 0.013269339356295878
0 0.15469947559499797 0.41727837380011296 0.06736587333602259 0.012422360248447204
0 0.1964501815248084 0.42518351214003386 0.011294876966518758 0.006211180124223602
0 0.24263816054860832 0.4178430265386787 0.06333198870512304 0.012422360248447204
0 0.31887858007260994 0.41671372106154714 0.06413876563130294 0.017504234895539244
0 0.372730939895119 0.41981931112365894 0.03065752319483663 0.007340485601355167
0 0.4592577652279145 0.41756070016939584 0.11093182734973779 0.01637492941840768
0 0.5197660346914078 0.4253246753246753 0.00927793465106898 0.006493506493506494
0 0.5445744251714401 0.42080745341614906 0.016135538523598225 0.00818746470920384
0 0.5988301734570391 0.4203839638622247 0.06252521177894312 0.020327498588368152
0 0.6799112545381202 0.4203839638622247 0.07220653489310205 0.024280067758328628
0 0.7470754336425979 0.4161490683229814 0.03953206938281565 0.01693958215697346
0 0.772488906817265 0.4192546583850932 0.0024203307785397336 0.0016939582156973462
0 0.8186768858410649 0.41953698475437606 0.07301331181928197 0.019762845849802372
0 0.8896732553448972 0.4215132693393563 0.0536506655909641 0.012987012987012988
0 0.19302137958854376 0.47162619988706944 0.1472367890278338 0.021739130434782608
0 0.30052440500201694 0.4688029361942405 0.03872529245663574 0.016092603049124788
0 0.4045986284792255 0.4730378317334839 0.12827753126260588 0.027385657820440428
0 0.572206534893102 0.470214568040655 0.16417910447761194 0.01948051948051948
0 0.6617587736990722 0.47699040090344436 0.0060508269463493344 0.004234895539243365
0 0.7055264219443323 0.47063805759457933 0.03711173860427592 0.01355166572557877
0 0.7628075837031061 0.4683794466403162 0.04356595401371521 0.015810276679841896
0 0.8263412666397741 0.47134387351778656 0.04719645018152481 0.008752117447769622
0 0.14784187172246874 0.5146809712027103 0.03670835014118596 0.01693958215697346
0 0.23880597014925373 0.5170807453416149 0.1073013311819282 0.018351214003387916
0 0.33319887051230335 0.5177865612648221 0.05163372327551432 0.01637492941840768
0 0.4144816458249294 0.5166572557876906 0.05929810407422348 0.015245623941276116
0 0.5197660346914078 0.5227272727272727 0.1335215812827753 0.022303783173348392
0 0.617789431222267 0.5183512140033879 0.040742234772085516 0.015810276679841896
0 0.7246873739411053 0.5173630717108978 0.11335215812827754 0.016092603049124788
0 0.8311819281968535 0.5172219085262564 0.07704719645018153 0.015245623941276116
0 0.1417910447761194 0.5691699604743083 0.027833803953206938 0.023715415019762844
0 0.2382008874546188 0.5719932241671372 0.118192819685357 0.029361942405420668
0 0.34328358208955223 0.5667701863354038 0.05244050020169423 0.017221908526256352
0 0.4058087938684954 0.567476002258611 0.028237192416296894 0.01637492941840768
0 0.46954417103670837 0.5662055335968379 0.06696248487293263 0.017786561264822136
0 0.5411456232351755 0.5715697346132129 0.06010488100040339 0.007622811970638058
0 0.6151674062121824 0.5708639186900056 0.06131504638967326 0.009034443817052512
0 0.6655909640984268 0.5711462450592886 0.014521984671238403 0.00846979107848673
0 0.7333602258975394 0.5666290231507622 0.0645421540943929 0.018633540372670808
0 0.8212989108511497 0.5694522868435912 0.06696248487293263 0.01693958215697346
0 0.17789431222267044 0.6182947487295314 0.10165389269866881 0.01637492941840768
0 0.27410246066962485 0.6222473178994918 0.038321903993545785 0.024280067758328628
0 0.39572408229124645 0.6239412761151891 0.16135538523598225 0.02766798418972332
0 0.5082694634933441 0.6190005646527386 0.02016942315449778 0.016092603049124788
0 0.5709963695038321 0.6199887069452287 0.06413876563130294 0.015810276679841896
0 0.6474384832593788 0.6208356860530774 0.050826946349334406 0.018633540372670808
0 0.7105687777329568 0.6236589497459063 0.05203711173860428 0.00846979107848673
0 0.77349737797499 0.6212591756070017 0.0326744655102864 0.0189158667419537
0 0.8237192416296893 0.6195652173913043 0.04033884630899556 0.014398644833427442
0 0.17244856797095603 0.6675607001693958 0.09640984267849939 0.020045172219085264
0 0.24606696248487292 0.6692546583850931 0.009681323114158934 0.017786561264822136
0 0.26300927793465106 0.6737718802936195 0.029850746268656716 0.007058159232072276
0 0.3771682129891085 0.669819311123659 0.14602662363856395 0.014398644833427442
0 0.5076643807987091 0.668548842461886 0.0826946349334409 0.01637492941840768
0 0.6234368697055265 0.6681253529079616 0.09802339653085922 0.015527950310559006
0 0.7494957644211375 0.6757481648785997 0.12989108511496572 0.023433088650479956
0 0.8602258975393303 0.6699604743083004 0.051230334812424366 0.020892151326933936
0 0.16438079870915692 0.7210615471485037 0.06655909640984267 0.024280067758328628
0 0.21964501815248083 0.7188029361942405 0.021379588543767647 0.018068887634105024
0 0.3154497781363453 0.7188029361942405 0.12666397741024607 0.01637492941840768
0 0.41528842275110933 0.7210615471485037 0.04477611940298507 0.018068887634105024
0 0.49939491730536506 0.7186617730095991 0.07099636950383219 0.017221908526256352
0 0.5830980233965308 0.7188029361942405 0.05929810407422348 0.01637492941840768
0 0.6292860024203307 0.7200734048560136 0.01290843081887858 0.01948051948051948
0 0.6744655102864058 0.7186617730095991 0.06615570794675273 0.01383399209486166
0 0.7035094796288827 0.7309429700734048 0.01936264622831787 0.012422360248447204
0 0.7783380395320694 0.7252964426877471 0.08350141185962082 0.03274985883681536
0 0.8265429608713191 0.7347543760587238 0.011294876966518758 0.009316770186335404
0 0.8588140379185155 0.7288255223037832 0.03307785397337636 0.028514963297571992
