0 361.0409439290036 708.0119988706945 0.08188785800726099 0.023997741389045736
0 663.0304558289633 711.011434217956 0.0609116579265833 0.022868435911914172
0 878.0165389269866 711.0107284020328 0.03307785397337636 0.021456804065499716
0 1025.0316659943526 707.0108695652174 0.06333198870512304 0.021739130434782608
0 1209.0147236789028 719.0093167701864 0.02944735780556676 0.018633540372670808
0 1288.0082694634934 722.0090344438171 0.01653892698668818 0.018068887634105024
0 1392.0193626462283 721.0097402597403 0.03872529245663574 0.01948051948051948
0 1516.008471157725 719.0103049124788 0.016942315449778138 0.020609824957651044
0 1636.0494150867285 724.009457933371 0.09883017345703912 0.0189158667419537
0 1956.0191609519968 747.0053642010164 0.038321903993545785 0.010728402032749858
0 372.02077450584915 889.0111518915867 0.04154901169826543 0.022303783173348392
0 563.0976200080678 889.0199040090345 0.1952400161355385 0.03980801806888763
0 1050.0010084711578 958.0011293054771 0.002016942315449778 0.002258610954263128
0 1107.0167406212183 912.0080463015246 0.033481242436466316 0.016092603049124788
0 1254.037716821299 897.0105872388481 0.0754336425978217 0.021174477696216828
0 1553.0165389269866 911.0079051383399 0.03307785397337636 0.015810276679841896
0 1735.0617184348528 906.0103049124788 0.12343686970552642 0.020609824957651044
0 2068.039330375151 930.0064935064935 0.07866075030254134 0.012987012987012988
0 369.07724889068174 1072.011010728402 0.15449778136345302 0.0220214568040655
0 797.0197660346914 1121.004658385093 0.03953206938281565 0.009316770186335404
0 979.0393303751513 1085.0094579333709 0.07866075030254134 0.0189158667419537
0 1213.008874546188 1084.0101637492942 0.017749092375958047 0.020327498588368152
0 1251.0322710770472 1111.0056465273856 0.0645421540943929 0.01129305477131564
0 1494.012908430819 1097.0069169960475 0.02581686163775716 0.01383399209486166
0 1604.0179507866076 1113.0052230378317 0.035901573215006054 0.010446075663466968
0 1768.0982250907623 1094.0153867871259 0.1964501815248084 0.03077357425183512
0 361.0179507866075 1458.007058159232 0.035901573215006054 0.014116318464144552
0 536.0405405405405 1466.007058159232 0.08108108108108109 0.014116318464144552
0 817.0187575635337 1471.005505364201 0.03751512706736587 0.01101072840203275
0 1001.017749092376 1439.0095990965556 0.035498184751916094 0.019198193111236588
0 1183.037716821299 1448.0087521174478 0.0754336425978217 0.017504234895539244
0 1405.059903186769 1442.0121400338792 0.11980637353771682 0.024280067758328628
0 1775.0108914885034 1469.0057876905703 0.021782977006857603 0.011575381140598532
0 1900.0397337636143 1410.0176453980803 0.07946752722872126 0.035290796160361376
0 357.0871319080274 1608.0124223602484 0.17426381605486083 0.024844720496894408
0 892.0219846712384 1589.018492377188 0.043969342476805166 0.03698475437605872
0 1079.0217829770068 1626.0087521174478 0.04356595401371521 0.017504234895539244
0 1265.0609116579267 1623.0136928289103 0.1218233158531666 0.027385657820440428
0 1580.0054457442518 1653.004376058724 0.010891488503428802 0.008752117447769622
0 1666.0024203307785 1604.003529079616 0.004840661557079467 0.007058159232072276
0 1697.0286405808795 1616.009881422925 0.0572811617587737 0.019762845849802372
0 1893.0272287212586 1619.0101637492942 0.05445744251714401 0.020327498588368152
0 338.0681726502622 1796.0138339920948 0.136345300524405 0.02766798418972332
0 672.0050423557886 1856.0025409373236 0.01008471157724889 0.005081874647092038
0 774.049213392497 1796.010304912479 0.09842678499394918 0.020609824957651044
0 1014.004437273094 1856.0029644268775 0.008874546187979023 0.005928853754940711
0 1083.0411456232353 1801.0186335403728 0.08229124647035095 0.037267080745341616
0 1397.0163372327552 1823.0060700169395 0.0326744655102864 0.012140033879164314
0 1565.0853166599436 1796.0194805194806 0.17063331988705124 0.03896103896103896
0 2057.0215812827755 1831.0060700169395 0.043162565550625254 0.012140033879164314
0 342.04275917708753 1996.0128458498023 0.08551835417507059 0.025691699604743084
0 648.1107301331182 1971.0193393562959 0.22146026623638565 0.03867871259175607
0 1219.0028237192416 2027.001552795031 0.005647438483259379 0.003105590062111801
0 1282.002218636547 1972.001976284585 0.004437273093989512 0.003952569169960474
