0 348.01048810004033 818.0083286278939 0.020976200080677694 0.016657255787690572
0 461.0215812827753 825.007481648786 0.043162565550625254 0.014963297571993224
0 625.0377168212989 829.0079051383399 0.0754336425978217 0.015810276679841896
0 884.013715207745 816.0122811970638 0.02743041549011698 0.02456239412761152
0 1000.031464300121 828.0086109542631 0.06292860024203308 0.017221908526256352
0 1229.0350947962888 816.0100225861096 0.07018959257765228 0.020045172219085264
0 1473.0361032674466 821.0098814229249 0.07220653489310205 0.019762845849802372
0 1712.06655909641 823.0121400338792 0.13311819281968534 0.024280067758328628
0 318.0308592174264 1185.008328627894 0.06171843485276321 0.016657255787690572
0 547.0342880193626 1185.009034443817 0.06857603872529246 0.018068887634105024
0 795.0401371520775 1179.0151044607567 0.08027430415490117 0.03020892151326934
0 1056.040742234772 1178.0094579333709 0.08148446954417103 0.0189158667419537
0 1287.0028237192416 1233.0016939582158 0.005647438483259379 0.0033879164313946925
0 1345.029649052037 1165.0132693393564 0.05929810407422348 0.026538678712591756
0 1542.0506252521177 1184.009034443817 0.10125050423557887 0.018068887634105024
0 1869.0314643001211 1183.0093167701864 0.06292860024203308 0.018633540372670808
0 319.03428801936263 1558.0071993224167 0.06857603872529246 0.014398644833427442
0 591.0302541347318 1563.0069169960475 0.060508269463493344 0.01383399209486166
0 856.0385235982251 1547.0155279503106 0.07704719645018153 0.031055900621118012
0 1132.0463896732554 1539.016516092603 0.0927793465106898 0.03303218520609825
0 1437.0532472771279 1534.0121400338792 0.10649455425574829 0.024280067758328628
0 1775.010689794272 1538.0095990965556 0.021379588543767647 0.019198193111236588
0 1909.0344897135942 1543.0095990965556 0.06897942718838242 0.019198193111236588
0 336.0316659943526 1697.0111518915867 0.06333198870512304 0.022303783173348392
0 535.0016135538524 1773.0016939582158 0.003227107704719645 0.0033879164313946925
0 652.0165389269866 1695.0186335403728 0.03307785397337636 0.037267080745341616
0 830.0744251714401 1715.0172219085262 0.14885034288019364 0.034443817052512704
0 1311.0582896329165 1721.0138339920948 0.11657926583299717 0.02766798418972332
0 1682.0830980233966 1741.011010728402 0.1661960467930617 0.0220214568040655
0 346.03549818475193 1884.0121400338792 0.07099636950383219 0.024280067758328628
0 614.0774505849133 1896.0199040090345 0.15490116982654295 0.03980801806888763
0 1104.0471964501814 1889.0111518915867 0.09439290036304962 0.022303783173348392
0 1322.0042355788623 1944.004658385093 0.008471157724889069 0.009316770186335404
0 1430.0223880597016 1902.009881422925 0.04477611940298507 0.019762845849802372
0 1626.0463896732554 1912.0163749294184 0.0927793465106898 0.03274985883681536
0 1887.0165389269866 1897.0124223602484 0.03307785397337636 0.024844720496894408
0 1992.022589753933 1901.009881422925 0.04517950786607503 0.019762845849802372
0 341.0340863251311 2265.0080463015247 0.0681726502622025 0.016092603049124788
0 617.0506252521178 2278.0062111801244 0.10125050423557887 0.012422360248447204
0 995.028842275111 2257.008752117448 0.057684550221863654 0.017504234895539244
0 1242.0578862444534 2256.010587238848 0.11577248890681727 0.021174477696216828
0 1576.029649052037 2261.009316770186 0.05929810407422348 0.018633540372670808
0 1723.0040338846309 2318.0045172219084 0.008067769261799113 0.009034443817052512
0 1819.019967728923 2271.0076228119706 0.03993545784590561 0.015245623941276116
0 1953.0496167809602 2256.0119988706947 0.09923356192012908 0.023997741389045736
0 352.04437273093987 2435.009881422925 0.08874546187979024 0.019762845849802372
0 655.0179507866075 2441.0084697910784 0.035901573215006054 0.01693958215697346
0 853.0730133118193 2433.0108695652175 0.14602662363856395 0.021739130434782608
0 1329.0189592577651 2430.009457933371 0.03791851553045583 0.0189158667419537
0 1532.0211778943121 2430.0097402597403 0.04235578862444534 0.01948051948051948
0 1688.036304961678 2445.0080463015247 0.07260992335619201 0.016092603049124788
0 1961.0157321500606 2431.014539808018 0.03146430012101654 0.029079616036137776
