0 0.10104881000403389 0.13946922642574816 0.04719645018152481 0.022303783173348392
0 0.13795885437676483 0.1383399209486166 0.058491327148043566 0.00846979107848673
0 0.18515530455828963 0.14144551101072841 0.07220653489310205 0.023150762281197064
0 0.24505849132714805 0.1401750423489554 0.08511496571198064 0.015810276679841896
0 0.29407018959257764 0.14045736871823827 0.06776926179911255 0.01355166572557877
0 0.345703912868092 0.14215132693393562 0.08753529649052037 0.017504234895539244
0 0.37152077450584914 0.14144551101072841 0.02864058087938685 0.009034443817052512
0 0.417910447761194 0.14342179559570864 0.08471157724889068 0.019198193111236588
0 0.4396934247680516 0.1429983060417843 0.026623638563937072 0.0189158667419537
0 0.09217426381605485 0.1650197628458498 0.031060911657926585 0.01101072840203275
0 0.11657926583299717 0.1650197628458498 0.019766034691407825 0.021456804065499716
0 0.1482452601855587 0.16445511010728403 0.021379588543767647 0.017786561264822136
0 0.18152480839048002 0.16459627329192547 0.04235578862444534 0.021174477696216828
0 0.22589753933037515 0.16544325239977414 0.06333198870512304 0.022868435911914172
0 0.2628075837031061 0.16586674195369847 0.05203711173860428 0.0189158667419537
0 0.3019362646228318 0.1686900056465274 0.06333198870512304 0.02258610954263128
0 0.3075837031060912 0.16925465838509315 0.008067769261799113 0.006775832862789385
0 0.3380395320693828 0.16629023150762282 0.0500201694231545 0.014398644833427442
0 0.3783783783783784 0.16629023150762282 0.06776926179911255 0.015245623941276116
0 0.4199273900766438 0.16897233201581027 0.07139975796692215 0.022303783173348392
0 0.12605889471561113 0.19240542066629024 0.10125050423557887 0.02258610954263128
0 0.1791044776119403 0.1895821569734613 0.07422347720855184 0.014680971202710334
0 0.2317466720451795 0.19141727837380013 0.0935861234368697 0.019198193111236588
0 0.27410246066962485 0.19240542066629024 0.06494554255748286 0.011857707509881422
0 0.3338039532069383 0.19184076792772445 0.10246066962484873 0.017786561264822136
0 0.34308188785800725 0.19367588932806323 0.008471157724889069 0.006493506493506494
0 0.41327148043565953 0.19254658385093168 0.1290843081887858 0.019762845849802372
0 0.4374747882210569 0.19282891022021456 0.02702702702702703 0.019198193111236588
0 0.10830980233965308 0.21513269339356295 0.07099636950383219 0.018351214003387916
0 0.15348931020572812 0.21470920383963862 0.05405405405405406 0.020609824957651044
0 0.19947559499798306 0.22120271033314512 0.06655909640984267 0.018351214003387916
0 0.2535296490520371 0.21908526256352343 0.08390480032271078 0.021174477696216828
0 0.28701089148850345 0.21668548842461885 0.0463896732553449 0.008752117447769622
0 0.3380395320693828 0.2217673630717109 0.0891488503428802 0.027950310559006212
0 0.4035901573215006 0.21979107848673066 0.1073013311819282 0.020892151326933936
0 0.427390076643808 0.21696781479390176 0.029043969342476807 0.018068887634105024
0 0.10629286002420331 0.2651044607566347 0.0681726502622025 0.014398644833427442
0 0.15147236789027835 0.2748447204968944 0.06252521177894312 0.034443817052512704
0 0.19665187575635337 0.26792772444946356 0.0790641387656313 0.010728402032749858
0 0.20250100847115773 0.26679841897233203 0.004033884630899556 0.002258610954263128
0 0.23013311819281967 0.2648221343873518 0.02944735780556676 0.017504234895539244
0 0.2390076643807987 0.26877470355731226 0.007664380798709157 0.007340485601355167
0 0.2934651068979427 0.2717391304347826 0.10125050423557887 0.024844720496894408
0 0.33319887051230335 0.26792772444946356 0.053247277127874144 0.020327498588368152
0 0.400161355385236 0.26778656126482214 0.1145623235175474 0.016092603049124788
0 0.42698668818071805 0.268068887634105 0.027833803953206938 0.016657255787690572
0 0.11073013311819283 0.31592320722755507 0.07503025413473174 0.020609824957651044
0 0.20028237192416296 0.32396950875211744 0.15207745058491326 0.03303218520609825
0 0.23618394513916902 0.3166290231507623 0.043162565550625254 0.010728402032749858
0 0.33118192819685355 0.32594579333709767 0.18515530455828963 0.03359683794466403
0 0.4191206131504639 0.32298136645962733 0.14683340056474384 0.028797289666854884
0 0.4203307785397338 0.3210050818746471 0.011294876966518758 0.00846979107848673
0 0.4530052440500202 0.32891022021456806 0.05687777329568374 0.029079616036137776
0 0.10306575231948366 0.353613777526821 0.055667607906413875 0.03670242800677583
0 0.136345300524405 0.34316770186335405 0.02501008471157725 0.019198193111236588
0 0.1972569584509883 0.3492377188029362 0.09560306575231949 0.03811405985319029
0 0.2515127067365873 0.3424618859401468 0.08067769261799113 0.018351214003387916
0 0.2581686163775716 0.3450028232636928 0.01855586930213796 0.028514963297571992
0 0.29790237999193225 0.34217955957086393 0.06575231948366277 0.020892151326933936
0 0.34045986284792257 0.34189723320158105 0.07382008874546188 0.01948051948051948
0 0.40762404195240015 0.34542631281761715 0.11012505042355789 0.02258610954263128
0 0.44675272287212586 0.35163749294184077 0.08672851956434045 0.024844720496894408
0 0.11214199273900767 0.3725296442687747 0.08188785800726099 0.028514963297571992
0 0.13977410246066962 0.3728119706380576 0.025413473174667203 0.03303218520609825
0 0.17688584106494554 0.3675889328063241 0.05244050020169423 0.023715415019762844
0 0.2263009277934651 0.3684359119141728 0.07664380798709157 0.023715415019762844
0 0.26401774909237596 0.36773009599096557 0.06171843485276321 0.020609824957651044
0 0.26744655102864057 0.37140033879164314 0.011294876966518758 0.009316770186335404
0 0.3083904800322711 0.36829474872953133 0.06615570794675273 0.020327498588368152
0 0.34227511093182733 0.36885940146809715 0.0609116579265833 0.010446075663466968
0 0.4116579265832997 0.37210615471485037 0.1254538120209762 0.029926595143986448
0 0.45240016135538524 0.3687182382834557 0.06131504638967326 0.021739130434782608
0 0.47539330375151273 0.37210615471485037 0.03065752319483663 0.005364201016374929
