0 0.11032674465510287 0.1979107848673066 0.06857603872529246 0.03274985883681536
0 0.13311819281968534 0.19085262563523434 0.029850746268656716 0.0033879164313946925
0 0.1782977006857604 0.19113495200451722 0.06252521177894312 0.0189158667419537
0 0.22146026623638565 0.19678147939017504 0.07099636950383219 0.023433088650479956
0 0.28156514723678905 0.1907114624505929 0.09923356192012908 0.020045172219085264
0 0.2944735780556676 0.19042913608130999 0.015328761597418314 0.01948051948051948
0 0.3301734570391287 0.19028797289666854 0.06212182331585317 0.018633540372670808
0 0.3642597821702299 0.18901750423489555 0.0572811617587737 0.018068887634105024
0 0.42315449778136344 0.19042913608130999 0.10407422347720856 0.020327498588368152
0 0.1383622428398548 0.21725014116318464 0.12424364663170634 0.01948051948051948
0 0.19443323920935862 0.2161208356860531 0.09076240419524001 0.014116318464144552
0 0.22025010084711577 0.2149915302089215 0.03469140782573618 0.015245623941276116
0 0.2743041549011698 0.21527385657820441 0.08672851956434045 0.018633540372670808
0 0.2956837434449375 0.21541501976284586 0.0318676885841065 0.018068887634105024
0 0.3344090359015732 0.22134387351778656 0.0572811617587737 0.03303218520609825
0 0.3628479225494151 0.21964991530208922 0.04356595401371521 0.031055900621118012
0 0.39330375151270675 0.21569734613212874 0.053247277127874144 0.020045172219085264
0 0.43263412666397744 0.22007340485601354 0.0609116579265833 0.033314511575381144
0 0.4352561516740621 0.21428571428571427 0.0052440500201694235 0.00282326369282891
0 0.4461476401774909 0.20878035008469792 0.008874546187979023 0.00818746470920384
0 0.09762000806776926 0.24167137210615472 0.03307785397337636 0.0189158667419537
0 0.1680112948769665 0.24647092038396387 0.12020976200080678 0.026538678712591756
0 0.19382815651472368 0.2413890457368718 0.038321903993545785 0.011575381140598532
0 0.2200484066155708 0.24082439299830605 0.029850746268656716 0.017504234895539244
0 0.2644211375554659 0.24153020892151328 0.06978620411456232 0.014680971202710334
0 0.30233965308592176 0.2409655561829475 0.05889471561113352 0.022868435911914172
0 0.33682936668011293 0.24054206662902314 0.05445744251714401 0.019762845849802372
0 0.38221056877773296 0.2404009034443817 0.0754336425978217 0.020892151326933936
0 0.44796288826139574 0.2406832298136646 0.10770471964501815 0.022303783173348392
0 0.12464703509479629 0.32396950875211744 0.09842678499394918 0.03670242800677583
0 0.13029447357805568 0.31747600225861095 0.005647438483259379 0.007058159232072276
0 0.24526018555869303 0.322557876905703 0.22025010084711577 0.032185206098249576
0 0.3325937878176684 0.3178994918125353 0.15933844292053248 0.020609824957651044
0 0.37918515530455826 0.31592320722755507 0.07946752722872126 0.017221908526256352
0 0.4580475998386446 0.3234048560135517 0.1371520774505849 0.034443817052512704
0 0.463493344090359 0.31931112365894976 0.008874546187979023 0.009034443817052512
0 0.10528438886647842 0.34570863918690004 0.05486083098023396 0.03190287972896669
0 0.13432835820895522 0.3414737436476567 0.03872529245663574 0.020045172219085264
0 0.18051633723275515 0.3414737436476567 0.06575231948366277 0.020045172219085264
0 0.2823719241629689 0.3482495765104461 0.1980637353771682 0.03077357425183512
0 0.3130294473578056 0.3451439864483343 0.04679306171843485 0.028232636928289104
0 0.3501411859620815 0.3411914172783738 0.056070996369503835 0.01948051948051948
0 0.46208148446954417 0.34260304912478823 0.200080677692618 0.022303783173348392
0 0.46308995562726907 0.34415584415584416 0.009681323114158934 0.007905138339920948
0 0.11960467930617184 0.3663184641445511 0.09197256958450989 0.023150762281197064
0 0.2101653892698669 0.37337662337662336 0.17063331988705124 0.025691699604743084
0 0.22488906817265025 0.36716544325239975 0.01371520774505849 0.02258610954263128
0 0.2874142799515934 0.3674477696216827 0.11173860427591771 0.020045172219085264
0 0.3646631706333199 0.36702428006775834 0.1319080274304155 0.021739130434782608
0 0.4255748285599032 0.36773009599096557 0.10770471964501815 0.023433088650479956
0 0.43142396127470756 0.3705533596837945 0.010891488503428802 0.01101072840203275
