0 0.10064542154094393 0.11166007905138339 0.05244050020169423 0.012140033879164314
0 0.13755546591367487 0.11420101637492942 0.06696248487293263 0.014963297571993224
0 0.17426381605486083 0.11137775268210051 0.06171843485276321 0.010728402032749858
0 0.20774505849132716 0.11194240542066629 0.048406615570794675 0.010163749294184076
0 0.24969745865268253 0.11194240542066629 0.07220653489310205 0.009316770186335404
0 0.28317870108914883 0.11166007905138339 0.0572811617587737 0.010728402032749858
0 0.32412263009277936 0.11208356860530773 0.07382008874546188 0.01101072840203275
0 0.34409035901573215 0.11194240542066629 0.020572811617587738 0.01129305477131564
0 0.3761597418313836 0.11180124223602485 0.05163372327551432 0.006493506493506494
0 0.42214602662363854 0.11166007905138339 0.0754336425978217 0.007905138339920948
0 0.09519967728922953 0.13918690005646528 0.0391286809197257 0.012704686617730096
0 0.13150463896732553 0.13819875776397517 0.058491327148043566 0.012140033879164314
0 0.15974183138362244 0.1367871259175607 0.041145623235175476 0.007058159232072276
0 0.20431625655506253 0.1367871259175607 0.08108108108108109 0.010163749294184076
0 0.23961274707543365 0.13650479954827782 0.0536506655909641 0.010728402032749858
0 0.2601855586930214 0.1357989836250706 0.02702702702702703 0.009599096555618294
0 0.2956837434449375 0.13890457368718237 0.055667607906413875 0.01129305477131564
0 0.3511496571198064 0.1362224731789949 0.10286405808793868 0.010446075663466968
0 0.37595804759983864 0.13650479954827782 0.03751512706736587 0.006211180124223602
0 0.4203307785397338 0.13664596273291926 0.07301331181928197 0.01129305477131564
0 0.08753529649052037 0.16134952004517222 0.025413473174667203 0.009599096555618294
0 0.14017749092375958 0.16134952004517222 0.08632513110125051 0.008752117447769622
0 0.16014521984671237 0.16092603049124787 0.020976200080677694 0.005081874647092038
0 0.22670431625655507 0.16149068322981366 0.12384025816861638 0.005928853754940711
0 0.23416700282371924 0.16177300959909655 0.006857603872529245 0.002540937323546019
0 0.2537313432835821 0.16092603049124787 0.020572811617587738 0.010163749294184076
0 0.29810407422347723 0.16106719367588934 0.07785397337636143 0.010446075663466968
0 0.3245260185558693 0.16106719367588934 0.03953206938281565 0.00564652738565782
0 0.354376764824526 0.16134952004517222 0.05203711173860428 0.009881422924901186
0 0.3799919322307382 0.16247882552230378 0.0326744655102864 0.010728402032749858
0 0.4431222267043163 0.1634669678147939 0.11294876966518758 0.015245623941276116
0 0.100040338846309 0.18633540372670807 0.053247277127874144 0.007340485601355167
0 0.16256555062525213 0.18873517786561264 0.11254538120209762 0.015245623941276116
0 0.18858410649455426 0.18873517786561264 0.03711173860427592 0.01355166572557877
0 0.20532472771278742 0.1873235460191982 0.019766034691407825 0.010446075663466968
0 0.20935861234368697 0.18675889328063242 0.004033884630899556 0.0016939582156973462
0 0.24505849132714805 0.18788819875776397 0.05526421944332392 0.012704686617730096
0 0.30919725695845096 0.18901750423489555 0.11496571198063735 0.013269339356295878
0 0.3162565550625252 0.18887634105025408 0.003227107704719645 0.005081874647092038
0 0.34288019362646227 0.1873235460191982 0.04679306171843485 0.009881422924901186
0 0.345703912868092 0.18944099378881987 0.0024203307785397336 0.005364201016374929
0 0.36930213795885436 0.18661773009599097 0.03872529245663574 0.006211180124223602
0 0.4213392496974587 0.18746470920383965 0.09923356192012908 0.01101072840203275
0 0.08390480032271078 0.21230942970073405 0.021379588543767647 0.006211180124223602
0 0.15732150060508268 0.21485036702428006 0.1355385235982251 0.014398644833427442
0 0.16337232755143202 0.21513269339356295 0.003630496167809601 0.005928853754940711
0 0.17607906413876562 0.2127329192546584 0.015328761597418314 0.005364201016374929
0 0.2154094392900363 0.21287408243929984 0.0681726502622025 0.006211180124223602
0 0.23517547398144414 0.21470920383963862 0.02702702702702703 0.012987012987012988
0 0.27390076643807987 0.2127329192546584 0.06575231948366277 0.008752117447769622
0 0.3041549011698265 0.21315640880858272 0.051230334812424366 0.009034443817052512
0 0.3656716417910448 0.2127329192546584 0.11052843888664785 0.009881422924901186
0 0.4136748688987495 0.21287408243929984 0.07624041952400161 0.010446075663466968
0 0.10125050423557887 0.23785996612083568 0.05929810407422348 0.009881422924901186
0 0.1327148043565954 0.23743647656691136 0.045986284792254944 0.00846979107848673
0 0.1827349737797499 0.23785996612083568 0.08834207341670028 0.009316770186335404
0 0.1899959661153691 0.23997741389045738 0.0028237192416296895 0.005081874647092038
0 0.22025010084711577 0.23785996612083568 0.05244050020169423 0.009881422924901186
0 0.2529245663574022 0.2381422924901186 0.05203711173860428 0.009599096555618294
0 0.2874142799515934 0.23785996612083568 0.05405405405405406 0.00846979107848673
0 0.31464300121016536 0.2381422924901186 0.04719645018152481 0.009599096555618294
0 0.3501411859620815 0.23828345567476003 0.052843888664784185 0.006775832862789385
0 0.3781766841468334 0.23842461885940147 0.04356595401371521 0.010728402032749858
0 0.4156918112141993 0.23828345567476003 0.06212182331585317 0.008752117447769622
0 0.4225494150867285 0.23828345567476003 0.007664380798709157 0.0016939582156973462
