0 0.10629286002420331 0.14440993788819875 0.07059298104074223 0.042631281761716544
0 0.1500605082694635 0.1373517786561265 0.05526421944332392 0.023997741389045736
0 0.16821298910851148 0.1422924901185771 0.022589753933037516 0.038396386222473176
0 0.22488906817265025 0.13876341050254093 0.08834207341670028 0.015810276679841896
0 0.26764824526018555 0.13636363636363635 0.05889471561113352 0.022868435911914172
0 0.34530052440500203 0.14243365330321853 0.12868091972569584 0.03670242800677583
0 0.3491327148043566 0.14285714285714285 0.006857603872529245 0.009599096555618294
0 0.3741427995159338 0.1432806324110672 0.03670835014118596 0.038396386222473176
0 0.4310205728116176 0.15160926030491248 0.08753529649052037 0.048560135516657256
0 0.09116579265832997 0.16304347826086957 0.03428801936264623 0.024844720496894408
0 0.17265026220250101 0.1671372106154715 0.12384025816861638 0.034161490683229816
0 0.22932634126663978 0.163184641445511 0.07503025413473174 0.023997741389045736
0 0.2537313432835821 0.1637492941840768 0.02743041549011698 0.01693958215697346
0 0.28862444534086323 0.1627611518915867 0.040742234772085516 0.026256352343308864
0 0.3346107301331182 0.163184641445511 0.06897942718838242 0.015245623941276116
0 0.3773699072206535 0.1634669678147939 0.06615570794675273 0.013269339356295878
0 0.40298507462686567 0.1627611518915867 0.03791851553045583 0.01383399209486166
0 0.12464703509479629 0.19579333709768493 0.09802339653085922 0.044042913608131
0 0.14037918515530456 0.18901750423489555 0.01936264622831787 0.02710333145115754
0 0.18313836224283986 0.19042913608130999 0.055667607906413875 0.030491247882552232
0 0.2198467123840258 0.18817052512704688 0.048406615570794675 0.014398644833427442
0 0.24162968939088342 0.1876058723884811 0.013311819281968536 0.02710333145115754
0 0.27853973376361435 0.18746470920383965 0.03146430012101654 0.012987012987012988
0 0.2934651068979427 0.19155844155844157 0.018959257765227916 0.03190287972896669
0 0.31343283582089554 0.192970073404856 0.02944735780556676 0.03472614342179559
0 0.37474788221056876 0.19057029926595143 0.1036708350141186 0.029644268774703556
0 0.436264622831787 0.19889892715979673 0.09762000806776926 0.050536420101637496
0 0.08713190802743041 0.21414455110107283 0.027833803953206938 0.026538678712591756
0 0.16337232755143202 0.21456804065499718 0.12706736587333603 0.029079616036137776
0 0.20310609116579265 0.21964991530208922 0.04033884630899556 0.040654997176736304
0 0.23013311819281967 0.21315640880858272 0.03711173860427592 0.010446075663466968
0 0.28317870108914883 0.21414455110107283 0.09116579265832997 0.023997741389045736
0 0.32412263009277936 0.21386222473178995 0.04921339249697459 0.025974025974025976
0 0.3686970552642194 0.21287408243929984 0.058491327148043566 0.0251270468661773
0 0.3755546591367487 0.2171089779785432 0.005647438483259379 0.007058159232072276
0 0.40762404195240015 0.21287408243929984 0.04759983864461476 0.02710333145115754
0 0.11436062928600242 0.2888198757763975 0.09035901573215006 0.029361942405420668
0 0.15147236789027835 0.2881140598531903 0.027833803953206938 0.02258610954263128
0 0.24526018555869303 0.29488989271597965 0.14804356595401372 0.03557312252964427
0 0.25776522791448164 0.2981366459627329 0.011294876966518758 0.0251270468661773
0 0.3041549011698265 0.2886787125917561 0.0681726502622025 0.023997741389045736
0 0.34872932634126663 0.29150197628458496 0.06978620411456232 0.028514963297571992
0 0.38422751109318276 0.2896668548842462 0.04881000403388463 0.025409373235460192
0 0.4201290843081888 0.2896668548842462 0.05687777329568374 0.02456239412761152
0 0.4606696248487293 0.292772444946358 0.0645421540943929 0.01693958215697346
0 0.07926583299717628 0.339356295878035 0.021782977006857603 0.023715415019762844
0 0.1472367890278338 0.3394974590626765 0.10810810810810811 0.025974025974025976
0 0.18959257765227913 0.3386504799548278 0.04033884630899556 0.023150762281197064
0 0.2825736183945139 0.3455674760022586 0.14320290439693426 0.039243365330321855
0 0.32956837434449376 0.3402032749858837 0.06655909640984267 0.012422360248447204
0 0.3890681726502622 0.3514963297571993 0.0935861234368697 0.05223037831733484
0 0.4025816861637757 0.34288537549407117 0.004437273093989512 0.009316770186335404
0 0.43848325937878174 0.34076792772444947 0.05889471561113352 0.0220214568040655
0 0.11294876966518758 0.36391869000564653 0.0935861234368697 0.024280067758328628
0 0.15429608713190804 0.3642010163749294 0.04356595401371521 0.020045172219085264
0 0.20169423154497781 0.36476566911349523 0.0609116579265833 0.025974025974025976
0 0.25010084711577246 0.3660361377752682 0.04356595401371521 0.02456239412761152
0 0.32432432432432434 0.37238848108413325 0.12303348124243646 0.040654997176736304
0 0.3656716417910448 0.3663184641445511 0.055667607906413875 0.025691699604743084
0 0.4247680516337233 0.36702428006775834 0.09156918112141993 0.03020892151326934
0 0.4550221863654699 0.36617730095990964 0.03146430012101654 0.0033879164313946925
