0 376.01270673658735 933.0064935064935 0.025413473174667203 0.012987012987012988
0 521.019967728923 921.0103049124788 0.03993545784590561 0.020609824957651044
0 696.0350947962888 940.0073404856014 0.07018959257765228 0.014680971202710334
0 936.0576845502219 925.0084697910785 0.11536910044372731 0.01693958215697346
0 1237.0020169423155 980.0009881422925 0.004033884630899556 0.001976284584980237
0 1287.0028237192416 914.0026821005082 0.005647438483259379 0.005364201016374929
0 1293.0149253731342 923.0098814229249 0.029850746268656716 0.019762845849802372
0 1433.0284388866478 920.0093167701864 0.05687777329568374 0.018633540372670808
0 1628.0276321097217 930.0084697910785 0.05526421944332392 0.01693958215697346
0 1784.002218636547 983.0016939582157 0.004437273093989512 0.0033879164313946925
0 1840.0213795885438 932.009457933371 0.042759177087535294 0.0189158667419537
0 2029.003025413473 931.0080463015246 0.0060508269463493344 0.016092603049124788
0 2068.0096813231144 929.0083286278939 0.01936264622831787 0.016657255787690572
0 376.0062525211779 1121.0056465273856 0.012505042355788625 0.01129305477131564
0 487.0163372327551 1101.0069169960475 0.0326744655102864 0.01383399209486166
0 671.0588947156111 1101.0087521174478 0.11778943122226704 0.017504234895539244
0 1052.0373134328358 1101.0131281761717 0.07462686567164178 0.026256352343308864
0 1243.0028237192416 1156.0033879164314 0.005647438483259379 0.006775832862789385
0 1301.0312626058894 1109.0097402597403 0.06252521177894312 0.01948051948051948
0 1473.0020169423155 1163.0021174477697 0.004033884630899556 0.004234895539243365
0 1541.0032271077048 1113.007481648786 0.00645421540943929 0.014963297571993224
0 1573.0145219846713 1107.0081874647092 0.029043969342476807 0.01637492941840768
0 1710.0217829770068 1116.0107284020328 0.04356595401371521 0.021456804065499716
0 1895.007059298104 1133.0049407114625 0.014118596208148447 0.009881422924901186
0 1986.0330778539733 1124.010587238848 0.06615570794675273 0.021174477696216828
0 396.0393303751513 1277.0132693393564 0.07866075030254134 0.026538678712591756
0 616.00262202501 1341.0038114059853 0.0052440500201694235 0.007622811970638058
0 686.0143202904397 1288.0088932806325 0.02864058087938685 0.017786561264822136
0 831.0036304961678 1288.008328627894 0.007260992335619202 0.016657255787690572
0 927.0352964905204 1284.0117165443253 0.07059298104074223 0.023433088650479956
0 1155.0165389269866 1295.0117165443253 0.03307785397337636 0.023433088650479956
0 1333.0278338039532 1304.009034443817 0.055667607906413875 0.018068887634105024
0 1572.0645421540944 1294.0117165443253 0.1290843081887858 0.023433088650479956
0 401.0082694634933 1659.0091756070017 0.01653892698668818 0.018351214003387916
0 532.0215812827753 1685.0069169960475 0.043162565550625254 0.01383399209486166
0 720.0195643404599 1651.009881422925 0.0391286809197257 0.019762845849802372
0 895.0147236789028 1670.0053642010164 0.02944735780556676 0.010728402032749858
0 998.0018152480839 1699.0011293054772 0.003630496167809601 0.002258610954263128
0 1074.0322710770472 1642.012987012987 0.0645421540943929 0.025974025974025976
0 1290.009277934651 1660.0062111801242 0.01855586930213796 0.012422360248447204
0 1393.0405405405406 1644.012563523433 0.08108108108108109 0.0251270468661773
0 1605.0026220250102 1690.0022586109542 0.0052440500201694235 0.004517221908526256
0 1659.0314643001211 1630.0156691134953 0.06292860024203308 0.031338226990400904
0 1871.0108914885034 1648.007058159232 0.021782977006857603 0.014116318464144552
0 1938.0123033481243 1693.0018351214003 0.024606696248487294 0.0036702428006775835
