0 0.08229124647035095 0.1132128740824393 0.03307785397337636 0.028514963297571992
0 0.13029447357805568 0.11095426312817618 0.07260992335619201 0.021456804065499716
0 0.1427995159338443 0.11081309994353472 0.01936264622831787 0.012704686617730096
0 0.2265026220250101 0.11194240542066629 0.14118596208148446 0.0220214568040655
0 0.3323920935861234 0.11758893280632411 0.190802743041549 0.029644268774703556
0 0.3870512303348124 0.11236589497459062 0.08834207341670028 0.0189158667419537
0 0.43586123436869706 0.11278938452851496 0.0754336425978217 0.019198193111236588
0 0.09499798305768455 0.1362224731789949 0.0572811617587737 0.020327498588368152
0 0.1417910447761194 0.13763410502540938 0.07866075030254134 0.0220214568040655
0 0.22065348931020573 0.14525691699604742 0.13876563130294473 0.034443817052512704
0 0.2835820895522388 0.13692828910220214 0.09237595804759983 0.020327498588368152
0 0.3771682129891085 0.13650479954827782 0.1653892698668818 0.020892151326933936
0 0.4386849536103267 0.13777526821005082 0.10044372730939895 0.018068887634105024
0 0.15348931020572812 0.16897233201581027 0.18152480839048002 0.027950310559006212
0 0.1954417103670835 0.1696781479390175 0.06696248487293263 0.03077357425183512
0 0.2747075433642598 0.16247882552230378 0.15167406212182333 0.019198193111236588
0 0.28317870108914883 0.1616318464144551 0.004437273093989512 0.00282326369282891
0 0.3281565147236789 0.16261998870694522 0.053247277127874144 0.017786561264822136
0 0.4056070996369504 0.163184641445511 0.12989108511496572 0.020609824957651044
0 0.44695441710367084 0.16332580463015245 0.06978620411456232 0.020045172219085264
0 0.08894715611133522 0.1876058723884811 0.050826946349334406 0.012422360248447204
0 0.14844695441710368 0.189158667419537 0.10770471964501815 0.014398644833427442
0 0.17809600645421542 0.18675889328063242 0.0326744655102864 0.01637492941840768
0 0.20754336425978218 0.19593450028232637 0.03993545784590561 0.029361942405420668
0 0.23436869705526422 0.1885940146809712 0.03791851553045583 0.012704686617730096
0 0.31988705123033484 0.1956521739130435 0.14804356595401372 0.03867871259175607
0 0.38039532069382814 0.1895821569734613 0.10931827349737798 0.020609824957651044
0 0.4443323920935861 0.189158667419537 0.09640984267849939 0.017221908526256352
0 0.10649455425574829 0.2124505928853755 0.09076240419524001 0.017786561264822136
0 0.13695038321903993 0.2127329192546584 0.043969342476805166 0.014398644833427442
0 0.20149253731343283 0.2137210615471485 0.09762000806776926 0.012704686617730096
0 0.2563533682936668 0.21513269339356295 0.08592174263816055 0.02258610954263128
0 0.2892295280354982 0.21979107848673066 0.0572811617587737 0.031338226990400904
0 0.2900363049616781 0.21823828345567475 0.010488100040338847 0.01129305477131564
0 0.42416296893908834 0.2220496894409938 0.24647035094796288 0.03896103896103896
0 0.13755546591367487 0.23785996612083568 0.1553045582896329 0.020327498588368152
0 0.254941508672852 0.24364765669113495 0.21056877773295685 0.03190287972896669
0 0.3063735377168213 0.23870694522868435 0.0935861234368697 0.0220214568040655
0 0.3981444130697862 0.2385657820440429 0.15691811214199275 0.021739130434782608
0 0.4536103267446551 0.2406832298136646 0.09318273497377975 0.01693958215697346
0 0.10084711577248891 0.2641163184641446 0.0826946349334409 0.018351214003387916
0 0.17103670835014118 0.2641163184641446 0.11012505042355789 0.01383399209486166
0 0.26421944332392094 0.27060982495765107 0.16821298910851148 0.0378317334839074
0 0.2692617991125454 0.2696216826651609 0.012101653892698669 0.014116318464144552
0 0.3533682936668011 0.27188029361942406 0.14400968132311415 0.03274985883681536
0 0.3666801129487697 0.2682100508187465 0.010891488503428802 0.01355166572557877
0 0.43606292860024204 0.2649632975719932 0.12020976200080678 0.022868435911914172
0 0.10346914078257362 0.28952569169960474 0.07301331181928197 0.0251270468661773
0 0.15570794675272287 0.29107848673066067 0.07583703106091166 0.014116318464144552
0 0.1891891891891892 0.2881140598531903 0.0391286809197257 0.018068887634105024
0 0.26220250100847114 0.2891022021456804 0.12666397741024607 0.020327498588368152
0 0.32109721661960466 0.28825522303783174 0.09519967728922953 0.018633540372670808
0 0.3644614764017749 0.28726708074534163 0.05203711173860428 0.012140033879164314
0 0.43404598628479224 0.2886787125917561 0.10165389269866881 0.023433088650479956
0 0.11415893505445744 0.31507622811970637 0.09923356192012908 0.023715415019762844
0 0.19503832190399353 0.31493506493506496 0.1306978620411456 0.016657255787690572
0 0.2244856797095603 0.31832298136645965 0.04154901169826543 0.028514963297571992
0 0.3313836224283985 0.32029926595143987 0.18394513916901978 0.034161490683229816
0 0.3434852763210972 0.3136645962732919 0.0028237192416296895 0.002258610954263128
