0 0.10790641387656313 0.1432806324110672 0.06736587333602259 0.02456239412761152
0 0.145421540943929 0.13594014680971203 0.060508269463493344 0.017504234895539244
0 0.22065348931020573 0.1448334274421231 0.12585720048406615 0.041501976284584984
0 0.24203307785397338 0.13594014680971203 0.02581686163775716 0.018351214003387916
0 0.27490923759580477 0.1367871259175607 0.053247277127874144 0.018068887634105024
0 0.34590560709963697 0.13664596273291926 0.1189995966115369 0.017504234895539244
0 0.44917305365066557 0.1367871259175607 0.18071803146430013 0.020892151326933936
0 0.13029447357805568 0.17221908526256352 0.12101653892698669 0.04121964991530209
0 0.17063331988705124 0.16770186335403728 0.06736587333602259 0.03274985883681536
0 0.1782977006857604 0.163184641445511 0.005647438483259379 0.002258610954263128
0 0.1871722468737394 0.15739695087521174 0.00645421540943929 0.010728402032749858
0 0.19947559499798306 0.16233766233766234 0.015328761597418314 0.020609824957651044
0 0.28297700685760385 0.16233766233766234 0.1464300121016539 0.02258610954263128
0 0.3063735377168213 0.16233766233766234 0.03469140782573618 0.020892151326933936
0 0.37051230334812424 0.1717955957086392 0.10891488503428802 0.041501976284584984
0 0.4580475998386446 0.16177300959909655 0.15893505445744252 0.021739130434782608
0 0.1036708350141186 0.21329757199322416 0.06252521177894312 0.02258610954263128
0 0.15429608713190804 0.21753246753246752 0.08108108108108109 0.03162055335968379
0 0.23013311819281967 0.21315640880858272 0.1327148043565954 0.018633540372670808
0 0.26663977410246065 0.21230942970073405 0.045986284792254944 0.00846979107848673
0 0.3110125050423558 0.21259175607001693 0.07059298104074223 0.0189158667419537
0 0.3338039532069383 0.21315640880858272 0.030254134731746672 0.015527950310559006
0 0.3592174263816055 0.21301524562394128 0.03065752319483663 0.014116318464144552
0 0.4281968535699879 0.21668548842461885 0.1189995966115369 0.026256352343308864
0 0.11879790237999194 0.24025974025974026 0.09640984267849939 0.025974025974025976
0 0.1244453408632513 0.24237718802936195 0.006857603872529245 0.009881422924901186
0 0.1700282371924163 0.23842461885940147 0.07745058491327148 0.021174477696216828
0 0.18858410649455426 0.237012987012987 0.015328761597418314 0.007905138339920948
0 0.2382008874546188 0.24265951439864483 0.07866075030254134 0.029361942405420668
0 0.31020572811617586 0.24308300395256918 0.118192819685357 0.027385657820440428
0 0.35397337636143605 0.23743647656691136 0.06575231948366277 0.01693958215697346
0 0.3892698668818072 0.23771880293619424 0.056070996369503835 0.019198193111236588
0 0.4320290439693425 0.23616600790513834 0.06857603872529246 0.01948051948051948
0 0.08652682533279549 0.268068887634105 0.0318676885841065 0.030491247882552232
0 0.10709963695038321 0.26256352343308864 0.01855586930213796 0.007905138339920948
0 0.1591367486889875 0.26355166572557875 0.09116579265832997 0.0220214568040655
0 0.16599435256151673 0.262987012987013 0.003630496167809601 0.002258610954263128
0 0.19423154497781364 0.2691981931112366 0.04154901169826543 0.033314511575381144
0 0.2428398547801533 0.27060982495765107 0.07139975796692215 0.023715415019762844
0 0.3162565550625252 0.2683512140033879 0.12706736587333603 0.029644268774703556
0 0.35135135135135137 0.2627046866177301 0.050826946349334406 0.017221908526256352
0 0.40964098426784995 0.26355166572557875 0.10810810810810811 0.01129305477131564
0 0.4400968132311416 0.26242236024844723 0.04800322710770472 0.007622811970638058
0 0.07946752722872126 0.2888198757763975 0.01855586930213796 0.009034443817052512
0 0.16841468334005646 0.28952569169960474 0.14683340056474384 0.024844720496894408
0 0.1891891891891892 0.2881140598531903 0.02944735780556676 0.003105590062111801
0 0.2008874546187979 0.2834556747600226 0.005647438483259379 0.009599096555618294
