0 374.0627269060105 694.0121400338792 0.1254538120209762 0.024280067758328628
0 669.0042355788624 775.0053642010164 0.008471157724889069 0.010728402032749858
0 733.082896329165 715.0166572557877 0.16579265832997175 0.033314511575381144
0 1209.0728116175878 707.0100225861096 0.145623235175474 0.020045172219085264
0 1630.0393303751512 702.0179277244495 0.07866075030254134 0.03585544889892716
0 1851.0459862847922 749.0038114059853 0.09197256958450989 0.007622811970638058
0 2078.004840661557 775.005928853755 0.009681323114158934 0.011857707509881422
0 355.0968132311416 1087.0084697910786 0.1936264622831787 0.01693958215697346
0 895.015933844292 1087.0080463015245 0.0318676885841065 0.016092603049124788
0 995.028842275111 1078.0097402597403 0.057684550221863654 0.01948051948051948
0 1212.0582896329165 1076.0094579333709 0.11657926583299717 0.0189158667419537
0 1586.0441710367083 1076.008610954263 0.08834207341670028 0.017221908526256352
0 1855.024405002017 1110.0040937323547 0.04881000403388463 0.00818746470920384
0 2022.031060911658 1078.0081874647092 0.06212182331585317 0.01637492941840768
0 354.05365066559096 1265.0158102766798 0.1073013311819282 0.03162055335968379
0 659.019967728923 1250.0095990965556 0.03993545784590561 0.019198193111236588
0 837.080274304155 1235.0180688876342 0.16054860830980233 0.03613777526821005
0 1227.0078660750303 1286.011010728402 0.01573215006050827 0.0220214568040655
0 1333.0330778539733 1269.00790513834 0.06615570794675273 0.015810276679841896
0 1516.0096813231141 1264.0087521174478 0.01936264622831787 0.017504234895539244
0 1604.0387252924565 1272.0071993224167 0.07745058491327148 0.014398644833427442
0 1855.0193626462283 1300.00395256917 0.03872529245663574 0.007905138339920948
0 343.0861234368697 1419.0111518915867 0.17224687373941105 0.022303783173348392
0 834.013311819282 1439.0087521174478 0.026623638563937072 0.017504234895539244
0 970.0524405002017 1446.0196216826653 0.10488100040338846 0.039243365330321855
0 1306.0346914078257 1426.011010728402 0.06938281565147236 0.0220214568040655
0 1521.033279548205 1429.0153867871259 0.06655909640984267 0.03077357425183512
0 1732.0524405002018 1431.0104460756634 0.10488100040338846 0.020892151326933936
0 2038.037716821299 1441.0081874647092 0.0754336425978217 0.01637492941840768
0 349.04457442517145 1614.0087521174478 0.0891488503428802 0.017504234895539244
0 636.0237999193223 1644.0045172219086 0.04759983864461476 0.009034443817052512
0 806.0365066559096 1630.008328627894 0.07301331181928197 0.016657255787690572
0 1043.0205728116175 1611.0159514398645 0.041145623235175476 0.03190287972896669
0 1197.0179507866076 1657.004376058724 0.035901573215006054 0.008752117447769622
0 1359.031060911658 1607.010587238848 0.06212182331585317 0.021174477696216828
0 1552.0254134731747 1604.016939582157 0.050826946349334406 0.03387916431394692
0 1728.0205728116175 1662.0036702428006 0.041145623235175476 0.007340485601355167
0 1894.089955627269 1604.0114342179559 0.1799112545381202 0.022868435911914172
0 378.0165389269867 1815.005928853755 0.03307785397337636 0.011857707509881422
0 543.1085114965712 1788.0152456239414 0.21702299314239612 0.030491247882552232
0 1074.0048406615572 1856.005505364201 0.009681323114158934 0.01101072840203275
0 1143.0163372327552 1817.0064935064936 0.0326744655102864 0.012987012987012988
0 1287.076643807987 1787.0111518915867 0.15328761597418314 0.022303783173348392
0 1651.0050423557886 1853.0057876905703 0.01008471157724889 0.011575381140598532
0 1721.036304961678 1784.01185770751 0.07260992335619201 0.023715415019762844
0 1935.0383219039936 1777.0180688876342 0.07664380798709157 0.03613777526821005
0 2180.027228721259 1777.0115753811406 0.05445744251714401 0.023150762281197064
0 381.08995562726903 1972.0180688876342 0.1799112545381202 0.03613777526821005
0 891.0189592577652 1963.016939582157 0.03791851553045583 0.03387916431394692
0 1027.0720048406615 1981.0163749294184 0.14400968132311415 0.03274985883681536
0 1466.029245663574 2010.0095990965556 0.058491327148043566 0.019198193111236588
0 1670.0728116175878 1977.0094579333709 0.145623235175474 0.0189158667419537
0 362.07765227914484 2150.01581027668 0.1553045582896329 0.03162055335968379
0 822.0262202501009 2187.0038114059853 0.05244050020169423 0.007622811970638058
0 1018.0129084308189 2149.009881422925 0.02581686163775716 0.019762845849802372
0 1168.0750302541348 2146.010587238848 0.1500605082694635 0.021174477696216828
0 1613.0157321500606 2146.009457933371 0.03146430012101654 0.0189158667419537
0 1716.0018152480839 2206.001270468662 0.003630496167809601 0.002540937323546019
