0 377.02682533279545 738.0091756070017 0.0536506655909641 0.018351214003387916
0 519.002218636547 785.0038114059853 0.004437273093989512 0.007622811970638058
0 569.0169423154498 743.0079051383399 0.033884630899556276 0.015810276679841896
0 720.0231948366277 733.0093167701864 0.0463896732553449 0.018633540372670808
0 868.0558693021379 734.0100225861096 0.11173860427591771 0.020045172219085264
0 1211.0278338039532 736.0090344438171 0.055667607906413875 0.018068887634105024
0 1385.0342880193627 736.0097402597403 0.06857603872529246 0.01948051948051948
0 1613.0627269060105 761.0062111801242 0.1254538120209762 0.012422360248447204
0 1932.0024203307785 792.0015527950311 0.004840661557079467 0.003105590062111801
0 1985.0050423557886 733.0038114059853 0.01008471157724889 0.007622811970638058
0 2024.0209762000807 741.0084697910785 0.04195240016135539 0.01693958215697346
0 374.0520371117386 908.0132693393563 0.10407422347720856 0.026538678712591756
0 646.0028237192416 969.0042348955393 0.005647438483259379 0.00846979107848673
0 699.0046389673255 917.0038114059853 0.00927793465106898 0.007622811970638058
0 769.0118999596612 919.0083286278939 0.02379991932230738 0.016657255787690572
0 888.0290439693425 922.0084697910785 0.05808793868495361 0.01693958215697346
0 1031.0018152480839 978.0031055900621 0.003630496167809601 0.006211180124223602
0 1094.00524405002 906.0040937323546 0.010488100040338847 0.00818746470920384
0 1139.0094796288827 924.0073404856014 0.018959257765227916 0.014680971202710334
0 1256.0663574021783 912.0097402597403 0.1327148043565954 0.01948051948051948
0 1637.0750302541348 924.0103049124788 0.1500605082694635 0.020609824957651044
0 2069.011899959661 923.0083286278939 0.02379991932230738 0.016657255787690572
0 384.0334812424365 1090.0097402597403 0.06696248487293263 0.01948051948051948
0 600.0151270673658 1099.0087521174478 0.030254134731746672 0.017504234895539244
0 706.0076643807987 1125.004658385093 0.015328761597418314 0.009316770186335404
0 831.0643404598628 1114.0091756070017 0.12868091972569584 0.018351214003387916
0 1220.015127067366 1114.0060700169395 0.030254134731746672 0.012140033879164314
0 1349.0062525211779 1121.00395256917 0.012505042355788625 0.007905138339920948
0 1427.0419524001613 1096.0088932806325 0.08390480032271078 0.017786561264822136
0 1704.04699475595 1088.0100225861095 0.09398951189995966 0.020045172219085264
0 1943.0018152480839 1143.0011293054772 0.003630496167809601 0.002258610954263128
0 2031.02743041549 1093.0093167701864 0.05486083098023396 0.018633540372670808
0 372.03529649052035 1262.0104460756634 0.07059298104074223 0.020892151326933936
0 630.0282371924163 1272.0094579333709 0.05647438483259379 0.0189158667419537
0 861.0326744655102 1278.0093167701864 0.0653489310205728 0.018633540372670808
0 1083.007059298104 1309.0047995482778 0.014118596208148447 0.009599096555618294
0 1172.0459862847922 1300.0076228119706 0.09197256958450989 0.015245623941276116
0 1464.0145219846713 1278.008328627894 0.029043969342476807 0.016657255787690572
0 1561.004437273094 1280.0095990965556 0.008874546187979023 0.019198193111236588
0 1642.0165389269866 1278.0097402597403 0.03307785397337636 0.01948051948051948
0 1798.0512303348123 1270.0112930547714 0.10246066962484873 0.02258610954263128
0 371.015530455829 1457.0080463015245 0.031060911657926585 0.016092603049124788
0 516.0528438886648 1454.0122811970639 0.10568777732956837 0.02456239412761152
0 849.0153287615974 1462.009881422925 0.03065752319483663 0.019762845849802372
0 976.0510286405809 1456.0111518915867 0.10205728116175877 0.022303783173348392
0 1286.0530455828964 1456.009034443817 0.10609116579265833 0.018068887634105024
0 1608.013715207745 1483.0050818746472 0.02743041549011698 0.010163749294184076
0 1734.0516337232755 1459.0104460756634 0.10326744655102864 0.020892151326933936
0 2039.0074626865671 1475.0052230378317 0.014925373134328358 0.010446075663466968
0 373.02137958854377 1634.0095990965556 0.042759177087535294 0.019198193111236588
0 531.0153287615974 1654.0049407114625 0.03065752319483663 0.009881422924901186
0 663.0058491327148 1660.0038114059853 0.011698265429608713 0.007622811970638058
0 760.0312626058894 1635.0104460756634 0.06252521177894312 0.020892151326933936
0 985.0252117789431 1632.009034443817 0.050423557886244454 0.018068887634105024
0 1130.0012101653892 1685.0009881422925 0.0024203307785397336 0.001976284584980237
0 1212.0284388866478 1636.0087521174478 0.05687777329568374 0.017504234895539244
0 1411.0125050423558 1648.0069169960475 0.02501008471157725 0.01383399209486166
0 1537.0320693828157 1632.0097402597403 0.06413876563130294 0.01948051948051948
0 1774.013715207745 1639.008328627894 0.02743041549011698 0.016657255787690572
0 1906.0435659540137 1658.005505364201 0.08713190802743041 0.01101072840203275
0 371.0062525211779 1842.004376058724 0.012505042355788625 0.008752117447769622
0 479.04497781363455 1827.0097402597403 0.0899556272690601 0.01948051948051948
0 762.0157321500606 1822.0081874647092 0.03146430012101654 0.01637492941840768
0 877.0260185558693 1822.008328627894 0.05203711173860428 0.016657255787690572
0 1011.00262202501 1869.001976284585 0.0052440500201694235 0.003952569169960474
0 -1.000201694231545 -1.0001411631846415 -0.0004033884630899556 -0.000282326369282891
