0 0.11415893505445744 0.14073969508752118 0.08713190802743041 0.024280067758328628
0 0.18192819685356998 0.1411631846414455 0.10125050423557887 0.023150762281197064
0 0.19402985074626866 0.13975155279503104 0.011698265429608713 0.022303783173348392
0 0.2593787817668415 0.14878599661208358 0.100040338846309 0.036420101637492944
0 0.32755143202904397 0.14158667419536985 0.11657926583299717 0.024280067758328628
0 0.3785800726099234 0.14243365330321853 0.08309802339653086 0.024844720496894408
0 0.4463493344090359 0.1442687747035573 0.11496571198063735 0.029926595143986448
0 0.08471157724889068 0.16614906832298137 0.029043969342476807 0.024844720496894408
0 0.10810810810810811 0.16544325239977414 0.03469140782573618 0.024280067758328628
0 0.20209762000806777 0.16586674195369847 0.16014521984671237 0.02258610954263128
0 0.20471964501815249 0.16826651609260304 0.008471157724889069 0.00818746470920384
0 0.3075837031060912 0.17504234895539245 0.19120613150463897 0.04009034443817053
0 0.3446954417103671 0.1653020892151327 0.0463896732553449 0.010446075663466968
0 0.45240016135538524 0.16883116883116883 0.1952400161355385 0.031055900621118012
0 0.4618797902379992 0.1668548842461886 0.0028237192416296895 0.005081874647092038
0 0.09338442920532473 0.1919819311123659 0.05486083098023396 0.026821005081874648
0 0.19947559499798306 0.1960756634669678 0.18757563533682936 0.033314511575381144
0 0.20693828156514724 0.19339356295878035 0.01008471157724889 0.012140033879164314
0 0.24062121823315852 0.19057029926595143 0.0463896732553449 0.019198193111236588
0 0.3408632513110125 0.191699604743083 0.1762807583703106 0.024844720496894408
0 0.3830173457039129 0.19127611518915866 0.063735377168213 0.01637492941840768
0 0.3874546187979024 0.18944099378881987 0.0028237192416296895 0.002258610954263128
0 0.41750705929810406 0.1907114624505929 0.02864058087938685 0.023433088650479956
0 0.10084711577248891 0.22529644268774704 0.0681726502622025 0.04206662902315076
0 0.14400968132311415 0.21597967250141162 0.07099636950383219 0.012987012987012988
0 0.15772488906817264 0.21781479390175043 0.004840661557079467 0.010728402032749858
0 0.20270270270270271 0.21583850931677018 0.07704719645018153 0.022868435911914172
0 0.20794675272287214 0.22007340485601354 0.01573215006050827 0.018068887634105024
0 0.2613957240822912 0.2165443252399774 0.08188785800726099 0.023715415019762844
0 0.2902379991932231 0.21696781479390176 0.042759177087535294 0.0251270468661773
0 0.3279548204921339 0.221485036702428 0.05808793868495361 0.032185206098249576
0 0.3327954820492134 0.21428571428571427 0.003630496167809601 0.002258610954263128
0 0.38039532069382814 0.21626199887069453 0.06131504638967326 0.023715415019762844
0 0.4209358612343687 0.21668548842461885 0.0572811617587737 0.023150762281197064
0 0.4441306978620411 0.22007340485601354 0.03953206938281565 0.030491247882552232
0 0.10770471964501815 0.24463579898362506 0.08511496571198064 0.03162055335968379
0 0.13493344090359016 0.24082439299830605 0.021782977006857603 0.019198193111236588
0 0.16861637757160144 0.24237718802936195 0.051230334812424366 0.024280067758328628
0 0.2682533279548205 0.2466120835686053 0.16700282371924163 0.03387916431394692
0 0.354578459056071 0.24336533032185206 0.14925373134328357 0.025974025974025976
0 0.36506655909640984 0.2404009034443817 0.003630496167809601 0.0033879164313946925
0 0.4407018959257765 0.24802371541501977 0.13674868898749495 0.03670242800677583
0 0.08672851956434045 0.26679841897233203 0.03751512706736587 0.024280067758328628
0 0.1980637353771682 0.26778656126482214 0.1972569584509883 0.026256352343308864
0 0.2928600242033078 0.2720214568040655 0.16780960064542155 0.034161490683229816
0 0.2952803549818475 0.2686335403726708 0.003630496167809601 0.002258610954263128
0 0.3646631706333199 0.26651609260304915 0.10649455425574829 0.022868435911914172
0 0.40338846308995563 0.2684923771880294 0.06252521177894312 0.023997741389045736
0 0.4318273497377975 0.2691981931112366 0.04235578862444534 0.028514963297571992
0 0.08350141185962082 0.29234895539243366 0.03711173860427592 0.025409373235460192
0 0.15590964098426785 0.29234895539243366 0.12384025816861638 0.025409373235460192
0 0.1619604679306172 0.29164313946922643 0.003227107704719645 0.002540937323546019
0 0.22045179507866075 0.2920666290231508 0.08471157724889068 0.024844720496894408
0 0.2644211375554659 0.2924901185770751 0.0681726502622025 0.0220214568040655
0 0.3567970956030658 0.2924901185770751 0.16337232755143202 0.025409373235460192
0 0.39027833803953205 0.29136081309994355 0.04759983864461476 0.020892151326933936
0 0.4489713594191206 0.29178430265386784 0.10326744655102864 0.022303783173348392
0 0.45139169019766034 0.2931959345002823 0.0028237192416296895 0.002258610954263128
0 0.06313029447357806 0.3091473743647657 0.007664380798709157 0.009881422924901186
0 0.10972166196046793 0.3177583286278938 0.08551835417507059 0.02456239412761152
0 0.14663170633319886 0.3178994918125353 0.05203711173860428 0.015245623941276116
0 0.17406212182331585 0.31747600225861095 0.03307785397337636 0.014116318464144552
0 0.2208551835417507 0.3256634669678148 0.07422347720855184 0.03190287972896669
0 0.23961274707543365 0.31592320722755507 0.01371520774505849 0.021174477696216828
0 0.2535296490520371 0.3051948051948052 0.00927793465106898 0.005081874647092038
0 0.2825736183945139 0.31634669678147936 0.03428801936264623 0.02456239412761152
0 0.35699878983461075 0.31719367588932806 0.1036708350141186 0.023433088650479956
0 0.45764421137555467 0.31719367588932806 0.17950786607503025 0.02456239412761152
0 0.45582896329164985 0.3167701863354037 0.0028237192416296895 0.00282326369282891
0 0.06676079064138765 0.3613777526821005 0.009681323114158934 0.011575381140598532
0 0.10104881000403389 0.3685770750988142 0.05970149253731343 0.022868435911914172
0 0.19382815651472368 0.3759175607001694 0.16256555062525213 0.04009034443817053
0 0.24606696248487292 0.3738001129305477 0.06696248487293263 0.026256352343308864
0 0.34530052440500203 0.3687182382834557 0.16821298910851148 0.024844720496894408
0 0.3830173457039129 0.36885940146809715 0.051230334812424366 0.024844720496894408
