0 0.11859620814844696 0.14412761151891587 0.10246066962484873 0.020892151326933936
0 0.12424364663170634 0.14342179559570864 0.003227107704719645 0.003105590062111801
0 0.1526825332795482 0.14793901750423488 0.035498184751916094 0.031338226990400904
0 0.1863654699475595 0.14313946922642576 0.05929810407422348 0.019762845849802372
0 0.24969745865268253 0.14342179559570864 0.10972166196046793 0.020327498588368152
0 0.31988705123033484 0.14779785431959344 0.12827753126260588 0.029926595143986448
0 0.3535699878983461 0.1427159796725014 0.06333198870512304 0.019762845849802372
0 0.44473578055667606 0.1432806324110672 0.16861637757160144 0.020609824957651044
0 0.10891488503428802 0.16953698475437606 0.08148446954417103 0.02456239412761152
0 0.20310609116579265 0.17334839073969507 0.17386042759177087 0.029926595143986448
0 0.24142799515933844 0.17236024844720496 0.0681726502622025 0.03020892151326934
0 0.32412263009277936 0.1756070016939582 0.15853166599435256 0.029926595143986448
0 0.3317870108914885 0.1696781479390175 0.008067769261799113 0.007058159232072276
0 0.38342073416700284 0.16883116883116883 0.08874546187979024 0.022868435911914172
0 0.4255748285599032 0.1681253529079616 0.07260992335619201 0.019198193111236588
0 0.16518757563533684 0.19480519480519481 0.19402985074626866 0.020892151326933936
0 0.1736587333602259 0.19522868435911914 0.007664380798709157 0.008752117447769622
0 0.20270270270270271 0.19339356295878035 0.0463896732553449 0.021174477696216828
0 0.2890278338039532 0.1945228684359119 0.1581282775312626 0.018351214003387916
0 0.2928600242033078 0.19494635798983626 0.006857603872529245 0.00818746470920384
0 0.35417507059298103 0.19466403162055335 0.10931827349737798 0.017504234895539244
0 0.3765631302944736 0.19367588932806323 0.043969342476805166 0.016657255787690572
0 0.4584509883017346 0.19734613212874083 0.14764017749092376 0.028514963297571992
0 0.13876563130294473 0.2204968944099379 0.14118596208148446 0.020609824957651044
0 0.14118596208148446 0.21979107848673066 0.003630496167809601 0.003952569169960474
0 0.18939088342073418 0.21964991530208922 0.07503025413473174 0.020327498588368152
0 0.2823719241629689 0.2261434217955957 0.18233158531665994 0.031055900621118012
0 0.32876159741831384 0.2251552795031056 0.08188785800726099 0.033314511575381144
0 0.3795885437676482 0.21908526256352343 0.08511496571198064 0.012987012987012988
0 0.4515933844292053 0.21964991530208922 0.12706736587333603 0.019762845849802372
0 0.1200080677692618 0.24985883681535856 0.09923356192012908 0.03077357425183512
0 0.1801129487696652 0.24491812535290797 0.10649455425574829 0.020609824957651044
0 0.26845502218636547 0.2511293054771316 0.17144009681323114 0.03585544889892716
0 0.27410246066962485 0.24336533032185206 0.003227107704719645 0.0033879164313946925
0 0.3854376764824526 0.251270468661773 0.2029043969342477 0.03811405985319029
0 0.4400968132311416 0.24421230942970074 0.08874546187979024 0.011575381140598532
0 0.1918112141992739 0.2769621682665161 0.2428398547801533 0.03359683794466403
0 0.19967728922952804 0.27188029361942406 0.008471157724889069 0.007905138339920948
0 0.26845502218636547 0.274703557312253 0.13029447357805568 0.027385657820440428
0 0.27511093182734975 0.27216261998870694 0.010488100040338847 0.007905138339920948
0 0.34429205324727713 0.27498588368153587 0.12585720048406615 0.029644268774703556
0 0.34852763210972165 0.2725861095426313 0.012505042355788625 0.010163749294184076
0 0.3656716417910448 0.2691981931112366 0.01734570391286809 0.01129305477131564
0 0.44675272287212586 0.27625635234330886 0.1464300121016539 0.037267080745341616
0 0.15732150060508268 0.30350084697910784 0.17587736990722067 0.034443817052512704
0 0.20875352964905203 0.29545454545454547 0.0935861234368697 0.020327498588368152
0 0.2589753933037515 0.2950310559006211 0.09197256958450989 0.01948051948051948
0 0.3031464300121017 0.2955957086391869 0.07866075030254134 0.010728402032749858
0 0.3582089552238806 0.29983060417843027 0.09762000806776926 0.027385657820440428
0 0.4048003227107705 0.29545454545454547 0.08108108108108109 0.017786561264822136
0 0.4554255748285599 0.3002540937323546 0.09681323114158935 0.021456804065499716
0 0.09439290036304962 0.32142857142857145 0.056070996369503835 0.0189158667419537
0 0.10951996772892296 0.32029926595143987 0.021782977006857603 0.009881422924901186
0 0.20693828156514724 0.32029926595143987 0.18071803146430013 0.018351214003387916
0 0.21077047196450183 0.3222755505364201 0.007664380798709157 0.007905138339920948
0 0.3051633723275514 0.3241106719367589 0.16942315449778136 0.028232636928289104
0 0.33884630899556273 0.32523997741389044 0.0572811617587737 0.031338226990400904
0 0.3555869302137959 0.32029926595143987 0.021379588543767647 0.009881422924901186
0 0.41609519967728925 0.32523997741389044 0.10689794271883823 0.026256352343308864
0 0.11778943122226704 0.3458498023715415 0.09600645421540945 0.02258610954263128
0 0.14219443323920936 0.3502258610954263 0.035498184751916094 0.031338226990400904
0 0.21762807583703106 0.3461321287408244 0.13231141589350545 0.018068887634105024
0 0.22146026623638565 0.34599096555618297 0.004033884630899556 0.0036702428006775835
0 0.27974989915288423 0.35163749294184077 0.08551835417507059 0.031338226990400904
0 0.3590157321500605 0.3461321287408244 0.14158935054457442 0.020327498588368152
0 0.4673255344897136 0.3533314511575381 0.2045179507866075 0.037549407114624504
0 0.47317466720451795 0.3474025974025974 0.0060508269463493344 0.004234895539243365
