0 0.13110125050423557 0.11956521739130435 0.12464703509479629 0.0189158667419537
0 0.1565147236789028 0.12464709203839638 0.03630496167809601 0.026821005081874648
0 0.16236385639370715 0.12041219649915302 0.0028237192416296895 0.007058159232072276
0 0.21621621621621623 0.12422360248447205 0.08471157724889068 0.027950310559006212
0 0.2428398547801533 0.12055335968379446 0.024203307785397338 0.01948051948051948
0 0.2757160145219847 0.12012987012987013 0.04759983864461476 0.014963297571993224
0 0.3354175070592981 0.12055335968379446 0.09681323114158935 0.018633540372670808
0 0.3380395320693828 0.12295313382269904 0.004840661557079467 0.00846979107848673
0 0.372730939895119 0.11885940146809712 0.04759983864461476 0.017221908526256352
0 0.42496974586526826 0.11843591191417278 0.08027430415490117 0.021174477696216828
0 0.11355385235982252 0.15175042348955392 0.09398951189995966 0.03274985883681536
0 0.17870108914885036 0.14836250705815923 0.11254538120209762 0.028797289666854884
0 0.19967728922952804 0.14384528514963296 0.024203307785397338 0.00846979107848673
0 0.23981444130697863 0.14313946922642576 0.06978620411456232 0.018351214003387916
0 0.27934651068979427 0.1427159796725014 0.06413876563130294 0.012422360248447204
0 0.33219039935457845 0.14906832298136646 0.08430818878580072 0.027385657820440428
0 0.39693424768051633 0.14342179559570864 0.10044372730939895 0.014680971202710334
0 0.11052843888664785 0.1691134952004517 0.07382008874546188 0.016092603049124788
0 0.11617587736990723 0.16741953698475437 0.0028237192416296895 0.002258610954263128
0 0.1290843081887858 0.1627611518915867 0.00927793465106898 0.003952569169960474
0 0.16861637757160144 0.1686900056465274 0.058491327148043566 0.017786561264822136
0 0.20048406615570794 0.1691134952004517 0.04921339249697459 0.018633540372670808
0 0.22589753933037515 0.17546583850931677 0.04033884630899556 0.021174477696216828
0 0.24949576442113755 0.1767363071710898 0.03711173860427592 0.03190287972896669
0 0.26744655102864057 0.1696781479390175 0.026220250100847116 0.014116318464144552
0 0.29407018959257764 0.16897233201581027 0.04235578862444534 0.014963297571993224
0 0.345502218636547 0.16939582156973462 0.07866075030254134 0.016092603049124788
0 0.35397337636143605 0.17207792207792208 0.004033884630899556 0.007058159232072276
0 0.3884630899556273 0.17108977978543197 0.050423557886244454 0.018351214003387916
0 0.39552238805970147 0.17236024844720496 0.007260992335619202 0.017504234895539244
0 0.4048003227107705 0.1637492941840768 0.00645421540943929 0.006493506493506494
0 0.08733360225897539 0.19494635798983626 0.02379991932230738 0.018068887634105024
0 0.13231141589350545 0.19395821569734614 0.07382008874546188 0.014116318464144552
0 0.13916901976603469 0.1945228684359119 0.003227107704719645 0.002540937323546019
0 0.20068576038725291 0.19635798983625072 0.10205728116175877 0.0189158667419537
0 0.21137555465913674 0.19621682665160925 0.003227107704719645 0.007340485601355167
0 0.24122630092779346 0.1945228684359119 0.042759177087535294 0.015527950310559006
0 0.2755143202904397 0.19438170525127046 0.05526421944332392 0.01693958215697346
0 0.32956837434449376 0.19875776397515527 0.08108108108108109 0.023433088650479956
0 0.3592174263816055 0.19466403162055335 0.04800322710770472 0.017504234895539244
0 0.3719241629689391 0.19339356295878035 0.011698265429608713 0.007058159232072276
0 0.4243646631706333 0.20228684359119142 0.08874546187979024 0.023715415019762844
0 0.09257765227914481 0.22035573122529645 0.04235578862444534 0.0189158667419537
0 0.09762000806776926 0.22134387351778656 0.003630496167809601 0.006211180124223602
0 0.15066559096409843 0.22557876905702992 0.08390480032271078 0.029644268774703556
0 0.18031464300121017 0.221485036702428 0.033884630899556276 0.021174477696216828
0 0.23376361436062928 0.2248729531338227 0.09398951189995966 0.028232636928289104
0 0.2593787817668415 0.22473178994918125 0.02702702702702703 0.01948051948051948
0 0.2771278741427995 0.21964991530208922 0.02218636546994756 0.00846979107848673
0 0.30354981847519164 0.2220496894409938 0.035901573215006054 0.02258610954263128
0 0.33985478015328763 0.21979107848673066 0.0536506655909641 0.00846979107848673
0 0.3434852763210972 0.22332015810276679 0.003630496167809601 0.006775832862789385
0 0.3797902379991932 0.21964991530208922 0.0500201694231545 0.012704686617730096
0 0.10931827349737798 0.2515527950310559 0.07059298104074223 0.029926595143986448
0 0.136345300524405 0.2456239412761152 0.020976200080677694 0.01637492941840768
0 0.1674062121823316 0.2453416149068323 0.04921339249697459 0.014680971202710334
0 0.17244856797095603 0.24449463579898362 0.004033884630899556 0.001976284584980237
0 0.1871722468737394 0.2391304347826087 0.005647438483259379 0.005081874647092038
0 0.2073416700282372 0.2453416149068323 0.03307785397337636 0.015527950310559006
0 0.25554659136748686 0.24576510446075664 0.07583703106091166 0.017504234895539244
0 0.26119402985074625 0.24816487859966121 0.004840661557079467 0.006211180124223602
0 0.2966922146026624 0.251270468661773 0.055667607906413875 0.028797289666854884
0 0.3491327148043566 0.25141163184641446 0.09116579265832997 0.0251270468661773
0 0.39774102460669625 0.24590626764539808 0.07220653489310205 0.018633540372670808
0 0.40399354578459057 0.24830604178430266 0.004033884630899556 0.007622811970638058
0 0.0927793465106898 0.2707509881422925 0.03791851553045583 0.015810276679841896
0 0.14219443323920936 0.2769621682665161 0.08350141185962082 0.026256352343308864
0 0.19564340459862847 0.2768210050818746 0.07946752722872126 0.020327498588368152
0 0.20048406615570794 0.2728684359119142 0.0024203307785397336 0.004517221908526256
0 0.2325534489713594 0.27117447769621683 0.04437273093989512 0.010728402032749858
0 0.2581686163775716 0.27103331451157536 0.035498184751916094 0.017221908526256352
0 0.32129891085114964 0.2758328627893845 0.11173860427591771 0.026538678712591756
0 0.326946349334409 0.2735742518351214 0.0052440500201694235 0.006775832862789385
0 0.3574021782977007 0.27032749858836813 0.04477611940298507 0.009881422924901186
0 0.390681726502622 0.2724449463579898 0.04356595401371521 0.020045172219085264
0 0.4257765227914482 0.27117447769621683 0.04477611940298507 0.015810276679841896
0 0.4292053247277128 0.2717391304347826 0.003227107704719645 0.001976284584980237
0 0.4346510689794272 0.2632693393562959 0.007664380798709157 0.004517221908526256
