0 0.0990318676885841 0.1373517786561265 0.04921339249697459 0.02258610954263128
0 0.18777732956837434 0.14130434782608695 0.15248083904800322 0.026821005081874648
0 0.21198063735377168 0.1380575945793337 0.025413473174667203 0.023997741389045736
0 0.28680919725695847 0.14723320158102768 0.12948769665187576 0.03980801806888763
0 0.32109721661960466 0.13848108413325805 0.042759177087535294 0.020327498588368152
0 0.3745461879790238 0.14539808018068887 0.09439290036304962 0.038396386222473176
0 0.40520371117386045 0.13904573687182384 0.035901573215006054 0.020609824957651044
0 0.1317063331988705 0.16629023150762282 0.11980637353771682 0.0251270468661773
0 0.16599435256151673 0.16261998870694522 0.04477611940298507 0.019198193111236588
0 0.22609923356192013 0.16431394692264256 0.09197256958450989 0.015527950310559006
0 0.22872125857200484 0.16360813099943536 0.0024203307785397336 0.0016939582156973462
0 0.24162968939088342 0.1562676453980802 0.01008471157724889 0.008752117447769622
0 0.2900363049616781 0.1650197628458498 0.0782573618394514 0.023715415019762844
0 0.2954820492133925 0.16741953698475437 0.008067769261799113 0.010163749294184076
0 0.32674465510286405 0.16516092603049123 0.0500201694231545 0.021174477696216828
0 0.3557886244453409 0.16487859966120835 0.050423557886244454 0.021174477696216828
0 0.3646631706333199 0.16304347826086957 0.003227107704719645 0.0016939582156973462
0 0.39774102460669625 0.16389045736871824 0.0500201694231545 0.0220214568040655
0 0.43505445744251714 0.16586674195369847 0.04719645018152481 0.024280067758328628
0 0.15449778136345302 0.19028797289666854 0.17144009681323114 0.026538678712591756
0 0.2263009277934651 0.1885940146809712 0.1145623235175474 0.018351214003387916
0 0.2335619201290843 0.19113495200451722 0.007260992335619202 0.00846979107848673
0 0.26421944332392094 0.19268774703557312 0.04679306171843485 0.029079616036137776
0 0.299919322307382 0.1885940146809712 0.05405405405405406 0.022303783173348392
0 0.3043565954013715 0.18986448334274422 0.007260992335619202 0.007058159232072276
0 0.31867688584106496 0.18887634105025408 0.01653892698668818 0.009881422924901186
0 0.3691004437273094 0.19522868435911914 0.08229124647035095 0.023715415019762844
0 0.4243646631706333 0.19127611518915866 0.09116579265832997 0.014680971202710334
0 0.1327148043565954 0.21626199887069453 0.13110125050423557 0.019762845849802372
0 0.18212989108511496 0.21541501976284586 0.06897942718838242 0.0251270468661773
0 0.23961274707543365 0.22035573122529645 0.09640984267849939 0.03387916431394692
0 0.2509076240419524 0.21414455110107283 0.003227107704719645 0.002540937323546019
0 0.30899556272690604 0.2220496894409938 0.09640984267849939 0.03585544889892716
0 0.3771682129891085 0.2199322416713721 0.10972166196046793 0.031338226990400904
0 0.43142396127470756 0.21597967250141162 0.08188785800726099 0.024280067758328628
0 0.09076240419524001 0.23616600790513834 0.0463896732553449 0.01693958215697346
0 0.09701492537313433 0.23969508752117447 0.008874546187979023 0.007058159232072276
0 0.12141992739007665 0.23983625070581593 0.03307785397337636 0.015527950310559006
0 0.14360629286002422 0.23941276115189158 0.030254134731746672 0.022303783173348392
0 0.2045179507866075 0.24477696216826653 0.09640984267849939 0.03274985883681536
0 0.21399757966922145 0.23969508752117447 0.005647438483259379 0.009316770186335404
0 0.29265832997176283 0.24378881987577639 0.13594191206131503 0.03077357425183512
0 0.3317870108914885 0.24124788255223037 0.05687777329568374 0.022303783173348392
0 0.36143606292860025 0.24364765669113495 0.0463896732553449 0.027385657820440428
0 0.3894715611133522 0.24082439299830605 0.042759177087535294 0.020327498588368152
0 0.4308188785800726 0.24703557312252963 0.05405405405405406 0.03500846979107849
0 0.436668011294877 0.24392998306041785 0.01008471157724889 0.01129305477131564
0 0.08652682533279549 0.2651044607566347 0.031060911657926585 0.020892151326933936
0 0.14058087938684954 0.26383399209486164 0.08511496571198064 0.023433088650479956
0 0.19241629689390882 0.2649632975719932 0.07785397337636143 0.02710333145115754
0 0.22166196046793063 0.26468097120271034 0.04517950786607503 0.021739130434782608
0 0.2934651068979427 0.2691981931112366 0.11415893505445744 0.030491247882552232
0 0.3021379588543768 0.2663749294184077 0.003227107704719645 0.002540937323546019
0 0.37232755143202906 0.27060982495765107 0.12141992739007665 0.03020892151326934
0 0.3807987091569181 0.27032749858836813 0.011294876966518758 0.012987012987012988
0 0.43142396127470756 0.2660926030491248 0.07382008874546188 0.01637492941840768
0 0.08874546187979024 0.29107848673066067 0.0326744655102864 0.015245623941276116
0 0.12888261395724082 0.28952569169960474 0.056070996369503835 0.02456239412761152
0 0.22670431625655507 0.2977131564088086 0.1674062121823316 0.03980801806888763
0 0.2878176684146833 0.29898362507058157 0.10286405808793868 0.04009034443817053
0 0.31887858007260994 0.29136081309994355 0.03953206938281565 0.024844720496894408
0 0.40298507462686567 0.2974308300395257 0.1464300121016539 0.03670242800677583
0 0.43061718434852764 0.2912196499153021 0.035901573215006054 0.021174477696216828
0 0.127269060104881 0.31592320722755507 0.11415893505445744 0.024280067758328628
0 0.18132311415893507 0.32058159232072275 0.0790641387656313 0.03500846979107849
0 0.1863654699475595 0.31747600225861095 0.007260992335619202 0.006211180124223602
0 0.22125857200484067 0.31592320722755507 0.03711173860427592 0.02710333145115754
0 0.25514320290439696 0.3166290231507623 0.053247277127874144 0.011857707509881422
0 0.30778539733763616 0.32368718238283456 0.0826946349334409 0.03077357425183512
0 0.3467123840258169 0.31648785996612083 0.04961678096006454 0.024844720496894408
0 0.3953206938281565 0.3241106719367589 0.07503025413473174 0.04009034443817053
0 0.4219443323920936 0.3157820440429136 0.022993142396127472 0.01693958215697346
0 0.1127470754336426 0.34189723320158105 0.09197256958450989 0.017504234895539244
0 0.21238402581686164 0.3447204968944099 0.1565147236789028 0.03500846979107849
0 0.2736990722065349 0.3414737436476567 0.10246066962484873 0.014116318464144552
0 0.2853973376361436 0.3440146809712027 0.008067769261799113 0.011575381140598532
0 0.3108108108108108 0.34105025409373235 0.03428801936264623 0.012704686617730096
0 0.363251311012505 0.3414737436476567 0.0826946349334409 0.023997741389045736
0 0.40116982654296085 0.3468379446640316 0.04719645018152481 0.03387916431394692
0 0.12686567164179105 0.3660361377752682 0.10972166196046793 0.022303783173348392
0 0.1290843081887858 0.36773009599096557 0.006857603872529245 0.007905138339920948
0 0.15590964098426785 0.3663184641445511 0.03751512706736587 0.01129305477131564
0 0.20774505849132716 0.37323546019198195 0.0790641387656313 0.03670242800677583
0 0.2855990318676886 0.36716544325239975 0.12020976200080678 0.023997741389045736
0 0.3136345300524405 0.3718238283455675 0.04356595401371521 0.03387916431394692
0 0.3416700282371924 0.3663184641445511 0.029850746268656716 0.021174477696216828
0 0.44372730939895116 0.3730942970073405 0.17224687373941105 0.036420101637492944
0 0.11799112545381202 0.39412761151891584 0.08067769261799113 0.02456239412761152
0 0.1553045582896329 0.39384528514963296 0.04719645018152481 0.023715415019762844
0 0.16216216216216217 0.39257481648785997 0.0052440500201694235 0.002258610954263128
