0 366.0074626865672 747.0029644268775 0.014925373134328358 0.005928853754940711
0 432.03751512706737 738.0138339920949 0.07503025413473174 0.02766798418972332
0 699.0354981847519 750.0119988706945 0.07099636950383219 0.023997741389045736
0 940.0405405405405 768.0087521174478 0.08108108108108109 0.017504234895539244
0 1167.0328761597418 790.0050818746471 0.06575231948366277 0.010163749294184076
0 1392.0826946349334 745.0125635234331 0.1653892698668818 0.0251270468661773
0 1814.0262202501008 746.0110107284021 0.05244050020169423 0.0220214568040655
0 1973.0246066962484 738.0122811970638 0.04921339249697459 0.02456239412761152
0 366.0227914481646 934.0098814229249 0.045582896329164985 0.019762845849802372
0 488.035901573215 930.0112930547713 0.07180314643001211 0.02258610954263128
0 700.0597014925373 935.0165160926031 0.11940298507462686 0.03303218520609825
0 1041.0578862444534 927.0121400338792 0.11577248890681727 0.024280067758328628
0 1365.0574828559904 923.0180688876341 0.11496571198063735 0.03613777526821005
0 1701.0480032271078 920.012987012987 0.09600645421540945 0.025974025974025976
0 1973.0020169423155 999.0012704686618 0.004033884630899556 0.002540937323546019
0 2024.0064542154093 910.003529079616 0.01290843081887858 0.007058159232072276
0 342.076240419524 1105.0187747035573 0.15248083904800322 0.037549407114624504
0 760.0542557482856 1113.0104460756634 0.10851149657119806 0.020892151326933936
0 1070.0413473174667 1141.0064935064936 0.0826946349334409 0.012987012987012988
0 1309.0619201290842 1104.0122811970639 0.12384025816861638 0.02456239412761152
0 1622.0026220250102 1173.0021174477697 0.0052440500201694235 0.004234895539243365
0 1704.0344897135942 1100.0112930547714 0.06897942718838242 0.02258610954263128
0 1874.0371117386044 1106.0114342179559 0.07422347720855184 0.022868435911914172
0 349.06736587333603 1283.012563523433 0.13473174667204518 0.0251270468661773
0 695.0623235175474 1280.0122811970639 0.12464703509479629 0.02456239412761152
0 1042.022589753933 1286.0115753811406 0.04517950786607503 0.023150762281197064
0 1192.0322710770472 1279.0119988706945 0.0645421540943929 0.023997741389045736
0 1391.180919725696 1276.0214568040656 0.3618394513916902 0.04291360813099943
0 350.05042355788623 1472.011010728402 0.10084711577248891 0.0220214568040655
0 625.0038321903994 1529.0045172219086 0.007664380798709157 0.009034443817052512
0 682.0427591770875 1475.0108695652175 0.08551835417507059 0.021739130434782608
0 889.0237999193223 1467.0111518915867 0.04759983864461476 0.022303783173348392
0 1052.0722065348932 1465.0124223602484 0.1444130697862041 0.024844720496894408
0 1424.0231948366277 1462.0114342179559 0.0463896732553449 0.022868435911914172
0 1559.033682936668 1455.0122811970639 0.06736587333602259 0.02456239412761152
0 1754.0502218636548 1460.01185770751 0.10044372730939895 0.023715415019762844
0 2023.0328761597418 1457.012563523433 0.06575231948366277 0.0251270468661773
0 347.0627269060105 1649.0112930547714 0.1254538120209762 0.02258610954263128
0 686.0494150867286 1680.0060700169395 0.09883017345703912 0.012140033879164314
0 974.0298507462686 1680.0071993224167 0.05970149253731343 0.014398644833427442
0 1155.0328761597418 1632.0131281761717 0.06575231948366277 0.026256352343308864
0 1347.0330778539733 1644.0114342179559 0.06615570794675273 0.022868435911914172
0 1544.0617184348528 1662.0167984189723 0.12343686970552642 0.03359683794466403
0 1876.0032271077048 1715.002399774139 0.00645421540943929 0.004799548277809147
0 1958.0401371520775 1635.0127046866178 0.08027430415490117 0.025409373235460192
0 338.06736587333603 1819.0194805194806 0.13473174667204518 0.03896103896103896
0 718.0413473174667 1820.0187747035573 0.0826946349334409 0.037549407114624504
0 971.0266236385639 1864.0062111801242 0.053247277127874144 0.012422360248447204
0 1134.0506252521177 1819.0128458498023 0.10125050423557887 0.025691699604743084
0 1431.0397337636143 1868.0122811970639 0.07946752722872126 0.02456239412761152
0 1658.038120209762 1828.0117165443253 0.07624041952400161 0.023433088650479956
0 1895.047801532876 1821.0121400338792 0.09560306575231949 0.024280067758328628
0 349.0810810810811 2011.016516092603 0.16216216216216217 0.03303218520609825
0 802.0419524001613 2001.012987012987 0.08390480032271078 0.025974025974025976
0 1057.116579265833 2006.0182100508187 0.23315853166599435 0.036420101637492944
0 1677.0554659136749 2001.011010728402 0.11093182734973779 0.0220214568040655
0 350.0881403791852 2181.017786561265 0.1762807583703106 0.03557312252964427
0 814.0036304961678 2245.0042348955394 0.007260992335619202 0.00846979107848673
0 882.0256151674062 2190.0104460756634 0.051230334812424366 0.020892151326933936
0 1027.0465913674868 2221.005223037832 0.09318273497377975 0.010446075663466968
0 1288.059903186769 2176.0183512140034 0.11980637353771682 0.03670242800677583
0 1626.0350947962888 2174.0128458498025 0.07018959257765228 0.025691699604743084
0 1846.0552642194434 2179.011434217956 0.11052843888664785 0.022868435911914172
0 358.0796692214603 2360.0194805194806 0.15933844292053248 0.03896103896103896
0 777.00262202501 2434.0018351214003 0.0052440500201694235 0.0036702428006775835
0 871.0722065348931 2359.0201863354037 0.1444130697862041 0.040372670807453416
0 1279.035498184752 2356.012140033879 0.07099636950383219 0.024280067758328628
0 1493.059903186769 2351.0210333145114 0.11980637353771682 0.04206662902315076
0 1837.0298507462687 2363.010587238848 0.05970149253731343 0.021174477696216828
0 363.0546591367487 2575.013269339356 0.10931827349737798 0.026538678712591756
0 675.0185558693022 2611.0022586109544 0.03711173860427592 0.004517221908526256
