0 0.11859620814844696 0.21753246753246752 0.005647438483259379 0.00818746470920384
0 0.17244856797095603 0.23193111236589498 0.09237595804759983 0.03472614342179559
0 0.23073820088745461 0.23842461885940147 0.0024203307785397336 0.005364201016374929
0 0.2517144009681323 0.2295313382269904 0.03791851553045583 0.015245623941276116
0 0.2779346510689794 0.23870694522868435 0.0024203307785397336 0.0036702428006775835
0 0.28418717224687373 0.22035573122529645 0.006857603872529245 0.004799548277809147
0 0.3259378781766841 0.22868435911914173 0.03872529245663574 0.020327498588368152
0 0.38684953610326744 0.23193111236589498 0.07018959257765228 0.036420101637492944
0 0.42718838241226303 0.23461321287408243 0.0024203307785397336 0.00564652738565782
0 0.47317466720451795 0.2310841332580463 0.06938281565147236 0.032467532467532464
0 0.5385235982250908 0.22600225861095427 0.045986284792254944 0.027950310559006212
0 0.581887858007261 0.22557876905702992 0.02702702702702703 0.019762845849802372
0 0.6335215812827754 0.22444946357989837 0.06494554255748286 0.024280067758328628
0 0.6976603469140783 0.22811970638057594 0.0391286809197257 0.029361942405420668
0 0.7224687373941105 0.23729531338226992 0.0024203307785397336 0.002540937323546019
0 0.13533682936668012 0.3092885375494071 0.03670835014118596 0.01948051948051948
0 0.1809197256958451 0.3129587803500847 0.03428801936264623 0.009881422924901186
0 0.245461879790238 0.31070016939582157 0.06494554255748286 0.03472614342179559
0 0.31222267043162566 0.31931112365894976 0.03065752319483663 0.020892151326933936
0 0.3489310205728116 0.31084133258046304 0.03307785397337636 0.021456804065499716
0 0.39209358612343687 0.30872388481084134 0.03227107704719645 0.020609824957651044
0 0.4481645824929407 0.30971202710333146 0.0500201694231545 0.03387916431394692
0 0.4828559903186769 0.3191699604743083 0.004033884630899556 0.005928853754940711
0 0.5096813231141589 0.308300395256917 0.031060911657926585 0.02258610954263128
0 0.5433642597821702 0.30872388481084134 0.03065752319483663 0.022303783173348392
0 0.5849132714804357 0.31154714850367027 0.035498184751916094 0.020045172219085264
0 0.6288826139572409 0.3147939017504235 0.03307785397337636 0.011857707509881422
0 0.6784993949173054 0.3197346132128741 0.045986284792254944 0.026256352343308864
0 0.709156918112142 0.3178994918125353 0.0024203307785397336 0.002258610954263128
0 0.7392093586123437 0.31084133258046304 0.038321903993545785 0.021456804065499716
0 0.7985074626865671 0.3116883116883117 0.06655909640984267 0.029926595143986448
0 0.86385639370714 0.3092885375494071 0.04800322710770472 0.016092603049124788
0 0.15147236789027835 0.3476849237718803 0.06494554255748286 0.031338226990400904
0 0.18838241226300928 0.35079051383399207 0.003227107704719645 0.005928853754940711
0 0.23658733360225898 0.3417560700169396 0.07301331181928197 0.021739130434782608
0 0.28600242033077855 0.35276679841897235 0.003227107704719645 0.005364201016374929
0 0.3160548608309802 0.34627329192546585 0.045582896329164985 0.02456239412761152
0 0.3622428398547802 0.3451439864483343 0.03307785397337636 0.021174477696216828
0 0.42073416700282373 0.34345002823263693 0.063735377168213 0.023997741389045736
0 0.4616780960064542 0.35615471485036704 0.0028237192416296895 0.003105590062111801
0 0.49152884227511096 0.34443817052512704 0.0463896732553449 0.026538678712591756
0 0.5411456232351755 0.34542631281761715 0.04477611940298507 0.0189158667419537
0 0.5746268656716418 0.3554488989271598 0.0028237192416296895 0.006211180124223602
0 0.5970149253731343 0.351072840203275 0.024203307785397338 0.00818746470920384
0 0.6306978620411456 0.34528514963297574 0.0326744655102864 0.021456804065499716
0 0.6990722065348931 0.34839073969508755 0.08309802339653086 0.03274985883681536
0 0.7494957644211375 0.3564370412196499 0.0024203307785397336 0.004234895539243365
0 0.7944735780556677 0.3570016939582157 0.07866075030254134 0.042631281761716544
0 0.8503428801936265 0.3502258610954263 0.020976200080677694 0.015527950310559006
0 0.8830173457039129 0.3495200451722191 0.033884630899556276 0.023150762281197064
0 0.1399757966922146 0.37987012987012986 0.053247277127874144 0.021739130434782608
0 0.20229931423961275 0.3790231507622812 0.04719645018152481 0.026256352343308864
0 0.27208551835417505 0.38438735177865613 0.07785397337636143 0.039243365330321855
0 0.3356192012908431 0.38523433088650477 0.03630496167809601 0.01101072840203275
0 0.3991528842275111 0.38537549407114624 0.0754336425978217 0.034443817052512704
0 0.4671238402581686 0.37888198757763975 0.04679306171843485 0.023715415019762844
0 0.5161355385235982 0.38608130999435347 0.02218636546994756 0.008752117447769622
0 0.5669624848729327 0.3849520045172219 0.05445744251714401 0.037549407114624504
0 0.6187979023799919 0.3870694522868436 0.02016942315449778 0.009599096555618294
0 0.6518757563533683 0.3845285149632976 0.02581686163775716 0.01693958215697346
0 0.6950383219039935 0.3886222473178995 0.035498184751916094 0.011575381140598532
0 0.7565550625252118 0.39596273291925466 0.06736587333602259 0.03980801806888763
0 0.8247277127874143 0.3890457368718238 0.06171843485276321 0.018633540372670808
0 0.86345300524405 0.4025974025974026 0.0052440500201694235 0.00282326369282891
