0 358.00302541347315 732.0029644268775 0.0060508269463493344 0.005928853754940711
0 418.0149253731343 771.0091756070017 0.029850746268656716 0.018351214003387916
0 539.0129084308189 794.0069169960474 0.02581686163775716 0.01383399209486166
0 641.0060508269463 767.0095990965556 0.012101653892698669 0.019198193111236588
0 712.0207745058491 797.0108695652174 0.04154901169826543 0.021739130434782608
0 848.0014118596208 810.0033879164314 0.0028237192416296895 0.006775832862789385
0 900.0407422347721 775.0069169960474 0.08148446954417103 0.01383399209486166
0 1118.0014118596207 814.0011293054771 0.0028237192416296895 0.002258610954263128
0 1157.0040338846309 750.0028232636928 0.008067769261799113 0.00564652738565782
0 1222.0312626058894 781.0138339920949 0.06252521177894312 0.02766798418972332
0 1429.035498184752 763.0084697910785 0.07099636950383219 0.01693958215697346
0 1618.0020169423155 816.0038114059853 0.004033884630899556 0.007622811970638058
0 1687.0153287615974 759.0083286278939 0.03065752319483663 0.016657255787690572
0 1808.054457442517 770.0066346696782 0.10891488503428802 0.013269339356295878
0 431.07099636950386 954.0155279503106 0.14199273900766438 0.031055900621118012
0 832.0225897539331 972.0063523433089 0.04517950786607503 0.012704686617730096
0 965.0016135538524 1003.0009881422925 0.003227107704719645 0.001976284584980237
0 1037.0147236789028 946.0095990965556 0.02944735780556676 0.019198193111236588
0 1163.0153287615974 937.0095990965556 0.03065752319483663 0.019198193111236588
0 1284.0393303751512 962.0066346696782 0.07866075030254134 0.013269339356295878
0 1519.07180314643 950.0128458498024 0.14360629286002422 0.025691699604743084
0 1914.013311819282 957.0086109542631 0.026623638563937072 0.017221908526256352
0 423.04638967325536 1125.0128458498023 0.0927793465106898 0.025691699604743084
0 693.0429608713191 1132.014963297572 0.08592174263816055 0.029926595143986448
0 950.0365066559096 1154.009034443817 0.07301331181928197 0.018068887634105024
0 1151.0012101653892 1182.0011293054772 0.0024203307785397336 0.002258610954263128
0 1206.003025413473 1129.0022586109542 0.0060508269463493344 0.004517221908526256
0 1241.0439693424769 1124.008610954263 0.08793868495361033 0.017221908526256352
0 1486.0254134731747 1153.0108695652175 0.050826946349334406 0.021739130434782608
0 1633.0012101653892 1166.0033879164314 0.0024203307785397336 0.006775832862789385
0 1671.0038321903994 1123.0021174477697 0.007664380798709157 0.004234895539243365
0 1738.0145219846713 1131.0073404856014 0.029043969342476807 0.014680971202710334
0 1856.0229931423962 1127.0073404856014 0.045986284792254944 0.014680971202710334
0 429.06030657523195 1320.009881422925 0.12061315046389673 0.019762845849802372
0 776.0326744655102 1318.0071993224167 0.0653489310205728 0.014398644833427442
0 995.0742234772085 1302.014963297572 0.14844695441710368 0.029926595143986448
0 1399.0012101653892 1362.0009881422925 0.0024203307785397336 0.001976284584980237
0 1465.004437273094 1308.0029644268775 0.008874546187979023 0.005928853754940711
0 1513.0506252521177 1307.0141163184642 0.10125050423557887 0.028232636928289104
0 1782.0020169423155 1354.0036702428006 0.004033884630899556 0.007340485601355167
0 1848.013715207745 1322.0050818746472 0.02743041549011698 0.010163749294184076
0 1954.0379185155305 1302.0076228119706 0.07583703106091166 0.015245623941276116
0 434.02622025010083 1491.0121400338792 0.05244050020169423 0.024280067758328628
0 599.0268253327955 1491.007481648786 0.0536506655909641 0.014963297571993224
0 773.0316659943526 1474.0097402597403 0.06333198870512304 0.01948051948051948
0 982.0262202501009 1518.0049407114625 0.05244050020169423 0.009881422924901186
0 1152.050020169423 1485.0122811970639 0.100040338846309 0.02456239412761152
0 1454.012908430819 1474.0134105025409 0.02581686163775716 0.026821005081874648
0 1586.0280354981849 1476.0122811970639 0.056070996369503835 0.02456239412761152
0 1730.003025413473 1533.003529079616 0.0060508269463493344 0.007058159232072276
0 1808.015127067366 1469.0131281761717 0.030254134731746672 0.026256352343308864
0 1909.0237999193223 1509.0095990965556 0.04759983864461476 0.019198193111236588
0 2059.001411859621 1522.0011293054772 0.0028237192416296895 0.002258610954263128
0 2092.0038321903994 1476.0022586109542 0.007664380798709157 0.004517221908526256
0 416.0092779346511 1875.004658385093 0.01855586930213796 0.009316770186335404
0 515.031464300121 1847.0152456239414 0.06292860024203308 0.030491247882552232
0 734.0439693424768 1840.0100225861095 0.08793868495361033 0.020045172219085264
0 980.0014118596208 1897.0012704686617 0.0028237192416296895 0.002540937323546019
