0 338.03691004437275 792.0079051383399 0.07382008874546188 0.015810276679841896
0 581.0338846308996 792.0080463015246 0.06776926179911255 0.016092603049124788
0 796.0233965308593 816.0049407114625 0.04679306171843485 0.009881422924901186
0 914.0014118596208 842.0029644268775 0.0028237192416296895 0.005928853754940711
0 971.0213795885438 792.0090344438171 0.042759177087535294 0.018068887634105024
0 1126.036304961678 799.0073404856014 0.07260992335619201 0.014680971202710334
0 1362.0431625655506 792.0084697910785 0.08632513110125051 0.01693958215697346
0 1618.0272287212586 797.0083286278939 0.05445744251714401 0.016657255787690572
0 1815.0050423557886 829.0009881422925 0.01008471157724889 0.001976284584980237
0 1875.0415490116982 803.0103049124788 0.08309802339653086 0.020609824957651044
0 346.02077450584915 963.0097402597403 0.04154901169826543 0.01948051948051948
0 503.03549818475193 966.0086109542631 0.07099636950383219 0.017221908526256352
0 734.0572811617587 973.0118577075099 0.1145623235175474 0.023715415019762844
0 1068.0326744655104 973.007481648786 0.0653489310205728 0.014963297571993224
0 1286.0223880597016 977.0076228119707 0.04477611940298507 0.015245623941276116
0 1445.0427591770876 979.0073404856014 0.08551835417507059 0.014680971202710334
0 1699.0141185962082 996.005505364201 0.028237192416296894 0.01101072840203275
0 1827.0308592174263 982.0119988706945 0.06171843485276321 0.023997741389045736
0 2041.0108914885034 974.0076228119707 0.021782977006857603 0.015245623941276116
0 355.0175473981444 1151.0073404856014 0.03509479628882614 0.014680971202710334
0 492.0574828559903 1151.0080463015245 0.11496571198063735 0.016092603049124788
0 837.0798709156918 1152.0136928289103 0.15974183138362244 0.027385657820440428
0 1284.0108914885034 1160.0069169960475 0.021782977006857603 0.01383399209486166
0 1388.0298507462687 1155.0076228119706 0.05970149253731343 0.015245623941276116
0 1545.0018152480839 1197.0009881422925 0.003630496167809601 0.001976284584980237
0 1606.019967728923 1151.0084697910786 0.03993545784590561 0.01693958215697346
0 1764.0467930617185 1158.0111518915867 0.0935861234368697 0.022303783173348392
0 2006.0016135538524 1200.003529079616 0.003227107704719645 0.007058159232072276
0 2048.025816861638 1163.006634669678 0.05163372327551432 0.013269339356295878
0 356.0231948366277 1334.0071993224167 0.0463896732553449 0.014398644833427442
0 526.0308592174264 1328.008328627894 0.06171843485276321 0.016657255787690572
0 732.031464300121 1326.008328627894 0.06292860024203308 0.016657255787690572
0 943.027027027027 1354.004658385093 0.05405405405405406 0.009316770186335404
0 1113.0316659943526 1351.0080463015245 0.06333198870512304 0.016092603049124788
0 1321.0324727712787 1335.0077639751553 0.06494554255748286 0.015527950310559006
0 1503.0010084711578 1380.0008469791078 0.002016942315449778 0.0016939582156973462
0 1565.0284388866478 1321.0115753811406 0.05687777329568374 0.023150762281197064
0 1746.0127067365872 1325.0111518915867 0.025413473174667203 0.022303783173348392
0 1853.035498184752 1335.0077639751553 0.07099636950383219 0.015527950310559006
0 2068.0237999193223 1351.0057876905703 0.04759983864461476 0.011575381140598532
0 359.0256151674062 1503.0073404856014 0.051230334812424366 0.014680971202710334
0 528.0282371924163 1502.01185770751 0.05647438483259379 0.023715415019762844
0 729.0435659540137 1512.0077639751553 0.08713190802743041 0.015527950310559006
0 1007.0104881000403 1502.008610954263 0.020976200080677694 0.017221908526256352
0 1105.017345703913 1494.0138339920948 0.03469140782573618 0.02766798418972332
0 1248.0480032271078 1511.0114342179559 0.09600645421540945 0.022868435911914172
0 1496.0026220250102 1557.0007058159233 0.0052440500201694235 0.001411631846414455
0 1551.0229931423962 1514.00790513834 0.045986284792254944 0.015810276679841896
0 1718.0320693828157 1507.0124223602484 0.06413876563130294 0.024844720496894408
0 1926.0671641791046 1509.00790513834 0.13432835820895522 0.015810276679841896
0 350.0260185558693 1678.008328627894 0.05203711173860428 0.016657255787690572
0 530.0264219443324 1682.0080463015245 0.052843888664784185 0.016092603049124788
0 707.034086325131 1686.012563523433 0.0681726502622025 0.0251270468661773
0 937.0282371924163 1700.005928853755 0.05647438483259379 0.011857707509881422
0 1126.02743041549 1687.007058159232 0.05486083098023396 0.014116318464144552
0 1309.0330778539733 1711.0088932806325 0.06615570794675273 0.017786561264822136
0 1518.015127067366 1709.0056465273856 0.030254134731746672 0.01129305477131564
0 1628.020371117386 1691.0080463015245 0.040742234772085516 0.016092603049124788
0 1780.056272690601 1676.0122811970639 0.11254538120209762 0.02456239412761152
0 352.02037111738605 1890.0056465273856 0.040742234772085516 0.01129305477131564
0 512.0298507462686 1867.0104460756634 0.05970149253731343 0.020892151326933936
0 693.0242033077853 1875.007058159232 0.048406615570794675 0.014116318464144552
0 858.0395320693829 1872.0080463015245 0.0790641387656313 0.016092603049124788
0 1112.080274304155 1867.0134105025409 0.16054860830980233 0.026821005081874648
0 1522.0024203307785 1919.0008469791078 0.004840661557079467 0.0016939582156973462
0 1584.0139169019767 1867.0087521174478 0.027833803953206938 0.017504234895539244
0 1698.0227914481645 1872.008328627894 0.045582896329164985 0.016657255787690572
0 1868.0149253731342 1898.0067758328628 0.029850746268656716 0.01355166572557877
0 1997.009277934651 1867.008610954263 0.01855586930213796 0.017221908526256352
0 2093.0191609519966 1874.0073404856014 0.038321903993545785 0.014680971202710334
0 354.02783380395323 2043.0136928289103 0.055667607906413875 0.027385657820440428
0 545.0403388463089 2044.0143986448334 0.08067769261799113 0.028797289666854884
0 802.0500201694232 2043.0087521174478 0.100040338846309 0.017504234895539244
0 1098.0155304558289 2070.0045172219084 0.031060911657926585 0.009034443817052512
0 1221.058087938685 2045.0143986448334 0.11617587736990723 0.028797289666854884
0 1567.0449778136344 2049.0128458498025 0.0899556272690601 0.025691699604743084
0 1836.0058491327147 2084.000846979108 0.011698265429608713 0.0016939582156973462
0 1899.022589753933 2046.008610954263 0.04517950786607503 0.017221908526256352
0 2049.026220250101 2062.012987012987 0.05244050020169423 0.025974025974025976
0 361.0488100040339 2221.013833992095 0.09762000806776926 0.02766798418972332
0 673.0562726906011 2223.009175607002 0.11254538120209762 0.018351214003387916
0 1002.0106897942719 2219.0111518915865 0.021379588543767647 0.022303783173348392
0 1104.042557482856 2220.0135516657256 0.08511496571198064 0.02710333145115754
0 1375.0147236789028 2256.004799548278 0.02944735780556676 0.009599096555618294
0 1503.019967728923 2225.0097402597403 0.03993545784590561 0.01948051948051948
0 1653.0375151270673 2231.0119988706947 0.07503025413473174 0.023997741389045736
0 1894.035498184752 2235.00790513834 0.07099636950383219 0.015810276679841896
0 368.0254134731747 2398.009316770186 0.050826946349334406 0.018633540372670808
0 544.0143202904397 2429.0043760587237 0.02864058087938685 0.008752117447769622
0 684.0354981847519 2405.0119988706947 0.07099636950383219 0.023997741389045736
0 916.0246066962485 2415.007058159232 0.04921339249697459 0.014116318464144552
0 1053.0012101653892 2466.000846979108 0.0024203307785397336 0.0016939582156973462
