0 0.10427591770875352 0.11434217955957086 0.0653489310205728 0.01693958215697346
0 0.13957240822912464 0.1144833427442123 0.05244050020169423 0.016657255787690572
0 0.2035094796288826 0.11758893280632411 0.1073013311819282 0.023997741389045736
0 0.22831787010891488 0.11462450592885376 0.029043969342476807 0.010163749294184076
0 0.2559499798305768 0.11575381140598531 0.033884630899556276 0.016092603049124788
0 0.25857200484066156 0.11547148503670243 0.0028237192416296895 0.001976284584980237
0 0.27874142799515933 0.11518915866741954 0.01936264622831787 0.017786561264822136
0 0.3098023396530859 0.1163184641445511 0.0500201694231545 0.011575381140598532
0 0.39229528035498185 0.11603613777526821 0.1444130697862041 0.018633540372670808
0 0.39753933037515127 0.1150479954827781 0.005647438483259379 0.017504234895539244
0 0.07139975796692215 0.13382269904009034 0.003630496167809601 0.004799548277809147
0 0.09600645421540945 0.13932806324110672 0.04437273093989512 0.015810276679841896
0 0.1228317870108915 0.14003387916431395 0.040742234772085516 0.012987012987012988
0 0.12787414279951592 0.13918690005646528 0.003227107704719645 0.001411631846414455
0 0.15711980637353773 0.14003387916431395 0.03791851553045583 0.016657255787690572
0 0.21258572004840662 0.14045736871823827 0.09035901573215006 0.015810276679841896
0 0.2509076240419524 0.14059853190287974 0.05929810407422348 0.016657255787690572
0 0.2747075433642598 0.14130434782608695 0.029043969342476807 0.010728402032749858
0 0.3085921742638161 0.14088085827216262 0.052843888664784185 0.009881422924901186
0 0.31141589350544574 0.1401750423489554 0.0024203307785397336 0.001411631846414455
0 0.33965308592174265 0.14130434782608695 0.03993545784590561 0.016092603049124788
0 0.36708350141185964 0.14088085827216262 0.03670835014118596 0.01129305477131564
0 0.39753933037515127 0.1411631846414455 0.04154901169826543 0.018351214003387916
0 0.10185558693021379 0.16996047430830039 0.06212182331585317 0.020045172219085264
0 0.10851149657119806 0.1650197628458498 0.003630496167809601 0.001129305477131564
0 0.13674868898749495 0.1653020892151327 0.03993545784590561 0.013269339356295878
0 0.16841468334005646 0.16854884246188595 0.045582896329164985 0.015245623941276116
0 0.19160951996772893 0.16586674195369847 0.02501008471157725 0.014680971202710334
0 0.2254941508672852 0.16586674195369847 0.04800322710770472 0.015527950310559006
0 0.24788221056877774 0.16600790513833993 0.02501008471157725 0.01637492941840768
0 0.2843888664784187 0.16614906832298137 0.058491327148043566 0.016657255787690572
0 0.327148043565954 0.16699604743083005 0.06494554255748286 0.017221908526256352
0 0.3315853166599435 0.16614906832298137 0.003630496167809601 0.001411631846414455
0 0.3691004437273094 0.1668548842461886 0.0609116579265833 0.014116318464144552
0 0.3892698668818072 0.16770186335403728 0.02501008471157725 0.019762845849802372
0 0.43142396127470756 0.16699604743083005 0.063735377168213 0.018068887634105024
0 0.10689794271883823 0.19099378881987578 0.07139975796692215 0.018068887634105024
0 0.1446147640177491 0.19480519480519481 0.0536506655909641 0.016657255787690572
0 0.16760790641387657 0.1922642574816488 0.03227107704719645 0.015810276679841896
0 0.20108914885034287 0.19268774703557312 0.04800322710770472 0.016657255787690572
0 0.2382008874546188 0.19127611518915866 0.05163372327551432 0.015245623941276116
0 0.28035498184751917 0.19678147939017504 0.06252521177894312 0.02710333145115754
0 0.28519564340459863 0.19113495200451722 0.0016135538523598225 0.001129305477131564
0 0.2890278338039532 0.18718238283455674 0.002016942315449778 0.006493506493506494
0 0.3249294070189593 0.19282891022021456 0.04759983864461476 0.015527950310559006
0 0.3751512706736587 0.19649915302089216 0.08592174263816055 0.02258610954263128
0 0.40782573618394513 0.192970073404856 0.04800322710770472 0.015527950310559006
0 0.0891488503428802 0.21569734613212874 0.038321903993545785 0.012704686617730096
0 0.14945542557482855 0.21739130434782608 0.10246066962484873 0.018633540372670808
0 0.18777732956837434 0.21725014116318464 0.05486083098023396 0.01129305477131564
0 0.23598225090762404 0.21781479390175043 0.0754336425978217 0.01637492941840768
0 0.2418313836224284 0.217673630717109 0.004033884630899556 0.006493506493506494
0 0.2505042355788624 0.21075663466967814 0.003227107704719645 0.00564652738565782
0 0.2827753126260589 0.2171089779785432 0.058491327148043566 0.014680971202710334
0 0.3120209762000807 0.22077922077922077 0.045582896329164985 0.015245623941276116
0 0.33420734167002825 0.21823828345567475 0.029043969342476807 0.016657255787690572
0 0.3656716417910448 0.2183794466403162 0.04881000403388463 0.01637492941840768
0 0.40984267849939493 0.2230378317334839 0.07099636950383219 0.019198193111236588
0 0.417910447761194 0.2199322416713721 0.004437273093989512 0.005928853754940711
0 0.08491327148043566 0.24082439299830605 0.030254134731746672 0.012422360248447204
0 0.11294876966518758 0.2406832298136646 0.03065752319483663 0.01101072840203275
0 0.14078257361839452 0.24124788255223037 0.03670835014118596 0.010163749294184076
0 0.14400968132311415 0.24110671936758893 0.0028237192416296895 0.0016939582156973462
0 0.18495361032674465 0.2422360248447205 0.06010488100040339 0.01637492941840768
0 0.21863654699475596 0.24632975719932243 0.050423557886244454 0.017504234895539244
0 0.24223477208551836 0.2422360248447205 0.027833803953206938 0.014116318464144552
0 0.27732956837434447 0.2429418407679277 0.0500201694231545 0.01637492941840768
0 0.31484469544171034 0.24731789949181254 0.05526421944332392 0.023715415019762844
0 0.3192819685356999 0.24308300395256918 0.0028237192416296895 0.002258610954263128
0 0.3229124647035095 0.23743647656691136 0.0028237192416296895 0.006775832862789385
