0 0.07301331181928197 0.10926030491247883 0.004437273093989512 0.005928853754940711
0 0.08733360225897539 0.11490683229813664 0.02702702702702703 0.017504234895539244
0 0.12303348124243646 0.11462450592885376 0.04881000403388463 0.014680971202710334
0 0.14501815248083905 0.11603613777526821 0.023396530859217425 0.015810276679841896
0 0.16559096409842677 0.11518915866741954 0.022993142396127472 0.015527950310559006
0 0.20532472771278742 0.1150479954827781 0.05970149253731343 0.010446075663466968
0 0.2099636950383219 0.116600790513834 0.004033884630899556 0.005928853754940711
0 0.25978217022993144 0.11575381140598531 0.07462686567164178 0.01101072840203275
0 0.263816054860831 0.1144833427442123 0.0024203307785397336 0.001411631846414455
0 0.3110125050423558 0.1163184641445511 0.07624041952400161 0.017221908526256352
0 0.34388866478418717 0.11674195369847544 0.050423557886244454 0.01383399209486166
0 0.38321903993545786 0.11674195369847544 0.05647438483259379 0.016657255787690572
0 0.4308188785800726 0.12111801242236025 0.07503025413473174 0.019198193111236588
0 0.09479628882613957 0.14031620553359683 0.04033884630899556 0.01129305477131564
0 0.145623235175474 0.14144551101072841 0.0754336425978217 0.017504234895539244
0 0.1718434852763211 0.14102202145680406 0.025413473174667203 0.016657255787690572
0 0.1918112141992739 0.14073969508752118 0.01734570391286809 0.016657255787690572
0 0.19786204114562322 0.14031620553359683 0.003630496167809601 0.001976284584980237
0 0.23678902783380396 0.14511575381140598 0.056070996369503835 0.024844720496894408
0 0.2617991125453812 0.1411631846414455 0.02743041549011698 0.010728402032749858
0 0.3140379185155305 0.1427159796725014 0.0891488503428802 0.019762845849802372
0 0.336224283985478 0.14243365330321853 0.021782977006857603 0.01637492941840768
0 0.3674868898749496 0.14384528514963296 0.043969342476805166 0.023150762281197064
0 0.37252924566357404 0.14130434782608695 0.0024203307785397336 0.001411631846414455
0 0.4352561516740621 0.14186900056465274 0.10568777732956837 0.015810276679841896
0 0.08935054457442518 0.1647374364765669 0.03146430012101654 0.010163749294184076
0 0.12020976200080678 0.16600790513833993 0.04195240016135539 0.009881422924901186
0 0.1811214199273901 0.16981931112365894 0.09519967728922953 0.022868435911914172
0 0.18616377571601453 0.16826651609260304 0.0028237192416296895 0.005081874647092038
0 0.21137555465913674 0.1668548842461886 0.031060911657926585 0.01101072840203275
0 0.24949576442113755 0.16643139469226426 0.05526421944332392 0.016092603049124788
0 0.2809600645421541 0.1671372106154715 0.041145623235175476 0.017504234895539244
0 0.3130294473578056 0.16741953698475437 0.04437273093989512 0.015810276679841896
0 0.3338039532069383 0.16671372106154714 0.021379588543767647 0.014963297571993224
0 0.3662767244856797 0.16671372106154714 0.04517950786607503 0.015810276679841896
0 0.39774102460669625 0.16727837380011293 0.04437273093989512 0.014963297571993224
0 0.10326744655102864 0.1919819311123659 0.05808793868495361 0.015810276679841896
0 0.13594191206131503 0.191699604743083 0.0463896732553449 0.014116318464144552
0 0.17406212182331585 0.1950875211744777 0.05486083098023396 0.020609824957651044
0 0.20976200080677693 0.19268774703557312 0.04477611940298507 0.015527950310559006
0 0.2498991528842275 0.19254658385093168 0.05687777329568374 0.01637492941840768
0 0.254941508672852 0.191699604743083 0.0028237192416296895 0.001129305477131564
0 0.3073820088745462 0.19254658385093168 0.07704719645018153 0.015527950310559006
0 0.34328358208955223 0.19254658385093168 0.053247277127874144 0.014116318464144552
0 0.38684953610326744 0.19268774703557312 0.06131504638967326 0.016657255787690572
0 0.12989108511496572 0.21682665160926032 0.11012505042355789 0.014680971202710334
0 0.15974183138362244 0.21725014116318464 0.03993545784590561 0.014680971202710334
0 0.2099636950383219 0.2171089779785432 0.0782573618394514 0.018351214003387916
0 0.23215006050826947 0.21922642574816487 0.02379991932230738 0.022868435911914172
0 0.28136345300524407 0.21739130434782608 0.07341670028237192 0.016657255787690572
0 0.2855990318676886 0.21682665160926032 0.0024203307785397336 0.001411631846414455
0 0.2900363049616781 0.21103896103896103 0.0024203307785397336 0.007058159232072276
0 0.3071803146430012 0.21202710333145117 0.0028237192416296895 0.007622811970638058
0 0.3261395724082291 0.2165443252399774 0.0318676885841065 0.015245623941276116
0 0.363251311012505 0.21739130434782608 0.0536506655909641 0.017504234895539244
0 0.390681726502622 0.21682665160926032 0.03872529245663574 0.017786561264822136
0 0.1073013311819282 0.2422360248447205 0.06575231948366277 0.010728402032749858
0 0.12928600242033078 0.24237718802936195 0.022589753933037516 0.016657255787690572
0 0.16034691407825735 0.24647092038396387 0.04033884630899556 0.017504234895539244
0 0.16559096409842677 0.24392998306041785 0.004437273093989512 0.00564652738565782
0 0.21924162968939087 0.24548277809147373 0.08511496571198064 0.02258610954263128
0 0.22428398547801534 0.24618859401468096 0.004033884630899556 0.007058159232072276
0 0.23053650665590963 0.23800112930547712 0.0028237192416296895 0.007340485601355167
0 0.26865671641791045 0.24322416713721062 0.058491327148043566 0.017504234895539244
0 0.3100040338846309 0.24745906267645398 0.06252521177894312 0.024280067758328628
0 0.35296490520371115 0.24392998306041785 0.06212182331585317 0.015810276679841896
0 0.40217829770068575 0.2435064935064935 0.07260992335619201 0.014116318464144552
0 0.4072206534893102 0.24308300395256918 0.0024203307785397336 0.001411631846414455
0 0.07624041952400161 0.26129305477131565 0.0024203307785397336 0.004517221908526256
0 0.09943525615167406 0.2672219085262564 0.04154901169826543 0.014680971202710334
0 0.12686567164179105 0.2673630717108978 0.03509479628882614 0.016657255787690572
0 0.15732150060508268 0.26778656126482214 0.03872529245663574 0.015810276679841896
0 0.20532472771278742 0.27428006775832864 0.07745058491327148 0.0220214568040655
0 0.22771278741427994 0.2683512140033879 0.02379991932230738 0.01129305477131564
0 0.25877369907220654 0.26877470355731226 0.04517950786607503 0.0189158667419537
0 0.29931423961274706 0.2727272727272727 0.06131504638967326 0.021739130434782608
0 0.3346107301331182 0.2727272727272727 0.04961678096006454 0.018351214003387916
0 0.36405808793868494 0.26976284584980237 0.03953206938281565 0.019762845849802372
0 0.3973376361436063 0.27060982495765107 0.04759983864461476 0.0220214568040655
0 0.10427591770875352 0.29460756634669677 0.0609116579265833 0.021456804065499716
0 0.14622831787010893 0.2930547713156409 0.06252521177894312 0.016092603049124788
0 0.15147236789027835 0.292772444946358 0.0024203307785397336 0.001129305477131564
0 0.15590964098426785 0.2885375494071146 0.0024203307785397336 0.007905138339920948
