0 0.14582492940701897 0.21188594014680973 0.004437273093989512 0.007058159232072276
0 0.1734570391286809 0.22077922077922077 0.042759177087535294 0.015810276679841896
0 0.23073820088745461 0.22430830039525693 0.03227107704719645 0.00818746470920384
0 0.2688584106494554 0.2236024844720497 0.010891488503428802 0.0016939582156973462
0 0.2823719241629689 0.21485036702428006 0.003227107704719645 0.007340485601355167
0 0.3053650665590964 0.21527385657820441 0.004033884630899556 0.006493506493506494
0 0.3400564743848326 0.22346132128740825 0.053247277127874144 0.023433088650479956
0 0.41327148043565953 0.22811970638057594 0.05687777329568374 0.015810276679841896
0 0.5034288019362646 0.2264257481648786 0.07664380798709157 0.023715415019762844
0 0.5901573215006051 0.22162619988706944 0.048406615570794675 0.01693958215697346
0 0.6200080677692618 0.23136645962732919 0.004033884630899556 0.007058159232072276
0 0.6768858410649455 0.22543760587238848 0.08148446954417103 0.01101072840203275
0 0.727914481645825 0.2204968944099379 0.004437273093989512 0.015245623941276116
0 0.7414279951593384 0.21202710333145117 0.003227107704719645 0.007340485601355167
0 0.7658329971762807 0.21329757199322416 0.004437273093989512 0.005364201016374929
0 0.7916498588140379 0.2230378317334839 0.03751512706736587 0.012987012987012988
0 0.846107301331182 0.22600225861095427 0.038321903993545785 0.009881422924901186
0 0.8801936264622832 0.22586109542631283 0.010488100040338847 0.0016939582156973462
0 0.8945139169019766 0.21880293619424054 0.0028237192416296895 0.006211180124223602
0 0.14521984671238403 0.265527950310559 0.0024203307785397336 0.004799548277809147
0 0.16841468334005646 0.2720214568040655 0.031060911657926585 0.014398644833427442
0 0.2335619201290843 0.2714568040654997 0.063735377168213 0.016657255787690572
0 0.2755143202904397 0.28077357425183513 0.0024203307785397336 0.005928853754940711
0 0.3293666801129488 0.27738565782044045 0.07866075030254134 0.009316770186335404
0 0.3783783783783784 0.28176171654432525 0.0024203307785397336 0.004517221908526256
0 0.4164985881403792 0.27343308865047994 0.043162565550625254 0.014963297571993224
0 0.4870915691811214 0.27343308865047994 0.058491327148043566 0.015527950310559006
0 0.5221863654699476 0.28147939017504237 0.002016942315449778 0.004517221908526256
0 0.5336829366680113 0.2684923771880294 0.003227107704719645 0.00564652738565782
0 0.5857200484066156 0.274703557312253 0.06212182331585317 0.015810276679841896
0 0.672045179507866 0.2768210050818746 0.05889471561113352 0.020609824957651044
0 0.7515127067365873 0.2723037831733484 0.05970149253731343 0.017221908526256352
0 0.8235175473981444 0.2732919254658385 0.050423557886244454 0.015810276679841896
0 0.854981847519161 0.279785431959345 0.002016942315449778 0.001129305477131564
0 0.1789027833803953 0.379587803500847 0.07059298104074223 0.027385657820440428
0 0.25433642597821704 0.37648221343873517 0.027833803953206938 0.009316770186335404
0 0.30334812424364666 0.37267080745341613 0.03469140782573618 0.015810276679841896
0 0.35941912061315046 0.37365894974590624 0.03711173860427592 0.015527950310559006
0 0.409035901573215 0.382128740824393 0.035498184751916094 0.016092603049124788
0 0.4298104074223477 0.3814229249011858 0.002016942315449778 0.001129305477131564
0 0.463896732553449 0.37549407114624506 0.02743041549011698 0.015245623941276116
0 0.5185558693021379 0.3750705815923207 0.04719645018152481 0.01383399209486166
0 0.5843081887858007 0.3756352343308865 0.057684550221863654 0.016092603049124788
0 0.6512706736587334 0.3760587238848108 0.038321903993545785 0.015245623941276116
0 0.7392093586123437 0.37704686617730093 0.09398951189995966 0.0251270468661773
0 0.8340056474384833 0.37450592885375494 0.052843888664784185 0.023433088650479956
0 0.16780960064542155 0.4256070016939582 0.03872529245663574 0.01383399209486166
0 0.24425171440096813 0.42843026538678713 0.07382008874546188 0.021174477696216828
0 0.336224283985478 0.42603049124788256 0.0681726502622025 0.015245623941276116
0 0.43263412666397744 0.42603049124788256 0.08350141185962082 0.01637492941840768
0 0.5405405405405406 0.4298418972332016 0.09681323114158935 0.023997741389045736
0 0.5951996772892295 0.43379446640316205 0.003630496167809601 0.001411631846414455
0 0.6421944332392093 0.4280067758328628 0.0653489310205728 0.01693958215697346
0 0.7101653892698668 0.42941840767927725 0.03670835014118596 0.014680971202710334
0 0.7331585316659943 0.43492377188029363 0.0028237192416296895 0.001411631846414455
0 0.7793465106897943 0.42701863354037267 0.055667607906413875 0.016657255787690572
0 0.846107301331182 0.4264539808018069 0.040742234772085516 0.015527950310559006
0 0.1734570391286809 0.4786843591191417 0.045986284792254944 0.014963297571993224
0 0.2428398547801533 0.48531902879728966 0.055667607906413875 0.019762845849802372
0 0.32432432432432434 0.48249576510446074 0.06292860024203308 0.023150762281197064
0 0.3618394513916902 0.4851778656126482 0.0016135538523598225 0.0008469791078486731
0 0.43384429205324726 0.4782608695652174 0.10125050423557887 0.01637492941840768
0 0.5240016135538523 0.4782608695652174 0.03953206938281565 0.01637492941840768
0 0.5992335619201291 0.47896668548842464 0.07382008874546188 0.01383399209486166
0 0.6692214602662364 0.4810841332580463 0.035498184751916094 0.009034443817052512
0 0.7375958047599839 0.48404856013551667 0.06333198870512304 0.016092603049124788
0 0.8251311012505043 0.48221343873517786 0.07462686567164178 0.028797289666854884
