0 336.0012101653893 755.001976284585 0.0024203307785397336 0.003952569169960474
0 364.02016942315447 767.0084697910785 0.04033884630899556 0.01693958215697346
0 496.01916095199675 796.0050818746471 0.038321903993545785 0.010163749294184076
0 640.0211778943122 774.0080463015246 0.04235578862444534 0.016092603049124788
0 782.0268253327955 763.0119988706945 0.0536506655909641 0.023997741389045736
0 974.0118999596612 772.0080463015246 0.02379991932230738 0.016092603049124788
0 1072.0205728116175 777.0077639751553 0.041145623235175476 0.015527950310559006
0 1183.0032271077048 777.0080463015246 0.00645421540943929 0.016092603049124788
0 1212.0026220250102 767.0021174477696 0.0052440500201694235 0.004234895539243365
0 1268.0338846308996 776.0083286278939 0.06776926179911255 0.016657255787690572
0 1492.0490116982655 790.0110107284021 0.09802339653085922 0.0220214568040655
0 1743.000806776926 827.0005646527386 0.0016135538523598225 0.001129305477131564
0 1805.0014118596207 779.0043760587239 0.0028237192416296895 0.008752117447769622
0 1827.0258168616378 785.0111518915867 0.05163372327551432 0.022303783173348392
0 2000.0197660346914 802.0050818746471 0.03953206938281565 0.010163749294184076
0 350.02077450584915 977.007481648786 0.04154901169826543 0.014963297571993224
0 501.02057281161757 955.0079051383399 0.041145623235175476 0.015810276679841896
0 648.0356998789835 956.0081874647092 0.07139975796692215 0.01637492941840768
0 828.0042355788624 953.0081874647092 0.008471157724889069 0.01637492941840768
0 865.0016135538524 946.0031055900621 0.003227107704719645 0.006211180124223602
0 936.0018152480839 952.0026821005082 0.003630496167809601 0.005364201016374929
0 963.0524405002017 953.0084697910785 0.10488100040338846 0.01693958215697346
0 1271.0145219846713 979.0050818746471 0.029043969342476807 0.010163749294184076
0 1394.0308592174263 967.0069169960474 0.06171843485276321 0.01383399209486166
0 1591.0125050423558 968.0069169960474 0.02501008471157725 0.01383399209486166
0 1698.037716821299 958.012987012987 0.0754336425978217 0.025974025974025976
0 1897.002218636547 1012.0036702428007 0.004437273093989512 0.007340485601355167
0 1930.0012101653892 951.0029644268775 0.0024203307785397336 0.005928853754940711
0 1993.0189592577651 958.0084697910785 0.03791851553045583 0.01693958215697346
0 362.0318676885841 1129.0095990965556 0.063735377168213 0.019198193111236588
0 580.0441710367083 1131.0115753811406 0.08834207341670028 0.023150762281197064
0 848.0278338039532 1140.0071993224167 0.055667607906413875 0.014398644833427442
0 1000.0016135538524 1182.0008469791078 0.003227107704719645 0.0016939582156973462
0 1069.0548608309803 1134.0124223602484 0.10972166196046793 0.024844720496894408
0 1387.0187575635337 1138.00790513834 0.03751512706736587 0.015810276679841896
0 1527.042960871319 1150.0067758328628 0.08592174263816055 0.01355166572557877
0 1790.0316659943526 1144.0071993224167 0.06333198870512304 0.014398644833427442
0 1995.0409439290036 1141.008328627894 0.08188785800726099 0.016657255787690572
0 361.0330778539734 1300.011010728402 0.06615570794675273 0.0220214568040655
0 579.0221863654699 1318.007481648786 0.04437273093989512 0.014963297571993224
0 748.0568777732957 1316.0077639751553 0.11375554659136748 0.015527950310559006
0 1045.0014118596207 1358.003529079616 0.0028237192416296895 0.007058159232072276
0 1095.0018152480839 1310.0036702428006 0.003630496167809601 0.007340485601355167
0 1115.0145219846713 1313.0084697910786 0.029043969342476807 0.01693958215697346
0 1229.013715207745 1318.00790513834 0.02743041549011698 0.015810276679841896
0 1334.0100847115773 1340.004376058724 0.02016942315449778 0.008752117447769622
0 1423.0294473578056 1327.0101637492942 0.05889471561113352 0.020327498588368152
0 1617.036304961678 1325.010304912479 0.07260992335619201 0.020609824957651044
0 1848.010689794272 1318.0088932806325 0.021379588543767647 0.017786561264822136
0 1944.0185558693022 1317.0084697910786 0.03711173860427592 0.01693958215697346
0 2082.013311819282 1324.00790513834 0.026623638563937072 0.015810276679841896
0 359.0106897942719 1493.00790513834 0.021379588543767647 0.015810276679841896
0 441.02057281161757 1487.0091756070017 0.041145623235175476 0.018351214003387916
0 562.0024203307786 1532.0009881422925 0.004840661557079467 0.001976284584980237
0 597.0145219846712 1491.0084697910786 0.029043969342476807 0.01693958215697346
0 734.031464300121 1493.0093167701864 0.06292860024203308 0.018633540372670808
0 930.0121016538927 1496.0080463015245 0.024203307785397338 0.016092603049124788
0 1024.0246066962484 1494.0080463015245 0.04921339249697459 0.016092603049124788
0 1190.0290439693424 1505.0104460756634 0.05808793868495361 0.020892151326933936
0 1351.0014118596207 1543.0009881422925 0.0028237192416296895 0.001976284584980237
0 1406.0496167809602 1499.0080463015245 0.09923356192012908 0.016092603049124788
0 1697.0157321500606 1522.0047995482778 0.03146430012101654 0.009599096555618294
0 1815.0375151270673 1489.0091756070017 0.07503025413473174 0.018351214003387916
0 2035.0280354981849 1523.0047995482778 0.056070996369503835 0.009599096555618294
0 356.0227914481646 1675.0069169960475 0.045582896329164985 0.01383399209486166
0 531.0161355385236 1694.0036702428006 0.03227107704719645 0.007340485601355167
0 660.0213795885438 1695.0042348955392 0.042759177087535294 0.00846979107848673
0 823.0052440500202 1708.0007058159233 0.010488100040338847 0.001411631846414455
0 888.0328761597418 1672.008328627894 0.06575231948366277 0.016657255787690572
0 1059.000806776926 1728.0007058159233 0.0016135538523598225 0.001411631846414455
0 1118.0254134731747 1680.00790513834 0.050826946349334406 0.015810276679841896
0 1310.0272287212586 1679.0077639751553 0.05445744251714401 0.015527950310559006
0 1492.0118999596612 1672.0107284020328 0.02379991932230738 0.021456804065499716
0 1613.020371117386 1675.0084697910786 0.040742234772085516 0.01693958215697346
0 1756.0268253327954 1676.008610954263 0.0536506655909641 0.017221908526256352
0 1948.0320693828157 1682.007481648786 0.06413876563130294 0.014963297571993224
