0 0.08753529649052037 0.11391869000564653 0.016135538523598225 0.023150762281197064
0 0.12343686970552642 0.11575381140598531 0.04356595401371521 0.02456239412761152
0 0.19503832190399353 0.11857707509881422 0.13311819281968534 0.030491247882552232
0 0.2579669221460266 0.1206945228684359 0.10044372730939895 0.03557312252964427
0 0.2809600645421541 0.11518915866741954 0.02743041549011698 0.021456804065499716
0 0.30939895118999594 0.11603613777526821 0.04356595401371521 0.012140033879164314
0 0.3469140782573618 0.11589497459062677 0.05445744251714401 0.014398644833427442
0 0.3860427591770875 0.1163184641445511 0.0572811617587737 0.021174477696216828
0 0.40863251311012505 0.11561264822134387 0.02944735780556676 0.020892151326933936
0 0.11093182734973779 0.14088085827216262 0.06857603872529246 0.023433088650479956
0 0.13311819281968534 0.1411631846414455 0.013311819281968536 0.012704686617730096
0 0.1936264622831787 0.14059853190287974 0.09439290036304962 0.023433088650479956
0 0.27188382412263007 0.1442687747035573 0.14360629286002422 0.031055900621118012
0 0.336022589753933 0.14144551101072841 0.1044776119402985 0.023997741389045736
0 0.36849536103267444 0.14130434782608695 0.03993545784590561 0.023433088650479956
0 0.41629689390883423 0.14158667419536985 0.07422347720855184 0.0220214568040655
0 0.11778943122226704 0.16939582156973462 0.07866075030254134 0.032185206098249576
0 0.15570794675272287 0.16572557876905702 0.050826946349334406 0.0220214568040655
0 0.18354175070592982 0.16600790513833993 0.03872529245663574 0.023150762281197064
0 0.23779749899152886 0.16996047430830039 0.08672851956434045 0.029079616036137776
0 0.29265832997176283 0.1696781479390175 0.08753529649052037 0.032467532467532464
0 0.2944735780556676 0.16741953698475437 0.004033884630899556 0.0033879164313946925
0 0.3424768051633723 0.1675607001693958 0.07866075030254134 0.024280067758328628
0 0.3765631302944736 0.17038396386222474 0.048406615570794675 0.03162055335968379
0 0.4070189592577652 0.1671372106154715 0.043969342476805166 0.023150762281197064
0 0.11375554659136748 0.191699604743083 0.07180314643001211 0.024280067758328628
0 0.14340459862847924 0.19776962168266515 0.03146430012101654 0.03670242800677583
0 0.218233158531666 0.19381705251270467 0.13029447357805568 0.028797289666854884
0 0.22751109318273496 0.1976284584980237 0.014118596208148447 0.025974025974025976
0 0.24868898749495763 0.19042913608130999 0.02864058087938685 0.0220214568040655
0 0.27974989915288423 0.19141727837380013 0.04033884630899556 0.023150762281197064
0 0.32029043969342474 0.19551101072840205 0.06494554255748286 0.032185206098249576
0 0.32775312626058895 0.1966403162055336 0.007664380798709157 0.01101072840203275
0 0.3666801129487697 0.19311123658949747 0.06494554255748286 0.025409373235460192
0 0.3745461879790238 0.1972049689440994 0.01371520774505849 0.020609824957651044
0 0.3963291649858814 0.19268774703557312 0.02743041549011698 0.021456804065499716
0 0.42597821702299316 0.1932523997741389 0.04719645018152481 0.02258610954263128
0 0.10790641387656313 0.22077922077922077 0.06212182331585317 0.03557312252964427
0 0.12081484469544171 0.21781479390175043 0.007664380798709157 0.012422360248447204
0 0.16478418717224688 0.21527385657820441 0.07946752722872126 0.021739130434782608
0 0.17043162565550626 0.2155561829474873 0.004840661557079467 0.0036702428006775835
0 0.20492133924969747 0.21753246753246752 0.05244050020169423 0.021739130434782608
0 0.2888261395724082 0.2171089779785432 0.14683340056474384 0.025409373235460192
0 0.34066155707946755 0.2217673630717109 0.08390480032271078 0.03274985883681536
0 0.36688180718031466 0.22233201581027667 0.03065752319483663 0.03557312252964427
0 0.3981444130697862 0.21725014116318464 0.043162565550625254 0.02258610954263128
0 0.12968939088342074 0.2409655561829475 0.11093182734973779 0.012987012987012988
0 0.17749092375958048 0.2419536984754376 0.07745058491327148 0.024844720496894408
0 0.19927390076643808 0.24181253529079616 0.024606696248487294 0.021456804065499716
0 0.2753126260588947 0.24463579898362506 0.12666397741024607 0.029926595143986448
0 0.3007260992335619 0.24364765669113495 0.030254134731746672 0.025974025974025976
0 0.34772085518354173 0.24392998306041785 0.07099636950383219 0.014680971202710334
0 0.3828156514723679 0.251270468661773 0.04800322710770472 0.02710333145115754
0 0.15348931020572812 0.2707509881422925 0.15853166599435256 0.03303218520609825
0 0.20048406615570794 0.2672219085262564 0.063735377168213 0.014398644833427442
0 0.254739814441307 0.2672219085262564 0.0754336425978217 0.025974025974025976
0 0.29043969342476805 0.26792772444946356 0.03953206938281565 0.025691699604743084
0 0.3467123840258169 0.2720214568040655 0.08511496571198064 0.021739130434782608
0 0.35417507059298103 0.26905702992659514 0.0052440500201694235 0.004517221908526256
0 0.4288019362646228 0.2728684359119142 0.1306978620411456 0.03303218520609825
0 0.1262605889471561 0.3198757763975155 0.09681323114158935 0.028514963297571992
0 0.2291246470350948 0.32368718238283456 0.1791044776119403 0.03613777526821005
0 0.2874142799515934 0.3188876341050254 0.08350141185962082 0.025409373235460192
0 0.2920532472771279 0.3188876341050254 0.008471157724889069 0.0036702428006775835
