0 0.1236385639370714 0.1795595708639187 0.10568777732956837 0.047713156408808584
0 0.1371520774505849 0.1637492941840768 0.007260992335619202 0.001411631846414455
0 0.1744655102864058 0.16614906832298137 0.06171843485276321 0.014680971202710334
0 0.1952400161355385 0.16572557876905702 0.01573215006050827 0.01637492941840768
0 0.23376361436062928 0.1665725578769057 0.06897942718838242 0.014963297571993224
0 0.2702702702702703 0.16770186335403728 0.04517950786607503 0.019198193111236588
0 0.3259378781766841 0.17490118577075098 0.10205728116175877 0.03359683794466403
0 0.3436869705526422 0.1675607001693958 0.014118596208148447 0.014680971202710334
0 0.40843081887858007 0.18308865047995482 0.10649455425574829 0.046583850931677016
0 0.4483662767244857 0.17701863354037267 0.06292860024203308 0.030491247882552232
0 0.100040338846309 0.1922642574816488 0.058491327148043566 0.01948051948051948
0 0.12141992739007665 0.19085262563523434 0.024203307785397338 0.014398644833427442
0 0.2127874142799516 0.20073404856013552 0.15046389673255345 0.036420101637492944
0 0.2146026623638564 0.19240542066629024 0.003227107704719645 0.001411631846414455
0 0.22186365469947558 0.18661773009599097 0.004840661557079467 0.004234895539243365
0 0.2668414683340056 0.20327498588368154 0.05929810407422348 0.0409373235460192
0 0.32432432432432434 0.20285149632975719 0.09156918112141993 0.03472614342179559
0 0.3697055264219443 0.19282891022021456 0.05889471561113352 0.013269339356295878
0 0.40923759580476 0.19141727837380013 0.057684550221863654 0.01693958215697346
0 0.14400968132311415 0.2267080745341615 0.14360629286002422 0.04291360813099943
0 0.16780960064542155 0.21725014116318464 0.014118596208148447 0.011575381140598532
0 0.218233158531666 0.22289666854884246 0.08027430415490117 0.023997741389045736
0 0.2603872529245664 0.22769621682665162 0.0754336425978217 0.034443817052512704
0 0.26220250100847114 0.2183794466403162 0.0028237192416296895 0.0016939582156973462
0 0.3051633723275514 0.21781479390175043 0.05929810407422348 0.020045172219085264
0 0.33864461476401775 0.21739130434782608 0.04679306171843485 0.012987012987012988
0 0.38019362646228316 0.22826086956521738 0.05647438483259379 0.032185206098249576
0 0.40237999193223073 0.22416713721061546 0.0318676885841065 0.028514963297571992
0 0.4027833803953207 0.2186617730095991 0.003227107704719645 0.0016939582156973462
0 0.12948769665187576 0.24181253529079616 0.11294876966518758 0.021174477696216828
0 0.20592981040742234 0.2422360248447205 0.1319080274304155 0.01948051948051948
0 0.23860427591770875 0.2429418407679277 0.05647438483259379 0.017504234895539244
0 0.28418717224687373 0.2435064935064935 0.08067769261799113 0.012987012987012988
0 0.30576845502218636 0.24336533032185206 0.026623638563937072 0.017504234895539244
0 0.32432432432432434 0.24364765669113495 0.016135538523598225 0.009034443817052512
0 0.35720048406615573 0.2435064935064935 0.04679306171843485 0.016092603049124788
0 0.4411052843888665 0.2519762845849802 0.15611133521581283 0.032185206098249576
0 0.15389269866881808 0.2748447204968944 0.15974183138362244 0.03162055335968379
0 0.18253327954820492 0.2748447204968944 0.03065752319483663 0.03274985883681536
0 0.2265026220250101 0.26693958215697344 0.05647438483259379 0.015810276679841896
0 0.24949576442113755 0.2682100508187465 0.02702702702702703 0.016092603049124788
0 0.2876159741831384 0.2682100508187465 0.06333198870512304 0.012140033879164314
0 0.3402581686163776 0.2683512140033879 0.08108108108108109 0.01101072840203275
0 0.35417507059298103 0.26778656126482214 0.016135538523598225 0.01101072840203275
0 0.3874546187979024 0.2787972896668549 0.07785397337636143 0.040654997176736304
0 0.43041549011698266 0.2684923771880294 0.05808793868495361 0.01383399209486166
0 0.13856393707139975 0.2919254658385093 0.12222670431625655 0.015527950310559006
0 0.15954013715207746 0.292772444946358 0.02743041549011698 0.012422360248447204
0 0.2509076240419524 0.3091473743647657 0.15288422751109318 0.05223037831733484
0 0.29225494150867287 0.29347826086956524 0.06252521177894312 0.01101072840203275
0 0.3646631706333199 0.30194805194805197 0.1355385235982251 0.02766798418972332
0 0.3781766841468334 0.29446640316205536 0.018959257765227916 0.012704686617730096
0 0.4015732150060508 0.29488989271597965 0.03227107704719645 0.014680971202710334
0 0.4191206131504639 0.2955957086391869 0.026220250100847116 0.012422360248447204
0 0.13331988705123032 0.3296160361377753 0.11052843888664785 0.04827780914737437
0 0.13473174667204518 0.3186053077357425 0.005647438483259379 0.002540937323546019
