0 0.10629286002420331 0.1163184641445511 0.06857603872529246 0.026538678712591756
0 0.11214199273900767 0.11970638057594579 0.010891488503428802 0.015527950310559006
0 0.1355385235982251 0.11561264822134387 0.0318676885841065 0.010728402032749858
0 0.20471964501815249 0.11645962732919254 0.11980637353771682 0.026821005081874648
0 0.2710770471964502 0.11533032185206098 0.11254538120209762 0.023433088650479956
0 0.3027430415490117 0.1150479954827781 0.043969342476805166 0.023997741389045736
0 0.36405808793868494 0.116600790513834 0.10205728116175877 0.026821005081874648
0 0.36688180718031466 0.11956521739130435 0.008067769261799113 0.009881422924901186
0 0.39592577652279143 0.11547148503670243 0.04921339249697459 0.022868435911914172
0 0.10790641387656313 0.14469226425748166 0.07301331181928197 0.03387916431394692
0 0.16821298910851148 0.14384528514963296 0.09721661960467931 0.033314511575381144
0 0.190802743041549 0.14158667419536985 0.026623638563937072 0.012704686617730096
0 0.21803146430012102 0.14144551101072841 0.03953206938281565 0.0220214568040655
0 0.2561516740621218 0.14031620553359683 0.063735377168213 0.012704686617730096
0 0.2827753126260589 0.14596273291925466 0.035901573215006054 0.036420101637492944
0 0.30475998386446146 0.14073969508752118 0.04356595401371521 0.024844720496894408
0 0.38140379185155304 0.1445511010728402 0.13150463896732553 0.035290796160361376
0 0.11476401774909238 0.16981931112365894 0.08390480032271078 0.03077357425183512
0 0.18676885841064947 0.17010163749294185 0.12101653892698669 0.035290796160361376
0 0.1881807180314643 0.16558441558441558 0.003227107704719645 0.001411631846414455
0 0.2254941508672852 0.16544325239977414 0.04961678096006454 0.025409373235460192
0 0.28156514723678905 0.1653020892151327 0.09197256958450989 0.0220214568040655
0 0.3118192819685357 0.17038396386222474 0.043162565550625254 0.03585544889892716
0 0.3323920935861234 0.16629023150762282 0.045986284792254944 0.022868435911914172
0 0.3880597014925373 0.1712309429700734 0.09197256958450989 0.03387916431394692
0 0.11052843888664785 0.21894409937888198 0.07785397337636143 0.0378317334839074
0 0.16841468334005646 0.21936758893280633 0.09035901573215006 0.03613777526821005
0 0.19342476805163372 0.21428571428571427 0.04033884630899556 0.021456804065499716
0 0.23477208551835418 0.21569734613212874 0.06776926179911255 0.02258610954263128
0 0.2678499394917305 0.21569734613212874 0.04719645018152481 0.02456239412761152
0 0.29951593384429204 0.21597967250141162 0.04477611940298507 0.020609824957651044
0 0.3073820088745462 0.2165443252399774 0.0060508269463493344 0.005928853754940711
0 0.3206938281565147 0.2075098814229249 0.008874546187979023 0.007905138339920948
0 0.34328358208955223 0.21668548842461885 0.04719645018152481 0.022303783173348392
0 0.3656716417910448 0.21696781479390176 0.038321903993545785 0.021739130434782608
0 0.38342073416700284 0.21583850931677018 0.01371520774505849 0.009881422924901186
0 0.4219443323920936 0.217673630717109 0.05687777329568374 0.029079616036137776
0 0.11718434852763211 0.29361942405420666 0.0935861234368697 0.025974025974025976
0 0.12061315046389673 0.29234895539243366 0.004033884630899556 0.003105590062111801
0 0.19140782573618395 0.29347826086956524 0.12020976200080678 0.029644268774703556
0 0.24868898749495763 0.2933370976849238 0.09318273497377975 0.025691699604743084
0 0.2745058491327148 0.29827780914737434 0.03791851553045583 0.03867871259175607
0 0.3346107301331182 0.2961603613777527 0.10931827349737798 0.03585544889892716
0 0.3590157321500605 0.29263128176171654 0.02864058087938685 0.028797289666854884
0 0.4124647035094796 0.292772444946358 0.07503025413473174 0.026821005081874648
0 0.10387252924566358 0.32156973461321287 0.06575231948366277 0.032185206098249576
0 0.14501815248083905 0.3167701863354037 0.06171843485276321 0.01383399209486166
0 0.19604679306171843 0.3170525127046866 0.07866075030254134 0.02710333145115754
0 0.23941105284388867 0.3169113495200452 0.06655909640984267 0.012422360248447204
0 0.28721258572004843 0.31959345002823264 0.07745058491327148 0.026538678712591756
0 0.33965308592174265 0.3211462450592885 0.07018959257765228 0.031055900621118012
0 0.409035901573215 0.31804065499717676 0.11940298507462686 0.02766798418972332
0 0.1099233561920129 0.34288537549407117 0.07866075030254134 0.025974025974025976
0 0.16135538523598225 0.34782608695652173 0.07462686567164178 0.03472614342179559
0 0.21339249697458654 0.34316770186335405 0.07422347720855184 0.024844720496894408
0 0.30395320693828154 0.3440146809712027 0.15611133521581283 0.02710333145115754
0 0.3160548608309802 0.3445793337097685 0.0052440500201694235 0.004234895539243365
