0 0.08713190802743041 0.11462450592885376 0.031060911657926585 0.026821005081874648
0 0.09701492537313433 0.1147656691134952 0.014118596208148447 0.022303783173348392
0 0.145623235175474 0.11914172783738002 0.08188785800726099 0.040654997176736304
0 0.20774505849132716 0.11998870694522869 0.11173860427591771 0.038396386222473176
0 0.2373941105284389 0.11645962732919254 0.040742234772085516 0.03359683794466403
0 0.29507866075030253 0.11970638057594579 0.10286405808793868 0.040654997176736304
0 0.32311415893505446 0.11349520045172219 0.04195240016135539 0.020609824957651044
0 0.36304961678096004 0.11857707509881422 0.0645421540943929 0.035290796160361376
0 0.3872529245663574 0.11349520045172219 0.025413473174667203 0.025974025974025976
0 0.42174263816054863 0.11405985319028797 0.05526421944332392 0.029644268774703556
0 0.13251311012505043 0.14003387916431395 0.11778943122226704 0.03303218520609825
0 0.1744655102864058 0.13777526821005082 0.06615570794675273 0.019198193111236588
0 0.20250100847115773 0.14031620553359683 0.040742234772085516 0.031338226990400904
0 0.2809600645421541 0.1396103896103896 0.1262605889471561 0.029079616036137776
0 0.30354981847519164 0.13763410502540938 0.022993142396127472 0.028232636928289104
0 0.32855990318676886 0.13904573687182384 0.035498184751916094 0.010163749294184076
0 0.42295280354981846 0.13918690005646528 0.16821298910851148 0.029079616036137776
0 0.1036708350141186 0.1634669678147939 0.06252521177894312 0.022868435911914172
0 0.200080677692618 0.16389045736871824 0.1718434852763211 0.03077357425183512
0 0.21036708350141187 0.16332580463015245 0.00645421540943929 0.004234895539243365
0 0.2226704316256555 0.15400903444381706 0.013311819281968536 0.010163749294184076
0 0.2382008874546188 0.15316205533596838 0.01290843081887858 0.004517221908526256
0 0.2743041549011698 0.16459627329192547 0.06333198870512304 0.022303783173348392
0 0.28862444534086323 0.16360813099943536 0.014521984671238403 0.01383399209486166
0 0.3083904800322711 0.1637492941840768 0.01855586930213796 0.005928853754940711
0 0.390883420734167 0.17010163749294185 0.14764017749092376 0.03980801806888763
0 0.12484872932634127 0.18887634105025408 0.09802339653085922 0.02766798418972332
0 0.18132311415893507 0.189158667419537 0.08350141185962082 0.029644268774703556
0 0.19483662767244858 0.18887634105025408 0.014925373134328358 0.007058159232072276
0 0.24405002016942315 0.18972332015810275 0.08874546187979024 0.01383399209486166
0 0.2946752722872126 0.19000564652738566 0.07382008874546188 0.018633540372670808
0 0.3150463896732553 0.18887634105025408 0.02218636546994756 0.007622811970638058
0 0.38563937071399756 0.19904009034443818 0.12706736587333603 0.04517221908526256
0 0.12343686970552642 0.2161208356860531 0.1044776119402985 0.032185206098249576
0 0.1607503025413473 0.21386222473178995 0.053247277127874144 0.012704686617730096
0 0.1881807180314643 0.21315640880858272 0.03630496167809601 0.020327498588368152
0 0.19665187575635337 0.21583850931677018 0.004840661557079467 0.007058159232072276
0 0.21198063735377168 0.20341614906832298 0.011698265429608713 0.007340485601355167
0 0.24586526825332797 0.21541501976284586 0.057684550221863654 0.015527950310559006
0 0.27490923759580477 0.2140033879164314 0.03428801936264623 0.026538678712591756
0 0.327148043565954 0.22035573122529645 0.08713190802743041 0.037549407114624504
0 0.3765631302944736 0.21964991530208922 0.0826946349334409 0.03274985883681536
0 0.38241226300927794 0.21428571428571427 0.005647438483259379 0.00282326369282891
0 0.08027430415490117 0.2264257481648786 0.01290843081887858 0.006211180124223602
0 0.12565550625252117 0.2388481084133258 0.0891488503428802 0.031055900621118012
0 0.15832997176280758 0.24110671936758893 0.057684550221863654 0.03387916431394692
0 0.18737394110528438 0.2391304347826087 0.043162565550625254 0.012140033879164314
0 0.23880597014925373 0.24816487859966121 0.08430818878580072 0.042631281761716544
0 0.27511093182734975 0.24378881987577639 0.05486083098023396 0.0409373235460192
0 0.29225494150867287 0.2404009034443817 0.03630496167809601 0.028232636928289104
0 0.31484469544171034 0.23969508752117447 0.029043969342476807 0.023715415019762844
0 0.33884630899556273 0.2381422924901186 0.05203711173860428 0.021739130434782608
0 0.39774102460669625 0.2388481084133258 0.11617587736990723 0.02710333145115754
0 0.43061718434852764 0.2385657820440429 0.06575231948366277 0.023433088650479956
0 0.4344493747478822 0.23927159796725014 0.008471157724889069 0.004517221908526256
0 0.100040338846309 0.26595143986448333 0.05970149253731343 0.031338226990400904
0 0.16135538523598225 0.26595143986448333 0.1044776119402985 0.031338226990400904
0 0.21157724889068172 0.27315076228119706 0.09439290036304962 0.040654997176736304
0 0.24223477208551836 0.26439864483342745 0.04719645018152481 0.02710333145115754
0 0.2874142799515934 0.26566911349520045 0.07946752722872126 0.03190287972896669
0 0.32674465510286405 0.265527950310559 0.06171843485276321 0.026821005081874648
0 0.3765631302944736 0.2652456239412761 0.08471157724889068 0.02766798418972332
0 0.38019362646228316 0.26468097120271034 0.003227107704719645 0.001976284584980237
0 0.4128680919725696 0.2649632975719932 0.035498184751916094 0.0220214568040655
0 0.4288019362646228 0.264257481648786 0.019766034691407825 0.015527950310559006
0 0.12121823315853167 0.29700734048560135 0.09842678499394918 0.040372670807453416
0 0.20411456232351755 0.29601919819311123 0.14400968132311415 0.03387916431394692
0 0.22347720855183542 0.29136081309994355 0.02743041549011698 0.0220214568040655
0 0.23759580475998388 0.2811970638057595 0.011294876966518758 0.008752117447769622
