0 378.0256151674062 746.0104460756635 0.051230334812424366 0.020892151326933936
0 566.0151270673658 769.0069169960474 0.030254134731746672 0.01383399209486166
0 706.0248083904801 743.0112930547713 0.04961678096006454 0.02258610954263128
0 881.0175473981444 754.0127046866178 0.03509479628882614 0.025409373235460192
0 1003.0814844695442 744.0146809712027 0.16296893908834206 0.029361942405420668
0 1452.0183541750705 753.009457933371 0.03670835014118596 0.0189158667419537
0 1594.0294473578056 742.0119988706945 0.05889471561113352 0.023997741389045736
0 1777.036304961678 758.0142574816488 0.07260992335619201 0.028514963297571992
0 1953.0046389673255 822.0050818746471 0.00927793465106898 0.010163749294184076
0 2030.0231948366277 752.0097402597403 0.0463896732553449 0.01948051948051948
0 383.04376764824525 931.0108695652174 0.08753529649052037 0.021739130434782608
0 601.002218636547 1003.0045172219085 0.004437273093989512 0.009034443817052512
0 673.0121016538927 930.0095990965556 0.024203307785397338 0.019198193111236588
0 780.0213795885438 935.0091756070017 0.042759177087535294 0.018351214003387916
0 930.0350947962888 927.0103049124788 0.07018959257765228 0.020609824957651044
0 1123.003025413473 1011.0036702428007 0.0060508269463493344 0.007340485601355167
0 1192.0302541347316 937.0097402597403 0.060508269463493344 0.01948051948051948
0 1384.038120209762 932.0104460756635 0.07624041952400161 0.020892151326933936
0 1632.0324727712787 957.0060700169396 0.06494554255748286 0.012140033879164314
0 1826.0240016135538 929.0121400338792 0.04800322710770472 0.024280067758328628
0 1970.0282371924163 928.0103049124788 0.05647438483259379 0.020609824957651044
0 381.0490116982654 1102.0101637492942 0.09802339653085922 0.020327498588368152
0 694.029245663574 1107.0104460756634 0.058491327148043566 0.020892151326933936
0 879.0018152480839 1168.0011293054772 0.003630496167809601 0.002258610954263128
0 944.0032271077047 1102.0033879164314 0.00645421540943929 0.006775832862789385
0 994.013311819282 1109.0088932806325 0.026623638563937072 0.017786561264822136
0 1092.031867688584 1102.0111518915867 0.063735377168213 0.022303783173348392
0 1317.022589753933 1115.009881422925 0.04517950786607503 0.019762845849802372
0 1451.033279548205 1144.0111518915867 0.06655909640984267 0.022303783173348392
0 1666.0350947962888 1116.0087521174478 0.07018959257765228 0.017504234895539244
0 1885.0123033481243 1118.008610954263 0.024606696248487294 0.017221908526256352
0 1992.0189592577651 1111.0091756070017 0.03791851553045583 0.018351214003387916
0 2120.004840661557 1121.0080463015245 0.009681323114158934 0.016092603049124788
0 2167.004437273094 1117.0025409373236 0.008874546187979023 0.005081874647092038
0 379.0183541750706 1283.0108695652175 0.03670835014118596 0.021739130434782608
0 535.0453812020976 1289.010304912479 0.09076240419524001 0.020609824957651044
0 778.0040338846309 1363.0047995482778 0.008067769261799113 0.009599096555618294
0 858.0457845905607 1288.0158102766798 0.09156918112141993 0.03162055335968379
0 1163.012908430819 1285.0111518915867 0.02581686163775716 0.022303783173348392
0 1265.0191609519968 1286.0100225861095 0.038321903993545785 0.020045172219085264
0 1424.046187979024 1288.010587238848 0.09237595804759983 0.021174477696216828
0 1688.0012101653892 1352.0012704686617 0.0024203307785397336 0.002540937323546019
0 1753.0048406615572 1296.0029644268775 0.009681323114158934 0.005928853754940711
0 1800.0177490923759 1296.0081874647092 0.035498184751916094 0.01637492941840768
0 1881.0080677692617 1316.012987012987 0.016135538523598225 0.025974025974025976
0 1996.0060508269464 1301.0093167701864 0.012101653892698669 0.018633540372670808
0 2034.0312626058894 1297.0088932806325 0.06252521177894312 0.017786561264822136
0 394.01109318273495 1458.0111518915867 0.02218636546994756 0.022303783173348392
0 514.038120209762 1469.0097402597403 0.07624041952400161 0.01948051948051948
0 759.0286405808794 1496.0115753811406 0.0572811617587737 0.023150762281197064
0 972.0754336425978 1465.011010728402 0.1508672851956434 0.0220214568040655
0 1364.0365066559095 1477.0142574816489 0.07301331181928197 0.028514963297571992
0 1589.0375151270673 1464.010304912479 0.07503025413473174 0.020609824957651044
0 1806.0689794271884 1471.0138339920948 0.13795885437676483 0.02766798418972332
0 406.0461879790238 1649.0093167701864 0.09237595804759983 0.018633540372670808
0 687.0233965308593 1645.0097402597403 0.04679306171843485 0.01948051948051948
0 881.0574828559903 1645.010304912479 0.11496571198063735 0.020609824957651044
0 1232.0233965308591 1657.012987012987 0.04679306171843485 0.025974025974025976
0 1367.0040338846309 1714.004658385093 0.008067769261799113 0.009316770186335404
0 1439.0054457442518 1660.0031055900622 0.010891488503428802 0.006211180124223602
0 1497.0242033077855 1650.0104460756634 0.048406615570794675 0.020892151326933936
0 1686.064340459863 1648.0107284020328 0.12868091972569584 0.021456804065499716
0 410.0417507059298 1822.0159514398645 0.08350141185962082 0.03190287972896669
0 646.0012101653892 1887.0008469791078 0.0024203307785397336 0.0016939582156973462
0 706.0042355788624 1829.0022586109542 0.008471157724889069 0.004517221908526256
0 766.0052440500202 1833.0076228119706 0.010488100040338847 0.015245623941276116
0 803.0147236789028 1837.008328627894 0.02944735780556676 0.016657255787690572
0 942.0096813231141 1861.0050818746472 0.01936264622831787 0.010163749294184076
0 1038.0387252924565 1832.009034443817 0.07745058491327148 0.018068887634105024
0 1294.0346914078257 1817.0107284020328 0.06938281565147236 0.021456804065499716
0 1517.019967728923 1818.0142574816489 0.03993545784590561 0.028514963297571992
0 1648.0401371520775 1825.014963297572 0.08027430415490117 0.029926595143986448
0 1894.054054054054 1831.0091756070017 0.10810810810810811 0.018351214003387916
0 397.0312626058895 2001.0104460756634 0.06252521177894312 0.020892151326933936
0 609.0167406212182 2036.0064935064936 0.033481242436466316 0.012987012987012988
0 759.0800726099234 2005.0131281761717 0.16014521984671237 0.026256352343308864
0 1217.0707946752723 2002.010587238848 0.14158935054457442 0.021174477696216828
0 1596.0010084711578 2069.000846979108 0.002016942315449778 0.0016939582156973462
0 1639.00524405002 2009.0032467532467 0.010488100040338847 0.006493506493506494
