0 0.1536910044372731 0.26566911349520045 0.03146430012101654 0.01355166572557877
0 0.22045179507866075 0.2704686617730096 0.06171843485276321 0.021456804065499716
0 0.26643807987091567 0.2727272727272727 0.0028237192416296895 0.007905138339920948
0 0.2898346107301331 0.2672219085262564 0.02379991932230738 0.012140033879164314
0 0.345502218636547 0.2676453980801807 0.057684550221863654 0.014116318464144552
0 0.38422751109318276 0.27540937323546016 0.002016942315449778 0.004799548277809147
0 0.4146833400564744 0.2663749294184077 0.055667607906413875 0.012704686617730096
0 0.4774102460669625 0.2684923771880294 0.0463896732553449 0.007905138339920948
0 0.5933844292053247 0.26905702992659514 0.16054860830980233 0.014680971202710334
0 0.719039935457846 0.2673630717108978 0.057684550221863654 0.012987012987012988
0 0.7660346914078258 0.2701863354037267 0.014521984671238403 0.007340485601355167
0 0.20754336425978218 0.32481648785996614 0.1262605889471561 0.021739130434782608
0 0.27833803953206937 0.3242518351214003 0.0024203307785397336 0.0008469791078486731
0 0.32432432432432434 0.31832298136645965 0.042759177087535294 0.013269339356295878
0 0.3785800726099234 0.31945228684359117 0.04235578862444534 0.013269339356295878
0 0.463695038321904 0.32241671372106157 0.10286405808793868 0.019762845849802372
0 0.545582896329165 0.32156973461321287 0.02944735780556676 0.012422360248447204
0 0.5780556676079064 0.3211462450592885 0.024203307785397338 0.01101072840203275
0 0.6240419524001614 0.320016939582157 0.03791851553045583 0.011575381140598532
0 0.6843485276321097 0.3201581027667984 0.0536506655909641 0.012422360248447204
0 0.7650262202501008 0.3211462450592885 0.07704719645018153 0.013269339356295878
0 0.2146026623638564 0.37323546019198195 0.12585720048406615 0.020892151326933936
0 0.29265832997176283 0.37140033879164314 0.010891488503428802 0.001976284584980237
0 0.3315853166599435 0.3697063805759458 0.03953206938281565 0.014398644833427442
0 0.39007664380798707 0.36885940146809715 0.04679306171843485 0.011575381140598532
0 0.4409035901573215 0.3695652173913043 0.026623638563937072 0.01355166572557877
0 0.48951189995966116 0.37238848108413325 0.04719645018152481 0.01129305477131564
0 0.5613150463896732 0.3695652173913043 0.0681726502622025 0.014116318464144552
0 0.6333198870512303 0.3695652173913043 0.03953206938281565 0.014680971202710334
0 0.7220653489310206 0.3750705815923207 0.09923356192012908 0.022868435911914172
0 0.7853973376361436 0.3753529079616036 0.003227107704719645 0.0036702428006775835
0 0.17204517950786608 0.4193958215697346 0.0463896732553449 0.014398644833427442
0 0.22125857200484067 0.41981931112365894 0.013311819281968536 0.012987012987012988
0 0.2670431625655506 0.4189723320158103 0.041145623235175476 0.014680971202710334
0 0.318273497377975 0.42066629023150764 0.03065752319483663 0.01129305477131564
0 0.37252924566357404 0.4193958215697346 0.06333198870512304 0.015527950310559006
0 0.4390883420734167 0.4202428006775833 0.0318676885841065 0.014963297571993224
0 0.5014118596208148 0.4264539808018069 0.05244050020169423 0.026256352343308864
0 0.5490116982654296 0.4203839638622247 0.028237192416296894 0.01355166572557877
0 0.6105284388866479 0.4205251270468662 0.07382008874546188 0.016092603049124788
0 0.6930213795885438 0.42080745341614906 0.060508269463493344 0.016657255787690572
0 0.7599838644614764 0.41967814793901753 0.042759177087535294 0.014398644833427442
0 0.8215006050826946 0.4230660643704122 0.06413876563130294 0.012704686617730096
0 0.17507059298104075 0.47374364765669114 0.05163372327551432 0.011857707509881422
0 0.2400161355385236 0.4709203839638622 0.04759983864461476 0.012987012987012988
0 0.3325937878176684 0.47444946357989837 0.1036708350141186 0.021174477696216828
0 0.4322307382008875 0.47148503670242803 0.05687777329568374 0.014680971202710334
0 0.5304558289632917 0.474025974025974 0.11052843888664785 0.020327498588368152
0 0.6200080677692618 0.4741671372106155 0.026623638563937072 0.009881422924901186
0 0.6668011294876967 0.47219085262563526 0.04356595401371521 0.012704686617730096
0 0.7515127067365873 0.4741671372106155 0.09116579265832997 0.020609824957651044
0 0.8065752319483662 0.4774138904573687 0.0028237192416296895 0.0016939582156973462
0 0.17527228721258573 0.5206098249576511 0.030254134731746672 0.014680971202710334
0 0.23396530859217426 0.5214568040654998 0.055667607906413875 0.012987012987012988
0 0.29306171843485274 0.5199040090344438 0.03428801936264623 0.012704686617730096
0 0.4134731746672045 0.5258328627893846 0.1734570391286809 0.0251270468661773
0 0.509076240419524 0.5295031055900621 0.003227107704719645 0.004799548277809147
0 0.5433642597821702 0.5231507622811971 0.02501008471157725 0.009599096555618294
0 0.582089552238806 0.5217391304347826 0.02743041549011698 0.012422360248447204
0 0.6313029447357805 0.5200451722190853 0.03227107704719645 0.014116318464144552
0 0.6778943122226704 0.5215979672501412 0.03993545784590561 0.014963297571993224
0 0.745663574021783 0.5287972896668549 0.05687777329568374 0.018068887634105024
0 0.7987091569181122 0.5210333145115754 0.02743041549011698 0.012140033879164314
0 0.8426784993949173 0.5221626199887069 0.03791851553045583 0.014398644833427442
0 0.18475191609519967 0.5736871823828346 0.05244050020169423 0.011857707509881422
0 0.27188382412263007 0.5718520609824957 0.09439290036304962 0.015527950310559006
0 0.33118192819685355 0.5794748729531338 0.0024203307785397336 0.00818746470920384
0 0.3743444937474788 0.5714285714285714 0.0572811617587737 0.014680971202710334
0 0.43243243243243246 0.5705815923207228 0.02501008471157725 0.014116318464144552
0 0.4780153287615974 0.5717108977978543 0.04033884630899556 0.014116318464144552
0 0.545179507866075 0.5726990400903444 0.07139975796692215 0.016657255787690572
0 0.6159741831383623 0.5717108977978543 0.03872529245663574 0.014116318464144552
0 0.6918112141992739 0.5766516092603049 0.0790641387656313 0.022868435911914172
0 0.7615974183138362 0.5760869565217391 0.024203307785397338 0.023433088650479956
0 0.2035094796288826 0.6259175607001694 0.07866075030254134 0.023715415019762844
0 0.28680919725695847 0.6201298701298701 0.05808793868495361 0.012704686617730096
0 0.33743444937474787 0.6197063805759458 0.00927793465106898 0.0016939582156973462
0 0.3628479225494151 0.6211180124223602 0.02379991932230738 0.009034443817052512
0 0.3949173053650666 0.623235460191982 0.01290843081887858 0.008752117447769622
0 0.4935457845905607 0.6243647656691135 0.16337232755143202 0.0189158667419537
0 0.600847115772489 0.6250705815923208 0.02379991932230738 0.0220214568040655
0 0.6492537313432836 0.6226708074534162 0.04719645018152481 0.01383399209486166
0 0.7228721258572005 0.6222473178994918 0.07260992335619201 0.01637492941840768
0 0.8206938281565147 0.6236589497459063 0.09237595804759983 0.023715415019762844
0 0.8824122630092779 0.6223884810841332 0.00927793465106898 0.001976284584980237
0 0.17769261799112546 0.6703839638622248 0.027833803953206938 0.014963297571993224
0 0.23336022589753933 0.6733483907396951 0.058491327148043566 0.009599096555618294
0 0.29790237999193225 0.6741953698475438 0.04235578862444534 0.01129305477131564
0 0.354376764824526 0.6732072275550537 0.043162565550625254 0.013269339356295878
0 0.4247680516337233 0.6715132693393563 0.07099636950383219 0.012704686617730096
0 0.49173053650665594 0.6716544325239977 0.04195240016135539 0.010728402032749858
0 0.5972166196046793 0.6760304912478825 0.145623235175474 0.020045172219085264
0 0.7022993142396128 0.6743365330321852 0.023396530859217425 0.01101072840203275
0 0.7406212182331585 0.6733483907396951 0.03711173860427592 0.012987012987012988
0 0.8073820088745461 0.6747600225861096 0.07139975796692215 0.014116318464144552
0 0.8537716821298911 0.6802653867871259 0.003630496167809601 0.003105590062111801
