0 0.11093182734973779 0.11674195369847544 0.06897942718838242 0.025974025974025976
0 0.12989108511496572 0.11547148503670243 0.021379588543767647 0.02258610954263128
0 0.20250100847115773 0.11490683229813664 0.13594191206131503 0.023715415019762844
0 0.22246873739411052 0.11547148503670243 0.02702702702702703 0.021456804065499716
0 0.24929407018959257 0.11561264822134387 0.04235578862444534 0.021456804065499716
0 0.3037515127067366 0.12154150197628459 0.09398951189995966 0.040372670807453416
0 0.326946349334409 0.11533032185206098 0.03953206938281565 0.023715415019762844
0 0.3628479225494151 0.11589497459062677 0.06615570794675273 0.025974025974025976
0 0.35941912061315046 0.1163184641445511 0.003630496167809601 0.00282326369282891
0 0.41770875352964904 0.11716544325239978 0.0782573618394514 0.024280067758328628
0 0.10770471964501815 0.1401750423489554 0.06131504638967326 0.033314511575381144
0 0.15127067365873337 0.14088085827216262 0.060508269463493344 0.018068887634105024
0 0.17325534489713595 0.14102202145680406 0.024606696248487294 0.012422360248447204
0 0.21964501815248083 0.14582156973461322 0.07139975796692215 0.033314511575381144
0 0.26643807987091567 0.1417278373800113 0.063735377168213 0.02456239412761152
0 0.272488906817265 0.14469226425748166 0.0052440500201694235 0.009316770186335404
0 0.31121419927390076 0.1417278373800113 0.0536506655909641 0.026821005081874648
0 0.33662767244856795 0.14257481648785997 0.03630496167809601 0.02456239412761152
0 0.3926986688180718 0.1417278373800113 0.08793868495361033 0.02766798418972332
0 0.44352561516740624 0.14243365330321853 0.08511496571198064 0.025409373235460192
0 0.44917305365066557 0.14680971202710333 0.010488100040338847 0.009599096555618294
0 0.09701492537313433 0.16629023150762282 0.053247277127874144 0.029926595143986448
0 0.1355385235982251 0.16586674195369847 0.0463896732553449 0.023715415019762844
0 0.1972569584509883 0.17165443252399773 0.1073013311819282 0.040372670807453416
0 0.24747882210568778 0.17066629023150762 0.08632513110125051 0.030491247882552232
0 0.27591770875352967 0.16699604743083005 0.030254134731746672 0.018351214003387916
0 0.3323920935861234 0.17546583850931677 0.09721661960467931 0.040372670807453416
0 0.36042759177087536 0.16629023150762282 0.03993545784590561 0.02258610954263128
0 0.40520371117386045 0.16727837380011293 0.07866075030254134 0.019762845849802372
0 0.4102460669624849 0.16586674195369847 0.004437273093989512 0.001976284584980237
0 0.4267849939491731 0.1585262563523433 0.01008471157724889 0.00818746470920384
0 0.43384429205324726 0.16586674195369847 0.01653892698668818 0.022868435911914172
0 0.118192819685357 0.1907114624505929 0.09197256958450989 0.022868435911914172
0 0.14864864864864866 0.19057029926595143 0.042759177087535294 0.015810276679841896
0 0.22932634126663978 0.19381705251270467 0.1335215812827753 0.02710333145115754
0 0.28156514723678905 0.19861660079051383 0.08309802339653086 0.0378317334839074
0 0.2853973376361436 0.19748729531338227 0.0060508269463493344 0.009881422924901186
0 0.2966922146026624 0.18746470920383965 0.007664380798709157 0.012140033879164314
0 0.3204921339249697 0.19184076792772445 0.025413473174667203 0.020045172219085264
0 0.36042759177087536 0.1935347261434218 0.06615570794675273 0.018633540372670808
0 0.39552238805970147 0.19155844155844157 0.03791851553045583 0.011857707509881422
0 0.4169019766034691 0.19240542066629024 0.02743041549011698 0.019762845849802372
0 0.43929003630496166 0.19099378881987578 0.030254134731746672 0.011857707509881422
0 0.11335215812827754 0.2165443252399774 0.08793868495361033 0.022303783173348392
0 0.16579265832997175 0.21668548842461885 0.07704719645018153 0.020327498588368152
0 0.17022993142396128 0.21753246753246752 0.004840661557079467 0.00846979107848673
0 0.20411456232351755 0.21739130434782608 0.04477611940298507 0.025691699604743084
0 0.2626058894715611 0.21880293619424054 0.100040338846309 0.023997741389045736
0 0.31847519160952 0.21739130434782608 0.08793868495361033 0.025974025974025976
0 0.3688987494957644 0.2236024844720497 0.07946752722872126 0.029079616036137776
0 0.4483662767244857 0.22501411631846416 0.14239612747075434 0.041501976284584984
0 0.45482049213392495 0.21753246753246752 0.004840661557079467 0.005081874647092038
0 0.0881403791851553 0.2388481084133258 0.03872529245663574 0.022303783173348392
0 0.10649455425574829 0.2391304347826087 0.035498184751916094 0.01948051948051948
0 0.18253327954820492 0.24308300395256918 0.13432835820895522 0.028232636928289104
0 0.25756353368293666 0.24082439299830605 0.12303348124243646 0.019198193111236588
0 0.26764824526018555 0.24336533032185206 0.007260992335619202 0.012987012987012988
0 0.31444130697862044 0.24435347261434218 0.07946752722872126 0.022303783173348392
0 0.3826139572408229 0.2404009034443817 0.1073013311819282 0.024280067758328628
0 0.4312222670431626 0.2406832298136646 0.06897942718838242 0.023150762281197064
0 0.43485276321097216 0.2404009034443817 0.004840661557079467 0.003105590062111801
0 0.09177087535296491 0.26228119706380576 0.043162565550625254 0.023433088650479956
0 0.12020976200080678 0.262987012987013 0.04356595401371521 0.02258610954263128
0 0.1762807583703106 0.264257481648786 0.09318273497377975 0.032467532467532464
0 0.22771278741427994 0.26439864483342745 0.07260992335619201 0.025691699604743084
0 0.31585316659943524 0.2663749294184077 0.14320290439693426 0.031338226990400904
0 0.3785800726099234 0.265527950310559 0.09883017345703912 0.03274985883681536
0 0.4590560709963695 0.27315076228119706 0.14481645824929407 0.04206662902315076
0 0.07765227914481646 0.28698475437605875 0.026623638563937072 0.02456239412761152
0 0.10225897539330375 0.28726708074534163 0.041145623235175476 0.02258610954263128
0 0.13533682936668012 0.2862789384528515 0.04356595401371521 0.020609824957651044
0 0.15994352561516742 0.28740824392998304 0.0318676885841065 0.020327498588368152
0 0.21117386042759176 0.2891022021456804 0.09640984267849939 0.028797289666854884
0 0.22186365469947558 0.2912196499153021 0.00645421540943929 0.007905138339920948
0 0.2769261799112545 0.2909373235460192 0.07059298104074223 0.022303783173348392
0 0.3327954820492134 0.2933370976849238 0.08350141185962082 0.026538678712591756
0 0.36789027833803956 0.3005364201016375 0.050826946349334406 0.03811405985319029
0 0.37232755143202906 0.29785431959345005 0.007664380798709157 0.00846979107848673
0 0.4080274304154901 0.30039525691699603 0.05445744251714401 0.037267080745341616
0 0.10246066962484873 0.32298136645962733 0.08511496571198064 0.029926595143986448
0 0.13674868898749495 0.320016939582157 0.03872529245663574 0.0220214568040655
0 0.17870108914885036 0.32058159232072275 0.0609116579265833 0.027385657820440428
0 0.2172246873739411 0.3210050818746471 0.06736587333602259 0.02456239412761152
0 0.2373941105284389 0.32086391869000563 0.027833803953206938 0.022303783173348392
0 0.2656313029447358 0.32241671372106157 0.03670835014118596 0.026821005081874648
0 0.33400564743848327 0.322557876905703 0.11335215812827754 0.027385657820440428
0 0.3382412263009278 0.32086391869000563 0.003630496167809601 0.003105590062111801
