0 288.0812827753126 705.0115753811406 0.16256555062525213 0.023150762281197064
0 765.0225897539331 708.0084697910785 0.04517950786607503 0.01693958215697346
0 945.0697862041145 716.0087521174478 0.13957240822912464 0.017504234895539244
0 1352.026623638564 718.0086109542631 0.053247277127874144 0.017221908526256352
0 1539.0100847115773 738.0056465273857 0.02016942315449778 0.01129305477131564
0 1625.0494150867285 731.0083286278939 0.09883017345703912 0.016657255787690572
0 1912.0179507866076 726.0124223602485 0.035901573215006054 0.024844720496894408
0 2057.017749092376 720.0081874647092 0.035498184751916094 0.01637492941840768
0 327.0324727712787 885.0105872388481 0.06494554255748286 0.021174477696216828
0 535.0244050020169 896.014963297572 0.04881000403388463 0.029926595143986448
0 686.0482049213392 902.0079051383399 0.09640984267849939 0.015810276679841896
0 962.0145219846712 906.007481648786 0.029043969342476807 0.014963297571993224
0 1071.058491327148 898.0167984189724 0.11698265429608713 0.03359683794466403
0 1374.0020169423155 965.0014116318464 0.004033884630899556 0.00282326369282891
0 1439.0282371924163 903.0079051383399 0.05647438483259379 0.015810276679841896
0 1634.044776119403 894.0159514398645 0.08955223880597014 0.03190287972896669
0 1898.027027027027 906.016939582157 0.05405405405405406 0.03387916431394692
0 2046.002218636547 959.0023997741389 0.004437273093989512 0.004799548277809147
0 311.038120209762 1099.0062111801242 0.07624041952400161 0.012422360248447204
0 560.0510286405809 1100.0056465273856 0.10205728116175877 0.01129305477131564
0 863.0171440096814 1095.0108695652175 0.03428801936264623 0.021739130434782608
0 996.04961678096 1084.0132693393564 0.09923356192012908 0.026538678712591756
0 1298.0467930617185 1088.008328627894 0.0935861234368697 0.016657255787690572
0 1548.0026220250102 1144.0028232636928 0.0052440500201694235 0.00564652738565782
0 1609.0389269866882 1097.0067758328628 0.07785397337636143 0.01355166572557877
0 1822.0131101250504 1100.0062111801242 0.026220250100847116 0.012422360248447204
0 1940.0449778136344 1096.0077639751553 0.0899556272690601 0.015527950310559006
0 313.0405405405405 1272.0112930547714 0.08108108108108109 0.02258610954263128
0 569.0096813231141 1259.007481648786 0.01936264622831787 0.014963297571993224
0 670.0175473981444 1259.007058159232 0.03509479628882614 0.014116318464144552
0 796.0278338039532 1264.0076228119706 0.055667607906413875 0.015245623941276116
0 945.0042355788624 1312.0042348955392 0.008471157724889069 0.00846979107848673
0 1013.0096813231141 1264.00790513834 0.01936264622831787 0.015810276679841896
0 1117.0278338039532 1288.005505364201 0.055667607906413875 0.01101072840203275
0 1294.0609116579267 1279.0119988706945 0.1218233158531666 0.023997741389045736
0 1641.0578862444534 1271.00790513834 0.11577248890681727 0.015810276679841896
0 1974.028842275111 1265.0087521174478 0.057684550221863654 0.017504234895539244
0 337.0171440096813 1432.0094579333709 0.03428801936264623 0.0189158667419537
0 472.0296490520371 1432.0167984189723 0.05929810407422348 0.03359683794466403
0 679.027027027027 1467.004658385093 0.05405405405405406 0.009316770186335404
0 860.0244050020169 1467.0042348955392 0.04881000403388463 0.00846979107848673
0 996.0016135538524 1484.0011293054772 0.003227107704719645 0.002258610954263128
0 1025.0393303751512 1430.0107284020328 0.07866075030254134 0.021456804065499716
0 1277.0346914078257 1476.00395256917 0.06938281565147236 0.007905138339920948
0 1522.0572811617587 1444.0135516657256 0.1145623235175474 0.02710333145115754
0 1821.0268253327954 1465.006634669678 0.0536506655909641 0.013269339356295878
0 2020.0141185962082 1455.0069169960475 0.028237192416296894 0.01383399209486166
0 327.031464300121 1626.0077639751553 0.06292860024203308 0.015527950310559006
0 550.0229931423961 1621.0076228119706 0.045986284792254944 0.015245623941276116
0 715.0502218636547 1609.0088932806325 0.10044372730939895 0.017786561264822136
0 978.0032271077047 1673.002682100508 0.00645421540943929 0.005364201016374929
0 1052.0300524405002 1633.005928853755 0.06010488100040339 0.011857707509881422
0 1249.0177490923759 1642.0049407114625 0.035498184751916094 0.009881422924901186
0 1396.034086325131 1649.004376058724 0.0681726502622025 0.008752117447769622
0 1622.020371117386 1659.004376058724 0.040742234772085516 0.008752117447769622
0 1802.0361032674466 1637.01185770751 0.07220653489310205 0.023715415019762844
0 2035.026623638564 1617.0095990965556 0.053247277127874144 0.019198193111236588
0 309.04558289632917 1799.008610954263 0.09116579265832997 0.017221908526256352
0 596.0409439290037 1817.0108695652175 0.08188785800726099 0.021739130434782608
0 833.002218636547 1853.0032467532467 0.004437273093989512 0.006493506493506494
0 884.0504235578862 1799.0081874647092 0.10084711577248891 0.01637492941840768
0 1206.031060911658 1803.007481648786 0.06212182331585317 0.014963297571993224
0 1432.0611133521581 1811.0112930547714 0.12222670431625655 0.02258610954263128
0 1799.010689794272 1799.0088932806325 0.021379588543767647 0.017786561264822136
0 1884.0322710770472 1828.004376058724 0.0645421540943929 0.008752117447769622
0 2082.0086728519564 1802.0081874647092 0.01734570391286809 0.01637492941840768
0 319.02137958854377 1977.0080463015245 0.042759177087535294 0.016092603049124788
0 482.02622025010083 1961.0132693393564 0.05244050020169423 0.026538678712591756
0 678.0153287615974 1966.0127046866178 0.03065752319483663 0.025409373235460192
0 809.011093182735 2002.0042348955392 0.02218636546994756 0.00846979107848673
0 911.0508269463494 1976.009034443817 0.10165389269866881 0.018068887634105024
0 1175.0014118596207 2028.0008469791078 0.0028237192416296895 0.0016939582156973462
