0 343.02218636546996 904.0081874647092 0.04437273093989512 0.01637492941840768
0 503.05889471561113 909.0081874647092 0.11778943122226704 0.01637492941840768
0 837.0235982250907 909.0083286278939 0.04719645018152481 0.016657255787690572
0 994.031060911658 925.0136928289102 0.06212182331585317 0.027385657820440428
0 1150.0020169423155 970.0025409373236 0.004033884630899556 0.005081874647092038
0 1215.0302541347316 919.007481648786 0.060508269463493344 0.014963297571993224
0 1402.0361032674466 910.0076228119707 0.07220653489310205 0.015245623941276116
0 1625.0125050423558 913.0070581592321 0.02501008471157725 0.014116318464144552
0 1733.0389269866882 909.0153867871259 0.07785397337636143 0.03077357425183512
0 1974.0308592174263 903.0087521174478 0.06171843485276321 0.017504234895539244
0 332.02803549818475 1089.008610954263 0.056070996369503835 0.017221908526256352
0 529.0881403791851 1086.0127046866178 0.1762807583703106 0.025409373235460192
0 1017.0532472771279 1089.008328627894 0.10649455425574829 0.016657255787690572
0 1304.0014118596207 1139.0007058159233 0.0028237192416296895 0.001411631846414455
0 1338.0050423557886 1140.002682100508 0.01008471157724889 0.005364201016374929
0 1381.031060911658 1089.0077639751553 0.06212182331585317 0.015527950310559006
0 1573.0344897135942 1088.0127046866178 0.06897942718838242 0.025409373235460192
0 1765.035901573215 1087.0081874647092 0.07180314643001211 0.01637492941840768
0 1951.0371117386044 1092.0115753811406 0.07422347720855184 0.023150762281197064
0 2154.007462686567 1119.0009881422925 0.014925373134328358 0.001976284584980237
0 2197.0046389673257 1091.002682100508 0.00927793465106898 0.005364201016374929
0 322.00383219039935 1311.0038114059853 0.007664380798709157 0.007622811970638058
0 369.0385235982251 1270.00790513834 0.07704719645018153 0.015810276679841896
0 621.0231948366277 1289.0093167701864 0.0463896732553449 0.018633540372670808
0 792.0328761597418 1289.0050818746472 0.06575231948366277 0.010163749294184076
0 1005.0334812424364 1286.0053642010164 0.06696248487293263 0.010728402032749858
0 1212.0641387656312 1275.0138339920948 0.12827753126260588 0.02766798418972332
0 1570.0123033481243 1276.006634669678 0.024606696248487294 0.013269339356295878
0 1664.0764421137555 1267.0077639751553 0.15288422751109318 0.015527950310559006
0 2051.001613553852 1304.0014116318464 0.003227107704719645 0.00282326369282891
0 2090.0068576038725 1267.0033879164314 0.01371520774505849 0.006775832862789385
0 336.02097620008067 1444.008610954263 0.04195240016135539 0.017221908526256352
0 484.0542557482856 1444.0124223602484 0.10851149657119806 0.024844720496894408
0 795.013311819282 1448.0076228119706 0.026623638563937072 0.015245623941276116
0 911.0237999193223 1444.0081874647092 0.04759983864461476 0.01637492941840768
0 1079.0306575231948 1444.008328627894 0.06131504638967326 0.016657255787690572
0 1283.0322710770472 1444.0084697910786 0.0645421540943929 0.01693958215697346
0 1475.069584509883 1444.0119988706945 0.13916901976603469 0.023997741389045736
0 1820.0012101653892 1493.0009881422925 0.0024203307785397336 0.001976284584980237
0 1858.0058491327147 1491.0042348955392 0.011698265429608713 0.00846979107848673
0 1905.031867688584 1449.0073404856014 0.063735377168213 0.014680971202710334
0 329.02581686163774 1626.009034443817 0.05163372327551432 0.018068887634105024
0 500.02803549818475 1627.0077639751553 0.056070996369503835 0.015527950310559006
0 678.0713997579669 1628.0097402597403 0.1427995159338443 0.01948051948051948
0 1050.0036304961677 1686.0038114059853 0.007260992335619202 0.007622811970638058
0 1108.0338846308996 1625.0087521174478 0.06776926179911255 0.017504234895539244
0 1327.0393303751512 1629.0080463015245 0.07866075030254134 0.016092603049124788
0 1573.0072609923357 1660.0009881422925 0.014521984671238403 0.001976284584980237
0 1638.0348931020574 1642.005928853755 0.06978620411456232 0.011857707509881422
0 1841.0237999193223 1616.0141163184642 0.04759983864461476 0.028232636928289104
0 1981.0131101250504 1633.0062111801242 0.026220250100847116 0.012422360248447204
0 2073.006252521178 1612.009034443817 0.012505042355788625 0.018068887634105024
0 2129.005849132715 1615.0022586109542 0.011698265429608713 0.004517221908526256
0 334.0233965308592 1798.0088932806325 0.04679306171843485 0.017786561264822136
0 505.03529649052035 1798.009881422925 0.07059298104074223 0.019762845849802372
0 726.0262202501009 1802.0081874647092 0.05244050020169423 0.01637492941840768
0 911.033279548205 1816.0119988706945 0.06655909640984267 0.023997741389045736
0 1134.0350947962888 1791.009034443817 0.07018959257765228 0.018068887634105024
0 1332.0020169423155 1850.0014116318464 0.004033884630899556 0.00282326369282891
