0 365.0187575635337 716.0093167701864 0.03751512706736587 0.018633540372670808
0 504.0413473174667 727.0084697910785 0.0826946349334409 0.01693958215697346
0 766.0377168212989 750.005505364201 0.0754336425978217 0.01101072840203275
0 1021.0294473578056 714.0104460756635 0.05889471561113352 0.020892151326933936
0 1191.0193626462283 713.0145398080181 0.03872529245663574 0.029079616036137776
0 1323.0064542154093 749.003529079616 0.01290843081887858 0.007058159232072276
0 1358.0528438886647 720.0152456239413 0.10568777732956837 0.030491247882552232
0 1681.0118999596612 729.0087521174478 0.02379991932230738 0.017504234895539244
0 1816.0677692617992 728.0159514398645 0.1355385235982251 0.03190287972896669
0 2165.001815248084 773.0009881422925 0.003630496167809601 0.001976284584980237
0 362.006655909641 902.0088932806324 0.013311819281968536 0.017786561264822136
0 399.01371520774507 899.0095990965556 0.02743041549011698 0.019198193111236588
0 481.0296490520371 903.0153867871259 0.05929810407422348 0.03077357425183512
0 663.0302541347318 931.0101637492942 0.060508269463493344 0.020327498588368152
0 869.0419524001613 904.0086109542631 0.08390480032271078 0.017221908526256352
0 1111.020371117386 903.0132693393563 0.040742234772085516 0.026538678712591756
0 1260.0348931020574 899.0097402597403 0.06978620411456232 0.01948051948051948
0 1450.0016135538524 954.0011293054771 0.003227107704719645 0.002258610954263128
0 1515.0280354981849 903.0088932806324 0.056070996369503835 0.017786561264822136
0 1679.031060911658 930.0117165443253 0.06212182331585317 0.023433088650479956
0 1878.0441710367083 899.0090344438171 0.08834207341670028 0.018068887634105024
0 2121.0379185155302 927.0090344438171 0.07583703106091166 0.018068887634105024
0 364.02077450584915 1077.009881422925 0.04154901169826543 0.019762845849802372
0 525.0494150867286 1079.0095990965556 0.09883017345703912 0.019198193111236588
0 826.0502218636547 1080.009034443817 0.10044372730939895 0.018068887634105024
0 1089.0058491327147 1146.0053642010164 0.011698265429608713 0.010728402032749858
0 1166.0256151674062 1111.0111518915867 0.051230334812424366 0.022303783173348392
0 1356.0814844695442 1078.018915866742 0.16296893908834206 0.0378317334839074
0 1766.0048406615572 1156.004376058724 0.009681323114158934 0.008752117447769622
0 1819.0294473578056 1109.0107284020328 0.05889471561113352 0.021456804065499716
0 2020.0312626058894 1106.0049407114625 0.06252521177894312 0.009881422924901186
0 364.0802743041549 1254.0176453980803 0.16054860830980233 0.035290796160361376
0 808.0635336829366 1259.0177865612648 0.12706736587333603 0.03557312252964427
0 1188.0570794675273 1257.010304912479 0.11415893505445744 0.020609824957651044
0 1541.0764421137555 1286.0121400338792 0.15288422751109318 0.024280067758328628
0 1996.0147236789028 1255.0087521174478 0.02944735780556676 0.017504234895539244
0 364.04558289632917 1436.0162337662337 0.09116579265832997 0.032467532467532464
0 638.1048810004033 1430.0191981931112 0.20976200080677693 0.038396386222473176
0 1177.0016135538524 1492.0016939582158 0.003227107704719645 0.0033879164313946925
0 1244.0038321903994 1429.001552795031 0.007664380798709157 0.003105590062111801
0 1329.0042355788623 1439.0018351214003 0.008471157724889069 0.0036702428006775835
0 1364.0256151674062 1438.0095990965556 0.051230334812424366 0.019198193111236588
0 1536.0312626058894 1436.0088932806325 0.06252521177894312 0.017786561264822136
0 1734.0312626058894 1453.0122811970639 0.06252521177894312 0.02456239412761152
0 1973.024405002017 1459.0114342179559 0.04881000403388463 0.022868435911914172
0 357.0322710770472 1617.0091756070017 0.0645421540943929 0.018351214003387916
0 586.0074626865671 1650.0038114059853 0.014925373134328358 0.007622811970638058
0 684.0361032674466 1623.0172219085262 0.07220653489310205 0.034443817052512704
0 898.006655909641 1614.0101637492942 0.013311819281968536 0.020327498588368152
0 964.0030254134732 1605.0016939582158 0.0060508269463493344 0.0033879164313946925
0 1026.0304558289633 1617.0095990965556 0.0609116579265833 0.019198193111236588
0 1245.0467930617185 1614.0180688876342 0.0935861234368697 0.03613777526821005
0 1481.0016135538524 1670.0012704686617 0.003227107704719645 0.002540937323546019
0 1576.0032271077048 1610.0021174477697 0.00645421540943929 0.004234895539243365
0 1597.0193626462283 1621.0087521174478 0.03872529245663574 0.017504234895539244
0 1711.0820895522388 1619.0170807453417 0.16417910447761194 0.034161490683229816
0 361.03711173860427 1794.009034443817 0.07422347720855184 0.018068887634105024
0 623.0371117386043 1791.0093167701864 0.07422347720855184 0.018633540372670808
0 882.0056474384833 1830.00395256917 0.011294876966518758 0.007905138339920948
0 933.0713997579669 1791.0194805194806 0.1427995159338443 0.03896103896103896
0 1338.01956434046 1791.014963297572 0.0391286809197257 0.029926595143986448
0 1467.0473981444131 1826.0056465273856 0.09479628882613957 0.01129305477131564
0 1707.0036304961677 1860.0036702428006 0.007260992335619202 0.007340485601355167
0 1778.0040338846309 1796.0025409373236 0.008067769261799113 0.005081874647092038
0 1857.0272287212586 1821.0056465273856 0.05445744251714401 0.01129305477131564
0 2056.020976200081 1791.0091756070017 0.04195240016135539 0.018351214003387916
0 371.05344897135944 1970.0173630717109 0.10689794271883823 0.03472614342179559
0 694.0748285599032 1968.0194805194806 0.14965711980637353 0.03896103896103896
0 1152.0655506252522 1970.0177865612648 0.13110125050423557 0.03557312252964427
0 1509.0018152480839 2029.0012704686617 0.003630496167809601 0.002540937323546019
