0 0.11294876966518758 0.11490683229813664 0.08672851956434045 0.028797289666854884
0 0.15469947559499797 0.11222473178994918 0.056070996369503835 0.025974025974025976
0 0.2127874142799516 0.11222473178994918 0.09237595804759983 0.01948051948051948
0 0.2529245663574022 0.12295313382269904 0.050826946349334406 0.045736871823828344
0 0.33501411859620817 0.12478825522303783 0.136345300524405 0.046583850931677016
0 0.38241226300927794 0.11377752682100509 0.06655909640984267 0.023433088650479956
0 0.4154901169826543 0.11278938452851496 0.042759177087535294 0.023715415019762844
0 0.1306978620411456 0.20115753811405984 0.11859620814844696 0.051665725578769056
0 0.1645824929407019 0.18647656691134953 0.05163372327551432 0.020892151326933936
0 0.16861637757160144 0.1919819311123659 0.003227107704719645 0.011857707509881422
0 0.20028237192416296 0.18647656691134953 0.0500201694231545 0.017504234895539244
0 0.22065348931020573 0.18690005646527386 0.01371520774505849 0.021174477696216828
0 0.2498991528842275 0.18901750423489555 0.04033884630899556 0.023997741389045736
0 0.30153287615974184 0.19579333709768493 0.08793868495361033 0.044042913608131
0 0.3741427995159338 0.19635798983625072 0.11335215812827754 0.040654997176736304
0 0.4060104881000403 0.19522868435911914 0.042759177087535294 0.0251270468661773
0 0.41064945542557485 0.1932523997741389 0.0060508269463493344 0.012422360248447204
0 0.4267849939491731 0.18788819875776397 0.02016942315449778 0.015245623941276116
0 0.10185558693021379 0.21301524562394128 0.05486083098023396 0.023433088650479956
0 0.12968939088342074 0.21132128740824394 0.01936264622831787 0.026256352343308864
0 0.15974183138362244 0.21315640880858272 0.03751512706736587 0.027950310559006212
0 0.1980637353771682 0.21329757199322416 0.05808793868495361 0.023715415019762844
0 0.24485679709560307 0.21315640880858272 0.05526421944332392 0.024844720496894408
0 0.26603469140782576 0.2121682665160926 0.021379588543767647 0.024280067758328628
0 0.3120209762000807 0.21287408243929984 0.06736587333602259 0.017786561264822136
0 0.33945139169019767 0.21301524562394128 0.021379588543767647 0.025974025974025976
0 0.38664784187172246 0.21357989836250707 0.07987091569181122 0.025409373235460192
