0 0.1555062525211779 0.2180971202710333 0.026220250100847116 0.016092603049124788
0 0.21702299314239612 0.21823828345567475 0.06615570794675273 0.014680971202710334
0 0.3011294876966519 0.21739130434782608 0.09963695038321904 0.01637492941840768
0 0.40116982654296085 0.2230378317334839 0.1036708350141186 0.026538678712591756
0 0.5133118192819686 0.21781479390175043 0.09640984267849939 0.015527950310559006
0 0.5970149253731343 0.21668548842461885 0.07745058491327148 0.016657255787690572
0 0.6676079064138766 0.2165443252399774 0.05163372327551432 0.01637492941840768
0 0.7325534489713594 0.21795595708639187 0.042759177087535294 0.01637492941840768
0 0.7932634126663978 0.21781479390175043 0.057684550221863654 0.014398644833427442
0 0.17103670835014118 0.2751270468661773 0.07099636950383219 0.020609824957651044
0 0.20431625655506253 0.2813382269904009 0.018152480839048003 0.010446075663466968
0 0.25857200484066156 0.2717391304347826 0.07180314643001211 0.009881422924901186
0 0.31988705123033484 0.26750423489553926 0.03065752319483663 0.013269339356295878
0 0.3949173053650666 0.2780914737436477 0.10649455425574829 0.033314511575381144
0 0.4870915691811214 0.26792772444946356 0.050423557886244454 0.014680971202710334
0 0.5693828156514724 0.26990400903444384 0.09640984267849939 0.015245623941276116
0 0.6510689794271883 0.27117447769621683 0.05970149253731343 0.01383399209486166
0 0.7337636143606293 0.268068887634105 0.08551835417507059 0.017221908526256352
0 0.8241226300927793 0.26792772444946356 0.07664380798709157 0.01637492941840768
0 0.15026220250100847 0.325098814229249 0.04961678096006454 0.03077357425183512
0 0.1789027833803953 0.3242518351214003 0.003630496167809601 0.002540937323546019
0 0.25958047599838646 0.32679277244494637 0.11415893505445744 0.03303218520609825
0 0.34772085518354173 0.3190287972896669 0.029850746268656716 0.014680971202710334
0 0.4134731746672045 0.3190287972896669 0.07099636950383219 0.015245623941276116
0 0.47498991528842277 0.31832298136645965 0.0609116579265833 0.014963297571993224
0 0.5540540540540541 0.3266516092603049 0.09156918112141993 0.032185206098249576
0 0.6460266236385639 0.32128740824393 0.07139975796692215 0.014116318464144552
0 0.6805163372327552 0.3297571993224167 0.016135538523598225 0.00846979107848673
0 0.7422347720855184 0.31874647092038394 0.07987091569181122 0.015245623941276116
0 0.8120209762000806 0.32086391869000563 0.063735377168213 0.015527950310559006
0 0.14945542557482855 0.4178430265386787 0.07220653489310205 0.017504234895539244
0 0.20653489310205728 0.41967814793901753 0.05889471561113352 0.015527950310559006
0 0.2583703106091166 0.4199604743083004 0.06494554255748286 0.016657255787690572
0 0.3085921742638161 0.42292490118577075 0.03711173860427592 0.009034443817052512
0 0.3971359419120613 0.42730095990965555 0.11415893505445744 0.034161490683229816
0 0.48951189995966116 0.42193675889328064 0.045582896329164985 0.015527950310559006
0 0.5687777329568374 0.4277244494635799 0.1427995159338443 0.03162055335968379
0 0.6639774102460669 0.41883116883116883 0.04195240016135539 0.016657255787690572
0 0.7432432432432432 0.4321005081874647 0.13594191206131503 0.027385657820440428
0 0.17123840258168616 0.474025974025974 0.10044372730939895 0.024844720496894408
0 0.24223477208551836 0.4707792207792208 0.03428801936264623 0.017221908526256352
0 0.3465106897942719 0.4709203839638622 0.15409439290036306 0.015810276679841896
0 0.5219846712384025 0.4761434217955957 0.1718434852763211 0.027385657820440428
0 0.6528842275110932 0.4719085262563523 0.06897942718838242 0.016657255787690572
0 0.7164179104477612 0.4699322416713721 0.042759177087535294 0.014963297571993224
0 0.7888261395724082 0.47783738001129306 0.14804356595401372 0.03867871259175607
0 0.17123840258168616 0.5187747035573123 0.0891488503428802 0.0189158667419537
0 0.21036708350141187 0.5262563523433089 0.004437273093989512 0.00564652738565782
