0 0.22488906817265025 0.21527385657820441 0.16337232755143202 0.03472614342179559
0 0.33521581282775315 0.2180971202710333 0.01936264622831787 0.014963297571993224
0 0.3949173053650666 0.2127329192546584 0.07583703106091166 0.0251270468661773
0 0.4745865268253328 0.21456804065499718 0.050423557886244454 0.03274985883681536
0 0.5050423557886244 0.21922642574816487 0.004840661557079467 0.004799548277809147
0 0.563937071399758 0.21329757199322416 0.07422347720855184 0.020609824957651044
0 0.6331181928196854 0.22106154714850368 0.043162565550625254 0.023150762281197064
0 0.663372327551432 0.22063805759457933 0.0028237192416296895 0.003105590062111801
0 0.6758773699072207 0.20680406549971767 0.008471157724889069 0.012704686617730096
0 0.7174263816054861 0.21626199887069453 0.0463896732553449 0.020327498588368152
0 0.7991125453812021 0.2165443252399774 0.08632513110125051 0.029361942405420668
0 0.16518757563533684 0.2641163184641446 0.0463896732553449 0.021174477696216828
0 0.2373941105284389 0.2728684359119142 0.06978620411456232 0.021739130434782608
0 0.32109721661960466 0.26453980801806887 0.05486083098023396 0.023150762281197064
0 0.418112141992739 0.2639751552795031 0.10528438886647842 0.02258610954263128
0 0.5082694634933441 0.26778656126482214 0.045986284792254944 0.03020892151326934
0 0.5627269060104881 0.2632693393562959 0.04437273093989512 0.022868435911914172
0 0.6526825332795482 0.26341050254093734 0.1073013311819282 0.024280067758328628
0 0.7503025413473174 0.26383399209486164 0.063735377168213 0.023997741389045736
0 0.7922549415086728 0.2715979672501412 0.003227107704719645 0.005081874647092038
0 0.8073820088745461 0.25479954827780915 0.00927793465106898 0.010446075663466968
0 0.8215006050826946 0.2648221343873518 0.014118596208148447 0.024844720496894408
0 0.8479225494150867 0.2639751552795031 0.029043969342476807 0.023150762281197064
0 0.17507059298104075 0.3126764539808018 0.07664380798709157 0.023997741389045736
0 0.2418313836224284 0.3136645962732919 0.03509479628882614 0.0220214568040655
0 0.3075837031060912 0.3135234330886505 0.08188785800726099 0.022868435911914172
0 0.41629689390883423 0.3166290231507623 0.09681323114158935 0.032467532467532464
0 0.5034288019362646 0.313382269904009 0.053247277127874144 0.024280067758328628
0 0.5673658733360226 0.3177583286278938 0.0536506655909641 0.03190287972896669
0 0.6179911254538121 0.31493506493506496 0.035498184751916094 0.023433088650479956
0 0.6659943525615167 0.3176171654432524 0.03630496167809601 0.028232636928289104
0 0.7113755546591367 0.3186053077357425 0.018959257765227916 0.012704686617730096
0 0.7595804759983864 0.31634669678147936 0.05163372327551432 0.03190287972896669
0 0.8158531665994353 0.31521739130434784 0.02944735780556676 0.023997741389045736
0 0.21964501815248083 0.3643421795595709 0.16982654296087132 0.02456239412761152
0 0.3150463896732553 0.3760587238848108 0.003227107704719645 0.01129305477131564
0 0.32513110125050426 0.3599661208356861 0.008067769261799113 0.012422360248447204
0 0.3709156918112142 0.36617730095990964 0.040742234772085516 0.02258610954263128
0 0.4332392093586123 0.36391869000564653 0.063735377168213 0.025974025974025976
0 0.47498991528842277 0.3730942970073405 0.0028237192416296895 0.001976284584980237
0 0.4963695038321904 0.3577075098814229 0.006857603872529245 0.01129305477131564
0 0.5344897135941912 0.365330321852061 0.055667607906413875 0.023715415019762844
0 0.5865268253327954 0.3643421795595709 0.016942315449778138 0.025691699604743084
0 0.6436062928600242 0.3642010163749294 0.07624041952400161 0.023150762281197064
0 0.7337636143606293 0.36377752682100506 0.08229124647035095 0.025691699604743084
0 0.8271480435659541 0.36462450592885376 0.0754336425978217 0.023997741389045736
0 0.19927390076643808 0.4678147939017504 0.12101653892698669 0.03387916431394692
0 0.3045582896329165 0.46357989836250707 0.06615570794675273 0.024844720496894408
0 0.3961274707543364 0.46922642574816487 0.09762000806776926 0.032185206098249576
0 0.46107301331181927 0.4658385093167702 0.023396530859217425 0.023150762281197064
0 0.5155304558289633 0.4675324675324675 0.04195240016135539 0.033314511575381144
0 0.5605082694634933 0.4640033879164314 0.033481242436466316 0.02456239412761152
0 0.6559096409842678 0.4697910784867307 0.1290843081887858 0.03274985883681536
0 0.7807583703106091 0.4654150197628458 0.09237595804759983 0.025691699604743084
0 0.8352158128277531 0.47444946357989837 0.004437273093989512 0.001976284584980237
0 0.16659943525615167 0.5160926030491247 0.06776926179911255 0.024280067758328628
0 0.2373941105284389 0.5146809712027103 0.043969342476805166 0.023715415019762844
0 0.29850746268656714 0.516798418972332 0.05244050020169423 0.023433088650479956
0 0.3854376764824526 0.5151044607566346 0.10609116579265833 0.02456239412761152
0 0.4901169826542961 0.5244212309429701 0.06131504638967326 0.022303783173348392
0 0.5443727309398951 0.5145398080180689 0.0391286809197257 0.02456239412761152
0 0.6169826542960871 0.5145398080180689 0.08834207341670028 0.026256352343308864
0 0.7077450584913272 0.5160926030491247 0.07059298104074223 0.023715415019762844
0 0.7833803953206938 0.5166572557876906 0.05647438483259379 0.026538678712591756
0 0.18898749495764422 0.5734048560135516 0.10689794271883823 0.034443817052512704
0 0.25110931827349736 0.5632411067193676 0.007664380798709157 0.023715415019762844
