0 0.11536910044372731 0.1932523997741389 0.09640984267849939 0.02710333145115754
0 0.1262605889471561 0.189158667419537 0.015328761597418314 0.0036702428006775835
0 0.1399757966922146 0.19141727837380013 0.01573215006050827 0.021456804065499716
0 0.19967728922952804 0.191699604743083 0.11617587736990723 0.015810276679841896
0 0.24062121823315852 0.19141727837380013 0.06575231948366277 0.02456239412761152
0 0.2692617991125454 0.19579333709768493 0.048406615570794675 0.020609824957651044
0 0.3085921742638161 0.19113495200451722 0.06615570794675273 0.0251270468661773
0 0.36930213795885436 0.1919819311123659 0.11617587736990723 0.02710333145115754
0 0.4045986284792255 0.19155844155844157 0.06978620411456232 0.025691699604743084
0 0.4171036708350141 0.19282891022021456 0.01371520774505849 0.023433088650479956
0 0.09156918112141993 0.2933370976849238 0.04154901169826543 0.03077357425183512
0 0.12424364663170634 0.2929136081309994 0.05445744251714401 0.029079616036137776
0 0.17386042759177087 0.29686617730095993 0.08027430415490117 0.034161490683229816
0 0.23759580475998388 0.29390175042348954 0.1044776119402985 0.02766798418972332
0 0.2472771278741428 0.29488989271597965 0.003630496167809601 0.001976284584980237
