0 360.01411859620816 708.0160926030492 0.028237192416296894 0.032185206098249576
0 466.0070592981041 709.0117165443253 0.014118596208148447 0.023433088650479956
0 512.0118999596612 712.0111518915867 0.02379991932230738 0.022303783173348392
0 600.0480032271078 713.0110107284021 0.09600645421540945 0.0220214568040655
0 865.035901573215 714.0111518915867 0.07180314643001211 0.022303783173348392
0 1090.0139169019767 712.0108695652174 0.027833803953206938 0.021739130434782608
0 1194.0421540943928 712.0115753811406 0.08430818878580072 0.023150762281197064
0 1445.0171440096813 714.0115753811406 0.03428801936264623 0.023150762281197064
0 1584.0252117789432 713.0115753811406 0.050423557886244454 0.023150762281197064
0 1743.0076643807988 712.011434217956 0.015328761597418314 0.022868435911914172
0 1797.0116982654297 711.011434217956 0.023396530859217425 0.022868435911914172
0 1899.0445744251715 743.0071993224167 0.0891488503428802 0.014398644833427442
0 340.03388463089954 1075.0104460756634 0.06776926179911255 0.020892151326933936
0 538.0187575635337 1103.005928853755 0.03751512706736587 0.011857707509881422
0 670.0641387656314 1073.014539808018 0.12827753126260588 0.029079616036137776
0 1003.002218636547 1135.0053642010164 0.004437273093989512 0.010728402032749858
0 1018.0036304961678 1070.005505364201 0.007260992335619202 0.01101072840203275
0 1073.013311819282 1075.0108695652175 0.026623638563937072 0.021739130434782608
0 1167.0294473578056 1078.0101637492942 0.05889471561113352 0.020327498588368152
0 1321.0018152480839 1139.001552795031 0.003630496167809601 0.003105590062111801
0 1363.0038321903994 1074.0057876905703 0.007664380798709157 0.011575381140598532
0 1396.035498184752 1069.0175042348956 0.07099636950383219 0.03500846979107849
0 1583.017345703913 1074.0108695652175 0.03469140782573618 0.021739130434782608
0 1704.0365066559095 1107.007058159232 0.07301331181928197 0.014116318464144552
0 1903.020371117386 1066.0162337662337 0.040742234772085516 0.032467532467532464
0 2018.0290439693424 1068.0111518915867 0.05808793868495361 0.022303783173348392
0 341.08329971762805 1248.0115753811406 0.16659943525615167 0.023150762281197064
0 770.0014118596208 1310.001976284585 0.0028237192416296895 0.003952569169960474
0 812.0233965308593 1241.0117165443253 0.04679306171843485 0.023433088650479956
0 961.0385235982251 1255.0136928289103 0.07704719645018153 0.027385657820440428
0 1186.0139169019767 1245.0114342179559 0.027833803953206938 0.022868435911914172
0 1284.0300524405002 1245.01185770751 0.06010488100040339 0.023715415019762844
0 1468.0480032271078 1245.0119988706945 0.09600645421540945 0.023997741389045736
0 1733.031060911658 1253.011010728402 0.06212182331585317 0.0220214568040655
0 1916.0256151674062 1245.0162337662337 0.051230334812424366 0.032467532467532464
0 335.07422347720853 1418.0127046866178 0.14844695441710368 0.025409373235460192
0 748.0387252924567 1428.014963297572 0.07745058491327148 0.029926595143986448
0 978.0300524405002 1437.0107284020328 0.06010488100040339 0.021456804065499716
0 1173.0443727309398 1428.0112930547714 0.08874546187979024 0.02258610954263128
0 1434.0262202501008 1418.0124223602484 0.05244050020169423 0.024844720496894408
0 1608.0302541347316 1422.012563523433 0.060508269463493344 0.0251270468661773
0 1791.0207745058492 1426.0122811970639 0.04154901169826543 0.02456239412761152
0 1925.0375151270673 1419.0135516657256 0.07503025413473174 0.02710333145115754
0 349.0720048406616 1604.0115753811406 0.14400968132311415 0.023150762281197064
0 737.0014118596208 1664.0012704686617 0.0028237192416296895 0.002540937323546019
0 771.0665590964098 1604.0166572557878 0.13311819281968534 0.033314511575381144
0 1127.013311819282 1604.0119988706945 0.026623638563937072 0.023997741389045736
0 1248.0415490116982 1600.016939582157 0.08309802339653086 0.03387916431394692
0 1491.0155304558289 1608.0119988706945 0.031060911657926585 0.023997741389045736
0 1603.034086325131 1612.0111518915867 0.0681726502622025 0.022303783173348392
0 1807.0417507059299 1635.008328627894 0.08350141185962082 0.016657255787690572
0 2044.0028237192416 1670.0012704686617 0.005647438483259379 0.002540937323546019
0 349.0486083098023 1774.012563523433 0.09721661960467931 0.0251270468661773
0 630.0090762404195 1783.0119988706945 0.018152480839048003 0.023997741389045736
0 717.0088745461879 1815.0064935064936 0.017749092375958047 0.012987012987012988
0 809.0798709156918 1780.0121400338792 0.15974183138362244 0.024280067758328628
0 1248.0300524405002 1783.0115753811406 0.06010488100040339 0.023150762281197064
0 1422.0020169423155 1848.0016939582158 0.004033884630899556 0.0033879164313946925
0 1465.02218636547 1792.010304912479 0.04437273093989512 0.020609824957651044
0 1609.047801532876 1780.0159514398645 0.09560306575231949 0.03190287972896669
0 1878.045582896329 1783.0162337662337 0.09116579265832997 0.032467532467532464
0 345.01270673658735 1952.012563523433 0.025413473174667203 0.0251270468661773
0 438.0550625252118 1956.0121400338792 0.11012505042355789 0.024280067758328628
0 737.0371117386043 1962.0122811970639 0.07422347720855184 0.02456239412761152
0 960.0282371924163 1993.0117165443253 0.05647438483259379 0.023433088650479956
0 1142.037716821299 1950.012987012987 0.0754336425978217 0.025974025974025976
0 1361.0818878580073 1963.0121400338792 0.16377571601452198 0.024280067758328628
0 1793.0018152480839 2034.0016939582158 0.003630496167809601 0.0033879164313946925
