0 0.10629286002420331 0.1396103896103896 0.063735377168213 0.023715415019762844
0 0.14138765631302944 0.1383399209486166 0.03993545784590561 0.01948051948051948
0 0.1772892295280355 0.13876341050254093 0.05244050020169423 0.019198193111236588
0 0.22065348931020573 0.14539808018068887 0.06494554255748286 0.023715415019762844
0 0.2539330375151271 0.1380575945793337 0.04517950786607503 0.01383399209486166
0 0.32412263009277936 0.14031620553359683 0.11738604275917709 0.02258610954263128
0 0.363654699475595 0.14370412196499152 0.05889471561113352 0.029361942405420668
0 0.40197660346914077 0.1380575945793337 0.05687777329568374 0.013269339356295878
0 0.4298104074223477 0.1383399209486166 0.038321903993545785 0.017221908526256352
0 0.10508269463493344 0.16741953698475437 0.06413876563130294 0.026821005081874648
0 0.12605889471561113 0.16671372106154714 0.01855586930213796 0.025691699604743084
0 0.18334005647438484 0.16403162055335968 0.09156918112141993 0.023997741389045736
0 0.18777732956837434 0.16247882552230378 0.003227107704719645 0.001976284584980237
0 0.2319483662767245 0.16840767927724448 0.05889471561113352 0.03077357425183512
0 0.26421944332392094 0.1627611518915867 0.043162565550625254 0.01637492941840768
0 0.29507866075030253 0.163184641445511 0.04154901169826543 0.0189158667419537
0 0.3106091165792658 0.163184641445511 0.012101653892698669 0.009881422924901186
0 0.34610730133118195 0.1681253529079616 0.060508269463493344 0.026256352343308864
0 0.3810004033884631 0.16332580463015245 0.05203711173860428 0.016092603049124788
0 0.39693424768051633 0.16770186335403728 0.018959257765227916 0.02456239412761152
0 0.4386849536103267 0.16981931112365894 0.07018959257765228 0.026538678712591756
0 0.4407018959257765 0.16417278373800112 0.004437273093989512 0.00282326369282891
0 0.0899556272690601 0.1870412196499153 0.026220250100847116 0.0189158667419537
0 0.14219443323920936 0.18845285149632976 0.08511496571198064 0.017221908526256352
0 0.1891891891891892 0.19127611518915866 0.07301331181928197 0.023433088650479956
0 0.2210568777732957 0.18873517786561264 0.041145623235175476 0.015245623941276116
0 0.3021379588543768 0.19466403162055335 0.14481645824929407 0.031055900621118012
0 0.3618394513916902 0.189158667419537 0.10286405808793868 0.010446075663466968
0 0.4281968535699879 0.18944099378881987 0.10770471964501815 0.015245623941276116
0 0.43404598628479224 0.19057029926595143 0.003227107704719645 0.007905138339920948
0 0.09298104074223477 0.2140033879164314 0.040742234772085516 0.019198193111236588
0 0.11879790237999194 0.2124505928853755 0.03872529245663574 0.018068887634105024
0 0.1591367486889875 0.2127329192546584 0.05929810407422348 0.018351214003387916
0 0.18676885841064947 0.21287408243929984 0.03509479628882614 0.01101072840203275
0 0.21621621621621623 0.2137210615471485 0.041145623235175476 0.018351214003387916
0 0.23315853166599435 0.2137210615471485 0.01936264622831787 0.017221908526256352
0 0.25514320290439696 0.21357989836250707 0.029043969342476807 0.00846979107848673
0 0.29931423961274706 0.21880293619424054 0.07260992335619201 0.028797289666854884
0 0.34489713594191207 0.2137210615471485 0.06978620411456232 0.010728402032749858
0 0.41871722468737393 0.2199322416713721 0.13029447357805568 0.026821005081874648
0 0.42597821702299316 0.2140033879164314 0.003227107704719645 0.00282326369282891
0 0.0837031060911658 0.23785996612083568 0.01653892698668818 0.018351214003387916
0 0.10185558693021379 0.23828345567476003 0.01653892698668818 0.012704686617730096
0 0.13533682936668012 0.23969508752117447 0.035901573215006054 0.019762845849802372
0 0.19967728922952804 0.23969508752117447 0.10931827349737798 0.010728402032749858
0 0.22892295280354982 0.23828345567476003 0.03469140782573618 0.014116318464144552
0 0.24586526825332797 0.24280067758328627 0.02218636546994756 0.023150762281197064
0 0.27188382412263007 0.23842461885940147 0.03751512706736587 0.01693958215697346
0 0.345703912868092 0.24392998306041785 0.12384025816861638 0.0251270468661773
0 0.390681726502622 0.2404009034443817 0.06938281565147236 0.018351214003387916
0 0.4372730939895119 0.2456239412761152 0.07785397337636143 0.029644268774703556
0 0.08491327148043566 0.2628458498023715 0.020572811617587738 0.01355166572557877
0 0.15429608713190804 0.26877470355731226 0.11778943122226704 0.020609824957651044
0 0.18878580072609924 0.26566911349520045 0.04800322710770472 0.017221908526256352
0 0.2771278741427995 0.268068887634105 0.145623235175474 0.0251270468661773
0 0.3021379588543768 0.264257481648786 0.024606696248487294 0.009316770186335404
0 0.3281565147236789 0.26439864483342745 0.03307785397337636 0.017786561264822136
0 0.3588140379185155 0.264257481648786 0.04921339249697459 0.015810276679841896
0 0.37878176684146836 0.26905702992659514 0.02218636546994756 0.026538678712591756
0 0.38886647841871724 0.2658102766798419 0.012101653892698669 0.010163749294184076
0 0.4616780960064542 0.26538678712591757 0.12424364663170634 0.018068887634105024
0 0.4661153691004437 0.26877470355731226 0.008067769261799113 0.009599096555618294
0 0.11335215812827754 0.2941840767927724 0.0754336425978217 0.028232636928289104
0 0.13513513513513514 0.2898080180688876 0.022589753933037516 0.015527950310559006
0 0.1789027833803953 0.2922077922077922 0.06736587333602259 0.015810276679841896
0 0.2144009681323114 0.29051383399209485 0.056070996369503835 0.01637492941840768
0 0.25675675675675674 0.29023150762281197 0.06333198870512304 0.01693958215697346
0 0.33965308592174265 0.29686617730095993 0.1383622428398548 0.03359683794466403
0 0.3654699475594998 0.28952569169960474 0.03227107704719645 0.009034443817052512
0 0.3963291649858814 0.292772444946358 0.03791851553045583 0.025409373235460192
0 0.43061718434852764 0.2906549971767363 0.04921339249697459 0.017504234895539244
0 0.09177087535296491 0.31620553359683795 0.03509479628882614 0.02766798418972332
0 0.15248083904800322 0.31535855448898925 0.09560306575231949 0.020609824957651044
0 0.15772488906817264 0.31521739130434784 0.003630496167809601 0.00282326369282891
