0 377.03388463089954 1036.0135516657256 0.06776926179911255 0.02710333145115754
0 619.0118999596612 1041.006634669678 0.02379991932230738 0.013269339356295878
0 746.0286405808794 1016.0110107284021 0.0572811617587737 0.0220214568040655
0 952.028842275111 1042.0057876905703 0.057684550221863654 0.011575381140598532
0 1138.0597014925372 1022.009457933371 0.11940298507462686 0.0189158667419537
0 1484.015933844292 1019.0155279503106 0.0318676885841065 0.031055900621118012
0 1631.0471964501814 1021.0131281761717 0.09439290036304962 0.026256352343308864
0 1870.0016135538524 1077.0008469791078 0.003227107704719645 0.0016939582156973462
0 1942.0229931423962 1038.0093167701864 0.045986284792254944 0.018633540372670808
0 2088.0149253731342 1021.0121400338792 0.029850746268656716 0.024280067758328628
0 374.0151270673659 1743.0097402597403 0.030254134731746672 0.01948051948051948
0 517.0272287212586 1745.008328627894 0.05445744251714401 0.016657255787690572
0 660.0018152480839 1794.0012704686617 0.003630496167809601 0.002540937323546019
0 698.006655909641 1729.0032467532467 0.013311819281968536 0.006493506493506494
0 771.0520371117386 1741.014963297572 0.10407422347720856 0.029926595143986448
0 1099.04699475595 1750.00790513834 0.09398951189995966 0.015810276679841896
0 1341.0020169423155 1802.0016939582158 0.004033884630899556 0.0033879164313946925
0 1437.027027027027 1739.0135516657256 0.05405405405405406 0.02710333145115754
0 1579.0157321500606 1779.006352343309 0.03146430012101654 0.012704686617730096
0 1714.0098830173456 1788.0053642010164 0.019766034691407825 0.010728402032749858
0 1811.0556676079063 1758.0097402597403 0.11133521581282775 0.01948051948051948
0 368.0300524405002 2124.0108695652175 0.06010488100040339 0.021739130434782608
0 601.0631302944736 2098.0100225861097 0.1262605889471561 0.020045172219085264
0 998.0185558693022 2140.0045172219084 0.03711173860427592 0.009034443817052512
0 1145.0116982654297 2128.006775832863 0.023396530859217425 0.01355166572557877
0 1278.056272690601 2111.013269339356 0.11254538120209762 0.026538678712591756
0 1616.0570794675273 2127.0156691134953 0.11415893505445744 0.031338226990400904
0 1912.0018152480839 2178.0014116318466 0.003630496167809601 0.00282326369282891
0 1952.0393303751512 2082.0194805194806 0.07866075030254134 0.03896103896103896
0 413.02480839048 2312.0062111801244 0.04961678096006454 0.012422360248447204
0 589.0209762000807 2317.012563523433 0.04195240016135539 0.0251270468661773
0 710.0028237192416 2348.003529079616 0.005647438483259379 0.007058159232072276
0 804.0574828559903 2275.0194805194806 0.11496571198063735 0.03896103896103896
0 1122.0056474384833 2304.0076228119706 0.011294876966518758 0.015245623941276116
0 1166.0072609923357 2275.0040937323547 0.014521984671238403 0.00818746470920384
