0 361.03428801936263 915.0135516657256 0.06857603872529246 0.02710333145115754
0 536.033279548205 923.0131281761717 0.06655909640984267 0.026256352343308864
0 730.0330778539734 921.0125635234331 0.06615570794675273 0.0251270468661773
0 921.0387252924567 933.0107284020328 0.07745058491327148 0.021456804065499716
0 1126.008471157725 952.0071993224167 0.016942315449778138 0.014398644833427442
0 1185.033279548205 933.0142574816488 0.06655909640984267 0.028514963297571992
0 1364.0264219443325 941.0107284020328 0.052843888664784185 0.021456804065499716
0 1523.0197660346914 924.0117165443253 0.03953206938281565 0.023433088650479956
0 1643.0215812827753 915.0122811970638 0.043162565550625254 0.02456239412761152
0 1772.0750302541348 916.0163749294184 0.1500605082694635 0.03274985883681536
0 369.0183541750706 1091.0183512140034 0.03670835014118596 0.03670242800677583
0 451.02077450584915 1101.012563523433 0.04154901169826543 0.0251270468661773
0 584.0373134328358 1093.0136928289103 0.07462686567164178 0.027385657820440428
0 774.0014118596208 1179.0008469791078 0.0028237192416296895 0.0016939582156973462
0 809.0229931423961 1095.0128458498023 0.045986284792254944 0.025691699604743084
0 966.0433642597822 1103.014539808018 0.08672851956434045 0.029079616036137776
0 1222.031867688584 1103.0151044607567 0.063735377168213 0.03020892151326934
0 1395.0028237192416 1172.0042348955392 0.005647438483259379 0.00846979107848673
0 1434.0582896329165 1099.0127046866178 0.11657926583299717 0.025409373235460192
0 1722.002218636547 1174.0032467532467 0.004437273093989512 0.006493506493506494
0 1764.031867688584 1097.0117165443253 0.063735377168213 0.023433088650479956
0 1956.0286405808795 1100.0115753811406 0.0572811617587737 0.023150762281197064
0 359.03065752319486 1279.012563523433 0.06131504638967326 0.0251270468661773
0 531.0242033077853 1269.0143986448334 0.048406615570794675 0.028797289666854884
0 670.0486083098024 1298.0112930547714 0.09721661960467931 0.02258610954263128
0 929.0760387252925 1286.0153867871259 0.15207745058491326 0.03077357425183512
0 1321.0300524405002 1299.0091756070017 0.06010488100040339 0.018351214003387916
0 1502.0586930213797 1270.016516092603 0.11738604275917709 0.03303218520609825
0 1805.008874546188 1310.0062111801242 0.017749092375958047 0.012422360248447204
0 1881.0635336829366 1270.0167984189723 0.12706736587333603 0.03359683794466403
0 364.0506252521178 1459.0170807453417 0.10125050423557887 0.034161490683229816
0 655.0163372327552 1477.0093167701864 0.0326744655102864 0.018633540372670808
0 766.0316659943526 1457.0122811970639 0.06333198870512304 0.02456239412761152
0 951.002218636547 1538.0009881422925 0.004437273093989512 0.001976284584980237
0 1006.0778539733764 1467.0138339920948 0.15570794675272287 0.02766798418972332
0 1419.0189592577651 1468.0117165443253 0.03791851553045583 0.023433088650479956
0 1536.0330778539733 1459.0115753811406 0.06615570794675273 0.023150762281197064
0 1742.0671641791046 1469.0136928289103 0.13432835820895522 0.027385657820440428
0 361.0173457039129 1641.0155279503106 0.03469140782573618 0.031055900621118012
0 475.0237999193223 1647.01185770751 0.04759983864461476 0.023715415019762844
0 622.0350947962888 1627.0139751552795 0.07018959257765228 0.027950310559006212
0 822.0318676885842 1673.008328627894 0.063735377168213 0.016657255787690572
0 1025.0284388866478 1646.0115753811406 0.05687777329568374 0.023150762281197064
0 1194.0671641791046 1658.0142574816489 0.13432835820895522 0.028514963297571992
0 1548.038523598225 1636.0151044607567 0.07704719645018153 0.03020892151326934
0 1769.0024203307785 1706.0012704686617 0.004840661557079467 0.002540937323546019
0 1811.0167406212183 1635.0158102766798 0.033481242436466316 0.03162055335968379
0 1918.0250100847115 1624.0128458498023 0.0500201694231545 0.025691699604743084
0 379.0244050020169 2186.0151044607564 0.04881000403388463 0.03020892151326934
0 536.0070592981041 2194.01185770751 0.014118596208148447 0.023715415019762844
0 595.0046389673255 2171.0033879164316 0.00927793465106898 0.006775832862789385
0 639.0145219846712 2178.0119988706947 0.029043969342476807 0.023997741389045736
0 775.0516337232755 2168.012563523433 0.10326744655102864 0.0251270468661773
0 1048.0193626462283 2172.012563523433 0.03872529245663574 0.0251270468661773
0 1175.0728116175878 2177.013410502541 0.145623235175474 0.026821005081874648
0 1562.0090762404195 2235.0009881422925 0.018152480839048003 0.001976284584980237
