0 0.08390480032271078 0.13636363636363635 0.01734570391286809 0.018351214003387916
0 0.12041145623235175 0.1422924901185771 0.050826946349334406 0.03020892151326934
0 0.15772488906817264 0.1362224731789949 0.055667607906413875 0.015527950310559006
0 0.20512303348124244 0.14059853190287974 0.07139975796692215 0.025409373235460192
0 0.23477208551835418 0.13749294184076793 0.03509479628882614 0.014963297571993224
0 0.2753126260588947 0.13721061547148503 0.0653489310205728 0.018633540372670808
0 0.29588543767648245 0.14059853190287974 0.016942315449778138 0.024844720496894408
0 0.34187172246873737 0.13664596273291926 0.07018959257765228 0.01637492941840768
0 0.39310205728116177 0.13706945228684358 0.08148446954417103 0.015810276679841896
0 0.41609519967728925 0.1367871259175607 0.026623638563937072 0.012140033879164314
0 0.11194029850746269 0.16741953698475437 0.07624041952400161 0.029926595143986448
0 0.14138765631302944 0.1627611518915867 0.033884630899556276 0.020327498588368152
0 0.1708350141185962 0.16459627329192547 0.04679306171843485 0.015810276679841896
0 0.22851956434045986 0.16177300959909655 0.09197256958450989 0.016657255787690572
0 0.24606696248487292 0.16544325239977414 0.01734570391286809 0.022868435911914172
0 0.27390076643807987 0.1616318464144551 0.042759177087535294 0.015810276679841896
0 0.3370310609116579 0.16417278373800112 0.10770471964501815 0.022868435911914172
0 0.3783783783783784 0.16177300959909655 0.06655909640984267 0.015245623941276116
0 0.3844292053247277 0.16233766233766234 0.004437273093989512 0.0033879164313946925
0 0.40137152077450583 0.16120835686053078 0.014925373134328358 0.016092603049124788
0 0.12404195240016136 0.1919819311123659 0.09802339653085922 0.02710333145115754
0 0.16337232755143202 0.19424054206662902 0.05647438483259379 0.023715415019762844
0 0.20512303348124244 0.18788819875776397 0.058491327148043566 0.009881422924901186
0 0.23840258168616377 0.18788819875776397 0.04033884630899556 0.017221908526256352
0 0.28721258572004843 0.1876058723884811 0.07785397337636143 0.01693958215697346
0 0.3303751512706737 0.19367588932806323 0.060508269463493344 0.029079616036137776
0 0.35941912061315046 0.1876058723884811 0.040742234772085516 0.00846979107848673
0 0.4356595401371521 0.18817052512704688 0.12868091972569584 0.022303783173348392
0 0.10770471964501815 0.21329757199322416 0.07059298104074223 0.022303783173348392
0 0.16296893908834206 0.21329757199322416 0.08108108108108109 0.01637492941840768
0 0.18797902379991932 0.21259175607001693 0.026220250100847116 0.016092603049124788
0 0.24304154901169828 0.2137210615471485 0.09156918112141993 0.016657255787690572
0 0.26522791448164584 0.21357989836250707 0.022993142396127472 0.010446075663466968
0 0.2944735780556676 0.21894409937888198 0.04356595401371521 0.028232636928289104
0 0.32513110125050426 0.21230942970073405 0.03711173860427592 0.015527950310559006
0 0.3467123840258169 0.2124505928853755 0.022993142396127472 0.014116318464144552
0 0.3945139169019766 0.2134387351778656 0.08471157724889068 0.017786561264822136
0 0.4308188785800726 0.21287408243929984 0.052843888664784185 0.012140033879164314
0 0.08148446954417103 0.23743647656691136 0.014118596208148447 0.007622811970638058
0 0.15954013715207746 0.2381422924901186 0.12868091972569584 0.017221908526256352
0 0.22771278741427994 0.2422360248447205 0.10649455425574829 0.0251270468661773
0 0.23376361436062928 0.2391304347826087 0.0028237192416296895 0.00282326369282891
0 0.3007260992335619 0.24265951439864483 0.10810810810810811 0.028797289666854884
0 0.354578459056071 0.2425183512140034 0.08390480032271078 0.025409373235460192
0 0.373134328358209 0.23898927159796726 0.014118596208148447 0.009034443817052512
0 0.4072206534893102 0.24463579898362506 0.0536506655909641 0.021174477696216828
0 0.12928600242033078 0.2632693393562959 0.10770471964501815 0.018351214003387916
0 0.1680112948769665 0.26976284584980237 0.050826946349334406 0.03020892151326934
0 0.24505849132714805 0.2641163184641446 0.12343686970552642 0.022303783173348392
0 0.30475998386446146 0.2672219085262564 0.09439290036304962 0.0251270468661773
0 0.3344090359015732 0.2641163184641446 0.03428801936264623 0.017504234895539244
0 0.417910447761194 0.26453980801806887 0.14965711980637353 0.018351214003387916
0 0.11637757160145219 0.28924336533032186 0.08592174263816055 0.020327498588368152
0 0.12404195240016136 0.2898080180688876 0.003630496167809601 0.008752117447769622
0 0.1518757563533683 0.29361942405420666 0.03711173860427592 0.024280067758328628
0 0.18495361032674465 0.28924336533032186 0.040742234772085516 0.018351214003387916
0 0.22488906817265025 0.2885375494071146 0.0572811617587737 0.017221908526256352
0 0.2593787817668415 0.2929136081309994 0.048406615570794675 0.02766798418972332
0 0.3317870108914885 0.2886787125917561 0.11617587736990723 0.020609824957651044
0 0.35155304558289635 0.2885375494071146 0.01290843081887858 0.00846979107848673
0 0.3953206938281565 0.2943252399774139 0.06736587333602259 0.020327498588368152
0 0.4213392496974587 0.29263128176171654 0.02218636546994756 0.024280067758328628
0 0.10689794271883823 0.3135234330886505 0.05929810407422348 0.012140033879164314
0 0.14300121016538928 0.3142292490118577 0.04195240016135539 0.020327498588368152
0 0.14683340056474384 0.31281761716544326 0.0024203307785397336 0.001976284584980237
