0 0.08834207341670028 0.20736871823828346 0.023396530859217425 0.017504234895539244
0 0.28479225494150867 0.20948616600790515 0.36950383219039934 0.03472614342179559
0 0.28862444534086323 0.20666290231507622 0.005647438483259379 0.004517221908526256
0 0.3509479628882614 0.21174477696216826 0.10568777732956837 0.029361942405420668
0 0.37595804759983864 0.2075098814229249 0.0318676885841065 0.009316770186335404
0 0.41952400161355385 0.2077922077922078 0.06696248487293263 0.017786561264822136
0 0.10609116579265833 0.23771880293619424 0.06010488100040339 0.029079616036137776
0 0.1427995159338443 0.2329192546583851 0.04437273093989512 0.018068887634105024
0 0.19060104881000403 0.23277809147374365 0.06575231948366277 0.022868435911914172
0 0.20774505849132716 0.2295313382269904 0.01573215006050827 0.001976284584980237
0 0.2515127067365873 0.23178994918125354 0.06575231948366277 0.020045172219085264
0 0.272488906817265 0.2316487859966121 0.021782977006857603 0.009881422924901186
0 0.3511496571198064 0.23461321287408243 0.1290843081887858 0.025974025974025976
0 0.3588140379185155 0.23150762281197063 0.009681323114158934 0.014680971202710334
0 0.3672851956434046 0.2245906267645398 0.010488100040338847 0.006211180124223602
0 0.3805970149253731 0.22402597402597402 0.013311819281968536 0.005364201016374929
0 0.41064945542557485 0.2354601919819311 0.04477611940298507 0.022303783173348392
0 0.42759177087535294 0.23334274421230944 0.030254134731746672 0.011575381140598532
0 0.09197256958450989 0.2824675324675325 0.041145623235175476 0.0220214568040655
0 0.1371520774505849 0.2885375494071146 0.06615570794675273 0.034161490683229816
0 0.14138765631302944 0.281055900621118 0.003227107704719645 0.002540937323546019
0 0.15752319483662766 0.27526821005081875 0.01008471157724889 0.007622811970638058
0 0.19443323920935862 0.28486730660643705 0.052843888664784185 0.023433088650479956
0 0.2156111335215813 0.28402032749858835 0.02379991932230738 0.017221908526256352
0 0.23981444130697863 0.28825522303783174 0.033481242436466316 0.020892151326933936
0 0.2462686567164179 0.2862789384528515 0.004033884630899556 0.006775832862789385
0 0.3071803146430012 0.2906549971767363 0.10084711577248891 0.03557312252964427
0 0.3140379185155305 0.283596837944664 0.0028237192416296895 0.002258610954263128
0 0.37696651875756354 0.2898080180688876 0.1044776119402985 0.032185206098249576
0 0.42154094392900365 0.28303218520609824 0.06776926179911255 0.019762845849802372
0 0.09439290036304962 0.30971202710333146 0.042759177087535294 0.019198193111236588
0 0.12767244856797097 0.3090062111801242 0.04759983864461476 0.018351214003387916
0 0.13473174667204518 0.3091473743647657 0.004437273093989512 0.001976284584980237
0 0.17930617184348527 0.3090062111801242 0.04881000403388463 0.021739130434782608
0 0.2254941508672852 0.31493506493506496 0.07624041952400161 0.032185206098249576
0 0.2900363049616781 0.3085827216261999 0.10286405808793868 0.020892151326933936
0 0.33783783783783783 0.30886504799548276 0.07745058491327148 0.019198193111236588
0 0.3979427188382412 0.3160643704121965 0.10246066962484873 0.02456239412761152
0 0.4263816054860831 0.3090062111801242 0.0391286809197257 0.009316770186335404
0 0.09580475998386447 0.33328627893845286 0.0391286809197257 0.018633540372670808
0 0.15933844292053248 0.3337097684923772 0.09600645421540945 0.020045172219085264
0 0.1661960467930617 0.3338509316770186 0.003630496167809601 0.003105590062111801
