0 0.15328761597418314 0.21259175607001693 0.016135538523598225 0.018633540372670808
0 0.26058894715611136 0.21357989836250707 0.16942315449778136 0.020609824957651044
0 0.3894715611133522 0.21541501976284586 0.0536506655909641 0.02258610954263128
0 0.48083904800322713 0.2137210615471485 0.09035901573215006 0.020892151326933936
0 0.5564743848325938 0.2134387351778656 0.02702702702702703 0.020327498588368152
0 0.599838644614764 0.2140033879164314 0.033884630899556276 0.019762845849802372
0 0.6784993949173054 0.2165443252399774 0.0927793465106898 0.025974025974025976
0 0.7555465913674869 0.21753246753246752 0.03307785397337636 0.01383399209486166
0 0.8255344897135942 0.2149915302089215 0.07220653489310205 0.017221908526256352
0 0.15308592174263816 0.26792772444946356 0.02944735780556676 0.012987012987012988
0 0.24263816054860832 0.2660926030491248 0.11577248890681727 0.026821005081874648
0 0.3118192819685357 0.2707509881422925 0.0024203307785397336 0.0033879164313946925
0 0.3838241226300928 0.2691981931112366 0.11577248890681727 0.03020892151326934
0 0.48043565954013717 0.26341050254093734 0.04195240016135539 0.021456804065499716
0 0.5762404195240016 0.2662337662337662 0.1036708350141186 0.025409373235460192
0 0.6849536103267446 0.26778656126482214 0.08148446954417103 0.029644268774703556
0 0.7668414683340057 0.2686335403726708 0.050826946349334406 0.01383399209486166
0 0.8259378781766842 0.2682100508187465 0.04235578862444534 0.029361942405420668
0 0.15954013715207746 0.31592320722755507 0.043162565550625254 0.02258610954263128
0 0.2291246470350948 0.31832298136645965 0.063735377168213 0.029079616036137776
0 0.28721258572004843 0.31507622811970637 0.022589753933037516 0.021456804065499716
0 0.3436869705526422 0.314652738565782 0.05970149253731343 0.023997741389045736
0 0.4199273900766438 0.3145115753811406 0.07018959257765228 0.020892151326933936
0 0.5110931827349737 0.314652738565782 0.07745058491327148 0.023433088650479956
0 0.5782573618394514 0.31394692264257484 0.02702702702702703 0.02258610954263128
0 0.6196046793061718 0.314652738565782 0.03146430012101654 0.021174477696216828
0 0.6577248890681726 0.3188876341050254 0.018152480839048003 0.013269339356295878
0 0.7593787817668415 0.31747600225861095 0.16014521984671237 0.03077357425183512
0 0.1609519967728923 0.41770186335403725 0.041145623235175476 0.020045172219085264
0 0.21581282775312627 0.41953698475437606 0.04517950786607503 0.010728402032749858
0 0.272488906817265 0.41643139469226426 0.0326744655102864 0.0220214568040655
0 0.3344090359015732 0.4155844155844156 0.06615570794675273 0.023150762281197064
0 0.40116982654296085 0.415725578769057 0.04477611940298507 0.020609824957651044
0 0.47418313836224285 0.41544325239977414 0.07462686567164178 0.022868435911914172
0 0.572609923356192 0.4246188594014681 0.08592174263816055 0.024844720496894408
0 0.6286809197256958 0.423630717108978 0.0028237192416296895 0.003105590062111801
0 0.6599435256151674 0.41516092603049126 0.02581686163775716 0.02456239412761152
0 0.6906010488100041 0.4155844155844156 0.02743041549011698 0.020327498588368152
0 0.7492940701895926 0.41671372106154714 0.0609116579265833 0.029361942405420668
0 0.8303751512706736 0.41417278373800115 0.07785397337636143 0.024280067758328628
0 0.16559096409842677 0.4741671372106155 0.05526421944332392 0.025691699604743084
0 0.26321097216619604 0.46936758893280633 0.11173860427591771 0.03077357425183512
0 0.37777329568374346 0.4668266516092603 0.08672851956434045 0.021739130434782608
0 0.46329164985881405 0.4688029361942405 0.0536506655909641 0.03020892151326934
0 0.4989915288422751 0.4738848108413326 0.003227107704719645 0.002540937323546019
0 0.5125050423557886 0.45849802371541504 0.006857603872529245 0.010728402032749858
0 0.5425574828559904 0.4600508187464709 0.007260992335619202 0.012140033879164314
0 0.5895522388059702 0.4666854884246189 0.0681726502622025 0.0220214568040655
0 0.6712384025816862 0.4662619988706945 0.06696248487293263 0.023433088650479956
0 0.7371924162968939 0.47162619988706944 0.03670835014118596 0.013269339356295878
0 0.7789431222267044 0.4668266516092603 0.03791851553045583 0.021739130434782608
0 0.17789431222267044 0.5138339920948617 0.08551835417507059 0.023150762281197064
0 0.2628075837031061 0.514257481648786 0.06010488100040339 0.023997741389045736
0 0.3519564340459863 0.5145398080180689 0.08350141185962082 0.02456239412761152
0 0.40661557079467525 0.5136928289102202 0.012101653892698669 0.022868435911914172
0 0.4318273497377975 0.5172219085262564 0.013311819281968536 0.002258610954263128
0 0.4782170229931424 0.514257481648786 0.0536506655909641 0.022868435911914172
0 0.5621218233158531 0.5187747035573123 0.07866075030254134 0.03303218520609825
0 0.6575231948366277 0.5163749294184077 0.08148446954417103 0.020892151326933936
0 0.7170229931423961 0.5159514398644833 0.012505042355788625 0.0189158667419537
0 0.7426381605486083 0.5175042348955392 0.01371520774505849 0.0016939582156973462
0 0.7874142799515934 0.5179277244494636 0.05486083098023396 0.01948051948051948
0 0.8420734167002824 0.5153867871259176 0.02944735780556676 0.022303783173348392
0 0.8674868898749496 0.5149632975719932 0.003630496167809601 0.0220214568040655
0 0.16760790641387657 0.5657820440429137 0.0536506655909641 0.023715415019762844
0 0.21903993545784592 0.5652173913043478 0.01855586930213796 0.024844720496894408
0 0.2692617991125454 0.5660643704121965 0.06010488100040339 0.02258610954263128
0 0.3346107301331182 0.5657820440429137 0.04961678096006454 0.0220214568040655
0 0.4124647035094796 0.5717108977978543 0.07382008874546188 0.03387916431394692
0 0.4608713190802743 0.5654997176736307 0.003630496167809601 0.02258610954263128
