0 344.0246066962485 743.0088932806324 0.04921339249697459 0.017786561264822136
0 526.018152480839 741.0091756070017 0.03630496167809601 0.018351214003387916
0 704.0260185558693 765.0057876905703 0.05203711173860428 0.011575381140598532
0 923.0312626058894 741.0093167701864 0.06252521177894312 0.018633540372670808
0 1151.0278338039532 755.0084697910785 0.055667607906413875 0.01693958215697346
0 1370.0278338039532 760.0073404856014 0.055667607906413875 0.014680971202710334
0 1615.0264219443325 750.0091756070017 0.052843888664784185 0.018351214003387916
0 1873.0242033077855 781.0091756070017 0.048406615570794675 0.018351214003387916
0 378.03670835014117 930.0079051383399 0.07341670028237192 0.015810276679841896
0 656.019967728923 952.0053642010164 0.03993545784590561 0.010728402032749858
0 841.0157321500606 924.012987012987 0.03146430012101654 0.025974025974025976
0 1037.0100847115773 963.0040937323546 0.02016942315449778 0.00818746470920384
0 1089.0175473981444 939.0070581592321 0.03509479628882614 0.014116318464144552
0 1275.0254134731747 949.0069169960474 0.050826946349334406 0.01383399209486166
0 1511.0344897135942 945.0073404856014 0.06897942718838242 0.014680971202710334
0 1755.0135135135135 943.0100225861096 0.02702702702702703 0.020045172219085264
0 1909.035498184752 958.0131281761717 0.07099636950383219 0.026256352343308864
0 355.0316659943526 1108.009034443817 0.06333198870512304 0.018068887634105024
0 536.0012101653892 1158.0011293054772 0.0024203307785397336 0.002258610954263128
0 604.0235982250907 1106.0091756070017 0.04719645018152481 0.018351214003387916
0 810.0256151674062 1116.0076228119706 0.051230334812424366 0.015245623941276116
0 1039.0286405808795 1112.0141163184642 0.0572811617587737 0.028232636928289104
0 1266.0405405405406 1126.014963297572 0.08108108108108109 0.029926595143986448
0 1515.0131101250504 1113.0135516657256 0.026220250100847116 0.02710333145115754
0 1656.022589753933 1106.0095990965556 0.04517950786607503 0.019198193111236588
0 1844.0484066155707 1107.0112930547714 0.09681323114158935 0.02258610954263128
0 369.03711173860427 1288.0112930547714 0.07422347720855184 0.02258610954263128
0 612.0185558693022 1315.0094579333709 0.03711173860427592 0.0189158667419537
0 764.013715207745 1291.0081874647092 0.02743041549011698 0.01637492941840768
0 879.020371117386 1302.0077639751553 0.040742234772085516 0.015527950310559006
0 1064.0512303348123 1302.0081874647092 0.10246066962484873 0.01637492941840768
0 1417.0235982250908 1281.010587238848 0.04719645018152481 0.021174477696216828
0 1581.0068576038725 1313.005928853755 0.01371520774505849 0.011857707509881422
0 1705.0272287212586 1317.009881422925 0.05445744251714401 0.019762845849802372
0 1901.0457845905607 1291.0097402597403 0.09156918112141993 0.01948051948051948
0 355.03549818475193 1472.0080463015245 0.07099636950383219 0.016092603049124788
0 628.0552642194433 1471.0135516657256 0.11052843888664785 0.02710333145115754
0 936.0012101653892 1508.0005646527386 0.0024203307785397336 0.001129305477131564
0 1024.054054054054 1471.009034443817 0.10810810810810811 0.018068887634105024
0 1336.0157321500606 1497.0047995482778 0.03146430012101654 0.009599096555618294
0 1462.0246066962484 1479.007058159232 0.04921339249697459 0.014116318464144552
0 1665.0334812424364 1477.007481648786 0.06696248487293263 0.014963297571993224
0 1906.0264219443325 1479.0163749294184 0.052843888664784185 0.03274985883681536
0 394.00645421540946 1665.0060700169395 0.01290843081887858 0.012140033879164314
0 537.0286405808794 1661.007481648786 0.0572811617587737 0.014963297571993224
0 814.0308592174264 1648.0091756070017 0.06171843485276321 0.018351214003387916
0 1031.0112948769665 1640.0143986448334 0.022589753933037516 0.028797289666854884
0 1167.0314643001211 1639.0112930547714 0.06292860024203308 0.02258610954263128
0 1370.0018152480839 1707.0040937323547 0.003630496167809601 0.00818746470920384
0 1387.0564743848327 1677.01185770751 0.11294876966518758 0.023715415019762844
0 1681.0018152480839 1703.0064935064936 0.003630496167809601 0.012987012987012988
0 1724.0352964905203 1657.0087521174478 0.07059298104074223 0.017504234895539244
0 1926.0260185558693 1663.0077639751553 0.05203711173860428 0.015527950310559006
0 363.05123033481243 1812.0170807453417 0.10246066962484873 0.034161490683229816
0 629.0028237192416 1882.0008469791078 0.005647438483259379 0.0016939582156973462
