0 371.0080677692618 753.0069169960474 0.016135538523598225 0.01383399209486166
0 470.0231948366277 779.00395256917 0.0463896732553449 0.007905138339920948
0 677.0465913674869 761.0062111801242 0.09318273497377975 0.012422360248447204
0 990.0280354981847 782.0036702428007 0.056070996369503835 0.007340485601355167
0 1231.0508269463494 772.0095990965556 0.10165389269866881 0.019198193111236588
0 1566.0302541347316 764.0069169960474 0.060508269463493344 0.01383399209486166
0 1808.05223880597 759.0076228119707 0.1044776119402985 0.015245623941276116
0 359.01311012505045 1117.006634669678 0.026220250100847116 0.013269339356295878
0 506.01774909237594 1120.0064935064936 0.035498184751916094 0.012987012987012988
0 680.0431625655506 1118.0076228119706 0.08632513110125051 0.015245623941276116
0 977.015933844292 1120.0080463015245 0.0318676885841065 0.016092603049124788
0 1112.0294473578056 1122.0067758328628 0.05889471561113352 0.01355166572557877
0 1368.0352964905203 1145.00395256917 0.07059298104074223 0.007905138339920948
0 1645.0379185155305 1127.006634669678 0.07583703106091166 0.013269339356295878
0 1898.0193626462283 1128.005928853755 0.03872529245663574 0.011857707509881422
0 353.0250100847116 1294.007481648786 0.0500201694231545 0.014963297571993224
0 515.0032271077047 1338.0025409373236 0.00645421540943929 0.005081874647092038
0 579.017749092376 1300.006352343309 0.035498184751916094 0.012704686617730096
0 742.027027027027 1305.00790513834 0.05405405405405406 0.015810276679841896
0 975.015933844292 1309.005505364201 0.0318676885841065 0.01101072840203275
0 1103.0185558693022 1302.0076228119706 0.03711173860427592 0.015245623941276116
0 1291.0350947962888 1302.0094579333709 0.07018959257765228 0.0189158667419537
0 1513.0028237192416 1347.0018351214003 0.005647438483259379 0.0036702428006775835
0 1549.0116982654297 1303.006634669678 0.023396530859217425 0.013269339356295878
0 1620.0237999193223 1327.0036702428006 0.04759983864461476 0.007340485601355167
0 1819.011093182735 1308.0060700169395 0.02218636546994756 0.012140033879164314
0 1918.0207745058492 1328.0036702428006 0.04154901169826543 0.007340485601355167
0 2075.0254134731745 1311.0064935064936 0.050826946349334406 0.012987012987012988
0 363.0405405405405 1472.0071993224167 0.08108108108108109 0.014398644833427442
0 578.0040338846309 1519.0028232636928 0.008067769261799113 0.00564652738565782
0 638.0266236385639 1482.0069169960475 0.053247277127874144 0.01383399209486166
0 831.04699475595 1493.0087521174478 0.09398951189995966 0.017504234895539244
0 1139.0167406212183 1489.0053642010164 0.033481242436466316 0.010728402032749858
0 1295.0260185558693 1486.0056465273856 0.05203711173860428 0.01129305477131564
0 1513.0346914078257 1487.006352343309 0.06938281565147236 0.012704686617730096
0 1751.0312626058894 1490.0060700169395 0.06252521177894312 0.012140033879164314
0 1907.0010084711578 1529.0005646527386 0.002016942315449778 0.001129305477131564
0 1957.017345703913 1487.0062111801242 0.03469140782573618 0.012422360248447204
0 365.02985074626866 1855.0042348955392 0.05970149253731343 0.00846979107848673
0 582.065147236789 1837.010304912479 0.13029447357805568 0.020609824957651044
0 927.0034288019363 1873.0022586109542 0.006857603872529245 0.004517221908526256
0 988.0046389673255 1834.0022586109542 0.00927793465106898 0.004517221908526256
0 1027.0116982654297 1834.0064935064936 0.023396530859217425 0.012987012987012988
0 1127.0338846308996 1841.0067758328628 0.06776926179911255 0.01355166572557877
0 1280.0018152480839 1875.0007058159233 0.003630496167809601 0.001411631846414455
0 1359.0054457442518 1834.001552795031 0.010891488503428802 0.003105590062111801
0 1387.0350947962888 1841.0064935064936 0.07018959257765228 0.012987012987012988
0 1597.02218636547 1868.00395256917 0.04437273093989512 0.007905138339920948
0 1771.0155304558289 1866.0032467532467 0.031060911657926585 0.006493506493506494
0 1900.0383219039936 1863.0038114059853 0.07664380798709157 0.007622811970638058
0 362.02057281161757 2016.0077639751553 0.041145623235175476 0.015527950310559006
0 528.0407422347721 2016.0104460756634 0.08148446954417103 0.020892151326933936
0 734.0038321903994 2057.0029644268775 0.007664380798709157 0.005928853754940711
0 792.0050423557886 2013.002682100508 0.01008471157724889 0.005364201016374929
0 844.0135135135135 2020.005928853755 0.02702702702702703 0.011857707509881422
0 978.0312626058894 2014.0062111801242 0.06252521177894312 0.012422360248447204
0 1130.0016135538524 2052.0009881422925 0.003227107704719645 0.001976284584980237
0 1193.0056474384833 2006.001976284585 0.011294876966518758 0.003952569169960474
0 1232.0276321097217 2017.0056465273856 0.05526421944332392 0.01129305477131564
0 1410.0231948366277 2028.009034443817 0.0463896732553449 0.018068887634105024
0 1601.0163372327552 2042.003529079616 0.0326744655102864 0.007058159232072276
0 1756.0213795885438 2044.0050818746472 0.042759177087535294 0.010163749294184076
0 1889.0116982654297 2020.0073404856014 0.023396530859217425 0.014680971202710334
0 2008.0258168616378 2026.0056465273856 0.05163372327551432 0.01129305477131564
0 369.02258975393306 2212.0057876905703 0.04517950786607503 0.011575381140598532
0 551.0304558289633 2214.006634669678 0.0609116579265833 0.013269339356295878
0 769.0153287615974 2212.00395256917 0.03065752319483663 0.007905138339920948
0 896.0278338039532 2202.0057876905703 0.055667607906413875 0.011575381140598532
0 1131.0278338039532 2198.009034443817 0.055667607906413875 0.018068887634105024
0 1348.006655909641 2218.0033879164316 0.013311819281968536 0.006775832862789385
0 1449.0330778539733 2198.007481648786 0.06615570794675273 0.014963297571993224
0 1645.0020169423155 2236.001270468662 0.004033884630899556 0.002540937323546019
