0 0.07099636950383219 0.10474308300395258 0.00927793465106898 0.004234895539243365
0 0.1189995966115369 0.12083568605307736 0.09398951189995966 0.029361942405420668
0 0.12202501008471157 0.11758893280632411 0.0028237192416296895 0.00818746470920384
0 0.1345300524405002 0.10742518351214003 0.012505042355788625 0.005081874647092038
0 0.14864864864864866 0.11391869000564653 0.0052440500201694235 0.013269339356295878
0 0.18414683340056473 0.11575381140598531 0.0609116579265833 0.01948051948051948
0 0.18878580072609924 0.1150479954827781 0.0028237192416296895 0.001976284584980237
0 0.20653489310205728 0.10770750988142293 0.00927793465106898 0.004234895539243365
0 0.24162968939088342 0.1150479954827781 0.053247277127874144 0.016657255787690572
0 0.2755143202904397 0.11518915866741954 0.040742234772085516 0.010728402032749858
0 0.2966922146026624 0.1147656691134952 0.035901573215006054 0.019198193111236588
0 0.3299717628075837 0.1206945228684359 0.042759177087535294 0.029079616036137776
0 0.3622428398547802 0.11547148503670243 0.02702702702702703 0.017221908526256352
0 0.4336425978217023 0.11518915866741954 0.11012505042355789 0.015245623941276116
0 0.10205728116175877 0.13890457368718237 0.05970149253731343 0.015527950310559006
0 0.14259782170229932 0.14596273291925466 0.04477611940298507 0.030491247882552232
0 0.1899959661153691 0.14031620553359683 0.04961678096006454 0.014116318464144552
0 0.22226704316256554 0.14073969508752118 0.042759177087535294 0.015245623941276116
0 0.2617991125453812 0.14102202145680406 0.05526421944332392 0.014680971202710334
0 0.26946349334409037 0.14412761151891587 0.0060508269463493344 0.00846979107848673
0 0.30576845502218636 0.14059853190287974 0.05163372327551432 0.017504234895539244
0 0.31665994352561516 0.13848108413325805 0.0028237192416296895 0.001976284584980237
0 0.3338039532069383 0.13946922642574816 0.004033884630899556 0.015245623941276116
0 0.37232755143202906 0.14285714285714285 0.050423557886244454 0.020892151326933936
0 0.42315449778136344 0.14045736871823827 0.06413876563130294 0.021456804065499716
0 0.08572004840661557 0.1681253529079616 0.027833803953206938 0.0220214568040655
0 0.1700282371924163 0.17193675889328064 0.1371520774505849 0.033314511575381144
0 0.20330778539733763 0.16939582156973462 0.030254134731746672 0.025409373235460192
0 0.22932634126663978 0.16572557876905702 0.0326744655102864 0.012987012987012988
0 0.23699072206534894 0.1653020892151327 0.004437273093989512 0.002258610954263128
0 0.2434449374747882 0.15824392998306042 0.008471157724889069 0.005928853754940711
0 0.263412666397741 0.15866741953698477 0.007664380798709157 0.006211180124223602
0 0.2855990318676886 0.17193675889328064 0.02864058087938685 0.029079616036137776
0 0.327349737797499 0.16643139469226426 0.06776926179911255 0.011857707509881422
0 0.3317870108914885 0.17052512704686618 0.004033884630899556 0.00818746470920384
0 0.3410649455425575 0.16149068322981366 0.008067769261799113 0.006211180124223602
0 0.3697055264219443 0.16629023150762282 0.028237192416296894 0.014398644833427442
0 0.4171036708350141 0.16629023150762282 0.06010488100040339 0.016657255787690572
0 0.4243646631706333 0.17320722755505363 0.007260992335619202 0.013269339356295878
0 0.11032674465510287 0.19734613212874083 0.06897942718838242 0.029926595143986448
0 0.14158935054457442 0.1901468097120271 0.03791851553045583 0.012422360248447204
0 0.17587736990722067 0.19028797289666854 0.03791851553045583 0.01129305477131564
0 0.19685356998789835 0.19311123658949747 0.021379588543767647 0.026821005081874648
0 0.23295683743444937 0.18944099378881987 0.03872529245663574 0.021174477696216828
0 0.28680919725695847 0.19678147939017504 0.07624041952400161 0.02766798418972332
0 0.3334005647438483 0.19042913608130999 0.05808793868495361 0.015810276679841896
0 0.33743444937474787 0.19099378881987578 0.0028237192416296895 0.002540937323546019
0 0.3854376764824526 0.19127611518915866 0.06696248487293263 0.017786561264822136
0 0.41206131504638965 0.19042913608130999 0.035901573215006054 0.01355166572557877
0 0.0990318676885841 0.24124788255223037 0.05445744251714401 0.016092603049124788
0 0.15207745058491326 0.2404009034443817 0.06292860024203308 0.015527950310559006
0 0.16962484872932634 0.24124788255223037 0.01371520774505849 0.009881422924901186
0 0.2146026623638564 0.2406832298136646 0.050826946349334406 0.01637492941840768
0 0.24687373941105284 0.2413890457368718 0.03227107704719645 0.01383399209486166
0 0.28721258572004843 0.2404009034443817 0.04356595401371521 0.013269339356295878
0 0.35034288019362647 0.24618859401468096 0.08390480032271078 0.029926595143986448
0 0.4124647035094796 0.24590626764539808 0.07745058491327148 0.017504234895539244
0 0.4199273900766438 0.24265951439864483 0.003227107704719645 0.002540937323546019
0 0.12505042355788623 0.29799548277809146 0.10125050423557887 0.029644268774703556
0 0.1526825332795482 0.2931959345002823 0.026623638563937072 0.020327498588368152
0 0.16135538523598225 0.2955957086391869 0.00645421540943929 0.011857707509881422
0 0.18898749495764422 0.29136081309994355 0.02702702702702703 0.011857707509881422
0 0.2335619201290843 0.2924901185770751 0.05647438483259379 0.017504234895539244
0 0.2615974183138362 0.29361942405420666 0.03146430012101654 0.011575381140598532
0 0.3021379588543768 0.29347826086956524 0.05486083098023396 0.017504234895539244
0 0.3830173457039129 0.29488989271597965 0.12343686970552642 0.021739130434782608
0 0.4227511093182735 0.29390175042348954 0.05486083098023396 0.018351214003387916
0 0.09076240419524001 0.3170525127046866 0.04235578862444534 0.020609824957651044
0 0.15933844292053248 0.3256634669678148 0.09116579265832997 0.02766798418972332
0 0.2353771682129891 0.31719367588932806 0.11093182734973779 0.01693958215697346
0 0.2373941105284389 0.3167701863354037 0.003630496167809601 0.002540937323546019
0 0.245663574021783 0.3073122529644269 0.00927793465106898 0.003952569169960474
