0 0.10629286002420331 0.11490683229813664 0.06252521177894312 0.020892151326933936
0 0.18212989108511496 0.12041219649915302 0.12384025816861638 0.030491247882552232
0 0.21339249697458654 0.1194240542066629 0.02864058087938685 0.025691699604743084
0 0.22851956434045986 0.1163184641445511 0.014118596208148447 0.008752117447769622
0 0.2767244856797096 0.11645962732919254 0.06978620411456232 0.015810276679841896
0 0.30032271077047196 0.1163184641445511 0.003630496167809601 0.01637492941840768
0 0.390681726502622 0.11758893280632411 0.15611133521581283 0.016657255787690572
0 0.43243243243243246 0.11900056465273856 0.0463896732553449 0.017504234895539244
0 0.10286405808793868 0.13946922642574816 0.057684550221863654 0.009881422924901186
0 0.14340459862847924 0.14003387916431395 0.0463896732553449 0.016092603049124788
0 0.1591367486889875 0.13932806324110672 0.02702702702702703 0.016092603049124788
0 0.2200484066155708 0.14723320158102768 0.09640984267849939 0.031055900621118012
0 0.25231948366276724 0.14073969508752118 0.02501008471157725 0.010446075663466968
0 0.29245663574021785 0.14158667419536985 0.050826946349334406 0.0189158667419537
0 0.34207341670028235 0.14370412196499152 0.06212182331585317 0.021174477696216828
0 0.4112545381202098 0.1429983060417843 0.10931827349737798 0.015245623941276116
0 0.4211375554659137 0.14469226425748166 0.0024203307785397336 0.002258610954263128
0 0.07341670028237192 0.16149068322981366 0.008874546187979023 0.008752117447769622
0 0.13533682936668012 0.17348955392433654 0.09883017345703912 0.03303218520609825
0 0.17587736990722067 0.1717955957086392 0.0500201694231545 0.020045172219085264
0 0.23154497781363453 0.16741953698475437 0.07422347720855184 0.018351214003387916
0 0.2827753126260589 0.16883116883116883 0.07422347720855184 0.014398644833427442
0 0.3392496974586527 0.16826651609260304 0.08430818878580072 0.016657255787690572
0 0.4114562323517547 0.17377188029361942 0.10891488503428802 0.027950310559006212
0 0.4203307785397338 0.17490118577075098 0.01008471157724889 0.010728402032749858
0 0.07664380798709157 0.21569734613212874 0.003227107704719645 0.01637492941840768
0 0.11758773699072207 0.21682665160926032 0.0572811617587737 0.016657255787690572
0 0.127269060104881 0.21781479390175043 0.003630496167809601 0.002258610954263128
0 0.14663170633319886 0.21725014116318464 0.003630496167809601 0.015810276679841896
0 0.21339249697458654 0.217673630717109 0.11657926583299717 0.015810276679841896
0 0.2583703106091166 0.21823828345567475 0.05244050020169423 0.021739130434782608
0 0.3225090762404195 0.21950875211744778 0.09883017345703912 0.014680971202710334
0 0.33763614360629285 0.21964991530208922 0.003630496167809601 0.014963297571993224
0 0.3741427995159338 0.22035573122529645 0.051230334812424366 0.011575381140598532
0 0.4354578459056071 0.22501411631846416 0.0899556272690601 0.025409373235460192
0 0.1498588140379185 0.2453416149068323 0.1427995159338443 0.022868435911914172
0 0.18354175070592982 0.2490118577075099 0.033884630899556276 0.0251270468661773
0 0.21298910851149658 0.24435347261434218 0.040742234772085516 0.018351214003387916
0 0.26119402985074625 0.2522586109542631 0.06696248487293263 0.027385657820440428
0 0.2918515530455829 0.2422360248447205 0.033884630899556276 0.013269339356295878
0 0.3501411859620815 0.24378881987577639 0.08592174263816055 0.017221908526256352
0 0.399959661153691 0.24491812535290797 0.06776926179911255 0.016657255787690572
0 0.4334409035901573 0.25056465273856576 0.035901573215006054 0.020045172219085264
0 0.10508269463493344 0.26651609260304915 0.06897942718838242 0.017221908526256352
0 0.12464703509479629 0.2658102766798419 0.024606696248487294 0.013269339356295878
0 0.19160951996772893 0.2737154150197628 0.1036708350141186 0.031055900621118012
0 0.23154497781363453 0.2684923771880294 0.05445744251714401 0.020045172219085264
0 0.24021782977006859 0.2686335403726708 0.004840661557079467 0.002258610954263128
0 0.2589753933037515 0.2627046866177301 0.011698265429608713 0.006775832862789385
0 0.2974989915288423 0.26976284584980237 0.0681726502622025 0.01693958215697346
0 0.3075837031060912 0.27188029361942406 0.01008471157724889 0.021174477696216828
0 0.31867688584106496 0.2628458498023715 0.01371520774505849 0.007622811970638058
0 0.34630899556272693 0.27032749858836813 0.03146430012101654 0.01637492941840768
0 0.3860427591770875 0.27004517221908525 0.06615570794675273 0.01637492941840768
0 0.3926986688180718 0.2689158667419537 0.004033884630899556 0.0033879164313946925
0 0.40843081887858007 0.264257481648786 0.01008471157724889 0.006493506493506494
0 0.43303751512706734 0.2724449463579898 0.038321903993545785 0.0220214568040655
0 0.436668011294877 0.2713156408808583 0.0028237192416296895 0.002540937323546019
0 0.10084711577248891 0.2924901185770751 0.051230334812424366 0.01693958215697346
0 0.11173860427591771 0.2919254658385093 0.005647438483259379 0.0036702428006775835
0 0.19060104881000403 0.29672501411631846 0.12222670431625655 0.025409373235460192
0 0.23114158935054457 0.2933370976849238 0.042759177087535294 0.01383399209486166
0 0.25312626058894716 0.2977131564088086 0.024606696248487294 0.023715415019762844
0 0.290843081887858 0.2950310559006211 0.041145623235175476 0.016657255787690572
0 0.3299717628075837 0.29474872953133824 0.05203711173860428 0.015245623941276116
0 0.34590560709963697 0.29361942405420666 0.003630496167809601 0.002540937323546019
0 0.4193223073820089 0.29672501411631846 0.11536910044372731 0.017504234895539244
0 0.11335215812827754 0.31804065499717676 0.07583703106091166 0.015527950310559006
0 0.16680112948769665 0.31945228684359117 0.07099636950383219 0.020892151326933936
0 0.18737394110528438 0.3198757763975155 0.013311819281968536 0.010728402032749858
0 0.26099233561920127 0.3255223037831734 0.10609116579265833 0.028514963297571992
0 0.3138362242839855 0.32086391869000563 0.07987091569181122 0.017786561264822136
0 0.34509883017345705 0.3191699604743083 0.0463896732553449 0.016092603049124788
0 0.4134731746672045 0.3211462450592885 0.11052843888664785 0.020045172219085264
0 0.09499798305768455 0.34232072275550535 0.04679306171843485 0.018633540372670808
0 0.14844695441710368 0.3495200451722191 0.06413876563130294 0.03303218520609825
0 0.1563130294473578 0.34260304912478823 0.004033884630899556 0.004799548277809147
0 0.16518757563533684 0.33483907396950874 0.008471157724889069 0.006211180124223602
