0 347.0439693424768 934.0086109542631 0.08793868495361033 0.017221908526256352
0 627.0282371924163 951.0073404856014 0.05647438483259379 0.014680971202710334
0 784.0038321903994 996.0047995482778 0.007664380798709157 0.009599096555618294
0 860.0262202501009 947.0076228119707 0.05244050020169423 0.015245623941276116
0 1070.0229931423962 942.0081874647092 0.045986284792254944 0.01637492941840768
0 1275.0264219443325 940.0081874647092 0.052843888664784185 0.01637492941840768
0 1446.0014118596207 999.0009881422925 0.0028237192416296895 0.001976284584980237
0 1519.022589753933 946.0077639751553 0.04517950786607503 0.015527950310559006
0 1684.0278338039532 969.0101637492942 0.055667607906413875 0.020327498588368152
0 1889.0375151270673 944.0086109542631 0.07503025413473174 0.017221908526256352
0 363.04497781363455 1122.0141163184642 0.0899556272690601 0.028232636928289104
0 634.017749092376 1135.0062111801242 0.035498184751916094 0.012422360248447204
0 825.0429608713191 1129.014539808018 0.08592174263816055 0.029079616036137776
0 1126.0056474384833 1160.003529079616 0.011294876966518758 0.007058159232072276
0 1244.0219846712384 1128.0077639751553 0.043969342476805166 0.015527950310559006
0 1411.0123033481243 1116.0088932806325 0.024606696248487294 0.017786561264822136
0 1524.0187575635337 1136.007058159232 0.03751512706736587 0.014116318464144552
0 1701.0320693828157 1128.0077639751553 0.06413876563130294 0.015527950310559006
0 1943.0322710770472 1144.0050818746472 0.0645421540943929 0.010163749294184076
0 355.04961678096004 1306.0067758328628 0.09923356192012908 0.01355166572557877
0 625.0012101653892 1344.0012704686617 0.0024203307785397336 0.002540937323546019
0 748.0193626462283 1308.0067758328628 0.03872529245663574 0.01355166572557877
0 906.0231948366277 1319.007481648786 0.0463896732553449 0.014963297571993224
0 1098.015933844292 1319.0047995482778 0.0318676885841065 0.009599096555618294
0 1245.0324727712787 1306.00790513834 0.06494554255748286 0.015810276679841896
0 1411.0042355788623 1356.0049407114625 0.008471157724889069 0.009881422924901186
0 1458.039935457846 1299.012987012987 0.07987091569181122 0.025974025974025976
0 1669.0016135538524 1347.0011293054772 0.003227107704719645 0.002258610954263128
0 1743.004437273094 1284.002399774139 0.008874546187979023 0.004799548277809147
0 1811.0334812424364 1301.0087521174478 0.06696248487293263 0.017504234895539244
0 2006.0149253731342 1315.006352343309 0.029850746268656716 0.012704686617730096
0 356.0457845905607 1479.0166572557878 0.09156918112141993 0.033314511575381144
0 671.031464300121 1488.0119988706945 0.06292860024203308 0.023997741389045736
0 844.013715207745 1475.0084697910786 0.02743041549011698 0.01693958215697346
0 979.0554659136749 1474.0134105025409 0.11093182734973779 0.026821005081874648
0 1328.0467930617185 1488.00790513834 0.0935861234368697 0.015810276679841896
0 1577.0020169423155 1524.0042348955392 0.004033884630899556 0.00846979107848673
0 1603.0046389673255 1466.003529079616 0.00927793465106898 0.007058159232072276
0 1706.002218636547 1492.0069169960475 0.004437273093989512 0.01383399209486166
0 1747.0272287212586 1486.0087521174478 0.05445744251714401 0.017504234895539244
0 1902.002218636547 1531.0016939582158 0.004437273093989512 0.0033879164313946925
0 1979.00524405002 1465.0025409373236 0.010488100040338847 0.005081874647092038
0 2032.0300524405002 1474.0084697910786 0.06010488100040339 0.01693958215697346
0 380.05143202904395 1822.01185770751 0.10286405808793868 0.023715415019762844
0 733.0282371924163 1847.006352343309 0.05647438483259379 0.012704686617730096
0 892.0030254134732 1903.00395256917 0.0060508269463493344 0.007905138339920948
0 943.0443727309399 1822.0163749294184 0.08874546187979024 0.03274985883681536
0 1217.0344897135942 1849.0069169960475 0.06897942718838242 0.01383399209486166
0 1472.012908430819 1836.0077639751553 0.02581686163775716 0.015527950310559006
0 1608.0183541750705 1840.0094579333709 0.03670835014118596 0.0189158667419537
0 1791.0405405405406 1836.0095990965556 0.08108108108108109 0.019198193111236588
0 2020.0016135538524 1890.0016939582158 0.003227107704719645 0.0033879164313946925
0 2088.0131101250504 1833.008610954263 0.026220250100847116 0.017221908526256352
0 364.02218636546996 2038.005505364201 0.04437273093989512 0.01101072840203275
0 545.029245663574 2042.0050818746472 0.058491327148043566 0.010163749294184076
0 741.0237999193223 2022.014539808018 0.04759983864461476 0.029079616036137776
0 902.0135135135135 2051.0038114059853 0.02702702702702703 0.007622811970638058
0 1026.047801532876 2026.0111518915867 0.09560306575231949 0.022303783173348392
0 1301.0018152480839 2055.001270468662 0.003630496167809601 0.002540937323546019
