0 0.2373941105284389 0.28077357425183513 0.15772488906817264 0.029079616036137776
0 0.3160548608309802 0.2834556747600226 0.003630496167809601 0.00282326369282891
0 0.3602258975393304 0.2738565782044043 0.04921339249697459 0.014680971202710334
0 0.42940701895925776 0.27413890457368717 0.04961678096006454 0.01637492941840768
0 0.4854780153287616 0.2779503105590062 0.03751512706736587 0.009881422924901186
0 0.5832997176280759 0.2811970638057595 0.11133521581282775 0.03162055335968379
0 0.6668011294876967 0.2717391304347826 0.02581686163775716 0.016092603049124788
0 0.7202501008471158 0.2725861095426313 0.045582896329164985 0.018351214003387916
0 0.7799515933844292 0.2780914737436477 0.04800322710770472 0.009034443817052512
0 0.8083904800322711 0.28091473743647655 0.0024203307785397336 0.001129305477131564
0 0.844695441710367 0.27315076228119706 0.03065752319483663 0.018351214003387916
0 0.18495361032674465 0.3272162619988707 0.04961678096006454 0.011857707509881422
0 0.2880193626462283 0.3243929983060418 0.10084711577248891 0.02258610954263128
0 0.36062928600242034 0.32679277244494637 0.029043969342476807 0.009881422924901186
0 0.3937071399757967 0.3266516092603049 0.015328761597418314 0.007340485601355167
0 0.45784590560709965 0.33145115753811405 0.06857603872529246 0.029926595143986448
0 0.4979830576845502 0.3346979107848673 0.008471157724889069 0.007058159232072276
0 0.5387252924566357 0.33300395256917 0.051230334812424366 0.028514963297571992
0 0.5687777329568374 0.3346979107848673 0.008067769261799113 0.00818746470920384
0 0.6569181121419927 0.3274985883681536 0.1327148043565954 0.021456804065499716
0 0.7297297297297297 0.3339920948616601 0.005647438483259379 0.00564652738565782
0 0.8053650665590965 0.32933370976849236 0.12384025816861638 0.023433088650479956
0 0.18757563533682936 0.37732919254658387 0.042759177087535294 0.026256352343308864
0 0.21339249697458654 0.38354037267080743 0.007260992335619202 0.006493506493506494
0 0.25877369907220654 0.3738001129305477 0.04961678096006454 0.01637492941840768
0 0.299717628075837 0.3780350084697911 0.010488100040338847 0.00564652738565782
0 0.35316659943525613 0.38622247317899494 0.07382008874546188 0.02258610954263128
0 0.4461476401774909 0.38071710897797856 0.08229124647035095 0.03077357425183512
0 0.48527632109721663 0.3814229249011858 0.0024203307785397336 0.0016939582156973462
0 0.5334812424364663 0.3738001129305477 0.04235578862444534 0.018068887634105024
0 0.5895522388059702 0.37775268210050816 0.05526421944332392 0.01129305477131564
0 0.6962484872932634 0.3753529079616036 0.12263009277934651 0.022303783173348392
0 0.8190802743041549 0.38085827216261997 0.11093182734973779 0.033314511575381144
0 0.21137555465913674 0.42814793901750425 0.09197256958450989 0.022303783173348392
0 0.33864461476401775 0.43252399774138905 0.11577248890681727 0.029926595143986448
0 0.42396127470754336 0.42320722755505363 0.024203307785397338 0.01693958215697346
0 0.47317466720451795 0.4256070016939582 0.035498184751916094 0.014963297571993224
0 0.5393303751512707 0.42391304347826086 0.05486083098023396 0.0189158667419537
0 0.5941912061315047 0.4246188594014681 0.03711173860427592 0.019198193111236588
0 0.6772892295280355 0.42758328627893843 0.09762000806776926 0.022303783173348392
0 0.7995159338442921 0.42857142857142855 0.11536910044372731 0.028797289666854884
0 0.8747478822105688 0.4256070016939582 0.027833803953206938 0.016657255787690572
0 0.891085114965712 0.43464144551101075 0.0024203307785397336 0.001411631846414455
0 0.1845502218636547 0.529785431959345 0.0326744655102864 0.009316770186335404
0 0.20592981040742234 0.5354319593450029 0.00927793465106898 0.007622811970638058
0 0.25877369907220654 0.5248447204968945 0.043969342476805166 0.020327498588368152
0 0.3578055667607906 0.5313382269904009 0.10810810810810811 0.03274985883681536
0 0.47115772488906815 0.5268210050818747 0.07664380798709157 0.01637492941840768
0 0.5707946752722872 0.5290796160361377 0.10246066962484873 0.02710333145115754
0 0.68152480839048 0.5303500846979108 0.11093182734973779 0.026821005081874648
0 0.7765227914481646 0.5273856578204404 0.03711173860427592 0.025409373235460192
0 0.8440903590157322 0.5276679841897233 0.057684550221863654 0.018068887634105024
0 0.20976200080677693 0.5863918690005646 0.09035901573215006 0.023150762281197064
0 0.30899556272690604 0.5791925465838509 0.060508269463493344 0.013269339356295878
0 0.4302137958854377 0.5825804630152456 0.13432835820895522 0.0251270468661773
0 0.5050423557886244 0.5876623376623377 0.00645421540943929 0.007622811970638058
0 0.5411456232351755 0.5782044042913608 0.040742234772085516 0.017504234895539244
0 0.6288826139572409 0.581733483907397 0.10084711577248891 0.03190287972896669
0 0.7178297700685761 0.5772162619988707 0.040742234772085516 0.022868435911914172
0 0.7678499394917305 0.5774985883681536 0.0391286809197257 0.016657255787690572
0 0.8398547801532876 0.5755223037831734 0.06696248487293263 0.018351214003387916
0 0.1845502218636547 0.6352343308865048 0.0463896732553449 0.03387916431394692
0 0.32855990318676886 0.6281761716544325 0.14965711980637353 0.017504234895539244
0 0.4616780960064542 0.6294466403162056 0.06897942718838242 0.014398644833427442
0 0.6058894715611134 0.6291643139469226 0.16216216216216217 0.021739130434782608
0 0.7212585720048407 0.6288819875776398 0.026623638563937072 0.016092603049124788
0 0.8168616377571601 0.6294466403162056 0.10810810810810811 0.017786561264822136
0 0.20835014118596207 0.678994918125353 0.07866075030254134 0.017504234895539244
0 0.3019362646228318 0.6809712027103332 0.06333198870512304 0.014116318464144552
0 0.41851553045582895 0.6788537549407114 0.10931827349737798 0.018351214003387916
0 0.5754336425978217 0.6871823828345568 0.15046389673255345 0.034443817052512704
0 0.6688180718031465 0.6880293619424054 0.003227107704719645 0.002258610954263128
