0 0.0699878983461073 0.11900056465273856 0.012101653892698669 0.012987012987012988
0 0.11133521581282775 0.12704686617730096 0.07462686567164178 0.04376058723884811
0 0.11617587736990723 0.11645962732919254 0.003227107704719645 0.001411631846414455
0 0.1373537716821299 0.11533032185206098 0.023396530859217425 0.016092603049124788
0 0.22569584509883017 0.11716544325239978 0.17224687373941105 0.021739130434782608
0 0.28701089148850345 0.11857707509881422 0.11214199273900767 0.01948051948051948
0 0.34227511093182733 0.1212591756070017 0.09762000806776926 0.032185206098249576
0 0.42839854780153286 0.11857707509881422 0.14965711980637353 0.025409373235460192
0 0.09378781766841468 0.14130434782608695 0.052843888664784185 0.01129305477131564
0 0.1319080274304155 0.14201016374929418 0.06897942718838242 0.024844720496894408
0 0.1964501815248084 0.14201016374929418 0.11859620814844696 0.020327498588368152
0 0.24929407018959257 0.14243365330321853 0.08793868495361033 0.007340485601355167
0 0.35034288019362647 0.15556182947487296 0.1920129084308189 0.0502540937323546
0 0.36143606292860025 0.14582156973461322 0.010488100040338847 0.00846979107848673
0 0.4322307382008875 0.14511575381140598 0.12464703509479629 0.018633540372670808
0 0.10084711577248891 0.2663749294184077 0.0782573618394514 0.017504234895539244
0 0.145421540943929 0.268068887634105 0.07745058491327148 0.020892151326933936
0 0.2045179507866075 0.2776679841897233 0.10246066962484873 0.02766798418972332
0 0.23336022589753933 0.26792772444946356 0.05163372327551432 0.012704686617730096
0 0.2390076643807987 0.2670807453416149 0.0028237192416296895 0.001976284584980237
0 0.25514320290439696 0.26877470355731226 0.016942315449778138 0.007058159232072276
0 0.30254134731746674 0.2691981931112366 0.08390480032271078 0.01948051948051948
0 0.390480032271077 0.2701863354037267 0.1617587736990722 0.020892151326933936
0 0.4580475998386446 0.2769621682665161 0.1464300121016539 0.031338226990400904
