0 0.11234368697055264 0.11575381140598531 0.048406615570794675 0.020609824957651044
0 0.19120613150463897 0.11928289102202146 0.12424364663170634 0.025691699604743084
0 0.2418313836224284 0.11603613777526821 0.06655909640984267 0.021174477696216828
0 0.2644211375554659 0.1147656691134952 0.016942315449778138 0.007340485601355167
0 0.30032271077047196 0.12210615471485037 0.04437273093989512 0.021456804065499716
0 0.36163775716014523 0.11518915866741954 0.08148446954417103 0.01637492941840768
0 0.3894715611133522 0.11857707509881422 0.03146430012101654 0.023433088650479956
0 0.4173053650665591 0.11434217955957086 0.031060911657926585 0.016092603049124788
0 0.4507866075030254 0.11391869000564653 0.04477611940298507 0.014116318464144552
0 0.09439290036304962 0.14158667419536985 0.024606696248487294 0.019762845849802372
0 0.12323517547398144 0.14088085827216262 0.03307785397337636 0.01948051948051948
0 0.17870108914885036 0.13918690005646528 0.07624041952400161 0.017221908526256352
0 0.22932634126663978 0.14073969508752118 0.07018959257765228 0.018633540372670808
0 0.26966518757563535 0.13890457368718237 0.04719645018152481 0.016657255787690572
0 0.30334812424364666 0.14073969508752118 0.03670835014118596 0.008752117447769622
0 0.3279548204921339 0.1398927159796725 0.01290843081887858 0.009316770186335404
0 0.3810004033884631 0.1386222473178995 0.07462686567164178 0.014398644833427442
0 0.42295280354981846 0.14243365330321853 0.0572811617587737 0.015527950310559006
0 0.15348931020572812 0.17221908526256352 0.13957240822912464 0.03190287972896669
0 0.20310609116579265 0.16544325239977414 0.06212182331585317 0.016092603049124788
0 0.23416700282371924 0.16431394692264256 0.0326744655102864 0.016092603049124788
0 0.28600242033077855 0.1702428006775833 0.06696248487293263 0.018633540372670808
0 0.32876159741831384 0.16840767927724448 0.07382008874546188 0.023150762281197064
0 0.3743444937474788 0.16883116883116883 0.055667607906413875 0.023433088650479956
0 0.40782573618394513 0.1650197628458498 0.04154901169826543 0.017504234895539244
0 0.45340863251311014 0.1671372106154715 0.06615570794675273 0.019198193111236588
0 0.10649455425574829 0.19057029926595143 0.05163372327551432 0.01693958215697346
0 0.14421137555465913 0.19254658385093168 0.04961678096006454 0.020892151326933936
0 0.19140782573618395 0.19113495200451722 0.05244050020169423 0.01693958215697346
0 0.25010084711577246 0.19692264257481648 0.0891488503428802 0.028514963297571992
0 0.2825736183945139 0.19480519480519481 0.03469140782573618 0.014116318464144552
0 0.3743444937474788 0.192970073404856 0.14118596208148446 0.021456804065499716
0 0.3771682129891085 0.1901468097120271 0.0024203307785397336 0.0016939582156973462
0 0.40419524001613555 0.19057029926595143 0.029850746268656716 0.014963297571993224
0 0.45764421137555467 0.19381705251270467 0.07946752722872126 0.022303783173348392
0 0.09136748688987495 0.21456804065499718 0.02743041549011698 0.016092603049124788
0 0.12222670431625655 0.21908526256352343 0.04356595401371521 0.017221908526256352
0 0.12888261395724082 0.21485036702428006 0.002016942315449778 0.001129305477131564
0 0.15772488906817264 0.21527385657820441 0.0326744655102864 0.015527950310559006
0 0.18757563533682936 0.21541501976284586 0.03872529245663574 0.00846979107848673
0 0.19302137958854376 0.21470920383963862 0.0028237192416296895 0.0016939582156973462
0 0.22146026623638565 0.2149915302089215 0.03146430012101654 0.014963297571993224
0 0.28418717224687373 0.21640316205533597 0.0899556272690601 0.018351214003387916
0 0.2866075030254135 0.2183794466403162 0.006857603872529245 0.009316770186335404
0 0.327148043565954 0.21456804065499718 0.05244050020169423 0.015810276679841896
0 0.381605486083098 0.2149915302089215 0.08027430415490117 0.017221908526256352
0 0.4509883017345704 0.2149915302089215 0.11173860427591771 0.017221908526256352
0 0.09479628882613957 0.2419536984754376 0.027833803953206938 0.014398644833427442
0 0.11698265429608713 0.24110671936758893 0.013311819281968536 0.006775832862789385
0 0.1899959661153691 0.2425183512140034 0.09640984267849939 0.019762845849802372
0 0.24142799515933844 0.24491812535290797 0.06292860024203308 0.015527950310559006
0 0.2692617991125454 0.24082439299830605 0.02864058087938685 0.006211180124223602
0 0.3499394917305365 0.2440711462450593 0.12303348124243646 0.023715415019762844
0 0.44493747478822104 0.24110671936758893 0.16135538523598225 0.020327498588368152
0 0.44876966518757566 0.23997741389045738 0.002016942315449778 0.001411631846414455
0 0.10044372730939895 0.2672219085262564 0.04033884630899556 0.017221908526256352
0 0.16397741024606696 0.2672219085262564 0.08511496571198064 0.01383399209486166
0 0.2462686567164179 0.27188029361942406 0.12222670431625655 0.027950310559006212
0 0.29225494150867287 0.27004517221908525 0.056070996369503835 0.023433088650479956
0 0.32855990318676886 0.26679841897233203 0.04033884630899556 0.019762845849802372
0 0.32855990318676886 0.2649632975719932 0.0016135538523598225 0.001129305477131564
0 0.3918918918918919 0.2696216826651609 0.08874546187979024 0.02456239412761152
0 0.44130697862041146 0.2691981931112366 0.06978620411456232 0.025409373235460192
0 0.10568777732956837 0.29263128176171654 0.04517950786607503 0.009599096555618294
0 0.15127067365873337 0.2977131564088086 0.05889471561113352 0.022303783173348392
0 0.17970956030657523 0.2931959345002823 0.024606696248487294 0.009316770186335404
0 0.21036708350141187 0.29234895539243366 0.027833803953206938 0.01383399209486166
0 0.2561516740621218 0.29079616036137773 0.04517950786607503 0.01693958215697346
0 0.3519564340459863 0.2912196499153021 0.15248083904800322 0.017221908526256352
0 0.40298507462686567 0.2898080180688876 0.0790641387656313 0.014963297571993224
0 0.40923759580476 0.29023150762281197 0.0024203307785397336 0.0016939582156973462
0 0.45582896329164985 0.29037267080745344 0.06655909640984267 0.015245623941276116
0 0.08874546187979024 0.3167701863354037 0.012505042355788625 0.008752117447769622
0 0.13594191206131503 0.31747600225861095 0.05486083098023396 0.009316770186335404
0 0.1811214199273901 0.31959345002823264 0.04679306171843485 0.01383399209486166
0 0.2617991125453812 0.3221343873517787 0.1145623235175474 0.026821005081874648
0 0.30395320693828154 0.31620553359683795 0.057684550221863654 0.01693958215697346
0 0.37051230334812424 0.31648785996612083 0.10165389269866881 0.01693958215697346
0 0.40096813231141587 0.31535855448898925 0.02743041549011698 0.01355166572557877
0 0.4443323920935861 0.31521739130434784 0.05647438483259379 0.014963297571993224
0 0.11113352158128277 0.3474025974025974 0.04800322710770472 0.020892151326933936
0 0.14340459862847924 0.34345002823263693 0.030254134731746672 0.016657255787690572
0 0.18132311415893507 0.34316770186335405 0.043969342476805166 0.010446075663466968
0 0.29487696651875756 0.3474025974025974 0.17749092375958048 0.02766798418972332
0 0.3697055264219443 0.3474025974025974 0.10931827349737798 0.028514963297571992
0 0.40500201694231547 0.33992094861660077 0.03791851553045583 0.017504234895539244
0 0.4560306575231948 0.34105025409373235 0.07462686567164178 0.0189158667419537
0 0.10588947156111335 0.3697063805759458 0.043969342476805166 0.020609824957651044
0 0.15227914481645824 0.36773009599096557 0.0609116579265833 0.010163749294184076
0 0.18394513916901978 0.37210615471485037 0.027833803953206938 0.01637492941840768
0 0.23436869705526422 0.36914172783738003 0.06978620411456232 0.020609824957651044
0 0.27874142799515933 0.3674477696216827 0.05808793868495361 0.017786561264822136
0 0.3138362242839855 0.3673066064370412 0.03146430012101654 0.015527950310559006
0 0.37051230334812424 0.3685770750988142 0.07260992335619201 0.01129305477131564
0 0.4550221863654699 0.3673066064370412 0.13150463896732553 0.017504234895539244
