0 360.01855586930213 745.0095990965556 0.03711173860427592 0.019198193111236588
0 507.04598628479226 743.0097402597403 0.09197256958450989 0.01948051948051948
0 776.0387252924567 743.0101637492942 0.07745058491327148 0.020327498588368152
0 1028.0361032674466 755.0081874647092 0.07220653489310205 0.01637492941840768
0 1251.0167406212183 758.0084697910785 0.033481242436466316 0.01693958215697346
0 1388.0367083501412 763.0073404856014 0.07341670028237192 0.014680971202710334
0 1626.0187575635337 754.0121400338792 0.03751512706736587 0.024280067758328628
0 1744.0131101250504 753.0080463015246 0.026220250100847116 0.016092603049124788
0 1805.0042355788623 805.0046583850932 0.008471157724889069 0.009316770186335404
0 1879.0246066962484 756.0073404856014 0.04921339249697459 0.014680971202710334
0 2053.0108914885036 744.0084697910785 0.021782977006857603 0.01693958215697346
0 358.0250100847116 946.0060700169396 0.0500201694231545 0.012140033879164314
0 542.0254134731747 934.0090344438171 0.050826946349334406 0.018068887634105024
0 738.0774505849133 931.0127046866178 0.15490116982654295 0.025409373235460192
0 1184.0205728116175 949.0067758328628 0.041145623235175476 0.01355166572557877
0 1317.0367083501412 943.0122811970638 0.07341670028237192 0.02456239412761152
0 1525.0016135538524 996.0014116318464 0.003227107704719645 0.00282326369282891
0 1597.0534489713593 931.0131281761717 0.10689794271883823 0.026256352343308864
0 1913.0167406212183 933.0088932806324 0.033481242436466316 0.017786561264822136
0 2040.0262202501008 931.0088932806324 0.05244050020169423 0.017786561264822136
0 361.02884227511095 1105.0091756070017 0.057684550221863654 0.018351214003387916
0 578.069584509883 1116.0136928289103 0.13916901976603469 0.027385657820440428
0 986.0356998789835 1134.0067758328628 0.07139975796692215 0.01355166572557877
0 1206.0350947962888 1124.0094579333709 0.07018959257765228 0.0189158667419537
0 1405.019967728923 1129.011010728402 0.03993545784590561 0.0220214568040655
0 1528.0421540943928 1125.0152456239414 0.08430818878580072 0.030491247882552232
0 1773.0344897135942 1126.0094579333709 0.06897942718838242 0.0189158667419537
0 1970.0191609519968 1135.0081874647092 0.038321903993545785 0.01637492941840768
0 350.01089148850343 1285.0100225861095 0.021782977006857603 0.020045172219085264
0 464.0488100040339 1289.010304912479 0.09762000806776926 0.020609824957651044
0 723.0012101653892 1351.0011293054772 0.0024203307785397336 0.002258610954263128
0 793.0302541347318 1292.0156691134953 0.060508269463493344 0.031338226990400904
0 983.0558693021379 1303.0170807453417 0.11173860427591771 0.034161490683229816
0 1307.0191609519968 1316.0084697910786 0.038321903993545785 0.01693958215697346
0 1462.0250100847115 1342.0101637492942 0.0500201694231545 0.020327498588368152
0 1639.045582896329 1329.0081874647092 0.09116579265832997 0.01637492941840768
0 1862.0014118596207 1378.0008469791078 0.0028237192416296895 0.0016939582156973462
0 1936.0314643001211 1328.008610954263 0.06292860024203308 0.017221908526256352
0 2070.0050423557886 1387.00395256917 0.01008471157724889 0.007905138339920948
0 335.04517950786607 1456.0121400338792 0.09035901573215006 0.024280067758328628
0 575.0284388866478 1501.0114342179559 0.05687777329568374 0.022868435911914172
0 703.0058491327148 1542.0036702428006 0.011698265429608713 0.007340485601355167
0 790.013715207745 1510.004376058724 0.02743041549011698 0.008752117447769622
0 894.0187575635337 1481.0117165443253 0.03751512706736587 0.023433088650479956
0 997.0256151674062 1490.0088932806325 0.051230334812424366 0.017786561264822136
0 1134.0356998789835 1517.010587238848 0.07139975796692215 0.021174477696216828
0 1350.040338846309 1487.0128458498023 0.08067769261799113 0.025691699604743084
0 1580.0316659943526 1478.0101637492942 0.06333198870512304 0.020327498588368152
0 1773.031060911658 1499.00790513834 0.06212182331585317 0.015810276679841896
0 1960.0135135135135 1498.0084697910786 0.02702702702702703 0.01693958215697346
0 346.02097620008067 1650.0100225861095 0.04195240016135539 0.020045172219085264
0 501.0320693828157 1658.0087521174478 0.06413876563130294 0.017504234895539244
0 638.0056474384833 1714.0042348955392 0.011294876966518758 0.00846979107848673
0 730.0125050423558 1689.004658385093 0.02501008471157725 0.009316770186335404
0 820.0252117789431 1660.0093167701864 0.050423557886244454 0.018633540372670808
0 1001.042557482856 1684.0112930547714 0.08511496571198064 0.02258610954263128
0 1258.057684550222 1662.011010728402 0.11536910044372731 0.0220214568040655
0 1581.0750302541348 1675.0111518915867 0.1500605082694635 0.022303783173348392
0 1955.0014118596207 1736.0009881422925 0.0028237192416296895 0.001976284584980237
0 355.035901573215 2017.0131281761717 0.07180314643001211 0.026256352343308864
0 582.0534489713594 2010.0139751552795 0.10689794271883823 0.027950310559006212
0 855.0028237192416 2053.0018351214003 0.005647438483259379 0.0036702428006775835
