0 0.08208955223880597 0.11645962732919254 0.029043969342476807 0.03020892151326934
0 0.1498588140379185 0.1150479954827781 0.10851149657119806 0.020892151326933936
0 0.18697055264219442 0.11490683229813664 0.04235578862444534 0.00846979107848673
0 0.21702299314239612 0.11561264822134387 0.035498184751916094 0.015245623941276116
0 0.24929407018959257 0.12168266516092603 0.04437273093989512 0.025974025974025976
0 0.29386849536103266 0.11589497459062677 0.06938281565147236 0.01948051948051948
0 0.32775312626058895 0.11575381140598531 0.043969342476805166 0.01693958215697346
0 0.34630899556272693 0.11674195369847544 0.01653892698668818 0.020892151326933936
0 0.35296490520371115 0.11603613777526821 0.020572811617587738 0.018068887634105024
0 0.40298507462686567 0.11575381140598531 0.07059298104074223 0.015810276679841896
0 0.42940701895925776 0.11801242236024845 0.033481242436466316 0.023997741389045736
0 0.0899556272690601 0.14059853190287974 0.04679306171843485 0.02710333145115754
0 0.12767244856797097 0.14073969508752118 0.03993545784590561 0.018351214003387916
0 0.15147236789027835 0.14088085827216262 0.020572811617587738 0.014680971202710334
0 0.18152480839048002 0.13975155279503104 0.03993545784590561 0.006775832862789385
0 0.23497377974989916 0.14088085827216262 0.07704719645018153 0.015810276679841896
0 0.28398547801532875 0.14751552795031056 0.08309802339653086 0.031055900621118012
0 0.3263412666397741 0.1401750423489554 0.06494554255748286 0.016657255787690572
0 0.33057684550221866 0.14045736871823827 0.0028237192416296895 0.001976284584980237
0 0.3628479225494151 0.14045736871823827 0.035498184751916094 0.030491247882552232
0 0.4334409035901573 0.14582156973461322 0.11415893505445744 0.036420101637492944
0 0.09257765227914481 0.16516092603049123 0.050423557886244454 0.0189158667419537
0 0.1236385639370714 0.16586674195369847 0.03065752319483663 0.022303783173348392
0 0.18939088342073418 0.1740542066629023 0.09398951189995966 0.03500846979107849
0 0.24667204517950786 0.17433653303218521 0.09398951189995966 0.033314511575381144
0 0.2932634126663977 0.1665725578769057 0.06696248487293263 0.01948051948051948
0 0.33219039935457845 0.1725014116318464 0.048406615570794675 0.03190287972896669
0 0.3537716821298911 0.16572557876905702 0.023396530859217425 0.006211180124223602
0 0.38785800726099234 0.16784302653867872 0.03711173860427592 0.026256352343308864
0 0.4332392093586123 0.1668548842461886 0.05405405405405406 0.023150762281197064
0 0.0899556272690601 0.19113495200451722 0.0391286809197257 0.016657255787690572
0 0.15711980637353773 0.19875776397515527 0.09762000806776926 0.034443817052512704
0 0.18515530455828963 0.19127611518915866 0.019766034691407825 0.023715415019762844
0 0.23517547398144414 0.19127611518915866 0.06615570794675273 0.015810276679841896
0 0.2799515933844292 0.19141727837380013 0.050826946349334406 0.01948051948051948
0 0.34328358208955223 0.2000282326369283 0.10084711577248891 0.034443817052512704
0 0.39027833803953205 0.19057029926595143 0.05929810407422348 0.009881422924901186
0 0.43949173053650664 0.19184076792772445 0.06615570794675273 0.022868435911914172
0 0.07866075030254134 0.21696781479390176 0.020976200080677694 0.028232636928289104
0 0.12968939088342074 0.21964991530208922 0.06252521177894312 0.032467532467532464
0 0.17144009681323114 0.21668548842461885 0.04881000403388463 0.020609824957651044
0 0.22932634126663978 0.21739130434782608 0.0826946349334409 0.020327498588368152
0 0.26200080677692617 0.21626199887069453 0.04356595401371521 0.021456804065499716
0 0.3299717628075837 0.22430830039525693 0.100040338846309 0.039243365330321855
0 0.33864461476401775 0.2171089779785432 0.0024203307785397336 0.0016939582156973462
0 0.3592174263816055 0.20863918690005648 0.009681323114158934 0.009316770186335404
0 0.390681726502622 0.2186617730095991 0.06131504638967326 0.02710333145115754
0 0.43586123436869706 0.21725014116318464 0.05445744251714401 0.017786561264822136
0 0.1306978620411456 0.27004517221908525 0.12101653892698669 0.035290796160361376
0 0.1897942718838241 0.2660926030491248 0.06333198870512304 0.0220214568040655
0 0.23295683743444937 0.27399774138904576 0.055667607906413875 0.04206662902315076
0 0.2765227914481646 0.27540937323546016 0.05163372327551432 0.03613777526821005
0 0.3106091165792658 0.27738565782044045 0.03711173860427592 0.027950310559006212
0 0.3890681726502622 0.27936194240542067 0.12343686970552642 0.050536420101637496
0 0.3914885034288019 0.2728684359119142 0.011698265429608713 0.014398644833427442
0 0.4473578055667608 0.26750423489553926 0.09439290036304962 0.007905138339920948
0 0.09782170229931424 0.3016657255787691 0.060508269463493344 0.03670242800677583
0 0.12767244856797097 0.2920666290231508 0.011698265429608713 0.009034443817052512
0 0.20512303348124244 0.29347826086956524 0.09318273497377975 0.03274985883681536
0 0.21198063735377168 0.2922077922077922 0.0060508269463493344 0.004234895539243365
