0 0.17849939491730538 0.22529644268774704 0.0609116579265833 0.030491247882552232
0 0.2710770471964502 0.22063805759457933 0.09600645421540945 0.020045172219085264
0 0.3206938281565147 0.22910784867306608 0.003227107704719645 0.003105590062111801
0 0.34630899556272693 0.21414455110107283 0.011698265429608713 0.006493506493506494
0 0.36789027833803956 0.2224731789949181 0.01371520774505849 0.015245623941276116
0 0.4233561920129084 0.2230378317334839 0.0681726502622025 0.014116318464144552
0 0.49294070189592576 0.22162619988706944 0.060508269463493344 0.018633540372670808
0 0.5562726906010488 0.23207227555053642 0.053247277127874144 0.018633540372670808
0 0.600847115772489 0.22106154714850368 0.026220250100847116 0.019762845849802372
0 0.6613553852359823 0.22402597402597402 0.07139975796692215 0.027950310559006212
0 0.7214602662363856 0.2220496894409938 0.03751512706736587 0.0189158667419537
0 0.7430415490116983 0.23376623376623376 0.004033884630899556 0.005081874647092038
0 0.7613957240822913 0.22346132128740825 0.01653892698668818 0.015527950310559006
0 0.8009277934651069 0.22374364765669114 0.06575231948366277 0.020045172219085264
0 0.14804356595401372 0.3715415019762846 0.03469140782573618 0.020892151326933936
0 0.1962484872932634 0.37323546019198195 0.038321903993545785 0.018633540372670808
0 0.26321097216619604 0.37775268210050816 0.06494554255748286 0.01129305477131564
0 0.30496167809600644 0.382128740824393 0.005647438483259379 0.006493506493506494
0 0.33965308592174265 0.37450592885375494 0.03469140782573618 0.026821005081874648
0 0.3828156514723679 0.38226990400903443 0.05244050020169423 0.018068887634105024
0 0.4580475998386446 0.3740824392998306 0.06978620411456232 0.018633540372670808
0 0.5359015732150061 0.3715415019762846 0.07301331181928197 0.020892151326933936
0 0.5889471561113352 0.37365894974590624 0.021782977006857603 0.0189158667419537
0 0.6298910851149657 0.37859966120835686 0.06252521177894312 0.007905138339920948
0 0.6714400968132311 0.3824110671936759 0.003630496167809601 0.001976284584980237
0 0.6893908834207342 0.367871259175607 0.010488100040338847 0.007905138339920948
0 0.7061315046389673 0.3685770750988142 0.011698265429608713 0.008752117447769622
0 0.7250907624041952 0.3743647656691135 0.04235578862444534 0.018633540372670808
0 0.7968939088342073 0.3769057029926595 0.08188785800726099 0.017504234895539244
0 0.1389673255344897 0.47247317899491814 0.013311819281968536 0.015527950310559006
0 0.15772488906817264 0.47219085262563526 0.020976200080677694 0.022303783173348392
0 0.21924162968939087 0.4798136645962733 0.07462686567164178 0.029644268774703556
0 0.28620411456232353 0.48461321287408243 0.05203711173860428 0.020045172219085264
0 0.3336022589753933 0.4762845849802372 0.029850746268656716 0.01637492941840768
0 0.4235578862444534 0.47995482778091475 0.13231141589350545 0.03500846979107849
0 0.5153287615974184 0.47459062676453984 0.040742234772085516 0.019198193111236588
0 0.5613150463896732 0.4798136645962733 0.038321903993545785 0.009881422924901186
0 0.6218233158531666 0.47557876905702995 0.07139975796692215 0.0189158667419537
0 0.6847519160951997 0.4872953133822699 0.05445744251714401 0.020892151326933936
0 0.7303348124243647 0.47699040090344436 0.02702702702702703 0.016092603049124788
0 0.7993142396127471 0.4817899491812535 0.09963695038321904 0.03359683794466403
0 0.16559096409842677 0.5347261434217956 0.06655909640984267 0.020327498588368152
0 0.23376361436062928 0.5232919254658385 0.056070996369503835 0.022868435911914172
0 0.29689390883420735 0.5306324110671937 0.03227107704719645 0.00818746470920384
0 0.35941912061315046 0.5239977413890458 0.07180314643001211 0.018633540372670808
0 0.43606292860024204 0.5290796160361377 0.060508269463493344 0.029361942405420668
0 0.46893908834207343 0.5345849802371542 0.003630496167809601 0.002540937323546019
