0 0.20855183541750705 0.3181818181818182 0.13231141589350545 0.018068887634105024
0 0.2890278338039532 0.3294748729531338 0.0052440500201694235 0.00564652738565782
0 0.3301734570391287 0.32156973461321287 0.043969342476805166 0.045736871823828344
0 0.37031060911657926 0.33272162619988704 0.004033884630899556 0.008752117447769622
0 0.4199273900766438 0.3147939017504235 0.060508269463493344 0.025974025974025976
0 0.5082694634933441 0.3145115753811406 0.07664380798709157 0.02710333145115754
0 0.581484469544171 0.31408808582721626 0.05526421944332392 0.023433088650479956
0 0.6405808793868495 0.31309994353472614 0.042759177087535294 0.024844720496894408
0 0.6897942718838241 0.31309994353472614 0.04759983864461476 0.024844720496894408
0 0.7579669221460267 0.31437041219649914 0.07099636950383219 0.025691699604743084
0 0.17486889874949577 0.3673066064370412 0.06897942718838242 0.02710333145115754
0 0.2505042355788624 0.36589497459062675 0.03953206938281565 0.029361942405420668
0 0.30899556272690604 0.36561264822134387 0.04195240016135539 0.024280067758328628
0 0.3890681726502622 0.3660361377752682 0.07704719645018153 0.03472614342179559
0 0.48124243646631704 0.36702428006775834 0.07422347720855184 0.028232636928289104
0 0.5482049213392497 0.3709768492377188 0.014521984671238403 0.010163749294184076
0 0.600443727309399 0.36307171089779783 0.040742234772085516 0.025409373235460192
0 0.6789027833803953 0.37648221343873517 0.07099636950383219 0.03303218520609825
0 0.7678499394917305 0.37972896668548844 0.05526421944332392 0.02766798418972332
0 0.8067769261799113 0.3739412761151892 0.003227107704719645 0.001976284584980237
0 0.1926179911254538 0.42518351214003386 0.0826946349334409 0.033314511575381144
0 0.31141589350544574 0.4189723320158103 0.10246066962484873 0.018633540372670808
0 0.4080274304154901 0.4162902315076228 0.050423557886244454 0.027385657820440428
0 0.4901169826542961 0.4243365330321852 0.07503025413473174 0.03500846979107849
0 0.5659540137152077 0.4155844155844156 0.03469140782573618 0.02766798418972332
0 0.6256555062525212 0.41332580463015245 0.048406615570794675 0.029361942405420668
0 0.6968535699878984 0.41981931112365894 0.06736587333602259 0.014680971202710334
0 0.8083904800322711 0.41544325239977414 0.12585720048406615 0.022868435911914172
0 0.18334005647438484 0.4696499153020892 0.058491327148043566 0.01383399209486166
0 0.2876159741831384 0.47910784867306605 0.07180314643001211 0.038396386222473176
0 0.39007664380798707 0.4640033879164314 0.08067769261799113 0.026821005081874648
0 0.5026220250100847 0.46569734613212876 0.12101653892698669 0.03020892151326934
0 0.6206131504638968 0.4719085262563523 0.06413876563130294 0.012704686617730096
0 0.6678096006454215 0.4764257481648786 0.002016942315449778 0.001411631846414455
0 0.6986688180718031 0.4606154714850367 0.008067769261799113 0.005928853754940711
0 0.7228721258572005 0.46725014116318464 0.010488100040338847 0.014680971202710334
0 0.754336425978217 0.468944099378882 0.028237192416296894 0.017504234895539244
0 0.8134328358208955 0.4654150197628458 0.06494554255748286 0.029644268774703556
0 0.1700282371924163 0.5160926030491247 0.027833803953206938 0.024844720496894408
0 0.22428398547801534 0.5210333145115754 0.03307785397337636 0.016092603049124788
0 0.30697862041145624 0.5176453980801807 0.07099636950383219 0.022868435911914172
0 0.3527632109721662 0.525691699604743 0.0028237192416296895 0.00282326369282891
0 0.3828156514723679 0.5098814229249012 0.008874546187979023 0.004517221908526256
0 0.4475594997983058 0.521880293619424 0.07866075030254134 0.032467532467532464
0 0.5883420734167003 0.5199040090344438 0.1464300121016539 0.022868435911914172
0 0.700282371924163 0.5151044607566346 0.05486083098023396 0.029079616036137776
0 0.7791448164582493 0.5241389045736872 0.08108108108108109 0.03472614342179559
0 0.18797902379991932 0.572557876905703 0.05486083098023396 0.012422360248447204
0 0.30496167809600644 0.5688876341050254 0.12666397741024607 0.030491247882552232
0 0.4199273900766438 0.5678994918125353 0.04356595401371521 0.022868435911914172
0 0.45018152480839047 0.5780632411067194 0.004033884630899556 0.001411631846414455
