0 0.09136748688987495 0.11166007905138339 0.048406615570794675 0.014963297571993224
0 0.12202501008471157 0.11137775268210051 0.033884630899556276 0.014680971202710334
0 0.15752319483662766 0.11123658949745906 0.048406615570794675 0.014680971202710334
0 0.18334005647438484 0.11575381140598531 0.028237192416296894 0.017786561264822136
0 0.21581282775312627 0.11109542631281762 0.04800322710770472 0.014680971202710334
0 0.24425171440096813 0.116600790513834 0.04154901169826543 0.01948051948051948
0 0.2890278338039532 0.11109542631281762 0.07341670028237192 0.014680971202710334
0 0.3239209358612344 0.11151891586674195 0.0572811617587737 0.012140033879164314
0 0.34429205324727713 0.11123658949745906 0.031060911657926585 0.014398644833427442
0 0.3854376764824526 0.11166007905138339 0.06736587333602259 0.015810276679841896
0 0.0927793465106898 0.14243365330321853 0.05163372327551432 0.0251270468661773
0 0.12121823315853167 0.13876341050254093 0.03509479628882614 0.023433088650479956
0 0.15127067365873337 0.13692828910220214 0.043969342476805166 0.015810276679841896
0 0.19503832190399353 0.1432806324110672 0.06978620411456232 0.029079616036137776
0 0.23759580475998388 0.1373517786561265 0.06292860024203308 0.009034443817052512
0 0.26643807987091567 0.1398927159796725 0.041145623235175476 0.026538678712591756
0 0.2972972972972973 0.1417278373800113 0.04517950786607503 0.018068887634105024
0 0.31807180314643 0.1367871259175607 0.02501008471157725 0.01637492941840768
0 0.3628479225494151 0.13721061547148503 0.07099636950383219 0.009316770186335404
0 0.10084711577248891 0.16699604743083005 0.06978620411456232 0.02456239412761152
0 0.10689794271883823 0.16205533596837945 0.0024203307785397336 0.001411631846414455
0 0.127269060104881 0.16572557876905702 0.02016942315449778 0.023715415019762844
0 0.14219443323920936 0.16191417278373801 0.004437273093989512 0.014116318464144552
0 0.17930617184348527 0.16205533596837945 0.05445744251714401 0.009881422924901186
0 0.2265026220250101 0.1668548842461886 0.07583703106091166 0.025974025974025976
0 0.27289229528035497 0.16854884246188595 0.07624041952400161 0.023715415019762844
0 0.3390480032271077 0.16826651609260304 0.1145623235175474 0.021739130434782608
0 0.37152077450584914 0.16290231507622813 0.05203711173860428 0.017786561264822136
0 0.43606292860024204 0.16332580463015245 0.10649455425574829 0.01693958215697346
0 0.1244453408632513 0.1880293619424054 0.11657926583299717 0.018633540372670808
0 0.1500605082694635 0.18788819875776397 0.027833803953206938 0.014680971202710334
0 0.18313836224283986 0.1876058723884811 0.056070996369503835 0.014963297571993224
0 0.254739814441307 0.18718238283455674 0.11698265429608713 0.01948051948051948
0 0.29407018959257764 0.18929983060417843 0.053247277127874144 0.02456239412761152
0 0.3170633319887051 0.18746470920383965 0.026623638563937072 0.01383399209486166
0 0.3499394917305365 0.18774703557312253 0.04437273093989512 0.017504234895539244
0 0.3947156111335216 0.18901750423489555 0.06897942718838242 0.018351214003387916
0 0.0681726502622025 0.21287408243929984 0.0052440500201694235 0.015810276679841896
0 0.08188785800726099 0.21287408243929984 0.025413473174667203 0.019198193111236588
0 0.13331988705123032 0.22007340485601354 0.08067769261799113 0.023997741389045736
0 0.17103670835014118 0.21725014116318464 0.0500201694231545 0.017786561264822136
0 0.22690601048810005 0.21950875211744778 0.09076240419524001 0.032467532467532464
0 0.23073820088745461 0.21174477696216826 0.003227107704719645 0.001411631846414455
0 0.2382008874546188 0.20722755505364202 0.00645421540943929 0.006775832862789385
0 0.2767244856797096 0.2186617730095991 0.05526421944332392 0.029079616036137776
0 0.345502218636547 0.21725014116318464 0.118192819685357 0.026821005081874648
0 0.35054457442517145 0.21442687747035574 0.003227107704719645 0.004517221908526256
0 0.3874546187979024 0.21428571428571427 0.063735377168213 0.015527950310559006
0 0.4267849939491731 0.21357989836250707 0.05687777329568374 0.01129305477131564
0 0.07664380798709157 0.23771880293619424 0.02743041549011698 0.01101072840203275
0 0.11920129084308188 0.2385657820440429 0.06131504638967326 0.018351214003387916
0 0.163574021782977 0.23842461885940147 0.06010488100040339 0.01693958215697346
0 0.20613150463896732 0.2385657820440429 0.0609116579265833 0.01355166572557877
0 0.2488906817265026 0.23771880293619424 0.055667607906413875 0.017504234895539244
0 0.28943122226704315 0.2381422924901186 0.05889471561113352 0.018068887634105024
0 0.3436869705526422 0.24237718802936195 0.08309802339653086 0.02710333145115754
0 0.39108511496571197 0.23828345567476003 0.07220653489310205 0.017786561264822136
0 0.4322307382008875 0.23771880293619424 0.06010488100040339 0.009599096555618294
0 0.09076240419524001 0.27032749858836813 0.05808793868495361 0.03077357425183512
0 0.13412666397741024 0.26383399209486164 0.05244050020169423 0.019198193111236588
0 0.1871722468737394 0.2628458498023715 0.08188785800726099 0.017221908526256352
0 0.2156111335215813 0.2627046866177301 0.033481242436466316 0.014680971202710334
0 0.25514320290439696 0.26312817617165446 0.05970149253731343 0.016092603049124788
0 0.2767244856797096 0.26341050254093734 0.02501008471157725 0.018351214003387916
0 0.3128277531262606 0.26383399209486164 0.0500201694231545 0.011857707509881422
0 0.34610730133118195 0.26312817617165446 0.05163372327551432 0.017504234895539244
0 0.41750705929810406 0.26439864483342745 0.1290843081887858 0.020327498588368152
0 0.08007260992335619 0.2891022021456804 0.03307785397337636 0.011857707509881422
0 0.10205728116175877 0.2888198757763975 0.026220250100847116 0.014963297571993224
0 0.17527228721258573 0.2941840767927724 0.11738604275917709 0.026538678712591756
0 0.2507059298104074 0.2929136081309994 0.12989108511496572 0.025974025974025976
0 0.2771278741427995 0.28839638622247316 0.02743041549011698 0.016092603049124788
0 0.3565954013715208 0.29573687182382835 0.1371520774505849 0.023150762281197064
0 0.4007664380798709 0.28952569169960474 0.06736587333602259 0.015810276679841896
0 0.4056070996369504 0.2891022021456804 0.0028237192416296895 0.001976284584980237
