0 358.03872529245666 734.0110107284021 0.07745058491327148 0.0220214568040655
0 643.0377168212989 741.0110107284021 0.0754336425978217 0.0220214568040655
0 911.0486083098024 734.0162337662338 0.09721661960467931 0.032467532467532464
0 1227.013311819282 734.0104460756635 0.026623638563937072 0.020892151326933936
0 1376.038120209762 747.0097402597403 0.07624041952400161 0.01948051948051948
0 1632.0298507462687 752.009457933371 0.05970149253731343 0.0189158667419537
0 1892.0306575231948 776.0053642010164 0.06131504638967326 0.010728402032749858
0 388.0393303751513 915.0141163184642 0.07866075030254134 0.028232636928289104
0 713.0308592174264 928.0152456239413 0.06171843485276321 0.030491247882552232
0 931.0409439290037 930.012987012987 0.08188785800726099 0.025974025974025976
0 1196.0467930617185 920.0146809712027 0.0935861234368697 0.029361942405420668
0 1498.031060911658 934.0090344438171 0.06212182331585317 0.018068887634105024
0 1718.0177490923759 933.0088932806324 0.035498184751916094 0.017786561264822136
0 1867.0165389269866 918.0110107284021 0.03307785397337636 0.0220214568040655
0 2010.0260185558693 932.0097402597403 0.05203711173860428 0.01948051948051948
0 354.04376764824525 1086.014963297572 0.08753529649052037 0.029926595143986448
0 622.0994352561517 1103.0136928289103 0.19887051230334812 0.027385657820440428
0 1166.0284388866478 1121.0080463015245 0.05687777329568374 0.016092603049124788
0 1368.0605082694635 1109.0097402597403 0.12101653892698669 0.01948051948051948
0 1697.004437273094 1166.0032467532467 0.008874546187979023 0.006493506493506494
0 1746.0320693828157 1138.007058159232 0.06413876563130294 0.014116318464144552
0 1965.0334812424364 1104.011010728402 0.06696248487293263 0.0220214568040655
0 348.0439693424768 1289.0122811970639 0.08793868495361033 0.02456239412761152
0 629.0342880193626 1312.004658385093 0.06857603872529246 0.009316770186335404
0 866.0459862847922 1271.0158102766798 0.09197256958450989 0.03162055335968379
0 1162.0431625655506 1291.0091756070017 0.08632513110125051 0.018351214003387916
0 1458.0197660346914 1290.0093167701864 0.03953206938281565 0.018633540372670808
0 1620.0367083501412 1316.0122811970639 0.07341670028237192 0.02456239412761152
0 1906.0421540943928 1288.0151044607567 0.08430818878580072 0.03020892151326934
0 325.0385235982251 1480.0067758328628 0.07704719645018153 0.01355166572557877
0 583.0689794271884 1454.0175042348956 0.13795885437676483 0.03500846979107849
0 978.0389269866881 1469.0101637492942 0.07785397337636143 0.020327498588368152
0 1262.0326744655104 1465.0158102766798 0.0653489310205728 0.03162055335968379
0 1476.037716821299 1467.0112930547714 0.0754336425978217 0.02258610954263128
0 1726.0272287212586 1492.006352343309 0.05445744251714401 0.012704686617730096
0 1934.0314643001211 1467.0117165443253 0.06292860024203308 0.023433088650479956
0 334.05042355788623 1639.018915866742 0.10084711577248891 0.0378317334839074
0 699.051432029044 1637.0134105025409 0.10286405808793868 0.026821005081874648
0 981.0028237192416 1695.0016939582158 0.005647438483259379 0.0033879164313946925
0 1080.0229931423962 1642.010304912479 0.045986284792254944 0.020609824957651044
0 1287.0570794675273 1657.0114342179559 0.11415893505445744 0.022868435911914172
0 1647.0258168616378 1645.0108695652175 0.05163372327551432 0.021739130434782608
0 1860.0356998789835 1640.0201863354037 0.07139975796692215 0.040372670807453416
0 329.0135135135135 1811.0100225861095 0.02702702702702703 0.020045172219085264
0 462.02783380395323 1826.0114342179559 0.055667607906413875 0.022868435911914172
0 656.0266236385639 1829.007481648786 0.053247277127874144 0.014963297571993224
0 845.0258168616377 1803.0119988706945 0.05163372327551432 0.023997741389045736
0 1069.056272690601 1818.0134105025409 0.11254538120209762 0.026821005081874648
0 1407.0361032674466 1836.0080463015245 0.07220653489310205 0.016092603049124788
0 1680.0280354981849 1860.0053642010164 0.056070996369503835 0.010728402032749858
0 1905.0494150867285 1831.0138339920948 0.09883017345703912 0.02766798418972332
0 319.0417507059298 1986.010304912479 0.08350141185962082 0.020609824957651044
0 560.0012101653892 2042.0014116318464 0.0024203307785397336 0.00282326369282891
0 646.0262202501009 1989.009881422925 0.05244050020169423 0.019762845849802372
0 868.0387252924567 2000.0104460756634 0.07745058491327148 0.020892151326933936
0 1119.0213795885438 2005.009881422925 0.042759177087535294 0.019762845849802372
0 1287.0334812424364 2015.009881422925 0.06696248487293263 0.019762845849802372
0 1534.0348931020574 2006.0094579333709 0.06978620411456232 0.0189158667419537
0 1790.0609116579267 1989.0139751552795 0.1218233158531666 0.027950310559006212
0 2088.020976200081 2002.0101637492942 0.04195240016135539 0.020327498588368152
0 2178.0068576038725 2055.0057876905703 0.01371520774505849 0.011575381140598532
0 330.0465913674869 2160.0179277244492 0.09318273497377975 0.03585544889892716
0 645.013715207745 2160.011434217956 0.02743041549011698 0.022868435911914172
0 807.019967728923 2165.0115753811406 0.03993545784590561 0.023150762281197064
0 982.0290439693425 2180.0115753811406 0.05808793868495361 0.023150762281197064
0 1237.013311819282 2181.0097402597403 0.026623638563937072 0.01948051948051948
0 1386.060306575232 2213.014963297572 0.12061315046389673 0.029926595143986448
0 1741.059903186769 2164.0189158667417 0.11980637353771682 0.0378317334839074
0 2067.00262202501 2242.0009881422925 0.0052440500201694235 0.001976284584980237
