0 350.035901573215 739.0128458498024 0.07180314643001211 0.025691699604743084
0 567.0716014521985 745.0073404856014 0.14320290439693426 0.014680971202710334
0 942.0361032674466 739.0076228119707 0.07220653489310205 0.015245623941276116
0 1156.034086325131 750.005928853755 0.0681726502622025 0.011857707509881422
0 1348.0619201290842 739.0077639751553 0.12384025816861638 0.015527950310559006
0 1685.0284388866478 747.0063523433089 0.05687777329568374 0.012704686617730096
0 1857.0219846712384 765.0042348955393 0.043969342476805166 0.00846979107848673
0 1989.0145219846713 758.0056465273857 0.029043969342476807 0.01129305477131564
0 343.02137958854377 917.0064935064935 0.042759177087535294 0.012987012987012988
0 489.05244050020167 912.0070581592321 0.10488100040338846 0.014116318464144552
0 793.0786607503026 907.0115753811406 0.15732150060508268 0.023150762281197064
0 1224.033279548205 914.0076228119707 0.06655909640984267 0.015245623941276116
0 1422.0675675675675 915.0105872388481 0.13513513513513514 0.021174477696216828
0 1790.054054054054 916.0122811970638 0.10810810810810811 0.02456239412761152
0 328.03509479628883 1087.00790513834 0.07018959257765228 0.015810276679841896
0 524.0619201290843 1082.010304912479 0.12384025816861638 0.020609824957651044
0 856.0098830173457 1103.0049407114625 0.019766034691407825 0.009881422924901186
0 934.0498184751916 1083.007481648786 0.09963695038321904 0.014963297571993224
0 1210.0365066559095 1103.0062111801242 0.07301331181928197 0.012422360248447204
0 1434.0482049213392 1092.0081874647092 0.09640984267849939 0.01637492941840768
0 1706.0141185962082 1098.0084697910786 0.028237192416296894 0.01693958215697346
0 1801.0590964098426 1094.008328627894 0.118192819685357 0.016657255787690572
0 2109.001411859621 1154.0009881422925 0.0028237192416296895 0.001976284584980237
0 329.0300524405002 1270.0077639751553 0.06010488100040339 0.015527950310559006
0 512.0613150463897 1272.0081874647092 0.12263009277934651 0.01637492941840768
0 846.0562726906011 1275.0071993224167 0.11254538120209762 0.014398644833427442
0 1154.087333602259 1270.0136928289103 0.17466720451795079 0.027385657820440428
0 1623.0217829770068 1280.00790513834 0.04356595401371521 0.015810276679841896
0 1754.050020169423 1283.007481648786 0.100040338846309 0.014963297571993224
0 2024.0012101653892 1342.0047995482778 0.0024203307785397336 0.009599096555618294
0 351.0332795482049 1448.0069169960475 0.06655909640984267 0.01383399209486166
0 557.0623235175474 1449.0097402597403 0.12464703509479629 0.01948051948051948
0 878.0274304154901 1443.0069169960475 0.05486083098023396 0.01383399209486166
0 1053.053650665591 1443.007481648786 0.1073013311819282 0.014963297571993224
0 1323.0014118596207 1499.0031055900622 0.0028237192416296895 0.006211180124223602
0 1365.0104881000404 1473.0045172219086 0.020976200080677694 0.009034443817052512
0 1448.0338846308996 1460.0069169960475 0.06776926179911255 0.01383399209486166
0 1638.0498184751916 1460.007058159232 0.09963695038321904 0.014116318464144552
0 315.0794675272287 1624.010304912479 0.15893505445744252 0.020609824957651044
0 745.015530455829 1624.0069169960475 0.031060911657926585 0.01383399209486166
0 862.0528438886648 1624.007058159232 0.10568777732956837 0.014116318464144552
0 1149.0250100847115 1625.0067758328628 0.0500201694231545 0.01355166572557877
0 1306.046187979024 1635.0071993224167 0.09237595804759983 0.014398644833427442
0 1566.0014118596207 1679.0007058159233 0.0028237192416296895 0.001411631846414455
0 1589.0510286405809 1632.0112930547714 0.10205728116175877 0.02258610954263128
0 1883.0348931020574 1656.0053642010164 0.06978620411456232 0.010728402032749858
0 314.05970149253733 1808.0073404856014 0.11940298507462686 0.014680971202710334
0 649.0185558693022 1808.006634669678 0.03711173860427592 0.013269339356295878
0 775.0094796288826 1824.0042348955392 0.018959257765227916 0.00846979107848673
0 865.0586930213796 1809.00790513834 0.11738604275917709 0.015810276679841896
0 1182.0441710367083 1808.0073404856014 0.08834207341670028 0.014680971202710334
0 1422.0197660346914 1808.0087521174478 0.03953206938281565 0.017504234895539244
0 1559.0100847115773 1835.0047995482778 0.02016942315449778 0.009599096555618294
0 1637.0841064945544 1815.012563523433 0.16821298910851148 0.0251270468661773
0 334.0475998386446 1993.005928853755 0.09519967728922953 0.011857707509881422
0 617.0752319483663 1975.0128458498023 0.15046389673255345 0.025691699604743084
0 1048.1127470754336 1980.0134105025409 0.2254941508672852 0.026821005081874648
0 1654.015127067366 2000.0069169960475 0.030254134731746672 0.01383399209486166
0 1754.0703912868091 1992.008610954263 0.14078257361839452 0.017221908526256352
0 2121.0012101653892 2046.0009881422925 0.0024203307785397336 0.001976284584980237
0 336.02016942315447 2161.0064935064934 0.04033884630899556 0.012987012987012988
0 472.03610326744655 2161.0117165443253 0.07220653489310205 0.023433088650479956
0 697.0776522791448 2161.0076228119706 0.1553045582896329 0.015245623941276116
0 1121.01956434046 2166.0069169960475 0.0391286809197257 0.01383399209486166
0 1266.058087938685 2171.0097402597403 0.11617587736990723 0.01948051948051948
0 1600.0258168616378 2179.007058159232 0.05163372327551432 0.014116318464144552
0 1763.0312626058894 2178.0115753811406 0.06252521177894312 0.023150762281197064
0 1958.0096813231141 2192.005223037832 0.01936264622831787 0.010446075663466968
0 337.07503025413473 2342.0104460756634 0.1500605082694635 0.020892151326933936
0 747.0387252924567 2342.0064935064934 0.07745058491327148 0.012987012987012988
0 975.0205728116176 2346.0077639751553 0.041145623235175476 0.015527950310559006
0 1122.012908430819 2342.007481648786 0.02581686163775716 0.014963297571993224
0 1215.0012101653892 2388.003246753247 0.0024203307785397336 0.006493506493506494
0 1255.0256151674062 2345.00790513834 0.051230334812424366 0.015810276679841896
0 1422.0592981040743 2346.0081874647094 0.11859620814844696 0.01637492941840768
0 1763.07180314643 2357.0122811970637 0.14360629286002422 0.02456239412761152
