0 0.07987091569181122 0.10333145115753811 0.008067769261799113 0.009034443817052512
0 0.14764017749092376 0.11053077357425184 0.12141992739007665 0.018633540372670808
0 0.19322307382008874 0.11024844720496894 0.06655909640984267 0.014680971202710334
0 0.2482855990318677 0.1144833427442123 0.09237595804759983 0.024844720496894408
0 0.2539330375151271 0.11377752682100509 0.004840661557079467 0.006775832862789385
0 0.26522791448164584 0.10191981931112366 0.012505042355788625 0.006493506493506494
0 0.3281565147236789 0.11137775268210051 0.11577248890681727 0.020327498588368152
0 0.38967325534489716 0.11109542631281762 0.10246066962484873 0.019762845849802372
0 0.3981444130697862 0.11038961038961038 0.003630496167809601 0.001976284584980237
0 0.08188785800726099 0.12690570299265952 0.008067769261799113 0.007058159232072276
0 0.10790641387656313 0.13481084133258045 0.03065752319483663 0.016092603049124788
0 0.12162162162162163 0.13438735177865613 0.017749092375958047 0.017504234895539244
0 0.17970956030657523 0.14257481648785997 0.09398951189995966 0.03020892151326934
0 0.20956030657523195 0.1401750423489554 0.0391286809197257 0.01948051948051948
0 0.22872125857200484 0.1362224731789949 0.031060911657926585 0.017504234895539244
0 0.263816054860831 0.14257481648785997 0.05486083098023396 0.03077357425183512
0 0.33198870512303347 0.13664596273291926 0.11415893505445744 0.020327498588368152
0 0.33642597821702297 0.1352343308865048 0.003630496167809601 0.002258610954263128
0 0.42053247277127875 0.13594014680971203 0.13795885437676483 0.01948051948051948
0 0.4302137958854377 0.134669678147939 0.012505042355788625 0.020609824957651044
0 0.4390883420734167 0.12761151891586675 0.008067769261799113 0.007622811970638058
0 0.0790641387656313 0.15316205533596838 0.010488100040338847 0.005081874647092038
0 0.09620814844695441 0.16247882552230378 0.02581686163775716 0.019762845849802372
0 0.1809197256958451 0.160643704121965 0.14764017749092376 0.017221908526256352
0 0.18515530455828963 0.1650197628458498 0.003630496167809601 0.007905138339920948
0 0.19604679306171843 0.15344438170525126 0.010488100040338847 0.00564652738565782
0 0.2668414683340056 0.1675607001693958 0.12868091972569584 0.03162055335968379
0 0.30677692617991126 0.16022021456804064 0.0609116579265833 0.017221908526256352
0 0.3979427188382412 0.16177300959909655 0.17022993142396128 0.018351214003387916
0 0.40419524001613555 0.16389045736871824 0.0052440500201694235 0.007622811970638058
0 0.1399757966922146 0.19551101072840205 0.127470754336426 0.034443817052512704
0 0.17204517950786608 0.18647656691134953 0.03751512706736587 0.01129305477131564
0 0.24263816054860832 0.18944099378881987 0.11859620814844696 0.020327498588368152
0 0.24848729326341268 0.18887634105025408 0.004437273093989512 0.00846979107848673
0 0.2662363856393707 0.1795595708639187 0.016135538523598225 0.006775832862789385
0 0.3061718434852763 0.18647656691134953 0.06131504638967326 0.017504234895539244
0 0.3582089552238806 0.18661773009599097 0.07664380798709157 0.0189158667419537
0 0.39007664380798707 0.18675889328063242 0.03711173860427592 0.01693958215697346
0 0.40520371117386045 0.1854884246188594 0.020572811617587738 0.021739130434782608
0 0.11415893505445744 0.21174477696216826 0.08067769261799113 0.018633540372670808
0 0.18152480839048002 0.2121682665160926 0.11335215812827754 0.019198193111236588
0 0.22791448164582492 0.21230942970073405 0.06897942718838242 0.014398644833427442
0 0.32956837434449376 0.217673630717109 0.17386042759177087 0.029926595143986448
0 0.3358208955223881 0.21075663466967814 0.004033884630899556 0.0033879164313946925
0 0.34751916095199675 0.20228684359119142 0.012101653892698669 0.006493506493506494
0 0.36264622831787013 0.20327498588368154 0.012101653892698669 0.006493506493506494
0 0.4281968535699879 0.21753246753246752 0.12585720048406615 0.032467532467532464
0 0.0845098830173457 0.23673066064370413 0.021379588543767647 0.019198193111236588
0 0.13412666397741024 0.2360248447204969 0.08108108108108109 0.020609824957651044
0 0.14663170633319886 0.23433088650479955 0.014521984671238403 0.020609824957651044
0 0.15974183138362244 0.22557876905702992 0.014521984671238403 0.006493506493506494
0 0.19322307382008874 0.237012987012987 0.06333198870512304 0.0189158667419537
0 0.2593787817668415 0.23743647656691136 0.10165389269866881 0.022868435911914172
0 0.2656313029447358 0.23616600790513834 0.004033884630899556 0.002540937323546019
0 0.281968535699879 0.22910784867306608 0.012505042355788625 0.005364201016374929
0 0.300121016538927 0.23842461885940147 0.024606696248487294 0.021174477696216828
0 0.3525615167406212 0.23715415019762845 0.08955223880597014 0.0220214568040655
0 0.3810004033884631 0.2375776397515528 0.03791851553045583 0.014963297571993224
0 0.38785800726099234 0.23673066064370413 0.004033884630899556 0.002540937323546019
0 0.08148446954417103 0.3061829474872953 0.01290843081887858 0.00818746470920384
0 0.10750302541347317 0.3125352907961604 0.045986284792254944 0.017221908526256352
0 0.11052843888664785 0.3156408808582722 0.004033884630899556 0.008752117447769622
0 0.12101653892698669 0.30533596837944665 0.012101653892698669 0.007058159232072276
0 0.14703509479628882 0.3132411067193676 0.043162565550625254 0.01948051948051948
0 0.19160951996772893 0.3125352907961604 0.0782573618394514 0.016092603049124788
0 0.29507866075030253 0.3186053077357425 0.18152480839048002 0.03274985883681536
0 0.3011294876966519 0.3129587803500847 0.004840661557079467 0.003105590062111801
0 0.31807180314643 0.3067476002258611 0.010891488503428802 0.006211180124223602
0 0.3414683340056474 0.313382269904009 0.03872529245663574 0.019198193111236588
0 0.3836224283985478 0.3125352907961604 0.06696248487293263 0.021456804065499716
0 0.4082291246470351 0.31197063805759456 0.03751512706736587 0.016092603049124788
0 0.09560306575231949 0.33766233766233766 0.03751512706736587 0.016092603049124788
0 0.17607906413876562 0.3409090909090909 0.13795885437676483 0.02456239412761152
0 0.18031464300121017 0.33639186900056467 0.003227107704719645 0.002540937323546019
0 0.19281968535699878 0.32919254658385094 0.012101653892698669 0.006211180124223602
