0 0.08309802339653086 0.1411631846414455 0.02218636546994756 0.018068887634105024
0 0.1145623235175474 0.14144551101072841 0.04517950786607503 0.020892151326933936
0 0.1498588140379185 0.14158667419536985 0.051230334812424366 0.019198193111236588
0 0.16881807180314642 0.1432806324110672 0.02379991932230738 0.022868435911914172
0 0.19967728922952804 0.14793901750423488 0.045582896329164985 0.0251270468661773
0 0.21036708350141187 0.13932806324110672 0.007664380798709157 0.01693958215697346
0 0.22146026623638565 0.14059853190287974 0.004033884630899556 0.016657255787690572
0 0.2563533682936668 0.14186900056465274 0.06131504638967326 0.021174477696216828
0 0.2890278338039532 0.14201016374929418 0.04235578862444534 0.018633540372670808
0 0.31787010891488504 0.14723320158102768 0.035901573215006054 0.026256352343308864
0 0.32855990318676886 0.1445511010728402 0.016135538523598225 0.0189158667419537
0 0.3890681726502622 0.14201016374929418 0.09076240419524001 0.023997741389045736
0 0.4114562323517547 0.14059853190287974 0.012101653892698669 0.021174477696216828
0 0.4225494150867285 0.14031620553359683 0.016942315449778138 0.020609824957651044
0 0.10568777732956837 0.192970073404856 0.07583703106091166 0.024844720496894408
0 0.14622831787010893 0.1972049689440994 0.05244050020169423 0.03162055335968379
0 0.20431625655506253 0.1981931112365895 0.08955223880597014 0.029644268774703556
0 0.21077047196450183 0.1966403162055336 0.0024203307785397336 0.009034443817052512
0 0.2498991528842275 0.19381705251270467 0.058491327148043566 0.023150762281197064
0 0.26058894715611136 0.19184076792772445 0.002016942315449778 0.001129305477131564
0 0.2972972972972973 0.19339356295878035 0.04759983864461476 0.025974025974025976
0 0.34872932634126663 0.191699604743083 0.06696248487293263 0.018351214003387916
0 0.37797498991528844 0.1994635798983625 0.04154901169826543 0.027385657820440428
0 0.4300121016538927 0.191699604743083 0.07866075030254134 0.02258610954263128
0 0.1036708350141186 0.21753246753246752 0.06736587333602259 0.012987012987012988
0 0.15490116982654295 0.21795595708639187 0.0790641387656313 0.020892151326933936
0 0.19443323920935862 0.21795595708639187 0.0500201694231545 0.01355166572557877
0 0.20169423154497781 0.22035573122529645 0.008471157724889069 0.0189158667419537
0 0.23779749899152886 0.22699040090344438 0.04881000403388463 0.031338226990400904
0 0.28963291649858813 0.2224731789949181 0.07422347720855184 0.027385657820440428
0 0.3055667607906414 0.2180971202710333 0.0024203307785397336 0.0189158667419537
0 0.3194836627672449 0.2171089779785432 0.020976200080677694 0.0220214568040655
0 0.35941912061315046 0.2171089779785432 0.05808793868495361 0.018351214003387916
0 0.39854780153287617 0.22444946357989837 0.05203711173860428 0.02710333145115754
0 0.4134731746672045 0.22092038396386224 0.006857603872529245 0.018633540372670808
0 0.44695441710367084 0.2245906267645398 0.050423557886244454 0.029361942405420668
0 0.10830980233965308 0.24336533032185206 0.07866075030254134 0.020327498588368152
0 0.18293666801129488 0.2478825522303783 0.1073013311819282 0.025691699604743084
0 0.2172246873739411 0.2422360248447205 0.04679306171843485 0.020327498588368152
0 0.28943122226704315 0.24576510446075664 0.11657926583299717 0.029361942405420668
0 0.3533682936668011 0.2413890457368718 0.09439290036304962 0.021174477696216828
0 0.3828156514723679 0.24082439299830605 0.03227107704719645 0.012422360248447204
0 0.4080274304154901 0.24280067758328627 0.02702702702702703 0.02456239412761152
