0 0.14017749092375958 0.11222473178994918 0.14037918515530456 0.024280067758328628
0 0.19685356998789835 0.10996612083568605 0.08592174263816055 0.02258610954263128
0 0.26321097216619604 0.11307171089779786 0.1036708350141186 0.020609824957651044
0 0.31222267043162566 0.11123658949745906 0.07422347720855184 0.017221908526256352
0 0.34409035901573215 0.11109542631281762 0.042759177087535294 0.008752117447769622
0 0.38967325534489716 0.11264822134387352 0.06615570794675273 0.0189158667419537
0 0.45885437676482455 0.11194240542066629 0.11093182734973779 0.023150762281197064
0 0.12141992739007665 0.13777526821005082 0.09923356192012908 0.009599096555618294
0 0.1899959661153691 0.13706945228684358 0.09197256958450989 0.019198193111236588
0 0.2934651068979427 0.13706945228684358 0.16216216216216217 0.016657255787690572
0 0.34751916095199675 0.13777526821005082 0.06978620411456232 0.017786561264822136
0 0.44937474788221055 0.1422924901185771 0.16014521984671237 0.032467532467532464
0 0.1252521177894312 0.16897233201581027 0.10488100040338846 0.027950310559006212
0 0.18334005647438484 0.163184641445511 0.07180314643001211 0.014680971202710334
0 0.2977006857603873 0.16996047430830039 0.17466720451795079 0.032185206098249576
0 0.4072206534893102 0.17377188029361942 0.17870108914885036 0.03472614342179559
0 0.1645824929407019 0.19381705251270467 0.19039935457845905 0.03162055335968379
0 0.172851956434046 0.18817052512704688 0.003227107704719645 0.001411631846414455
0 0.21782977006857604 0.18718238283455674 0.04921339249697459 0.015810276679841896
0 0.2682533279548205 0.18774703557312253 0.07220653489310205 0.009034443817052512
0 0.33682936668011293 0.1895821569734613 0.10044372730939895 0.0189158667419537
0 0.3828156514723679 0.18788819875776397 0.06413876563130294 0.016092603049124788
0 0.4352561516740621 0.18986448334274422 0.07462686567164178 0.021456804065499716
0 0.15933844292053248 0.21160361377752682 0.18515530455828963 0.014116318464144552
0 0.21903993545784592 0.21174477696216826 0.07260992335619201 0.01693958215697346
0 0.32956837434449376 0.21174477696216826 0.18475191609519967 0.014116318464144552
0 0.46430012101653895 0.221485036702428 0.22952803549818476 0.0378317334839074
0 0.08188785800726099 0.26143421795595706 0.03509479628882614 0.018633540372670808
0 0.13856393707139975 0.2658102766798419 0.06938281565147236 0.020892151326933936
0 0.18757563533682936 0.2619988706945229 0.05203711173860428 0.01693958215697346
0 0.2615974183138362 0.2628458498023715 0.12868091972569584 0.020327498588368152
0 0.3707139975796692 0.27117447769621683 0.17789431222267044 0.03557312252964427
0 0.4878983461073013 0.2713156408808583 0.19281968535699878 0.03359683794466403
0 0.09862847922549416 0.2852907961603614 0.07139975796692215 0.012422360248447204
0 0.13493344090359016 0.28726708074534163 0.03872529245663574 0.018068887634105024
0 0.25433642597821704 0.2924901185770751 0.200080677692618 0.026256352343308864
0 0.2743041549011698 0.2868435911914173 0.01734570391286809 0.00282326369282891
0 0.3098023396530859 0.2899491812535291 0.033884630899556276 0.023715415019762844
0 0.40318676885841065 0.30110107284020327 0.1536910044372731 0.046583850931677016
0 0.41528842275110933 0.295313382269904 0.008067769261799113 0.007905138339920948
0 0.4538120209762001 0.29136081309994355 0.043969342476805166 0.014398644833427442
0 0.11657926583299717 0.3132411067193676 0.10568777732956837 0.021174477696216828
0 0.12787414279951592 0.3111236589497459 0.005647438483259379 0.00282326369282891
0 0.18212989108511496 0.31225296442687744 0.0754336425978217 0.016657255787690572
0 0.2680516337232755 0.3136645962732919 0.12505042355788623 0.019762845849802372
0 0.3511496571198064 0.3145115753811406 0.12101653892698669 0.019762845849802372
0 0.3898749495764421 0.3167701863354037 0.03872529245663574 0.019198193111236588
0 0.4530052440500202 0.3123941276115189 0.09076240419524001 0.016092603049124788
0 0.09943525615167406 0.3390739695087521 0.07583703106091166 0.018351214003387916
0 0.14037918515530456 0.3375211744776962 0.043162565550625254 0.00846979107848673
0 0.1744655102864058 0.3375211744776962 0.02501008471157725 0.008752117447769622
0 0.29043969342476805 0.3469791078486731 0.1855586930213796 0.034161490683229816
0 0.32573618394513915 0.3386504799548278 0.03065752319483663 0.017786561264822136
0 0.400363049616781 0.3386504799548278 0.11133521581282775 0.019762845849802372
0 0.4681323114158935 0.34542631281761715 0.10205728116175877 0.025974025974025976
