0 0.19826542960871318 0.2776679841897233 0.1036708350141186 0.022868435911914172
0 0.34772085518354173 0.27399774138904576 0.08471157724889068 0.014398644833427442
0 0.481444130697862 0.27103331451157536 0.08027430415490117 0.015810276679841896
0 0.5718031464300121 0.2738565782044043 0.04719645018152481 0.014116318464144552
0 0.6912061315046389 0.2776679841897233 0.09318273497377975 0.006493506493506494
0 0.7797498991528842 0.2768210050818746 0.03791851553045583 0.016657255787690572
0 0.8561920129084308 0.2789384528514963 0.08108108108108109 0.015245623941276116
0 0.2099636950383219 0.3235460191981931 0.12787414279951592 0.012422360248447204
0 0.3194836627672449 0.32679277244494637 0.035498184751916094 0.01948051948051948
0 0.3799919322307382 0.3235460191981931 0.03953206938281565 0.01355166572557877
0 0.4653085921742638 0.32523997741389044 0.08672851956434045 0.01693958215697346
0 0.4991932230738201 0.33483907396950874 0.0060508269463493344 0.003952569169960474
0 0.6496571198063735 0.3274985883681536 0.2335619201290843 0.020327498588368152
0 0.8051633723275514 0.3277809147374365 0.033884630899556276 0.006211180124223602
0 0.8797902379991932 0.3272162619988707 0.060508269463493344 0.010728402032749858
0 0.899959661153691 0.3338509316770186 0.00645421540943929 0.005928853754940711
0 0.19786204114562322 0.37549407114624506 0.13674868898749495 0.019198193111236588
0 0.3225090762404195 0.37775268210050816 0.08027430415490117 0.019198193111236588
0 0.43384429205324726 0.37549407114624506 0.08672851956434045 0.01129305477131564
0 0.5070592981040742 0.3756352343308865 0.026623638563937072 0.012140033879164314
0 0.5855183541750706 0.3750705815923207 0.10205728116175877 0.012704686617730096
0 0.7154094392900363 0.37450592885375494 0.09721661960467931 0.012704686617730096
0 0.800322710770472 0.3743647656691135 0.02581686163775716 0.011857707509881422
0 0.8747478822105688 0.3750705815923207 0.07785397337636143 0.01101072840203275
0 0.15853166599435256 0.47289666854884244 0.03065752319483663 0.015245623941276116
0 0.2519160951996773 0.4774138904573687 0.08108108108108109 0.007905138339920948
0 0.4312222670431626 0.4748729531338227 0.2154094392900363 0.011857707509881422
0 0.5342880193626462 0.48122529644268774 0.0028237192416296895 0.001976284584980237
0 0.5649455425574829 0.47148503670242803 0.007664380798709157 0.00282326369282891
0 0.6427995159338443 0.47557876905702995 0.11577248890681727 0.012140033879164314
0 0.7680516337232756 0.4775550536420102 0.06615570794675273 0.007058159232072276
0 0.8499394917305365 0.47261434217955955 0.03872529245663574 0.014680971202710334
