0 364.02783380395323 992.011434217956 0.055667607906413875 0.022868435911914172
0 558.0722065348931 1009.0163749294184 0.1444130697862041 0.03274985883681536
0 982.0619201290843 1008.014963297572 0.12384025816861638 0.029926595143986448
0 1374.0330778539733 992.0115753811406 0.06615570794675273 0.023150762281197064
0 1610.0566760790641 1008.0191981931113 0.11335215812827754 0.038396386222473176
0 1966.0143202904396 1008.0084697910785 0.02864058087938685 0.01693958215697346
0 367.02258975393306 1190.0093167701864 0.04517950786607503 0.018633540372670808
0 547.0663574021783 1197.0081874647092 0.1327148043565954 0.01637492941840768
0 892.0028237192416 1255.0042348955392 0.005647438483259379 0.00846979107848673
0 987.038120209762 1187.011010728402 0.07624041952400161 0.0220214568040655
0 1249.0330778539733 1195.0091756070017 0.06615570794675273 0.018351214003387916
0 1423.007059298104 1187.009034443817 0.014118596208148447 0.018068887634105024
0 1470.0050423557886 1180.00395256917 0.01008471157724889 0.007905138339920948
0 1561.057684550222 1171.011010728402 0.11536910044372731 0.0220214568040655
0 1873.0102864058088 1240.001552795031 0.020572811617587738 0.003105590062111801
0 1978.0078660750303 1159.0122811970639 0.01573215006050827 0.02456239412761152
0 354.0582896329165 1344.0221626199886 0.11657926583299717 0.04432523997741389
0 675.0121016538927 1424.001976284585 0.024203307785397338 0.003952569169960474
0 764.006655909641 1361.0112930547714 0.013311819281968536 0.02258610954263128
0 891.0034288019363 1357.002682100508 0.006857603872529245 0.005364201016374929
0 912.0250100847115 1361.0095990965556 0.0500201694231545 0.019198193111236588
0 1106.01956434046 1384.0057876905703 0.0391286809197257 0.011575381140598532
0 1263.0754336425978 1356.0177865612648 0.1508672851956434 0.03557312252964427
0 1701.0080677692617 1391.0050818746472 0.016135538523598225 0.010163749294184076
0 1803.0667607906414 1361.0190570299267 0.1335215812827753 0.03811405985319029
0 357.0161355385236 1719.010587238848 0.03227107704719645 0.021174477696216828
0 519.0413473174667 1733.00790513834 0.0826946349334409 0.015810276679841896
0 801.0149253731344 1732.009034443817 0.029850746268656716 0.018068887634105024
0 964.0510286405809 1714.010587238848 0.10205728116175877 0.021174477696216828
0 1234.0016135538524 1784.0008469791078 0.003227107704719645 0.0016939582156973462
0 1337.0046389673255 1707.0031055900622 0.00927793465106898 0.006211180124223602
0 1368.0484066155707 1712.0197628458498 0.09681323114158935 0.039525691699604744
0 1671.0754336425978 1724.0183512140034 0.1508672851956434 0.03670242800677583
0 371.0229931423961 1923.006634669678 0.045986284792254944 0.013269339356295878
0 587.0356998789835 1907.0094579333709 0.07139975796692215 0.0189158667419537
0 855.0397337636143 1901.0175042348956 0.07946752722872126 0.03500846979107849
0 1130.0143202904396 1886.0094579333709 0.02864058087938685 0.0189158667419537
0 1276.0145219846713 1903.0093167701864 0.029043969342476807 0.018633540372670808
0 1422.0193626462283 1905.0091756070017 0.03872529245663574 0.018351214003387916
0 1589.0282371924163 1881.0115753811406 0.05647438483259379 0.023150762281197064
0 1791.0304558289633 1889.0101637492942 0.0609116579265833 0.020327498588368152
0 1959.008471157725 1880.0117165443253 0.016942315449778138 0.023433088650479956
