0 389.0183541750706 752.0088932806324 0.03670835014118596 0.017786561264822136
0 516.0227914481645 758.0132693393563 0.045582896329164985 0.026538678712591756
0 665.0227914481645 758.0086109542631 0.045582896329164985 0.017221908526256352
0 840.0328761597418 753.0148221343874 0.06575231948366277 0.029644268774703556
0 1052.0187575635337 762.0128458498024 0.03751512706736587 0.025691699604743084
0 1184.0082694634934 753.0145398080181 0.01653892698668818 0.029079616036137776
0 1256.0147236789028 756.0091756070017 0.02944735780556676 0.018351214003387916
0 1357.0326744655104 761.0145398080181 0.0653489310205728 0.029079616036137776
0 1552.0112948769665 790.0038114059853 0.022589753933037516 0.007622811970638058
0 1652.031060911658 763.013410502541 0.06212182331585317 0.026821005081874648
0 1836.017345703913 765.0119988706945 0.03469140782573618 0.023997741389045736
0 1956.0153287615974 766.0071993224167 0.03065752319483663 0.014398644833427442
0 2066.0227914481648 772.0076228119707 0.045582896329164985 0.015245623941276116
0 390.0401371520775 943.0080463015246 0.08027430415490117 0.016092603049124788
0 639.0094796288826 945.0083286278939 0.018959257765227916 0.016657255787690572
0 742.0187575635337 973.0042348955393 0.03751512706736587 0.00846979107848673
0 879.0435659540137 943.0141163184642 0.08713190802743041 0.028232636928289104
0 1143.0300524405002 953.0122811970638 0.06010488100040339 0.02456239412761152
0 1339.0098830173456 947.0111518915867 0.019766034691407825 0.022303783173348392
0 1420.0147236789028 950.0073404856014 0.02944735780556676 0.014680971202710334
0 1520.0098830173456 950.0073404856014 0.019766034691407825 0.014680971202710334
0 1594.0219846712384 943.0080463015246 0.043969342476805166 0.016092603049124788
0 1733.04699475595 948.0077639751553 0.09398951189995966 0.015527950310559006
0 1976.0014118596207 991.0029644268775 0.0028237192416296895 0.005928853754940711
0 2004.0189592577651 948.0079051383399 0.03791851553045583 0.015810276679841896
0 2111.0129084308187 953.0069169960474 0.02581686163775716 0.01383399209486166
0 398.0175473981444 1139.0050818746472 0.03509479628882614 0.010163749294184076
0 535.0112948769665 1145.0047995482778 0.022589753933037516 0.009599096555618294
0 623.0346914078258 1122.012987012987 0.06938281565147236 0.025974025974025976
0 839.0074626865671 1151.0036702428006 0.014925373134328358 0.007340485601355167
0 903.0157321500606 1123.0077639751553 0.03146430012101654 0.015527950310559006
0 1016.019967728923 1122.0080463015245 0.03993545784590561 0.016092603049124788
0 1160.029649052037 1126.0076228119706 0.05929810407422348 0.015245623941276116
0 1349.018152480839 1133.0062111801242 0.03630496167809601 0.012422360248447204
0 1471.040338846309 1131.0121400338792 0.08067769261799113 0.024280067758328628
0 1693.0219846712384 1130.007058159232 0.043969342476805166 0.014116318464144552
0 1850.029649052037 1134.0121400338792 0.05929810407422348 0.024280067758328628
0 2049.0219846712384 1123.0081874647092 0.043969342476805166 0.01637492941840768
0 385.0324727712787 1304.007058159232 0.06494554255748286 0.014116318464144552
0 601.0195643404599 1311.006352343309 0.0391286809197257 0.012704686617730096
0 743.0346914078258 1304.0071993224167 0.06938281565147236 0.014398644833427442
0 948.0296490520371 1306.007058159232 0.05929810407422348 0.014116318464144552
0 1134.0215812827753 1333.0036702428006 0.043162565550625254 0.007340485601355167
0 1286.0123033481243 1334.0038114059853 0.024606696248487294 0.007622811970638058
0 1403.0282371924163 1305.0119988706945 0.05647438483259379 0.023997741389045736
0 1592.0667607906414 1304.0121400338792 0.1335215812827753 0.024280067758328628
0 1961.035901573215 1304.0077639751553 0.07180314643001211 0.015527950310559006
0 2156.001411859621 1354.0008469791078 0.0028237192416296895 0.0016939582156973462
0 363.00403388463087 1488.0022586109542 0.008067769261799113 0.004517221908526256
0 406.02763210972165 1485.0127046866178 0.05526421944332392 0.025409373235460192
0 562.0012101653892 1543.002682100508 0.0024203307785397336 0.005364201016374929
0 583.0036304961678 1496.001976284585 0.007260992335619202 0.003952569169960474
0 662.0191609519968 1487.0069169960475 0.038321903993545785 0.01383399209486166
0 805.0237999193223 1484.007058159232 0.04759983864461476 0.014116318464144552
0 978.0502218636547 1483.0128458498023 0.10044372730939895 0.025691699604743084
0 1273.0246066962484 1489.007481648786 0.04921339249697459 0.014963297571993224
0 1407.0016135538524 1535.002682100508 0.003227107704719645 0.005364201016374929
0 1432.0038321903994 1489.0028232636928 0.007664380798709157 0.00564652738565782
0 1496.0171440096813 1517.008328627894 0.03428801936264623 0.016657255787690572
0 1599.0242033077855 1489.007058159232 0.048406615570794675 0.014116318464144552
0 1759.0256151674062 1483.0076228119706 0.051230334812424366 0.015245623941276116
0 1927.0482049213392 1496.0136928289103 0.09640984267849939 0.027385657820440428
0 394.015530455829 1678.0087521174478 0.031060911657926585 0.017504234895539244
0 511.02864058087937 1652.0084697910786 0.0572811617587737 0.01693958215697346
0 699.0276321097217 1660.00790513834 0.05526421944332392 0.015810276679841896
0 875.0516337232755 1651.0097402597403 0.10326744655102864 0.01948051948051948
0 1187.0421540943928 1686.009881422925 0.08430818878580072 0.019762845849802372
0 1421.0211778943121 1670.0067758328628 0.04235578862444534 0.01355166572557877
0 1563.0294473578056 1667.007058159232 0.05889471561113352 0.014116318464144552
0 1770.01956434046 1689.0040937323547 0.0391286809197257 0.00818746470920384
0 1913.0080677692617 1691.0040937323547 0.016135538523598225 0.00818746470920384
0 1984.0361032674466 1693.00395256917 0.07220653489310205 0.007905138339920948
0 391.02944735780557 1844.0064935064936 0.05889471561113352 0.012987012987012988
0 598.0074626865671 1868.0031055900622 0.014925373134328358 0.006211180124223602
0 703.0223880597015 1843.0117165443253 0.04477611940298507 0.023433088650479956
0 859.0127067365873 1875.0028232636928 0.025413473174667203 0.00564652738565782
0 968.0213795885438 1845.0073404856014 0.042759177087535294 0.014680971202710334
0 1127.017345703913 1865.00395256917 0.03469140782573618 0.007905138339920948
0 1249.015933844292 1891.0012704686617 0.0318676885841065 0.002540937323546019
0 1351.006655909641 1835.009034443817 0.013311819281968536 0.018068887634105024
0 1397.0048406615572 1833.0021174477697 0.009681323114158934 0.004234895539243365
