0 0.08027430415490117 0.10149632975719933 0.01008471157724889 0.007905138339920948
0 0.1073013311819282 0.11038961038961038 0.03872529245663574 0.01637492941840768
0 0.11234368697055264 0.11335403726708075 0.004840661557079467 0.007340485601355167
0 0.13654699475594997 0.11081309994353472 0.0326744655102864 0.018633540372670808
0 0.19866881807180314 0.11109542631281762 0.10326744655102864 0.021739130434782608
0 0.20935861234368697 0.10954263128176171 0.005647438483259379 0.002258610954263128
0 0.24808390480032272 0.11053077357425184 0.04759983864461476 0.017786561264822136
0 0.35175473981444133 0.11095426312817618 0.18475191609519967 0.023150762281197064
0 0.390883420734167 0.11137775268210051 0.060508269463493344 0.018068887634105024
0 0.1409842678499395 0.13509316770186336 0.10931827349737798 0.017786561264822136
0 0.19766034691407824 0.13551665725578768 0.08713190802743041 0.018633540372670808
0 0.27309398951189995 0.1362224731789949 0.12303348124243646 0.0189158667419537
0 0.3160548608309802 0.13636363636363635 0.06333198870512304 0.018351214003387916
0 0.34328358208955223 0.13551665725578768 0.03953206938281565 0.017504234895539244
0 0.4116579265832997 0.13692828910220214 0.11335215812827754 0.0189158667419537
0 0.11637757160145219 0.16671372106154714 0.07704719645018153 0.0251270468661773
0 0.15711980637353773 0.16134952004517222 0.05405405405405406 0.014680971202710334
0 0.20310609116579265 0.16078486730660643 0.06938281565147236 0.018633540372670808
0 0.2563533682936668 0.16134952004517222 0.0899556272690601 0.016092603049124788
0 0.30153287615974184 0.16981931112365894 0.07946752722872126 0.026538678712591756
0 0.37474788221056876 0.16741953698475437 0.13150463896732553 0.029926595143986448
0 0.42597821702299316 0.16205533596837945 0.08309802339653086 0.021456804065499716
0 0.11073013311819283 0.18562958780350083 0.07059298104074223 0.0189158667419537
0 0.17527228721258573 0.18647656691134953 0.1073013311819282 0.01948051948051948
0 0.1837434449374748 0.18478260869565216 0.004033884630899556 0.002540937323546019
0 0.19423154497781364 0.17941840767927725 0.010891488503428802 0.007058159232072276
0 0.2109721661960468 0.17970073404856013 0.012505042355788625 0.007058159232072276
0 0.2615974183138362 0.1922642574816488 0.08229124647035095 0.031338226990400904
0 0.27390076643807987 0.1836533032185206 0.013311819281968536 0.017786561264822136
0 0.28479225494150867 0.17645398080180688 0.01008471157724889 0.007340485601355167
0 0.3410649455425575 0.191699604743083 0.09318273497377975 0.029079616036137776
0 0.40217829770068575 0.18788819875776397 0.1044776119402985 0.021739130434782608
0 0.1073013311819282 0.21230942970073405 0.05808793868495361 0.015245623941276116
0 0.18354175070592982 0.21682665160926032 0.12787414279951592 0.030491247882552232
0 0.191004437273094 0.21019198193111235 0.004437273093989512 0.00282326369282891
0 0.2063331988705123 0.20383963862224733 0.01371520774505849 0.007905138339920948
0 0.2753126260588947 0.21725014116318464 0.1262605889471561 0.029361942405420668
0 0.31807180314643 0.21188594014680973 0.06897942718838242 0.018633540372670808
0 0.3553852359822509 0.2111801242236025 0.06010488100040339 0.012704686617730096
0 0.4281968535699879 0.2121682665160926 0.12989108511496572 0.021739130434782608
0 0.10104881000403389 0.23673066064370413 0.04719645018152481 0.018068887634105024
0 0.1308995562726906 0.23616600790513834 0.051230334812424366 0.018351214003387916
0 0.17769261799112546 0.23644833427442122 0.07139975796692215 0.017786561264822136
0 0.22307382008874546 0.23729531338226992 0.06938281565147236 0.019198193111236588
0 0.24062121823315852 0.23616600790513834 0.018152480839048003 0.017504234895539244
0 0.28075837031060913 0.23771880293619424 0.06413876563130294 0.018068887634105024
0 0.3007260992335619 0.237012987012987 0.023396530859217425 0.011857707509881422
0 0.3771682129891085 0.23715415019762845 0.12868091972569584 0.01948051948051948
0 0.4124647035094796 0.23785996612083568 0.04235578862444534 0.012140033879164314
0 0.1036708350141186 0.2621400338791643 0.05405405405405406 0.019198193111236588
0 0.15570794675272287 0.2621400338791643 0.07987091569181122 0.019198193111236588
0 0.19503832190399353 0.2621400338791643 0.06655909640984267 0.013269339356295878
0 0.2045179507866075 0.2611518915866742 0.004033884630899556 0.002540937323546019
0 0.23477208551835418 0.26228119706380576 0.03227107704719645 0.017221908526256352
0 0.30395320693828154 0.2628458498023715 0.11294876966518758 0.020609824957651044
0 0.34852763210972165 0.2618577075098814 0.06938281565147236 0.018633540372670808
0 0.39511899959661156 0.262987012987013 0.07462686567164178 0.01948051948051948
0 0.11113352158128277 0.294042913608131 0.07220653489310205 0.02456239412761152
0 0.15147236789027835 0.2878317334839074 0.060508269463493344 0.018633540372670808
0 0.15490116982654295 0.2899491812535291 0.0052440500201694235 0.007622811970638058
0 0.1827349737797499 0.28642010163749293 0.04719645018152481 0.017504234895539244
0 0.1920129084308189 0.28514963297571994 0.011698265429608713 0.020609824957651044
0 0.20129084308188785 0.27653867871259175 0.010488100040338847 0.007905138339920948
0 0.2154094392900363 0.27936194240542067 0.01008471157724889 0.006211180124223602
0 0.24243646631706334 0.2881140598531903 0.04195240016135539 0.019198193111236588
0 0.24647035094796288 0.29107848673066067 0.004033884630899556 0.006775832862789385
0 0.25756353368293666 0.28049124788255225 0.011294876966518758 0.007340485601355167
0 0.29608713190802743 0.28797289666854886 0.06615570794675273 0.018633540372670808
0 0.3743444937474788 0.2931959345002823 0.13432835820895522 0.030491247882552232
0 0.38241226300927794 0.28712591756070016 0.004033884630899556 0.002540937323546019
0 0.08148446954417103 0.3059006211180124 0.01008471157724889 0.007622811970638058
0 0.10770471964501815 0.3123941276115189 0.0318676885841065 0.014680971202710334
0 0.1661960467930617 0.3126764539808018 0.09560306575231949 0.020045172219085264
0 0.24223477208551836 0.3211462450592885 0.13150463896732553 0.035290796160361376
0 0.2835820895522388 0.31281761716544326 0.05486083098023396 0.012987012987012988
0 0.32432432432432434 0.3207227555053642 0.07785397337636143 0.029079616036137776
0 0.33098023396530857 0.3135234330886505 0.003630496167809601 0.002258610954263128
0 0.4193223073820089 0.3132411067193676 0.14481645824929407 0.022303783173348392
0 0.09661153691004437 0.33977978543195936 0.02501008471157725 0.018068887634105024
0 0.13432835820895522 0.338085827216262 0.06776926179911255 0.012704686617730096
0 0.1843485276321097 0.3450028232636928 0.08390480032271078 0.026256352343308864
0 0.22488906817265025 0.33780350084697913 0.0536506655909641 0.012987012987012988
0 0.25110931827349736 0.33893280632411066 0.026220250100847116 0.01948051948051948
0 0.3259378781766841 0.3438735177865613 0.136345300524405 0.023997741389045736
0 0.3610326744655103 0.33879164313946925 0.0391286809197257 0.017221908526256352
0 0.16377571601452198 0.36688311688311687 0.1609519967728923 0.025974025974025976
0 0.19019766034691407 0.36264822134387353 0.03428801936264623 0.01637492941840768
0 0.2265026220250101 0.36236589497459065 0.06212182331585317 0.012422360248447204
0 0.2656313029447358 0.36928289102202144 0.05929810407422348 0.021739130434782608
0 0.27148043565954016 0.36773009599096557 0.00645421540943929 0.007622811970638058
0 0.3019362646228318 0.36363636363636365 0.04235578862444534 0.01693958215697346
0 0.36950383219039934 0.36363636363636365 0.11738604275917709 0.0189158667419537
0 0.399959661153691 0.36688311688311687 0.03711173860427592 0.017786561264822136
0 0.42295280354981846 0.36363636363636365 0.023396530859217425 0.015245623941276116
