0 0.16982654296087132 0.31620553359683795 0.04517950786607503 0.024280067758328628
0 0.2573618394513917 0.31620553359683795 0.07987091569181122 0.024844720496894408
0 0.33743444937474787 0.3166290231507623 0.03428801936264623 0.021739130434782608
0 0.38483259378781765 0.31521739130434784 0.029043969342476807 0.01948051948051948
0 0.445340863251311 0.32679277244494637 0.03711173860427592 0.035290796160361376
0 0.5036304961678096 0.313382269904009 0.04154901169826543 0.023150762281197064
0 0.545986284792255 0.3177583286278938 0.014118596208148447 0.016092603049124788
0 0.6006454215409439 0.3136645962732919 0.04195240016135539 0.023715415019762844
0 0.6500605082694635 0.31846414455110106 0.02864058087938685 0.03670242800677583
0 0.7194433239209359 0.3246753246753247 0.08672851956434045 0.042348955392433656
0 0.7781363453005244 0.3234048560135517 0.004033884630899556 0.011575381140598532
0 0.8212989108511497 0.3132411067193676 0.050826946349334406 0.021739130434782608
0 0.1744655102864058 0.36716544325239975 0.043162565550625254 0.023433088650479956
0 0.2198467123840258 0.36645962732919257 0.014521984671238403 0.026538678712591756
0 0.272488906817265 0.3675889328063241 0.035901573215006054 0.017504234895539244
0 0.35296490520371115 0.3697063805759458 0.07503025413473174 0.03303218520609825
0 0.4128680919725696 0.3705533596837945 0.012505042355788625 0.015527950310559006
0 0.5163372327551432 0.36490683229813664 0.13957240822912464 0.023433088650479956
0 0.6496571198063735 0.37422360248447206 0.1044776119402985 0.04827780914737437
0 0.7244856797095603 0.3673066064370412 0.02581686163775716 0.03670242800677583
0 0.8108108108108109 0.36829474872953133 0.12101653892698669 0.03811405985319029
0 0.8797902379991932 0.3750705815923207 0.00645421540943929 0.012704686617730096
0 0.18334005647438484 0.4699322416713721 0.04154901169826543 0.020045172219085264
0 0.236385639370714 0.470214568040655 0.01936264622831787 0.020045172219085264
0 0.3336022589753933 0.475296442687747 0.12343686970552642 0.0471485036702428
0 0.4265832997176281 0.46908526256352345 0.02702702702702703 0.017786561264822136
0 0.4780153287615974 0.46936758893280633 0.03065752319483663 0.015527950310559006
0 0.5601048810004033 0.46823828345567475 0.08753529649052037 0.0189158667419537
0 0.6296893908834207 0.46485036702428006 0.022589753933037516 0.023997741389045736
0 0.6887858007260992 0.4652738565782044 0.04719645018152481 0.024280067758328628
0 0.7539330375151271 0.4686617730095991 0.05889471561113352 0.017504234895539244
0 0.8208955223880597 0.46513269339356295 0.02501008471157725 0.021174477696216828
0 0.8773699072206534 0.4634387351778656 0.05163372327551432 0.023433088650479956
0 0.18939088342073418 0.519339356295878 0.04235578862444534 0.025691699604743084
0 0.28620411456232353 0.5283738001129306 0.09721661960467931 0.04601919819311124
0 0.3699072206534893 0.5165160926030491 0.016135538523598225 0.021174477696216828
0 0.4144816458249294 0.5207509881422925 0.02864058087938685 0.03811405985319029
0 0.47438483259378783 0.5160926030491247 0.04679306171843485 0.024844720496894408
0 0.563331988705123 0.5146809712027103 0.07866075030254134 0.023150762281197064
0 0.63614360629286 0.5151044607566346 0.029850746268656716 0.0251270468661773
0 0.6875756353368294 0.5146809712027103 0.03751512706736587 0.025974025974025976
0 0.7605889471561114 0.5306324110671937 0.07301331181928197 0.0409373235460192
0 0.8247277127874143 0.5182100508187465 0.021379588543767647 0.01948051948051948
0 0.1952400161355385 0.5680406549971767 0.04517950786607503 0.02710333145115754
0 0.3017345703912868 0.5717108977978543 0.11617587736990723 0.03613777526821005
0 0.36688180718031466 0.5762281197063805 0.0028237192416296895 0.002258610954263128
