0 315.00282371924163 687.0050818746471 0.005647438483259379 0.010163749294184076
0 333.01290843081887 708.013410502541 0.02581686163775716 0.026821005081874648
0 433.04538120209764 698.0146809712027 0.09076240419524001 0.029361942405420668
0 670.0597014925373 707.0125635234331 0.11940298507462686 0.0251270468661773
0 981.0423557886245 743.0165160926031 0.08471157724889068 0.03303218520609825
0 1205.026623638564 680.0151044607567 0.053247277127874144 0.03020892151326934
0 1355.0911657926583 717.0175042348956 0.18233158531665994 0.03500846979107849
0 1819.0512303348123 740.0145398080181 0.10246066962484873 0.029079616036137776
0 324.0457845905607 1560.018915866742 0.09156918112141993 0.0378317334839074
0 591.1805163372328 1577.0247035573123 0.3610326744655103 0.04940711462450593
0 1509.0653489310205 1560.0237154150198 0.1306978620411456 0.04743083003952569
0 1885.0443727309398 1582.0159514398645 0.08874546187979024 0.03190287972896669
0 312.04437273093987 1946.0156691134953 0.08874546187979024 0.031338226990400904
0 563.076240419524 1974.0207509881423 0.15248083904800322 0.041501976284584984
0 930.1583299717628 1956.0221626199886 0.31665994352561516 0.04432523997741389
0 1719.0506252521177 1981.0160926030492 0.10125050423557887 0.032185206098249576
0 1937.0094796288827 2030.007481648786 0.018959257765227916 0.014963297571993224
0 2027.044776119403 1969.0115753811406 0.08955223880597014 0.023150762281197064
0 298.11899959661156 2149.0139751552797 0.2379991932230738 0.027950310559006212
0 922.1058894715611 2119.014963297572 0.2117789431222267 0.029926595143986448
0 1510.029649052037 2164.006634669678 0.05929810407422348 0.013269339356295878
0 1720.0276321097217 2134.0122811970637 0.05526421944332392 0.02456239412761152
0 1877.0016135538524 2230.001270468662 0.003227107704719645 0.002540937323546019
0 1939.0413473174667 2124.0136928289103 0.0826946349334409 0.027385657820440428
0 2170.00786607503 2198.008610954263 0.01573215006050827 0.017221908526256352
0 330.0564743848326 2302.0159514398647 0.11294876966518758 0.03190287972896669
0 663.0116982654296 2372.0069169960475 0.023396530859217425 0.01383399209486166
0 724.0978217022994 2307.0254093732356 0.19564340459862847 0.050818746470920384
0 1256.0395320693829 2294.01581027668 0.0790641387656313 0.03162055335968379
0 1511.0639370713998 2284.016516092603 0.12787414279951592 0.03303218520609825
0 1895.0179507866076 2367.0063523433087 0.035901573215006054 0.012704686617730096
0 2023.053650665591 2324.011434217956 0.1073013311819282 0.022868435911914172
0 2288.007462686567 2400.0057876905703 0.014925373134328358 0.011575381140598532
0 335.0264219443324 2470.018068887634 0.052843888664784185 0.03613777526821005
0 538.0401371520775 2495.014539808018 0.08027430415490117 0.029079616036137776
0 811.0401371520775 2498.021739130435 0.08027430415490117 0.043478260869565216
0 1072.0300524405002 2494.013833992095 0.06010488100040339 0.02766798418972332
0 1271.0976200080677 2470.0190570299264 0.1952400161355385 0.03811405985319029
0 1801.0699878983462 2474.013833992095 0.1399757966922146 0.02766798418972332
