0 342.0601048810004 651.0235742518352 0.12020976200080678 0.0471485036702428
0 676.0221863654699 741.0090344438171 0.04437273093989512 0.018068887634105024
0 831.0280354981847 681.0163749294184 0.056070996369503835 0.03274985883681536
0 996.0697862041145 699.0254093732354 0.13957240822912464 0.050818746470920384
0 1365.004437273094 784.0062111801242 0.008874546187979023 0.012422360248447204
0 1440.0276321097217 668.0166572557877 0.05526421944332392 0.033314511575381144
0 1650.0849132714804 656.0245623941277 0.16982654296087132 0.04912478825522304
0 364.1313029447358 1245.0170807453417 0.2626058894715611 0.034161490683229816
0 1081.0538523598225 1212.0176453980803 0.10770471964501815 0.035290796160361376
0 1398.042557482856 1268.00790513834 0.08511496571198064 0.015810276679841896
0 1626.130294473578 1190.0201863354037 0.26058894715611136 0.040372670807453416
0 2271.0020169423155 1308.0014116318464 0.004033884630899556 0.00282326369282891
0 361.0572811617588 1581.0170807453417 0.1145623235175474 0.034161490683229816
0 644.0020169423154 1683.001976284585 0.004033884630899556 0.003952569169960474
0 743.0367083501412 1596.0160926030492 0.07341670028237192 0.032185206098249576
0 969.0703912868092 1609.0136928289103 0.14078257361839452 0.027385657820440428
0 1357.0431625655506 1606.012987012987 0.08632513110125051 0.025974025974025976
0 1554.134731746672 1569.0269621682664 0.26946349334409037 0.053924336533032184
0 327.07825736183946 1778.0155279503106 0.1565147236789028 0.031055900621118012
0 759.0865268253328 1774.027526821005 0.17305365066559097 0.05505364201016375
0 1217.0534489713593 1782.0139751552795 0.10689794271883823 0.027950310559006212
0 1500.0316659943526 1779.0122811970639 0.06333198870512304 0.02456239412761152
0 1675.0960064542155 1764.014539808018 0.1920129084308189 0.029079616036137776
0 325.08551835417506 2317.015386787126 0.17103670835014118 0.03077357425183512
0 733.0080677692617 2409.0063523433087 0.016135538523598225 0.012704686617730096
0 861.0568777732957 2338.01185770751 0.11375554659136748 0.023715415019762844
0 1181.0703912868091 2311.014680971203 0.14078257361839452 0.029361942405420668
0 1564.062928600242 2309.0148221343875 0.12585720048406615 0.029644268774703556
0 1964.0582896329165 2347.011434217956 0.11657926583299717 0.022868435911914172
