0 0.1438079870915692 0.2069452286843591 0.050423557886244454 0.03896103896103896
0 0.22347720855183542 0.20511010728402032 0.08632513110125051 0.029644268774703556
0 0.30496167809600644 0.20553359683794467 0.06131504638967326 0.026538678712591756
0 0.40419524001613555 0.20511010728402032 0.10649455425574829 0.03472614342179559
0 0.46127470754336425 0.2183794466403162 0.004437273093989512 0.001976284584980237
0 0.5248083904800322 0.20638057594579334 0.06776926179911255 0.03274985883681536
0 0.6117386042759178 0.21174477696216826 0.09479628882613957 0.025409373235460192
0 0.7214602662363856 0.2080745341614907 0.08511496571198064 0.030491247882552232
0 0.827349737797499 0.20934500282326368 0.10488100040338846 0.03190287972896669
0 0.1663977410246067 0.2707509881422925 0.06333198870512304 0.03896103896103896
0 0.26764824526018555 0.2618577075098814 0.11657926583299717 0.041501976284584984
0 0.3870512303348124 0.25691699604743085 0.09883017345703912 0.02710333145115754
0 0.4878983461073013 0.2632693393562959 0.10528438886647842 0.04432523997741389
0 0.6187979023799919 0.2586109542631282 0.12424364663170634 0.025409373235460192
0 0.6700282371924163 0.27103331451157536 0.010488100040338847 0.009599096555618294
0 0.7396127470754337 0.25889328063241107 0.09076240419524001 0.019198193111236588
0 0.8416700282371924 0.2552230378317335 0.08108108108108109 0.028232636928289104
0 0.17809600645421542 0.45863918690005645 0.10205728116175877 0.029644268774703556
0 0.3118192819685357 0.4723320158102767 0.13876563130294473 0.05420666290231508
0 0.4584509883017346 0.46160361377752684 0.10609116579265833 0.029926595143986448
0 0.5197660346914078 0.4772727272727273 0.01573215006050827 0.011575381140598532
0 0.6311012505042356 0.4675324675324675 0.18031464300121017 0.04743083003952569
0 0.7624041952400161 0.4601919819311124 0.06292860024203308 0.029361942405420668
0 0.8408632513110125 0.47007340485601357 0.06897942718838242 0.023150762281197064
0 0.20250100847115773 0.6164596273291926 0.1508672851956434 0.027385657820440428
0 0.42396127470754336 0.6260587238848109 0.2864058087938685 0.046583850931677016
0 0.581887858007261 0.6243647656691135 0.013311819281968536 0.011575381140598532
0 0.6165792658329972 0.6110954263128177 0.00927793465106898 0.009881422924901186
0 0.63654699475595 0.6201298701298701 0.04679306171843485 0.03077357425183512
0 0.7008874546187979 0.6192828910220215 0.10044372730939895 0.029644268774703556
0 0.800726099233562 0.6197063805759458 0.07341670028237192 0.028232636928289104
0 0.16861637757160144 0.661914172783738 0.05808793868495361 0.03698475437605872
0 0.25776522791448164 0.664455110107284 0.12343686970552642 0.036420101637492944
0 0.37353771682129894 0.6672783738001129 0.07664380798709157 0.037549407114624504
0 0.4645018152480839 0.6732072275550537 0.07624041952400161 0.017221908526256352
0 0.6508672851956434 0.6732072275550537 0.2626058894715611 0.034161490683229816
0 0.8303751512706736 0.6684076792772445 0.0754336425978217 0.0409373235460192
