0 0.16115369100443727 0.20398080180688877 0.056070996369503835 0.031338226990400904
0 0.2767244856797096 0.21047430830039526 0.12827753126260588 0.021174477696216828
0 0.4146833400564744 0.20398080180688877 0.11859620814844696 0.031338226990400904
0 0.5217829770068576 0.20186335403726707 0.04154901169826543 0.02710333145115754
0 0.6421944332392093 0.2149915302089215 0.12585720048406615 0.047713156408808584
0 0.7242839854780153 0.21880293619424054 0.004437273093989512 0.00282326369282891
0 0.7886244453408633 0.21132128740824394 0.08874546187979024 0.03077357425183512
0 0.17950786607503025 0.25578769057029926 0.07987091569181122 0.028797289666854884
0 0.26502622025010086 0.256352343308865 0.07422347720855184 0.02710333145115754
0 0.4060104881000403 0.2587521174477696 0.16337232755143202 0.0251270468661773
0 0.5744251714400969 0.25268210050818746 0.11698265429608713 0.032185206098249576
0 0.7037111738604276 0.2628458498023715 0.09156918112141993 0.014680971202710334
0 0.8618394513916902 0.26157538114059853 0.1964501815248084 0.029644268774703556
0 0.19342476805163372 0.40584415584415584 0.11012505042355789 0.034161490683229816
0 0.254941508672852 0.4230660643704122 0.00645421540943929 0.001976284584980237
0 0.32210568777732956 0.41106719367588934 0.0754336425978217 0.028232636928289104
0 0.481645824929407 0.41445511010728403 0.20169423154497781 0.025974025974025976
0 0.7020976200080677 0.4230660643704122 0.19322307382008874 0.04601919819311124
0 0.17527228721258573 0.45976849237718803 0.06413876563130294 0.031338226990400904
0 0.299717628075837 0.4637210615471485 0.1444130697862041 0.021739130434782608
0 0.36789027833803956 0.47600225861095424 0.004033884630899556 0.002258610954263128
0 0.5066559096409843 0.45849802371541504 0.23154497781363453 0.03670242800677583
0 0.6319080274304155 0.4808018068887634 0.014118596208148447 0.019762845849802372
0 0.7353771682129892 0.46386222473178995 0.1355385235982251 0.04743083003952569
0 0.8263412666397741 0.47219085262563526 0.038321903993545785 0.004799548277809147
0 0.2382008874546188 0.51270468661773 0.14320290439693426 0.037267080745341616
0 0.3699072206534893 0.521880293619424 0.08632513110125051 0.0189158667419537
0 0.5594997983057685 0.5211744776962168 0.2734973779749899 0.057029926595143984
0 0.7047196450181524 0.5319028797289667 0.01290843081887858 0.018633540372670808
0 0.7569584509883017 0.5187747035573123 0.05445744251714401 0.014398644833427442
0 0.22065348931020573 0.5784867306606437 0.14764017749092376 0.04291360813099943
0 0.34227511093182733 0.5697346132128741 0.06655909640984267 0.049689440993788817
0 0.44937474788221055 0.5666290231507622 0.1565147236789028 0.028797289666854884
0 0.545179507866075 0.5680406549971767 0.027833803953206938 0.028232636928289104
0 0.6347317466720451 0.5659232072275551 0.1189995966115369 0.048842461885940144
0 0.7521177894312223 0.5741106719367589 0.10528438886647842 0.048842461885940144
0 0.846107301331182 0.564652738565782 0.08511496571198064 0.021456804065499716
0 0.17123840258168616 0.6233766233766234 0.030254134731746672 0.015810276679841896
0 0.28398547801532875 0.614059853190288 0.15893505445744252 0.03613777526821005
0 0.4312222670431626 0.6187182382834556 0.12020976200080678 0.0251270468661773
0 0.5962081484469545 0.626764539808018 0.23719241629689392 0.04799548277809147
0 0.7821702299314239 0.6120835686053078 0.09681323114158935 0.030491247882552232
0 0.8473174667204518 0.6243647656691135 0.003630496167809601 0.004234895539243365
0 0.18152480839048002 0.66600790513834 0.05405405405405406 0.04009034443817053
0 0.30233965308592176 0.6706662902315076 0.18031464300121017 0.02456239412761152
0 0.4386849536103267 0.665725578769057 0.0754336425978217 0.033314511575381144
0 0.4937474788221057 0.6791360813099944 0.007260992335619202 0.003105590062111801
0 0.5395320693828156 0.6655844155844156 0.0681726502622025 0.03077357425183512
0 0.6665994352561517 0.6650197628458498 0.15853166599435256 0.027385657820440428
0 0.8112141992739008 0.6637492941840768 0.1290843081887858 0.05307735742518351
0 0.2656313029447358 0.7185206098249577 0.22065348931020573 0.03500846979107849
0 0.44352561516740624 0.7172501411631846 0.05526421944332392 0.03077357425183512
0 0.5619201290843082 0.7175324675324676 0.1371520774505849 0.03303218520609825
0 0.7057281161758774 0.7186617730095991 0.12384025816861638 0.0471485036702428
0 0.808995562726906 0.7120271033314511 0.06010488100040339 0.029926595143986448
0 0.8951189995966116 0.7155561829474872 0.10568777732956837 0.03020892151326934
0 0.9390883420734167 0.7288255223037832 0.004033884630899556 0.002540937323546019
