0 0.09257765227914481 0.11575381140598531 0.04235578862444534 0.020892151326933936
0 0.1399757966922146 0.1150479954827781 0.06736587333602259 0.021456804065499716
0 0.17466720451795079 0.11293054771315642 0.043969342476805166 0.017221908526256352
0 0.18737394110528438 0.11293054771315642 0.014521984671238403 0.01355166572557877
0 0.2309398951189996 0.1163184641445511 0.06776926179911255 0.018068887634105024
0 0.25110931827349736 0.1132128740824393 0.016942315449778138 0.01383399209486166
0 0.27934651068979427 0.116600790513834 0.03872529245663574 0.027385657820440428
0 0.29306171843485274 0.11222473178994918 0.011294876966518758 0.006493506493506494
0 0.32210568777732956 0.11575381140598531 0.035498184751916094 0.01383399209486166
0 0.3410649455425575 0.11801242236024845 0.021782977006857603 0.024844720496894408
0 0.35841064945542556 0.11434217955957086 0.024203307785397338 0.012987012987012988
0 0.38866478418717226 0.11462450592885376 0.038321903993545785 0.016657255787690572
0 0.42073416700282373 0.11547148503670243 0.04033884630899556 0.011857707509881422
0 0.10407422347720856 0.19127611518915866 0.06736587333602259 0.014963297571993224
0 0.1563130294473578 0.19085262563523434 0.06494554255748286 0.012704686617730096
0 0.20371117386042759 0.19127611518915866 0.07220653489310205 0.014398644833427442
0 0.21621621621621623 0.18972332015810275 0.014521984671238403 0.01101072840203275
0 0.25312626058894716 0.19113495200451722 0.04356595401371521 0.015527950310559006
0 0.2734973779749899 0.1895821569734613 0.018959257765227916 0.012140033879164314
0 0.299717628075837 0.18929983060417843 0.02702702702702703 0.008752117447769622
0 0.327148043565954 0.19127611518915866 0.028237192416296894 0.012140033879164314
0 0.3864461476401775 0.19466403162055335 0.08713190802743041 0.02258610954263128
0 0.42960871319080274 0.19466403162055335 0.06252521177894312 0.01637492941840768
0 0.11093182734973779 0.21950875211744778 0.08309802339653086 0.023150762281197064
0 0.14199273900766438 0.2171089779785432 0.028237192416296894 0.015245623941276116
0 0.1865671641791045 0.21725014116318464 0.045986284792254944 0.012987012987012988
0 0.24485679709560307 0.21668548842461885 0.07664380798709157 0.014398644833427442
0 0.2853973376361436 0.21682665160926032 0.05889471561113352 0.01355166572557877
0 0.2934651068979427 0.21725014116318464 0.003227107704719645 0.001411631846414455
0 0.3073820088745462 0.21160361377752682 0.0052440500201694235 0.006775832862789385
0 0.33743444937474787 0.21527385657820441 0.04921339249697459 0.013269339356295878
0 0.36062928600242034 0.21725014116318464 0.040742234772085516 0.007058159232072276
0 0.37394110528438884 0.21739130434782608 0.012101653892698669 0.018633540372670808
0 0.38563937071399756 0.2140033879164314 0.011698265429608713 0.010728402032749858
0 0.4015732150060508 0.21541501976284586 0.03065752319483663 0.014963297571993224
0 0.4489713594191206 0.2165443252399774 0.07099636950383219 0.017221908526256352
0 0.11234368697055264 0.2429418407679277 0.0826946349334409 0.01383399209486166
0 0.14360629286002422 0.24237718802936195 0.021379588543767647 0.018351214003387916
0 0.18233158531665994 0.24237718802936195 0.04759983864461476 0.017504234895539244
0 0.23557886244453408 0.2450592885375494 0.08713190802743041 0.020892151326933936
0 0.2628075837031061 0.24167137210615472 0.01936264622831787 0.01693958215697346
0 0.2866075030254135 0.24435347261434218 0.02501008471157725 0.015527950310559006
0 0.2928600242033078 0.24308300395256918 0.003227107704719645 0.00282326369282891
