0 0.09983864461476402 0.11589497459062677 0.05970149253731343 0.019198193111236588
0 0.1563130294473578 0.11716544325239978 0.100040338846309 0.022303783173348392
0 0.17204517950786608 0.11547148503670243 0.018959257765227916 0.015245623941276116
0 0.2757160145219847 0.11885940146809712 0.1936264622831787 0.020892151326933936
0 0.300121016538927 0.11547148503670243 0.02501008471157725 0.009599096555618294
0 0.3190802743041549 0.11547148503670243 0.02702702702702703 0.014398644833427442
0 0.37676482452601856 0.11730660643704122 0.10689794271883823 0.0189158667419537
0 0.41629689390883423 0.11914172783738002 0.06292860024203308 0.01355166572557877
0 0.43787817668414686 0.11674195369847544 0.033481242436466316 0.014680971202710334
0 0.10891488503428802 0.14398644833427443 0.0927793465106898 0.023433088650479956
0 0.12706736587333603 0.14031620553359683 0.022589753933037516 0.014398644833427442
0 0.15227914481645824 0.14130434782608695 0.04356595401371521 0.017504234895539244
0 0.16881807180314642 0.14073969508752118 0.026220250100847116 0.007622811970638058
0 0.2035094796288826 0.14130434782608695 0.05687777329568374 0.014963297571993224
0 0.20713997579669222 0.14384528514963296 0.007260992335619202 0.007058159232072276
0 0.22730939895118998 0.14102202145680406 0.02218636546994756 0.00818746470920384
0 0.2789431222267043 0.14313946922642576 0.08955223880597014 0.017504234895539244
0 0.2835820895522388 0.14469226425748166 0.008471157724889069 0.009034443817052512
0 0.2991125453812021 0.14088085827216262 0.018152480839048003 0.012140033879164314
0 0.3245260185558693 0.14215132693393562 0.0463896732553449 0.017504234895539244
0 0.34207341670028235 0.1411631846414455 0.02379991932230738 0.007340485601355167
0 0.36809197256958454 0.14243365330321853 0.04235578862444534 0.017221908526256352
0 0.4112545381202098 0.14412761151891587 0.07624041952400161 0.017786561264822136
0 0.4411052843888665 0.1401750423489554 0.0536506655909641 0.01355166572557877
0 0.07886244453408632 0.16643139469226426 0.02702702702702703 0.014963297571993224
0 0.10044372730939895 0.1668548842461886 0.0318676885841065 0.014116318464144552
0 0.10225897539330375 0.16629023150762282 0.0024203307785397336 0.002258610954263128
0 0.1264622831787011 0.16558441558441558 0.02581686163775716 0.014116318464144552
0 0.15469947559499797 0.16614906832298137 0.03791851553045583 0.00846979107848673
0 0.1974586526825333 0.16840767927724448 0.07139975796692215 0.020609824957651044
0 0.21117386042759176 0.16600790513833993 0.01290843081887858 0.00818746470920384
0 0.24505849132714805 0.16826651609260304 0.0609116579265833 0.011857707509881422
0 0.29144816458249295 0.16671372106154714 0.08229124647035095 0.014116318464144552
0 0.29064138765631303 0.1686900056465274 0.007664380798709157 0.006775832862789385
0 0.3204921339249697 0.16629023150762282 0.03791851553045583 0.014680971202710334
0 0.3444937474788221 0.16826651609260304 0.03509479628882614 0.0189158667419537
0 0.3852359822509076 0.1665725578769057 0.07018959257765228 0.014680971202710334
0 0.39511899959661156 0.16643139469226426 0.01855586930213796 0.016657255787690572
0 0.4308188785800726 0.16671372106154714 0.06010488100040339 0.014963297571993224
0 0.09197256958450989 0.19113495200451722 0.05203711173860428 0.015810276679841896
0 0.09721661960467931 0.1932523997741389 0.00645421540943929 0.006493506493506494
0 0.1127470754336426 0.19141727837380013 0.022589753933037516 0.012704686617730096
0 0.145421540943929 0.1935347261434218 0.0500201694231545 0.018633540372670808
0 0.21500605082694635 0.1919819311123659 0.12141992739007665 0.015527950310559006
0 0.245461879790238 0.1956521739130435 0.04477611940298507 0.020892151326933936
0 0.2505042355788624 0.19424054206662902 0.00645421540943929 0.007340485601355167
0 0.2712787414279952 0.19254658385093168 0.030254134731746672 0.015245623941276116
0 0.3096006454215409 0.191699604743083 0.06131504638967326 0.015245623941276116
0 0.4372730939895119 0.19240542066629024 0.236385639370714 0.017504234895539244
0 0.15207745058491326 0.21739130434782608 0.1762807583703106 0.01637492941840768
0 0.22428398547801534 0.2183794466403162 0.1319080274304155 0.01693958215697346
0 0.3019362646228318 0.21781479390175043 0.14683340056474384 0.016657255787690572
0 0.41609519967728925 0.21922642574816487 0.21056877773295685 0.018351214003387916
0 0.11778943122226704 0.2419536984754376 0.09479628882613957 0.015810276679841896
0 0.1446147640177491 0.2425183512140034 0.04437273093989512 0.012704686617730096
0 0.15570794675272287 0.24167137210615472 0.01290843081887858 0.010728402032749858
0 0.15691811214199275 0.2413890457368718 0.0028237192416296895 0.002258610954263128
0 0.1827349737797499 0.2419536984754376 0.028237192416296894 0.012704686617730096
0 0.2309398951189996 0.24308300395256918 0.08551835417507059 0.018068887634105024
0 0.2603872529245664 0.24280067758328627 0.03953206938281565 0.015245623941276116
0 0.3055667607906414 0.24265951439864483 0.07462686567164178 0.015810276679841896
0 0.3622428398547802 0.2468944099378882 0.09640984267849939 0.023433088650479956
0 0.3971359419120613 0.2429418407679277 0.0536506655909641 0.016092603049124788
0 0.11698265429608713 0.2691981931112366 0.09802339653085922 0.018351214003387916
0 0.1438079870915692 0.2673630717108978 0.035901573215006054 0.016657255787690572
0 0.1661960467930617 0.2672219085262564 0.02944735780556676 0.015810276679841896
0 0.20330778539733763 0.26778656126482214 0.04195240016135539 0.010446075663466968
0 0.24324324324324326 0.26877470355731226 0.0609116579265833 0.01693958215697346
0 0.2668414683340056 0.2682100508187465 0.03065752319483663 0.017221908526256352
0 0.3073820088745462 0.2682100508187465 0.06776926179911255 0.015810276679841896
0 0.3691004437273094 0.2723037831733484 0.10851149657119806 0.02258610954263128
0 0.36950383219039934 0.2696216826651609 0.004840661557079467 0.003105590062111801
