0 360.04638967325536 890.0107284020328 0.0927793465106898 0.021456804065499716
0 601.0280354981847 893.0110107284021 0.056070996369503835 0.0220214568040655
0 765.0129084308189 902.0101637492942 0.02581686163775716 0.020327498588368152
0 875.0338846308996 881.0138339920949 0.06776926179911255 0.02766798418972332
0 1051.0538523598225 885.0136928289102 0.10770471964501815 0.027385657820440428
0 1324.0018152480839 968.0015527950311 0.003630496167809601 0.003105590062111801
0 1373.0076643807988 882.0038114059853 0.015328761597418314 0.007622811970638058
0 1401.0433642597823 885.0131281761717 0.08672851956434045 0.026256352343308864
0 1626.06918112142 875.014963297572 0.1383622428398548 0.029926595143986448
0 1960.0227914481645 885.0132693393563 0.045582896329164985 0.026538678712591756
0 336.08309802339653 1068.014963297572 0.1661960467930617 0.029926595143986448
0 787.0437676482453 1127.004376058724 0.08753529649052037 0.008752117447769622
0 1029.0324727712787 1082.010304912479 0.06494554255748286 0.020609824957651044
0 1211.0246066962484 1093.0117165443253 0.04921339249697459 0.023433088650479956
0 1363.0211778943121 1082.0131281761717 0.04235578862444534 0.026256352343308864
0 1486.0302541347316 1078.0101637492942 0.060508269463493344 0.020327498588368152
0 1668.0471964501814 1032.0176453980803 0.09439290036304962 0.035290796160361376
0 1960.0419524001613 1072.0114342179559 0.08390480032271078 0.022868435911914172
0 379.07785397337636 1575.02159796725 0.15570794675272287 0.04319593450028233
0 802.069584509883 1588.0141163184642 0.13916901976603469 0.028232636928289104
0 1121.0048406615572 1681.0021174477697 0.009681323114158934 0.004234895539243365
0 1192.033682936668 1597.012563523433 0.06736587333602259 0.0251270468661773
0 1386.07442517144 1584.0183512140034 0.14885034288019364 0.03670242800677583
0 1763.0213795885438 1605.0112930547714 0.042759177087535294 0.02258610954263128
0 1894.035498184752 1595.0134105025409 0.07099636950383219 0.026821005081874648
0 396.0794675272287 1947.0153867871259 0.15893505445744252 0.03077357425183512
0 814.0024203307786 2039.0018351214003 0.004840661557079467 0.0036702428006775835
0 888.0242033077853 1981.008610954263 0.048406615570794675 0.017221908526256352
0 1051.0818878580073 1951.018492377188 0.16377571601452198 0.03698475437605872
0 1472.0516337232755 1954.012563523433 0.10326744655102864 0.0251270468661773
0 1728.0157321500606 1972.0100225861095 0.03146430012101654 0.020045172219085264
0 1803.0217829770068 1967.0111518915867 0.04356595401371521 0.022303783173348392
0 1924.0548608309803 1952.0146809712028 0.10972166196046793 0.029361942405420668
