0 0.1036708350141186 0.11236589497459062 0.05929810407422348 0.02456239412761152
0 0.17144009681323114 0.11956521739130435 0.100040338846309 0.039525691699604744
0 0.2392093586123437 0.11180124223602485 0.10246066962484873 0.021739130434782608
0 0.27954820492133925 0.11180124223602485 0.03993545784590561 0.02258610954263128
0 0.3301734570391287 0.1209768492377188 0.07946752722872126 0.03867871259175607
0 0.37031060911657926 0.11222473178994918 0.0609116579265833 0.01101072840203275
0 0.3743444937474788 0.11151891586674195 0.0024203307785397336 0.0016939582156973462
0 0.38886647841871724 0.10361377752682101 0.0024203307785397336 0.003105590062111801
0 0.3926986688180718 0.11109542631281762 0.004033884630899556 0.012140033879164314
0 0.40681726502622023 0.11109542631281762 0.022993142396127472 0.020327498588368152
0 0.1044776119402985 0.13706945228684358 0.05929810407422348 0.014963297571993224
0 0.1444130697862041 0.14201016374929418 0.04356595401371521 0.021739130434782608
0 0.19322307382008874 0.13692828910220214 0.05687777329568374 0.020327498588368152
0 0.23013311819281967 0.13650479954827782 0.033884630899556276 0.018068887634105024
0 0.27208551835417505 0.13664596273291926 0.05526421944332392 0.019762845849802372
0 0.28176684146833403 0.1411631846414455 0.004840661557079467 0.009881422924901186
0 0.2900363049616781 0.13114059853190288 0.0028237192416296895 0.008752117447769622
0 0.3152480839048003 0.13692828910220214 0.033481242436466316 0.019198193111236588
0 0.3646631706333199 0.13791643139469226 0.07946752722872126 0.0220214568040655
0 0.41589350544574427 0.1373517786561265 0.08672851956434045 0.02456239412761152
0 0.42073416700282373 0.13763410502540938 0.005647438483259379 0.003105590062111801
0 0.09237595804759983 0.18661773009599097 0.042759177087535294 0.021174477696216828
0 0.11073013311819283 0.18647656691134953 0.0052440500201694235 0.020045172219085264
0 0.12343686970552642 0.18647656691134953 0.021782977006857603 0.022868435911914172
0 0.16276724485679708 0.18746470920383965 0.055667607906413875 0.021174477696216828
0 0.22972972972972974 0.18831168831168832 0.10649455425574829 0.020892151326933936
0 0.23396530859217426 0.18718238283455674 0.003630496167809601 0.00282326369282891
0 0.23860427591770875 0.18337097684923773 0.004033884630899556 0.01383399209486166
0 0.25756353368293666 0.1795595708639187 0.0024203307785397336 0.00846979107848673
0 0.28055667607906415 0.19621682665160925 0.0391286809197257 0.04009034443817053
0 0.31686163775716014 0.18788819875776397 0.04154901169826543 0.023715415019762844
0 0.3416700282371924 0.18774703557312253 0.04033884630899556 0.020327498588368152
0 0.345502218636547 0.1880293619424054 0.0028237192416296895 0.0016939582156973462
0 0.3491327148043566 0.18026538678712592 0.003630496167809601 0.010446075663466968
0 0.37696651875756354 0.18774703557312253 0.029043969342476807 0.023997741389045736
0 0.1073013311819282 0.21230942970073405 0.07180314643001211 0.022868435911914172
0 0.16337232755143202 0.21414455110107283 0.07785397337636143 0.02710333145115754
0 0.21218233158531666 0.21357989836250707 0.053247277127874144 0.023433088650479956
0 0.3073820088745462 0.2224731789949181 0.14965711980637353 0.04121964991530209
0 0.31242436466317064 0.21202710333145117 0.0024203307785397336 0.001976284584980237
0 0.3263412666397741 0.20581592320722755 0.0028237192416296895 0.005928853754940711
0 0.33965308592174265 0.21301524562394128 0.02501008471157725 0.01948051948051948
0 0.3553852359822509 0.21301524562394128 0.025413473174667203 0.021739130434782608
0 0.3783783783783784 0.2140033879164314 0.030254134731746672 0.0189158667419537
0 0.4058087938684954 0.21428571428571427 0.043162565550625254 0.02456239412761152
0 0.4110528438886648 0.21414455110107283 0.0052440500201694235 0.005081874647092038
0 0.11597418313836225 0.24336533032185206 0.08592174263816055 0.03387916431394692
0 0.1280758370310609 0.2381422924901186 0.01855586930213796 0.020609824957651044
0 0.1754739814441307 0.24025974025974026 0.06292860024203308 0.024280067758328628
0 0.17749092375958048 0.24025974025974026 0.0024203307785397336 0.002540937323546019
0 0.22388059701492538 0.23898927159796726 0.050826946349334406 0.022303783173348392
0 0.2583703106091166 0.24435347261434218 0.048406615570794675 0.03500846979107849
0 0.2987091569181121 0.24463579898362506 0.04235578862444534 0.0251270468661773
0 0.3301734570391287 0.23898927159796726 0.03953206938281565 0.012140033879164314
0 0.3753529649052037 0.2471767363071711 0.06010488100040339 0.037267080745341616
0 0.11254538120209762 0.27004517221908525 0.07987091569181122 0.03557312252964427
0 0.16317063331988704 0.2628458498023715 0.04235578862444534 0.024280067758328628
0 0.20532472771278742 0.264257481648786 0.05889471561113352 0.0220214568040655
0 0.2462686567164179 0.27004517221908525 0.0500201694231545 0.023715415019762844
0 0.2874142799515934 0.26341050254093734 0.05929810407422348 0.02258610954263128
0 0.3410649455425575 0.2660926030491248 0.06292860024203308 0.02456239412761152
0 0.3646631706333199 0.26312817617165446 0.018959257765227916 0.022303783173348392
0 0.38563937071399756 0.2725861095426313 0.0318676885841065 0.03980801806888763
0 0.11496571198063735 0.28839638622247316 0.0790641387656313 0.023997741389045736
0 0.1672045179507866 0.29361942405420666 0.04961678096006454 0.034443817052512704
0 0.1736587333602259 0.28740824392998304 0.0028237192416296895 0.0033879164313946925
0 0.17789431222267044 0.28049124788255225 0.003630496167809601 0.00818746470920384
