0 0.07079467527228721 0.10954263128176171 0.002016942315449778 0.008752117447769622
0 0.08773699072206535 0.1147656691134952 0.022589753933037516 0.021174477696216828
0 0.09741831383622429 0.1147656691134952 0.01371520774505849 0.018633540372670808
0 0.12868091972569584 0.1144833427442123 0.04800322710770472 0.01637492941840768
0 0.16982654296087132 0.11405985319028797 0.06938281565147236 0.021174477696216828
0 0.17708753529649052 0.11349520045172219 0.0028237192416296895 0.0016939582156973462
0 0.1881807180314643 0.1144833427442123 0.009681323114158934 0.018633540372670808
0 0.236385639370714 0.11462450592885376 0.08309802339653086 0.014398644833427442
0 0.2823719241629689 0.12083568605307736 0.07503025413473174 0.030491247882552232
0 0.31887858007260994 0.11589497459062677 0.055667607906413875 0.018068887634105024
0 0.32432432432432434 0.1150479954827781 0.0024203307785397336 0.001411631846414455
0 0.32755143202904397 0.11038961038961038 0.0024203307785397336 0.004799548277809147
0 0.35296490520371115 0.11589497459062677 0.0326744655102864 0.018351214003387916
0 0.40298507462686567 0.11561264822134387 0.08188785800726099 0.022868435911914172
0 0.14421137555465913 0.14596273291925466 0.14804356595401372 0.03359683794466403
0 0.16337232755143202 0.13890457368718237 0.023396530859217425 0.016657255787690572
0 0.19786204114562322 0.13946922642574816 0.05203711173860428 0.020609824957651044
0 0.23053650665590963 0.1398927159796725 0.04517950786607503 0.018351214003387916
0 0.28378378378378377 0.14680971202710333 0.08793868495361033 0.03303218520609825
0 0.3128277531262606 0.1401750423489554 0.03953206938281565 0.0189158667419537
0 0.31787010891488504 0.14045736871823827 0.0024203307785397336 0.0016939582156973462
0 0.08229124647035095 0.16516092603049123 0.02379991932230738 0.021739130434782608
0 0.1099233561920129 0.16544325239977414 0.04154901169826543 0.01383399209486166
0 0.12484872932634127 0.16572557876905702 0.013311819281968536 0.01129305477131564
0 0.15510286405808793 0.16459627329192547 0.04719645018152481 0.010728402032749858
0 0.21419927390076643 0.17038396386222474 0.10084711577248891 0.029644268774703556
0 0.2208551835417507 0.16854884246188595 0.0016135538523598225 0.007340485601355167
0 0.2509076240419524 0.16572557876905702 0.04719645018152481 0.019198193111236588
0 0.27047196450181527 0.16586674195369847 0.021379588543767647 0.010728402032749858
0 0.29709560306575233 0.16643139469226426 0.03711173860427592 0.0189158667419537
0 0.33642597821702297 0.16572557876905702 0.06252521177894312 0.022303783173348392
0 0.38120209762000806 0.1727837380011293 0.07220653489310205 0.03698475437605872
0 0.42053247277127875 0.17447769621682666 0.06333198870512304 0.03811405985319029
0 0.08531665994352562 0.18944099378881987 0.0318676885841065 0.017786561264822136
0 0.13251311012505043 0.1960756634669678 0.07301331181928197 0.035290796160361376
0 0.17386042759177087 0.19579333709768493 0.06333198870512304 0.028514963297571992
0 0.24162968939088342 0.19057029926595143 0.11536910044372731 0.019762845849802372
0 0.3152480839048003 0.19833427442123094 0.12787414279951592 0.03896103896103896
0 0.33844292053247277 0.19155844155844157 0.02581686163775716 0.020327498588368152
0 0.3741427995159338 0.19042913608130999 0.05687777329568374 0.021739130434782608
0 0.38140379185155304 0.191699604743083 0.0028237192416296895 0.00282326369282891
0 0.08007260992335619 0.2161208356860531 0.02379991932230738 0.020327498588368152
0 0.13957240822912464 0.21569734613212874 0.10044372730939895 0.01948051948051948
0 0.17930617184348527 0.21668548842461885 0.05808793868495361 0.019762845849802372
0 0.19866881807180314 0.2155561829474873 0.019766034691407825 0.018633540372670808
0 0.2668414683340056 0.21597967250141162 0.118192819685357 0.023433088650479956
0 0.2753126260588947 0.21569734613212874 0.003227107704719645 0.003105590062111801
0 0.3356192012908431 0.22261434217955958 0.10286405808793868 0.035290796160361376
0 0.3580072609923356 0.21569734613212874 0.035901573215006054 0.017786561264822136
0 0.4213392496974587 0.21597967250141162 0.10931827349737798 0.021739130434782608
0 0.07765227914481646 0.24604743083003952 0.017749092375958047 0.028797289666854884
0 0.1518757563533683 0.24167137210615472 0.127470754336426 0.015245623941276116
0 0.19866881807180314 0.2413890457368718 0.07745058491327148 0.021456804065499716
0 0.22206534893102056 0.24110671936758893 0.029850746268656716 0.01355166572557877
0 0.23699072206534894 0.24153020892151328 0.016942315449778138 0.00846979107848673
0 0.2658329971762808 0.2471767363071711 0.03993545784590561 0.027385657820440428
0 0.30879386849536106 0.2422360248447205 0.06857603872529246 0.020609824957651044
0 0.34187172246873737 0.24774138904573687 0.048406615570794675 0.034161490683229816
0 0.34933440903590157 0.24124788255223037 0.0028237192416296895 0.001411631846414455
