0 0.10609116579265833 0.13692828910220214 0.04154901169826543 0.021739130434782608
0 0.14058087938684954 0.13565782044042915 0.04881000403388463 0.012422360248447204
0 0.19846712384025816 0.14201016374929418 0.09640984267849939 0.03020892151326934
0 0.23013311819281967 0.1357989836250706 0.03751512706736587 0.016657255787690572
0 0.29064138765631303 0.1357989836250706 0.09035901573215006 0.0189158667419537
0 0.33642597821702297 0.13650479954827782 0.05970149253731343 0.015527950310559006
0 0.42416296893908834 0.1373517786561265 0.15248083904800322 0.018351214003387916
0 0.12384025816861638 0.16134952004517222 0.07301331181928197 0.017504234895539244
0 0.21056877773295685 0.16134952004517222 0.13392496974586526 0.01637492941840768
0 0.2498991528842275 0.16149068322981366 0.05808793868495361 0.016657255787690572
0 0.31323114158935056 0.16741953698475437 0.09681323114158935 0.030491247882552232
0 0.3426784993949173 0.16205533596837945 0.03146430012101654 0.011857707509881422
0 0.37938684953610324 0.1637492941840768 0.04356595401371521 0.017786561264822136
0 0.4334409035901573 0.1691134952004517 0.08793868495361033 0.023715415019762844
0 0.12868091972569584 0.18690005646527386 0.08148446954417103 0.018351214003387916
0 0.16942315449778136 0.1935347261434218 0.0391286809197257 0.03274985883681536
0 0.24586526825332797 0.1876058723884811 0.11738604275917709 0.01693958215697346
0 0.30032271077047196 0.18661773009599097 0.07704719645018153 0.015810276679841896
0 0.3628479225494151 0.18746470920383965 0.07987091569181122 0.017504234895539244
0 0.41528842275110933 0.19127611518915866 0.10326744655102864 0.02456239412761152
0 0.4164985881403792 0.1907114624505929 0.00927793465106898 0.00818746470920384
0 0.1044776119402985 0.21019198193111235 0.026623638563937072 0.020327498588368152
0 0.18051633723275515 0.2121682665160926 0.12464703509479629 0.017504234895539244
0 0.18192819685356998 0.21470920383963862 0.011698265429608713 0.00846979107848673
0 0.24041952400161357 0.21160361377752682 0.07018959257765228 0.010728402032749858
0 0.34530052440500203 0.22190852625635235 0.1609519967728923 0.031055900621118012
0 0.3771682129891085 0.21230942970073405 0.027833803953206938 0.01637492941840768
0 0.4267849939491731 0.21583850931677018 0.08511496571198064 0.02710333145115754
0 0.11657926583299717 0.23630717108977978 0.050826946349334406 0.015245623941276116
0 0.17164179104477612 0.23715415019762845 0.052843888664784185 0.018351214003387916
0 0.2498991528842275 0.23673066064370413 0.09318273497377975 0.012140033879164314
0 0.25433642597821704 0.23715415019762845 0.0024203307785397336 0.001411631846414455
0 0.3765631302944736 0.24632975719932243 0.20371117386042759 0.03670242800677583
0 0.37878176684146836 0.24280067758328627 0.009681323114158934 0.009881422924901186
0 0.4128680919725696 0.23828345567476003 0.033884630899556276 0.0189158667419537
0 0.12565550625252117 0.26228119706380576 0.06212182331585317 0.012422360248447204
0 0.218233158531666 0.2673630717108978 0.13392496974586526 0.03020892151326934
0 0.21843485276321098 0.2648221343873518 0.009681323114158934 0.007622811970638058
0 0.2613957240822912 0.262987012987013 0.04437273093989512 0.0220214568040655
0 0.35619201290843083 0.27117447769621683 0.14885034288019364 0.03472614342179559
0 0.43787817668414686 0.262987012987013 0.12989108511496572 0.018633540372670808
0 0.1244453408632513 0.28712591756070016 0.07301331181928197 0.018351214003387916
0 0.17103670835014118 0.2867024280067758 0.043969342476805166 0.017221908526256352
0 0.23941105284388867 0.2867024280067758 0.0935861234368697 0.01101072840203275
0 0.30778539733763616 0.28712591756070016 0.08148446954417103 0.016092603049124788
0 0.3612343686970553 0.2878317334839074 0.06696248487293263 0.012140033879164314
0 0.43828156514723676 0.29460756634669677 0.12787414279951592 0.03162055335968379
0 0.19322307382008874 0.3177583286278938 0.1964501815248084 0.028797289666854884
0 0.25433642597821704 0.31182947487295315 0.08672851956434045 0.01637492941840768
0 0.3467123840258169 0.3170525127046866 0.1427995159338443 0.029361942405420668
0 0.4419120613150464 0.3170525127046866 0.16216216216216217 0.02456239412761152
0 0.11052843888664785 0.3361095426312818 0.03953206938281565 0.01383399209486166
0 0.13957240822912464 0.33766233766233766 0.021379588543767647 0.012704686617730096
0 0.2680516337232755 0.34105025409373235 0.2073416700282372 0.025691699604743084
0 0.31444130697862044 0.33766233766233766 0.05405405405405406 0.0189158667419537
0 0.42073416700282373 0.338085827216262 0.17749092375958048 0.0189158667419537
0 0.1099233561920129 0.36264822134387353 0.03509479628882614 0.014116318464144552
0 0.18596208148446955 0.36589497459062675 0.11214199273900767 0.025974025974025976
0 0.2537313432835821 0.3622247317899492 0.08471157724889068 0.013269339356295878
0 0.36930213795885436 0.37111801242236025 0.19443323920935862 0.036420101637492944
0 0.3751512706736587 0.3632128740824393 0.0024203307785397336 0.001976284584980237
0 0.418313836224284 0.3632128740824393 0.05163372327551432 0.020892151326933936
