0 0.09398951189995966 0.14003387916431395 0.048406615570794675 0.019198193111236588
0 0.13311819281968534 0.14695087521174477 0.05687777329568374 0.021739130434782608
0 0.13876563130294473 0.14144551101072841 0.0024203307785397336 0.004517221908526256
0 0.14804356595401372 0.14144551101072841 0.006857603872529245 0.004517221908526256
0 0.1734570391286809 0.13975155279503104 0.033481242436466316 0.009316770186335404
0 0.20572811617587736 0.14102202145680406 0.04356595401371521 0.009881422924901186
0 0.23941105284388867 0.1466685488424619 0.04195240016135539 0.032467532467532464
0 0.27934651068979427 0.1417278373800113 0.05889471561113352 0.021174477696216828
0 0.3602258975393304 0.1422924901185771 0.13916901976603469 0.024280067758328628
0 0.40318676885841065 0.14144551101072841 0.06655909640984267 0.021174477696216828
0 0.4376764824526019 0.14695087521174477 0.058491327148043566 0.03359683794466403
0 0.44150867285195644 0.14285714285714285 0.004840661557079467 0.006493506493506494
0 0.1127470754336426 0.16939582156973462 0.09318273497377975 0.027385657820440428
0 0.13412666397741024 0.16629023150762282 0.011698265429608713 0.008752117447769622
0 0.17486889874949577 0.16572557876905702 0.06897942718838242 0.022868435911914172
0 0.22327551432029044 0.16671372106154714 0.06978620411456232 0.010163749294184076
0 0.2535296490520371 0.16996047430830039 0.033884630899556276 0.026256352343308864
0 0.27753126260588945 0.1665725578769057 0.03227107704719645 0.009599096555618294
0 0.3128277531262606 0.16770186335403728 0.0500201694231545 0.010728402032749858
0 0.36042759177087536 0.16643139469226426 0.0782573618394514 0.024280067758328628
0 0.39552238805970147 0.17193675889328064 0.057684550221863654 0.01948051948051948
0 0.4538120209762001 0.17165443252399773 0.10205728116175877 0.028232636928289104
0 0.07503025413473174 0.19042913608130999 0.01371520774505849 0.009316770186335404
0 0.10568777732956837 0.19057029926595143 0.04437273093989512 0.023150762281197064
0 0.11052843888664785 0.19127611518915866 0.004033884630899556 0.001976284584980237
0 0.1389673255344897 0.19085262563523434 0.026623638563937072 0.019762845849802372
0 0.15732150060508268 0.19254658385093168 0.02379991932230738 0.024844720496894408
0 0.2035094796288826 0.19268774703557312 0.0653489310205728 0.012140033879164314
0 0.24485679709560307 0.1979107848673066 0.05486083098023396 0.021456804065499716
0 0.2972972972972973 0.1922642574816488 0.08148446954417103 0.022868435911914172
0 0.34489713594191207 0.19268774703557312 0.06494554255748286 0.023433088650479956
0 0.3755546591367487 0.191699604743083 0.03469140782573618 0.020609824957651044
0 0.41528842275110933 0.19268774703557312 0.05405405405405406 0.0220214568040655
0 0.4483662767244857 0.19649915302089216 0.060508269463493344 0.029644268774703556
0 0.08652682533279549 0.21753246753246752 0.03791851553045583 0.01129305477131564
0 0.11718434852763211 0.21979107848673066 0.029043969342476807 0.0251270468661773
0 0.16135538523598225 0.22190852625635235 0.05808793868495361 0.019762845849802372
0 0.24768051633723276 0.221485036702428 0.14965711980637353 0.030491247882552232
0 0.25413473174667206 0.21979107848673066 0.004840661557079467 0.009034443817052512
0 0.28862444534086323 0.22332015810276679 0.050826946349334406 0.03472614342179559
0 0.31141589350544574 0.21753246753246752 0.04154901169826543 0.0220214568040655
0 0.3592174263816055 0.21795595708639187 0.07341670028237192 0.0220214568040655
0 0.45582896329164985 0.21823828345567475 0.17386042759177087 0.019198193111236588
0 0.0982250907624042 0.24181253529079616 0.055667607906413875 0.019198193111236588
0 0.14582492940701897 0.24181253529079616 0.07139975796692215 0.020327498588368152
0 0.1974586526825333 0.2425183512140034 0.06897942718838242 0.021174477696216828
0 0.24768051633723276 0.24280067758328627 0.06171843485276321 0.022868435911914172
0 0.25554659136748686 0.2425183512140034 0.003630496167809601 0.001976284584980237
0 0.2745058491327148 0.24308300395256918 0.02016942315449778 0.020045172219085264
0 0.2956837434449375 0.2429418407679277 0.02864058087938685 0.020892151326933936
0 0.32977006857603874 0.24858836815358554 0.05203711173860428 0.03274985883681536
0 0.34751916095199675 0.24364765669113495 0.014925373134328358 0.005928853754940711
0 0.3864461476401775 0.24336533032185206 0.057684550221863654 0.022868435911914172
0 0.4290036304961678 0.24971767363071712 0.07624041952400161 0.03303218520609825
0 0.45219846712384026 0.24265951439864483 0.03227107704719645 0.020892151326933936
0 0.45461879790237997 0.24463579898362506 0.0028237192416296895 0.00282326369282891
0 0.09782170229931424 0.26651609260304915 0.048406615570794675 0.01948051948051948
0 0.10145219846712385 0.2691981931112366 0.003227107704719645 0.006775832862789385
0 0.1228317870108915 0.268068887634105 0.021782977006857603 0.01693958215697346
0 0.15510286405808793 0.2682100508187465 0.0536506655909641 0.009599096555618294
0 0.20673658733360226 0.268068887634105 0.06897942718838242 0.011857707509881422
0 0.25010084711577246 0.2713156408808583 0.06252521177894312 0.030491247882552232
0 0.2779346510689794 0.2684923771880294 0.03751512706736587 0.018633540372670808
0 0.3380395320693828 0.2686335403726708 0.0899556272690601 0.023715415019762844
0 0.3751512706736587 0.2725861095426313 0.04800322710770472 0.03162055335968379
0 0.41851553045582895 0.2728684359119142 0.06575231948366277 0.033314511575381144
0 0.4507866075030254 0.2684923771880294 0.052843888664784185 0.0220214568040655
0 0.4540137152077451 0.27188029361942406 0.004840661557079467 0.007905138339920948
0 0.09479628882613957 0.292772444946358 0.052843888664784185 0.018068887634105024
0 0.13937071399757966 0.2920666290231508 0.06736587333602259 0.008752117447769622
0 0.16922146026623638 0.2937605872388481 0.03711173860427592 0.020045172219085264
0 0.218233158531666 0.2930547713156409 0.06897942718838242 0.026538678712591756
0 0.30254134731746674 0.29700734048560135 0.1444130697862041 0.031338226990400904
0 0.336022589753933 0.29757199322416716 0.04033884630899556 0.03020892151326934
0 0.3773699072206535 0.29672501411631846 0.06252521177894312 0.03020892151326934
0 0.4118596208148447 0.2933370976849238 0.04356595401371521 0.0220214568040655
0 0.44493747478822104 0.2995482778091474 0.0609116579265833 0.037549407114624504
0 0.44876966518757566 0.2961603613777527 0.003630496167809601 0.004799548277809147
0 0.09096409842678499 0.3176171654432524 0.042759177087535294 0.019762845849802372
0 0.1389673255344897 0.31832298136645965 0.06655909640984267 0.0220214568040655
0 0.1482452601855587 0.3201581027667984 0.004840661557079467 0.00846979107848673
0 0.18515530455828963 0.31832298136645965 0.05445744251714401 0.02456239412761152
0 0.2591770875352965 0.32269904009034445 0.11577248890681727 0.03274985883681536
0 0.2668414683340056 0.3198757763975155 0.0052440500201694235 0.007905138339920948
0 0.28842275110931825 0.3181818181818182 0.02501008471157725 0.021739130434782608
0 0.32553448971359417 0.3188876341050254 0.05526421944332392 0.018351214003387916
0 0.345703912868092 0.3186053077357425 0.026220250100847116 0.0189158667419537
0 0.354780153287616 0.3207227555053642 0.004840661557079467 0.006775832862789385
0 0.39209358612343687 0.32523997741389044 0.06736587333602259 0.038396386222473176
0 0.4409035901573215 0.31959345002823264 0.07664380798709157 0.024280067758328628
0 0.445542557482856 0.32241671372106157 0.00645421540943929 0.007340485601355167
0 0.09237595804759983 0.34288537549407117 0.0463896732553449 0.01129305477131564
0 0.13937071399757966 0.34345002823263693 0.06171843485276321 0.01129305477131564
0 0.2263009277934651 0.34330886504799546 0.14158935054457442 0.023715415019762844
0 0.2317466720451795 0.34288537549407117 0.004437273093989512 0.002258610954263128
