0 0.0935861234368697 0.1144833427442123 0.045582896329164985 0.018633540372670808
0 0.12868091972569584 0.11518915866741954 0.0536506655909641 0.020045172219085264
0 0.16821298910851148 0.1212591756070017 0.06696248487293263 0.03500846979107849
0 0.2029043969342477 0.11462450592885376 0.05808793868495361 0.020609824957651044
0 0.2603872529245664 0.11575381140598531 0.08592174263816055 0.023715415019762844
0 0.33985478015328763 0.11575381140598531 0.14521984671238403 0.0189158667419537
0 0.3741427995159338 0.11645962732919254 0.04961678096006454 0.017221908526256352
0 0.41488503428801937 0.11561264822134387 0.07260992335619201 0.023997741389045736
0 0.10225897539330375 0.16586674195369847 0.05889471561113352 0.023715415019762844
0 0.1399757966922146 0.1647374364765669 0.0572811617587737 0.021456804065499716
0 0.16841468334005646 0.16459627329192547 0.026623638563937072 0.017504234895539244
0 0.2127874142799516 0.16826651609260304 0.07462686567164178 0.026538678712591756
0 0.2444534086325131 0.1671372106154715 0.033481242436466316 0.026256352343308864
0 0.29689390883420735 0.17546583850931677 0.09156918112141993 0.042631281761716544
0 0.32573618394513915 0.16614906832298137 0.03227107704719645 0.021456804065499716
0 0.3590157321500605 0.16445511010728403 0.04759983864461476 0.020045172219085264
0 0.4302137958854377 0.1717955957086392 0.11859620814844696 0.03274985883681536
0 0.08350141185962082 0.18929983060417843 0.02743041549011698 0.019762845849802372
0 0.12787414279951592 0.1907114624505929 0.06292860024203308 0.019762845849802372
0 0.16337232755143202 0.18972332015810275 0.04961678096006454 0.019198193111236588
0 0.19665187575635337 0.1895821569734613 0.051230334812424366 0.020327498588368152
0 0.26119402985074625 0.1935347261434218 0.10286405808793868 0.028232636928289104
0 0.3338039532069383 0.19042913608130999 0.11375554659136748 0.020609824957651044
0 0.3410649455425575 0.18986448334274422 0.003227107704719645 0.001976284584980237
0 0.3622428398547802 0.19127611518915866 0.02944735780556676 0.020892151326933936
0 0.39007664380798707 0.1901468097120271 0.029043969342476807 0.014680971202710334
0 0.4298104074223477 0.19268774703557312 0.0500201694231545 0.020892151326933936
0 0.12605889471561113 0.22388481084133258 0.10972166196046793 0.0378317334839074
0 0.1335215812827753 0.21964991530208922 0.00645421540943929 0.007622811970638058
0 0.17708753529649052 0.22501411631846416 0.06736587333602259 0.03811405985319029
0 0.22609923356192013 0.2180971202710333 0.07422347720855184 0.023150762281197064
0 0.25655506252521176 0.21753246753246752 0.03227107704719645 0.018351214003387916
0 0.3578055667607906 0.22190852625635235 0.15974183138362244 0.028232636928289104
0 0.3870512303348124 0.22063805759457933 0.038321903993545785 0.029361942405420668
0 0.43787817668414686 0.21795595708639187 0.08350141185962082 0.023715415019762844
0 0.12948769665187576 0.24209486166007904 0.10810810810810811 0.022303783173348392
0 0.1518757563533683 0.2429418407679277 0.02581686163775716 0.023150762281197064
0 0.18515530455828963 0.24167137210615472 0.04477611940298507 0.021456804065499716
0 0.22166196046793063 0.2422360248447205 0.0536506655909641 0.021739130434782608
0 0.2956837434449375 0.2502823263692829 0.12020976200080678 0.036420101637492944
0 0.33763614360629285 0.24378881987577639 0.0609116579265833 0.017504234895539244
0 0.36930213795885436 0.24632975719932243 0.03227107704719645 0.03077357425183512
0 0.40137152077450583 0.24237718802936195 0.041145623235175476 0.01637492941840768
0 0.45865268253327957 0.24209486166007904 0.09398951189995966 0.021456804065499716
0 0.09519967728922953 0.2689158667419537 0.0463896732553449 0.020892151326933936
0 0.16478418717224688 0.2717391304347826 0.10972166196046793 0.029079616036137776
0 0.17305365066559097 0.26693958215697344 0.004033884630899556 0.0036702428006775835
0 0.20875352964905203 0.26792772444946356 0.052843888664784185 0.0220214568040655
0 0.26966518757563535 0.27625635234330886 0.09721661960467931 0.03896103896103896
0 0.31766841468334006 0.26750423489553926 0.063735377168213 0.021456804065499716
0 0.3301734570391287 0.2662337662337662 0.005647438483259379 0.01129305477131564
