0 0.09116579265832997 0.1163184641445511 0.05929810407422348 0.02258610954263128
0 0.0982250907624042 0.11589497459062677 0.03791851553045583 0.00846979107848673
0 0.1663977410246067 0.12224731789949181 0.12424364663170634 0.03811405985319029
0 0.1843485276321097 0.11716544325239978 0.04679306171843485 0.01355166572557877
0 0.24808390480032272 0.11688311688311688 0.11254538120209762 0.026538678712591756
0 0.2866075030254135 0.11787125917560701 0.08229124647035095 0.03020892151326934
0 0.33400564743848327 0.1287408243929983 0.10972166196046793 0.03359683794466403
0 0.37676482452601856 0.11914172783738002 0.07220653489310205 0.02710333145115754
0 0.4608713190802743 0.11801242236024845 0.15490116982654295 0.028797289666854884
0 0.07523194836627672 0.3008187464709204 0.05970149253731343 0.031055900621118012
0 0.10467930617184348 0.2930547713156409 0.040742234772085516 0.026256352343308864
0 0.15590964098426785 0.2994071146245059 0.12263009277934651 0.04686617730095991
0 0.20048406615570794 0.29587803500846976 0.1044776119402985 0.03387916431394692
0 0.21641791044776118 0.2943252399774139 0.038321903993545785 0.00846979107848673
0 0.3164582492940702 0.2963015245623941 0.1734570391286809 0.025691699604743084
0 0.4203307785397338 0.3015245623941276 0.17749092375958048 0.035290796160361376
0 0.4279951593384429 0.30011293054771315 0.020976200080677694 0.015527950310559006
0 0.06716417910447761 0.31832298136645965 0.041145623235175476 0.017504234895539244
0 0.145623235175474 0.3315923207227555 0.14239612747075434 0.05420666290231508
0 0.23557886244453408 0.32086391869000563 0.16014521984671237 0.026821005081874648
0 0.23719241629689392 0.3245341614906832 0.01653892698668818 0.009881422924901186
0 0.27188382412263007 0.32891022021456806 0.06897942718838242 0.044607566346696784
0 0.33057684550221866 0.32368718238283456 0.11133521581282775 0.034161490683229816
0 0.3880597014925373 0.3198757763975155 0.12706736587333603 0.029361942405420668
0 0.3890681726502622 0.3232636928289102 0.01371520774505849 0.008752117447769622
0 0.44493747478822104 0.3201581027667984 0.09923356192012908 0.025691699604743084
0 0.10205728116175877 0.3450028232636928 0.1036708350141186 0.027950310559006212
0 0.1399757966922146 0.35403726708074534 0.07059298104074223 0.045454545454545456
0 0.17527228721258573 0.34429700734048563 0.053247277127874144 0.022303783173348392
0 0.24485679709560307 0.3514963297571993 0.11859620814844696 0.037267080745341616
0 0.3392496974586527 0.35587238848108416 0.16942315449778136 0.040654997176736304
0 0.3416700282371924 0.34528514963297574 0.006857603872529245 0.00282326369282891
