0 0.16438079870915692 0.25268210050818746 0.02702702702702703 0.020327498588368152
0 0.25413473174667206 0.2583286278938453 0.07987091569181122 0.029926595143986448
0 0.3372327551432029 0.25691699604743085 0.035498184751916094 0.030491247882552232
0 0.40923759580476 0.2542348955392434 0.04235578862444534 0.017786561264822136
0 0.4737797498991529 0.2542348955392434 0.040742234772085516 0.020045172219085264
0 0.6187979023799919 0.2522586109542631 0.1645824929407019 0.029079616036137776
0 0.791246470350948 0.2636928289102202 0.1254538120209762 0.040654997176736304
0 0.17164179104477612 0.30561829474872954 0.050423557886244454 0.020609824957651044
0 0.2644211375554659 0.30688876341050253 0.0536506655909641 0.01129305477131564
0 0.38765631302944736 0.30632411067193677 0.13231141589350545 0.019762845849802372
0 0.5233965308592174 0.30237154150197626 0.06575231948366277 0.023150762281197064
0 0.5988301734570391 0.3105590062111801 0.03509479628882614 0.03557312252964427
0 0.6732553448971359 0.30547713156408807 0.041145623235175476 0.01637492941840768
0 0.7858007260992336 0.30787690570299264 0.11698265429608713 0.03077357425183512
0 0.8428801936264623 0.3181818181818182 0.014925373134328358 0.01129305477131564
0 0.25110931827349736 0.45976849237718803 0.21742638160548608 0.026256352343308864
0 0.4199273900766438 0.45849802371541504 0.04679306171843485 0.01355166572557877
0 0.47862041145623235 0.461038961038961 0.018959257765227916 0.006775832862789385
0 0.5903590157321501 0.45835686053077357 0.14481645824929407 0.017221908526256352
0 0.7250907624041952 0.4590626764539808 0.06171843485276321 0.015810276679841896
0 0.7654296087131908 0.47035573122529645 0.01008471157724889 0.010728402032749858
0 0.800726099233562 0.4640033879164314 0.014521984671238403 0.01101072840203275
0 0.22408229124647036 0.512987012987013 0.1674062121823316 0.02766798418972332
0 0.3872529245663574 0.5090344438170525 0.07745058491327148 0.023150762281197064
0 0.47680516337232753 0.5080463015245624 0.033884630899556276 0.017786561264822136
0 0.581484469544171 0.512987012987013 0.09802339653085922 0.034443817052512704
0 0.6716417910447762 0.5112930547713156 0.024203307785397338 0.01355166572557877
0 0.7327551432029044 0.5128458498023716 0.033481242436466316 0.008752117447769622
0 0.836829366680113 0.519339356295878 0.11496571198063735 0.026256352343308864
0 0.17567567567567569 0.5577357425183512 0.052843888664784185 0.016657255787690572
0 0.2599838644614764 0.5602766798418972 0.027833803953206938 0.027385657820440428
0 0.34630899556272693 0.5567476002258611 0.06978620411456232 0.01693958215697346
0 0.47519160951996775 0.5578769057029926 0.11940298507462686 0.021456804065499716
0 0.5443727309398951 0.5666290231507622 0.002016942315449778 0.001129305477131564
0 0.600443727309399 0.5560417843026538 0.05203711173860428 0.0189158667419537
0 0.745663574021783 0.5683229813664596 0.17708753529649052 0.03500846979107849
0 0.8769665187575635 0.5607001693958216 0.029850746268656716 0.025974025974025976
0 0.17708753529649052 0.6060135516657256 0.0572811617587737 0.022303783173348392
0 0.31423961274707546 0.6089779785431959 0.13392496974586526 0.023150762281197064
0 0.43787817668414686 0.6113777526821005 0.051230334812424366 0.010446075663466968
0 0.5671641791044776 0.6075663466967814 0.12020976200080678 0.020892151326933936
0 0.6319080274304155 0.6180124223602484 0.002016942315449778 0.0016939582156973462
0 0.672650262202501 0.6118012422360248 0.026220250100847116 0.014116318464144552
0 0.7414279951593384 0.6112365894974591 0.060508269463493344 0.018068887634105024
0 0.8420734167002824 0.6199887069452287 0.08350141185962082 0.03387916431394692
0 0.1865671641791045 0.6564088085827217 0.07462686567164178 0.02710333145115754
0 0.29386849536103266 0.6678430265386787 0.07704719645018153 0.04206662902315076
0 0.3765631302944736 0.6592320722755506 0.02864058087938685 0.02258610954263128
0 0.46954417103670837 0.659373235460192 0.10165389269866881 0.0189158667419537
0 0.563937071399758 0.6589497459062676 0.029043969342476807 0.018068887634105024
0 0.617789431222267 0.6617730095990966 0.031060911657926585 0.01355166572557877
0 0.7069382815651473 0.6674195369847544 0.10125050423557887 0.028232636928289104
0 0.7920532472771279 0.663184641445511 0.043162565550625254 0.028232636928289104
0 0.8676885841064945 0.6640316205533597 0.06857603872529246 0.014116318464144552
0 0.218233158531666 0.7106154714850367 0.12343686970552642 0.030491247882552232
0 0.3334005647438483 0.7041219649915302 0.05445744251714401 0.018633540372670808
0 0.41871722468737393 0.7080745341614907 0.05970149253731343 0.018068887634105024
0 0.5925776522791448 0.7161208356860531 0.24122630092779346 0.036420101637492944
0 0.7234772085518354 0.7188029361942405 0.0028237192416296895 0.002258610954263128
