0 0.09721661960467931 0.163184641445511 0.040742234772085516 0.023150762281197064
0 0.13957240822912464 0.16389045736871824 0.06736587333602259 0.012987012987012988
0 0.17930617184348527 0.16304347826086957 0.05486083098023396 0.010728402032749858
0 0.2200484066155708 0.1647374364765669 0.057684550221863654 0.024280067758328628
0 0.24969745865268253 0.16360813099943536 0.03227107704719645 0.022868435911914172
0 0.2944735780556676 0.16445511010728403 0.06978620411456232 0.024844720496894408
0 0.33642597821702297 0.16403162055335968 0.06413876563130294 0.01637492941840768
0 0.42396127470754336 0.17010163749294185 0.1661960467930617 0.03698475437605872
0 0.427390076643808 0.16741953698475437 0.006857603872529245 0.006775832862789385
0 0.08531665994352562 0.18845285149632976 0.019766034691407825 0.010728402032749858
0 0.1252521177894312 0.19311123658949747 0.0645421540943929 0.020892151326933936
0 0.24606696248487292 0.19551101072840205 0.22872125857200484 0.037267080745341616
0 0.2757160145219847 0.19381705251270467 0.03469140782573618 0.03190287972896669
0 0.3807987091569181 0.19536984754376058 0.20411456232351755 0.03472614342179559
0 0.427390076643808 0.1907114624505929 0.07260992335619201 0.010728402032749858
0 0.09318273497377975 0.23870694522868435 0.03227107704719645 0.028514963297571992
0 0.1500605082694635 0.23983625070581593 0.10165389269866881 0.027385657820440428
0 0.19342476805163372 0.24618859401468096 0.08390480032271078 0.037549407114624504
0 0.27208551835417505 0.2406832298136646 0.13755546591367487 0.025409373235460192
0 0.29850746268656714 0.2422360248447205 0.03065752319483663 0.012987012987012988
0 0.38584106494554254 0.24745906267645398 0.15691811214199275 0.04376058723884811
0 0.3953206938281565 0.24265951439864483 0.005647438483259379 0.006493506493506494
0 0.4374747882210569 0.24167137210615472 0.07341670028237192 0.027385657820440428
0 0.10931827349737798 0.27117447769621683 0.0754336425978217 0.03896103896103896
0 0.20572811617587736 0.27032749858836813 0.17386042759177087 0.037549407114624504
0 0.24747882210568778 0.2652456239412761 0.0572811617587737 0.027385657820440428
0 0.3108108108108108 0.2701863354037267 0.12948769665187576 0.03020892151326934
0 0.31686163775716014 0.26990400903444384 0.00645421540943929 0.007058159232072276
0 0.3783783783783784 0.27089215132693395 0.10246066962484873 0.02766798418972332
0 0.41972569584509883 0.26665725578769056 0.06776926179911255 0.013269339356295878
0 0.4267849939491731 0.2672219085262564 0.004840661557079467 0.00282326369282891
0 0.12404195240016136 0.3221343873517787 0.10931827349737798 0.0251270468661773
0 0.16498588140379186 0.31747600225861095 0.060508269463493344 0.025974025974025976
0 0.19766034691407824 0.3166290231507623 0.042759177087535294 0.0251270468661773
0 0.27490923759580477 0.32396950875211744 0.1335215812827753 0.03698475437605872
0 0.30919725695845096 0.32058159232072275 0.03791851553045583 0.027385657820440428
0 0.3537716821298911 0.31945228684359117 0.08108108108108109 0.02710333145115754
0 0.36930213795885436 0.3186053077357425 0.023396530859217425 0.014116318464144552
0 0.3979427188382412 0.3197346132128741 0.03469140782573618 0.0251270468661773
0 0.09056070996369504 0.36773009599096557 0.03146430012101654 0.027950310559006212
0 0.13331988705123032 0.37267080745341613 0.06736587333602259 0.03557312252964427
0 0.19866881807180314 0.3725296442687747 0.10851149657119806 0.03613777526821005
0 0.23013311819281967 0.37238848108413325 0.04356595401371521 0.036420101637492944
0 0.24768051633723276 0.36900056465273856 0.03307785397337636 0.029361942405420668
0 0.3194836627672449 0.37267080745341613 0.11173860427591771 0.03811405985319029
0 0.3301734570391287 0.37238848108413325 0.01008471157724889 0.007058159232072276
0 0.3775716014521985 0.36885940146809715 0.06938281565147236 0.0220214568040655
0 0.40742234772085517 0.3697063805759458 0.04033884630899556 0.027385657820440428
