0 0.09015732150060508 0.11024844720496894 0.033481242436466316 0.019198193111236588
0 0.13937071399757966 0.11547148503670243 0.07785397337636143 0.02766798418972332
0 0.17305365066559097 0.1101072840203275 0.04800322710770472 0.009881422924901186
0 0.19483662767244858 0.11038961038961038 0.024606696248487294 0.009599096555618294
0 0.23941105284388867 0.11391869000564653 0.06494554255748286 0.02456239412761152
0 0.2624041952400161 0.11067193675889328 0.024606696248487294 0.010163749294184076
0 0.28721258572004843 0.1101072840203275 0.033481242436466316 0.017221908526256352
0 0.32573618394513915 0.11349520045172219 0.056070996369503835 0.022868435911914172
0 0.3313836224283985 0.11236589497459062 0.004033884630899556 0.004234895539243365
0 0.3608309802339653 0.11081309994353472 0.04881000403388463 0.016657255787690572
0 0.4060104881000403 0.11391869000564653 0.06776926179911255 0.023997741389045736
0 0.09499798305768455 0.14003387916431395 0.060508269463493344 0.0251270468661773
0 0.14199273900766438 0.13890457368718237 0.06494554255748286 0.023150762281197064
0 0.1789027833803953 0.1357989836250706 0.04881000403388463 0.014680971202710334
0 0.2029043969342477 0.13537549407114624 0.030254134731746672 0.009034443817052512
0 0.22892295280354982 0.13537549407114624 0.03307785397337636 0.014963297571993224
0 0.26946349334409037 0.1380575945793337 0.0645421540943929 0.020327498588368152
0 0.33501411859620817 0.13608130999435347 0.10810810810810811 0.014116318464144552
0 0.36042759177087536 0.13848108413325805 0.0318676885841065 0.022303783173348392
0 0.382008874546188 0.13565782044042915 0.0318676885841065 0.014398644833427442
0 0.4213392496974587 0.13650479954827782 0.053247277127874144 0.016092603049124788
0 0.08834207341670028 0.160643704121965 0.045582896329164985 0.014680971202710334
0 0.09136748688987495 0.1637492941840768 0.004437273093989512 0.004799548277809147
0 0.1498588140379185 0.16798418972332016 0.09883017345703912 0.027950310559006212
0 0.18475191609519967 0.160643704121965 0.04235578862444534 0.01383399209486166
0 0.22468737394110527 0.16120835686053078 0.06575231948366277 0.014116318464144552
0 0.2525211778943122 0.16177300959909655 0.03307785397337636 0.015810276679841896
0 0.29306171843485274 0.1653020892151327 0.06938281565147236 0.023150762281197064
0 0.2987091569181121 0.163184641445511 0.0060508269463493344 0.005364201016374929
0 0.31988705123033484 0.1616318464144551 0.030254134731746672 0.007340485601355167
0 0.36385639370713996 0.16149068322981366 0.06696248487293263 0.01355166572557877
0 0.40298507462686567 0.16572557876905702 0.055667607906413875 0.024280067758328628
0 0.08874546187979024 0.18562958780350083 0.04800322710770472 0.014116318464144552
0 0.14360629286002422 0.18845285149632976 0.07785397337636143 0.018068887634105024
0 0.19564340459862847 0.1901468097120271 0.07422347720855184 0.023997741389045736
0 0.23275514320290439 0.18690005646527386 0.05486083098023396 0.014963297571993224
0 0.25514320290439696 0.18647656691134953 0.025413473174667203 0.014963297571993224
0 0.2809600645421541 0.18661773009599097 0.03670835014118596 0.014398644833427442
0 0.33198870512303347 0.18675889328063242 0.0790641387656313 0.010446075663466968
0 0.3582089552238806 0.1901468097120271 0.028237192416296894 0.02456239412761152
0 0.38342073416700284 0.18661773009599097 0.03630496167809601 0.01693958215697346
0 0.41750705929810406 0.19085262563523434 0.060508269463493344 0.021456804065499716
0 0.09398951189995966 0.2180971202710333 0.05526421944332392 0.02258610954263128
0 0.13049616780960063 0.21513269339356295 0.043162565550625254 0.01693958215697346
0 0.1373537716821299 0.21230942970073405 0.0024203307785397336 0.002258610954263128
0 0.16680112948769665 0.21259175607001693 0.03751512706736587 0.017504234895539244
0 0.24788221056877774 0.21739130434782608 0.14965711980637353 0.02710333145115754
0 0.2853973376361436 0.21174477696216826 0.05203711173860428 0.009034443817052512
0 0.3281565147236789 0.21442687747035574 0.06736587333602259 0.021174477696216828
0 0.3338039532069383 0.2137210615471485 0.005647438483259379 0.006493506493506494
0 0.3852359822509076 0.21894409937888198 0.08793868495361033 0.028232636928289104
0 0.41306978620411455 0.21202710333145117 0.030254134731746672 0.012704686617730096
0 0.09640984267849939 0.23644833427442122 0.0536506655909641 0.016092603049124788
0 0.11920129084308188 0.23630717108977978 0.022589753933037516 0.014680971202710334
0 0.1619604679306172 0.23687182382834557 0.0653489310205728 0.011857707509881422
0 0.19120613150463897 0.2409655561829475 0.03065752319483663 0.016657255787690572
0 0.21863654699475596 0.24110671936758893 0.040742234772085516 0.023433088650479956
0 0.23678902783380396 0.23673066064370413 0.020976200080677694 0.016657255787690572
0 0.2581686163775716 0.24025974025974026 0.02743041549011698 0.020609824957651044
0 0.3354175070592981 0.24124788255223037 0.13029447357805568 0.025691699604743084
0 0.3785800726099234 0.24336533032185206 0.08188785800726099 0.026821005081874648
0 0.4191206131504639 0.2375776397515528 0.05889471561113352 0.014680971202710334
0 0.09298104074223477 0.2627046866177301 0.04961678096006454 0.018633540372670808
0 0.12505042355788623 0.26256352343308864 0.040742234772085516 0.013269339356295878
0 0.20693828156514724 0.2663749294184077 0.13957240822912464 0.0251270468661773
0 0.23275514320290439 0.2649632975719932 0.03146430012101654 0.02258610954263128
0 0.25554659136748686 0.2627046866177301 0.03670835014118596 0.015245623941276116
0 0.3116175877369907 0.26665725578769056 0.09035901573215006 0.025691699604743084
0 0.3588140379185155 0.2627046866177301 0.07220653489310205 0.01355166572557877
0 0.3620411456232352 0.2627046866177301 0.0024203307785397336 0.0016939582156973462
