0 0.15026220250100847 0.13650479954827782 0.16700282371924163 0.04940711462450593
0 0.15409439290036306 0.13071710897797853 0.008874546187979023 0.015245623941276116
0 0.2200484066155708 0.12676453980801808 0.12585720048406615 0.026256352343308864
0 0.22226704316256554 0.12789384528514963 0.007664380798709157 0.010728402032749858
0 0.24949576442113755 0.12478825522303783 0.04517950786607503 0.018633540372670808
0 0.30879386849536106 0.12845849802371542 0.09600645421540945 0.03020892151326934
0 0.3354175070592981 0.12605872388481085 0.042759177087535294 0.026256352343308864
0 0.4035901573215006 0.12507058159232073 0.11778943122226704 0.022868435911914172
0 0.15429608713190804 0.1525974025974026 0.18031464300121017 0.023433088650479956
0 0.20613150463896732 0.15189158667419536 0.08229124647035095 0.020892151326933936
0 0.24162968939088342 0.15189158667419536 0.0463896732553449 0.022868435911914172
0 0.27490923759580477 0.15062111801242237 0.056070996369503835 0.020892151326933936
0 0.35518354175070593 0.1578204404291361 0.13150463896732553 0.035290796160361376
0 0.3939088342073417 0.15005646527385658 0.06131504638967326 0.01948051948051948
0 0.11355385235982252 0.1767363071710898 0.100040338846309 0.02258610954263128
0 0.17224687373941105 0.17631281761716544 0.09237595804759983 0.020609824957651044
0 0.2382008874546188 0.1767363071710898 0.11254538120209762 0.023715415019762844
0 0.29043969342476805 0.177442123094297 0.08067769261799113 0.024280067758328628
0 0.33299717628075837 0.17546583850931677 0.050826946349334406 0.020892151326933936
0 0.3937071399757967 0.18252399774138905 0.10084711577248891 0.036420101637492944
0 0.41629689390883423 0.1751835121400339 0.033884630899556276 0.015527950310559006
0 0.0782573618394514 0.20200451722190851 0.0318676885841065 0.023433088650479956
0 0.11315046389673256 0.20115753811405984 0.04679306171843485 0.021739130434782608
0 0.15288422751109318 0.20059288537549408 0.05808793868495361 0.021739130434782608
0 0.2254941508672852 0.20341614906832298 0.1218233158531666 0.029079616036137776
0 0.2825736183945139 0.2015810276679842 0.08511496571198064 0.023433088650479956
0 0.3085921742638161 0.2025691699604743 0.04437273093989512 0.022868435911914172
0 0.37918515530455826 0.20143986448334275 0.11415893505445744 0.020892151326933936
0 0.4080274304154901 0.20242800677583286 0.03953206938281565 0.025974025974025976
0 0.0837031060911658 0.22924901185770752 0.04235578862444534 0.022868435911914172
0 0.1553045582896329 0.22910784867306608 0.12948769665187576 0.0251270468661773
0 0.2607906413876563 0.22755505364201017 0.18192819685356998 0.0220214568040655
0 0.2688584106494554 0.22981366459627328 0.015328761597418314 0.011575381140598532
0 0.291246470350948 0.22755505364201017 0.043969342476805166 0.020045172219085264
0 0.33521581282775315 0.22656691134952003 0.057684550221863654 0.01383399209486166
0 0.3719241629689391 0.22557876905702992 0.0536506655909641 0.018068887634105024
0 0.42396127470754336 0.2339073969508752 0.09116579265832997 0.03274985883681536
0 0.10609116579265833 0.2779503105590062 0.08148446954417103 0.024844720496894408
0 0.1881807180314643 0.27752682100508186 0.13876563130294473 0.026538678712591756
0 0.19665187575635337 0.2790796160361378 0.008874546187979023 0.007905138339920948
0 0.22670431625655507 0.2768210050818746 0.0572811617587737 0.0220214568040655
0 0.2678499394917305 0.27780914737436474 0.06655909640984267 0.018351214003387916
0 0.27208551835417505 0.277244494635799 0.007260992335619202 0.009599096555618294
0 0.300121016538927 0.27780914737436474 0.043969342476805166 0.023150762281197064
0 0.31887858007260994 0.2779503105590062 0.020572811617587738 0.017221908526256352
0 0.36789027833803956 0.28613777526821005 0.07987091569181122 0.0378317334839074
0 0.37131908027430416 0.277244494635799 0.004033884630899556 0.0016939582156973462
0 0.3953206938281565 0.27752682100508186 0.04195240016135539 0.01948051948051948
0 0.4223477208551835 0.27710333145115756 0.0391286809197257 0.019198193111236588
0 0.09257765227914481 0.30872388481084134 0.05526421944332392 0.04206662902315076
0 0.1427995159338443 0.31408808582721626 0.06857603872529246 0.04799548277809147
0 0.17527228721258573 0.30335968379446643 0.04033884630899556 0.022303783173348392
0 0.21157724889068172 0.3039243365330322 0.0536506655909641 0.021456804065499716
0 0.24868898749495763 0.3030773574251835 0.055667607906413875 0.017504234895539244
0 0.27208551835417505 0.3020892151326934 0.02864058087938685 0.015810276679841896
0 0.32412263009277936 0.30223037831733485 0.07583703106091166 0.01693958215697346
0 0.3537716821298911 0.3029361942405421 0.03993545784590561 0.01693958215697346
0 0.3963291649858814 0.30448898927159795 0.07139975796692215 0.0220214568040655
0 0.10609116579265833 0.3784584980237154 0.07745058491327148 0.020892151326933936
0 0.1500605082694635 0.37775268210050816 0.05970149253731343 0.019762845849802372
0 0.18939088342073418 0.38664596273291924 0.06736587333602259 0.037549407114624504
0 0.19241629689390882 0.3793054771315641 0.008471157724889069 0.010446075663466968
0 0.23477208551835418 0.3839638622247318 0.08108108108108109 0.031055900621118012
0 0.27269060104881 0.378317334839074 0.05647438483259379 0.020609824957651044
0 0.282170229931424 0.3815640880858272 0.010891488503428802 0.01129305477131564
0 0.3215006050826946 0.37761151891586675 0.07018959257765228 0.017221908526256352
0 0.36930213795885436 0.3802936194240542 0.08511496571198064 0.023433088650479956
0 0.40923759580476 0.37789384528514963 0.06292860024203308 0.019762845849802372
0 0.45240016135538524 0.3794466403162055 0.06575231948366277 0.020045172219085264
