0 366.0256151674062 941.0076228119707 0.051230334812424366 0.015245623941276116
0 540.0298507462686 946.0073404856014 0.05970149253731343 0.014680971202710334
0 751.0570794675273 934.0088932806324 0.11415893505445744 0.017786561264822136
0 1106.0304558289633 940.0081874647092 0.0609116579265833 0.01637492941840768
0 1312.026623638564 932.012987012987 0.053247277127874144 0.025974025974025976
0 1486.0123033481243 940.0080463015246 0.024606696248487294 0.016092603049124788
0 1589.0193626462283 943.0067758328628 0.03872529245663574 0.01355166572557877
0 1720.0294473578056 951.0063523433089 0.05889471561113352 0.012704686617730096
0 1870.0014118596207 987.0009881422925 0.0028237192416296895 0.001976284584980237
0 1911.0250100847115 951.0063523433089 0.0500201694231545 0.012704686617730096
0 2081.0201694231546 961.007481648786 0.04033884630899556 0.014963297571993224
0 371.02823719241627 1114.00790513834 0.05647438483259379 0.015810276679841896
0 592.0161355385236 1114.0162337662337 0.03227107704719645 0.032467532467532464
0 728.0262202501009 1116.0114342179559 0.05244050020169423 0.022868435911914172
0 904.0068576038725 1137.0047995482778 0.01371520774505849 0.009599096555618294
0 986.0221863654699 1121.0076228119706 0.04437273093989512 0.015245623941276116
0 1153.02480839048 1114.008328627894 0.04961678096006454 0.016657255787690572
0 1318.0881403791852 1114.0091756070017 0.1762807583703106 0.018351214003387916
0 1817.0334812424364 1136.0062111801242 0.06696248487293263 0.012422360248447204
0 2030.0108914885034 1120.0073404856014 0.021782977006857603 0.014680971202710334
0 375.05768455022184 1293.0084697910786 0.11536910044372731 0.01693958215697346
0 734.019967728923 1293.0115753811406 0.03993545784590561 0.023150762281197064
0 882.0296490520371 1295.0077639751553 0.05929810407422348 0.015527950310559006
0 1074.0556676079063 1293.009034443817 0.11133521581282775 0.018068887634105024
0 1382.0016135538524 1360.003529079616 0.003227107704719645 0.007058159232072276
0 1419.0256151674062 1296.009034443817 0.051230334812424366 0.018068887634105024
0 1559.009277934651 1293.009034443817 0.01855586930213796 0.018068887634105024
0 1653.0262202501008 1316.0053642010164 0.05244050020169423 0.010728402032749858
0 1834.0014118596207 1300.0077639751553 0.0028237192416296895 0.015527950310559006
0 1905.0161355385235 1302.0076228119706 0.03227107704719645 0.015245623941276116
0 2004.002218636547 1349.0052230378317 0.004437273093989512 0.010446075663466968
0 2052.026220250101 1298.0134105025409 0.05244050020169423 0.026821005081874648
0 377.0330778539734 1461.01185770751 0.06615570794675273 0.023715415019762844
0 593.0179507866075 1482.0062111801242 0.035901573215006054 0.012422360248447204
0 752.0280354981847 1490.0112930547714 0.056070996369503835 0.02258610954263128
0 949.0207745058491 1472.0080463015245 0.04154901169826543 0.016092603049124788
0 1056.0014118596207 1519.0047995482778 0.0028237192416296895 0.009599096555618294
0 1124.0294473578056 1473.010304912479 0.05889471561113352 0.020609824957651044
0 1328.0209762000807 1474.0084697910786 0.04195240016135539 0.01693958215697346
0 1486.0457845905607 1470.008610954263 0.09156918112141993 0.017221908526256352
0 1737.0016135538524 1529.0049407114625 0.003227107704719645 0.009881422924901186
0 1794.0219846712384 1494.007058159232 0.043969342476805166 0.014116318464144552
0 1954.0348931020574 1479.0077639751553 0.06978620411456232 0.015527950310559006
0 2131.001411859621 1527.0009881422925 0.0028237192416296895 0.001976284584980237
0 372.0010084711577 1673.00395256917 0.002016942315449778 0.007905138339920948
0 460.0340863251311 1645.0158102766798 0.0681726502622025 0.03162055335968379
0 673.0143202904397 1672.0047995482778 0.02864058087938685 0.009599096555618294
0 791.0163372327552 1652.0077639751553 0.0326744655102864 0.015527950310559006
0 914.0217829770069 1681.0069169960475 0.04356595401371521 0.01383399209486166
0 1048.0014118596207 1712.0040937323547 0.0028237192416296895 0.00818746470920384
0 1093.015933844292 1676.0052230378317 0.0318676885841065 0.010446075663466968
0 1226.0350947962888 1648.0094579333709 0.07018959257765228 0.0189158667419537
0 1462.038523598225 1648.01185770751 0.07704719645018153 0.023715415019762844
0 1714.0233965308591 1649.0093167701864 0.04679306171843485 0.018633540372670808
0 1906.020371117386 1674.0080463015245 0.040742234772085516 0.016092603049124788
