0 0.09701492537313433 0.11377752682100509 0.05526421944332392 0.021739130434782608
0 0.12666397741024607 0.12027103331451157 0.03791851553045583 0.03500846979107849
0 0.16579265832997175 0.11278938452851496 0.04961678096006454 0.009599096555618294
0 0.17144009681323114 0.11575381140598531 0.004840661557079467 0.00564652738565782
0 0.1918112141992739 0.11349520045172219 0.021782977006857603 0.012422360248447204
0 0.22488906817265025 0.11575381140598531 0.04961678096006454 0.026821005081874648
0 0.23053650665590963 0.11561264822134387 0.004033884630899556 0.007905138339920948
0 0.26946349334409037 0.11236589497459062 0.05929810407422348 0.021456804065499716
0 0.29164985881403793 0.11250705815923208 0.02743041549011698 0.009034443817052512
0 0.2989108511496571 0.11603613777526821 0.004033884630899556 0.006211180124223602
0 0.3370310609116579 0.11773009599096555 0.057684550221863654 0.027385657820440428
0 0.36304961678096004 0.11801242236024845 0.02864058087938685 0.031338226990400904
0 0.3981444130697862 0.11420101637492942 0.05203711173860428 0.0251270468661773
0 0.40298507462686567 0.11405985319028797 0.0028237192416296895 0.001976284584980237
0 0.0954013715207745 0.1386222473178995 0.058491327148043566 0.019198193111236588
0 0.11476401774909238 0.1417278373800113 0.022589753933037516 0.028232636928289104
0 0.1498588140379185 0.14088085827216262 0.056070996369503835 0.026538678712591756
0 0.1863654699475595 0.13819875776397517 0.05163372327551432 0.011857707509881422
0 0.24505849132714805 0.14370412196499152 0.09802339653085922 0.031055900621118012
0 0.2656313029447358 0.13848108413325805 0.02581686163775716 0.007058159232072276
0 0.28943122226704315 0.14059853190287974 0.04154901169826543 0.022303783173348392
0 0.34429205324727713 0.1396103896103896 0.08471157724889068 0.019198193111236588
0 0.3783783783783784 0.13918690005646528 0.04477611940298507 0.020327498588368152
0 0.3838241226300928 0.14158667419536985 0.00645421540943929 0.007622811970638058
0 0.40943929003630497 0.1380575945793337 0.03509479628882614 0.015245623941276116
0 0.11778943122226704 0.1634669678147939 0.09923356192012908 0.019198193111236588
0 0.14320290439693426 0.1621964991530209 0.02581686163775716 0.008752117447769622
0 0.1555062525211779 0.1634669678147939 0.011294876966518758 0.00818746470920384
0 0.19402985074626866 0.16897233201581027 0.05808793868495361 0.028514963297571992
0 0.22408229124647036 0.16727837380011293 0.03227107704719645 0.022303783173348392
0 0.2488906817265026 0.16614906832298137 0.03307785397337636 0.018351214003387916
0 0.2537313432835821 0.16727837380011293 0.004437273093989512 0.00846979107848673
0 0.2767244856797096 0.16417278373800112 0.0326744655102864 0.0189158667419537
0 0.3106091165792658 0.16431394692264256 0.04961678096006454 0.017221908526256352
0 0.34066155707946755 0.16699604743083005 0.04679306171843485 0.017221908526256352
0 0.4110528438886648 0.1686900056465274 0.10528438886647842 0.029644268774703556
0 0.41770875352964904 0.16417278373800112 0.0028237192416296895 0.001976284584980237
0 0.08249294070189593 0.1885940146809712 0.033884630899556276 0.01383399209486166
0 0.10750302541347317 0.18944099378881987 0.03630496167809601 0.017221908526256352
0 0.12081484469544171 0.18972332015810275 0.009681323114158934 0.008752117447769622
0 0.16276724485679708 0.19282891022021456 0.06776926179911255 0.023715415019762844
0 0.18515530455828963 0.18873517786561264 0.02379991932230738 0.019198193111236588
0 0.2345703912868092 0.18887634105025408 0.06938281565147236 0.020045172219085264
0 0.24021782977006859 0.18929983060417843 0.0024203307785397336 0.0016939582156973462
0 0.26502622025010086 0.18929983060417843 0.03146430012101654 0.017786561264822136
0 0.3065752319483663 0.18972332015810275 0.06292860024203308 0.021456804065499716
0 0.3481242436466317 0.189158667419537 0.0609116579265833 0.016092603049124788
0 0.3872529245663574 0.19282891022021456 0.06131504638967326 0.02456239412761152
0 0.38886647841871724 0.18929983060417843 0.0024203307785397336 0.00282326369282891
0 0.08713190802743041 0.2161208356860531 0.05203711173860428 0.01948051948051948
0 0.13916901976603469 0.21950875211744778 0.08229124647035095 0.028797289666854884
0 0.17648245260185558 0.21428571428571427 0.04356595401371521 0.016092603049124788
0 0.19342476805163372 0.2149915302089215 0.018152480839048003 0.015527950310559006
0 0.2252924566357402 0.21456804065499718 0.045986284792254944 0.018351214003387916
0 0.2563533682936668 0.21456804065499718 0.043162565550625254 0.018068887634105024
0 0.29225494150867287 0.21470920383963862 0.048406615570794675 0.018068887634105024
0 0.3204921339249697 0.21456804065499718 0.029850746268656716 0.00818746470920384
0 0.3890681726502622 0.22035573122529645 0.1189995966115369 0.031338226990400904
0 0.43162565550625254 0.2155561829474873 0.07018959257765228 0.020327498588368152
0 0.118192819685357 0.24011857707509882 0.10488100040338846 0.019762845849802372
0 0.12222670431625655 0.23997741389045738 0.0028237192416296895 0.0016939582156973462
0 0.14925373134328357 0.23898927159796726 0.029850746268656716 0.0189158667419537
0 0.1736587333602259 0.2404009034443817 0.033884630899556276 0.010446075663466968
0 0.20391286809197257 0.2409655561829475 0.043162565550625254 0.017786561264822136
0 0.20976200080677693 0.24265951439864483 0.0060508269463493344 0.008752117447769622
0 0.23981444130697863 0.24082439299830605 0.0500201694231545 0.010728402032749858
0 0.2644211375554659 0.23997741389045738 0.033481242436466316 0.019198193111236588
0 0.31141589350544574 0.24618859401468096 0.07624041952400161 0.02766798418972332
0 0.36304961678096004 0.24124788255223037 0.08188785800726099 0.024844720496894408
0 0.3699072206534893 0.24308300395256918 0.00645421540943929 0.006493506493506494
0 0.40500201694231547 0.24181253529079616 0.0572811617587737 0.01948051948051948
0 0.4245663574021783 0.24124788255223037 0.02218636546994756 0.007058159232072276
0 0.09096409842678499 0.2684923771880294 0.04759983864461476 0.02258610954263128
0 0.12706736587333603 0.269339356295878 0.0572811617587737 0.020045172219085264
0 0.136345300524405 0.2651044607566347 0.0028237192416296895 0.00282326369282891
0 0.18192819685356998 0.27032749858836813 0.07180314643001211 0.029079616036137776
0 0.2117789431222267 0.2649632975719932 0.035498184751916094 0.019198193111236588
0 0.25554659136748686 0.27004517221908525 0.07220653489310205 0.028232636928289104
0 0.2791448164582493 0.2662337662337662 0.02501008471157725 0.021174477696216828
0 0.3190802743041549 0.2660926030491248 0.06292860024203308 0.0189158667419537
0 0.33783783783783783 0.2662337662337662 0.01290843081887858 0.009316770186335404
0 0.3697055264219443 0.26566911349520045 0.04961678096006454 0.021456804065499716
0 0.373134328358209 0.268068887634105 0.008067769261799113 0.006211180124223602
0 0.08531665994352562 0.29023150762281197 0.03791851553045583 0.017786561264822136
0 0.12222670431625655 0.29164313946922643 0.05405405405405406 0.01948051948051948
0 0.14300121016538928 0.29757199322416716 0.023396530859217425 0.025691699604743084
0 0.18394513916901978 0.2955957086391869 0.056070996369503835 0.027385657820440428
0 0.24041952400161357 0.2977131564088086 0.09560306575231949 0.030491247882552232
0 0.2444534086325131 0.29107848673066067 0.003227107704719645 0.0016939582156973462
