0 366.0090762404195 723.0117165443253 0.018152480839048003 0.023433088650479956
0 477.0332795482049 764.005928853755 0.06655909640984267 0.011857707509881422
0 759.0613150463897 751.0159514398645 0.12263009277934651 0.03190287972896669
0 1169.0383219039936 741.0095990965556 0.07664380798709157 0.019198193111236588
0 1387.0014118596207 802.0011293054771 0.0028237192416296895 0.002258610954263128
0 1469.0282371924163 747.0091756070017 0.05647438483259379 0.018351214003387916
0 1677.0260185558693 749.012987012987 0.05203711173860428 0.025974025974025976
0 1871.0298507462687 750.0088932806324 0.05970149253731343 0.017786561264822136
0 351.0546591367487 924.0090344438171 0.10931827349737798 0.018068887634105024
0 722.0395320693829 936.0079051383399 0.0790641387656313 0.015810276679841896
0 1009.051835417507 923.0104460756635 0.1036708350141186 0.020892151326933936
0 1339.044776119403 926.0095990965556 0.08955223880597014 0.019198193111236588
0 1628.0149253731342 919.0098814229249 0.029850746268656716 0.019762845849802372
0 1757.0504235578862 934.0093167701864 0.10084711577248891 0.018633540372670808
0 2040.0012101653892 990.0009881422925 0.0024203307785397336 0.001976284584980237
0 359.03065752319486 1099.0088932806325 0.06131504638967326 0.017786561264822136
0 581.035901573215 1092.0111518915867 0.07180314643001211 0.022303783173348392
0 830.0722065348931 1109.0179277244495 0.1444130697862041 0.03585544889892716
0 1288.085518354175 1108.0151044607567 0.17103670835014118 0.03020892151326934
0 1797.0550625252117 1096.0112930547714 0.11012505042355789 0.02258610954263128
0 363.0887454618798 1274.0194805194806 0.17749092375958048 0.03896103896103896
0 874.0169423154498 1277.0104460756634 0.033884630899556276 0.020892151326933936
0 1014.0248083904801 1281.0091756070017 0.04961678096006454 0.018351214003387916
0 1263.0633319887052 1315.0060700169395 0.12666397741024607 0.012140033879164314
0 1643.0165389269866 1281.012987012987 0.03307785397337636 0.025974025974025976
0 1755.0260185558693 1292.0088932806325 0.05203711173860428 0.017786561264822136
0 1932.0453812020976 1289.0101637492942 0.09076240419524001 0.020327498588368152
0 2184.001411859621 1358.0011293054772 0.0028237192416296895 0.002258610954263128
0 354.03731343283584 1459.009881422925 0.07462686567164178 0.019762845849802372
0 632.0100847115773 1465.0088932806325 0.02016942315449778 0.017786561264822136
0 774.0619201290843 1467.0095990965556 0.12384025816861638 0.019198193111236588
0 1150.0135135135135 1459.0095990965556 0.02702702702702703 0.019198193111236588
0 1293.0427591770876 1468.010587238848 0.08551835417507059 0.021174477696216828
0 1554.0038321903994 1466.009881422925 0.007664380798709157 0.019762845849802372
0 1594.0286405808795 1467.0091756070017 0.0572811617587737 0.018351214003387916
0 1790.0506252521177 1496.005928853755 0.10125050423557887 0.011857707509881422
0 353.06292860024206 1664.0136928289103 0.12585720048406615 0.027385657820440428
0 759.0421540943929 1667.0057876905703 0.08430818878580072 0.011575381140598532
0 1070.0752319483663 1642.0136928289103 0.15046389673255345 0.027385657820440428
0 1545.0463896732554 1679.01185770751 0.0927793465106898 0.023715415019762844
0 1836.0304558289633 1683.0114342179559 0.0609116579265833 0.022868435911914172
0 1992.0048406615572 1642.0115753811406 0.009681323114158934 0.023150762281197064
0 2006.0038321903994 1706.0047995482778 0.007664380798709157 0.009599096555618294
0 2060.0356998789835 1665.0077639751553 0.07139975796692215 0.015527950310559006
0 373.0018152480839 1808.0115753811406 0.003630496167809601 0.023150762281197064
0 445.02864058087937 1815.009034443817 0.0572811617587737 0.018068887634105024
0 683.0121016538927 1823.008328627894 0.024203307785397338 0.016657255787690572
0 787.0663574021783 1821.0127046866178 0.1327148043565954 0.025409373235460192
0 1176.0235982250908 1830.008610954263 0.04719645018152481 0.017221908526256352
0 1350.031060911658 1820.010587238848 0.06212182331585317 0.021174477696216828
0 1516.0032271077048 1883.0042348955392 0.00645421540943929 0.00846979107848673
0 1570.0494150867285 1824.0132693393564 0.09883017345703912 0.026538678712591756
0 1879.0397337636143 1834.0093167701864 0.07946752722872126 0.018633540372670808
0 345.0490116982654 1987.0114342179559 0.09802339653085922 0.022868435911914172
0 667.0594997983058 1994.0170807453417 0.1189995966115369 0.034161490683229816
0 1058.0149253731342 2006.0087521174478 0.029850746268656716 0.017504234895539244
0 1157.0286405808795 2003.0091756070017 0.0572811617587737 0.018351214003387916
0 1371.0282371924163 2002.0101637492942 0.05647438483259379 0.020327498588368152
0 1542.0012101653892 2069.0009881422925 0.0024203307785397336 0.001976284584980237
0 1593.0550625252117 2007.0087521174478 0.11012505042355789 0.017504234895539244
0 1940.0306575231948 2036.004376058724 0.06131504638967326 0.008752117447769622
0 355.0308592174264 2169.0187747035575 0.06171843485276321 0.037549407114624504
0 561.0399354578459 2175.009881422925 0.07987091569181122 0.019762845849802372
0 814.0530455828963 2179.009316770186 0.10609116579265833 0.018633540372670808
0 1136.0276321097217 2212.005223037832 0.05526421944332392 0.010446075663466968
0 1340.029245663574 2169.012987012987 0.058491327148043566 0.025974025974025976
0 1560.0964098426784 2178.010587238848 0.19281968535699878 0.021174477696216828
0 2072.0012101653892 2239.001270468662 0.0024203307785397336 0.002540937323546019
0 359.0647438483259 2347.0117165443253 0.12948769665187576 0.023433088650479956
0 818.0661557079468 2349.0119988706947 0.13231141589350545 0.023997741389045736
0 1215.00524405002 2352.01185770751 0.010488100040338847 0.023715415019762844
0 1263.011093182735 2394.0043760587237 0.02218636546994756 0.008752117447769622
0 1423.047801532876 2398.0042348955394 0.09560306575231949 0.00846979107848673
0 1720.0169423154498 2360.0122811970637 0.033884630899556276 0.02456239412761152
0 1873.040338846309 2361.016939582157 0.08067769261799113 0.03387916431394692
0 2078.00262202501 2421.0038114059853 0.0052440500201694235 0.007622811970638058
0 365.0623235175474 2534.016939582157 0.12464703509479629 0.03387916431394692
0 768.0401371520775 2538.0103049124787 0.08027430415490117 0.020609824957651044
0 1021.0262202501009 2534.0100225861097 0.05244050020169423 0.020045172219085264
0 1209.0687777329567 2574.012140033879 0.13755546591367487 0.024280067758328628
0 1616.0141185962082 2534.0135516657256 0.028237192416296894 0.02710333145115754
0 1737.0911657926583 2536.0111518915865 0.18233158531665994 0.022303783173348392
