0 355.01996772892295 898.0098814229249 0.03993545784590561 0.019762845849802372
0 525.0217829770069 936.005928853755 0.04356595401371521 0.011857707509881422
0 651.0036304961678 956.007481648786 0.007260992335619202 0.014963297571993224
0 732.029245663574 929.0122811970638 0.058491327148043566 0.02456239412761152
0 908.0506252521178 921.0088932806324 0.10125050423557887 0.017786561264822136
0 1218.0534489713593 911.0155279503106 0.10689794271883823 0.031055900621118012
0 1525.0237999193223 918.0093167701864 0.04759983864461476 0.018633540372670808
0 1685.033279548205 920.0080463015246 0.06655909640984267 0.016092603049124788
0 1852.004437273094 949.0070581592321 0.008874546187979023 0.014116318464144552
0 1918.0401371520775 941.0105872388481 0.08027430415490117 0.021174477696216828
0 339.0159338442921 1086.009881422925 0.0318676885841065 0.019762845849802372
0 459.02904396934247 1097.0080463015245 0.05808793868495361 0.016092603049124788
0 672.0217829770069 1105.010304912479 0.04356595401371521 0.020609824957651044
0 851.0437676482453 1101.012987012987 0.08753529649052037 0.025974025974025976
0 1141.057684550222 1087.0095990965556 0.11536910044372731 0.019198193111236588
0 1480.0169423154498 1097.0121400338792 0.033884630899556276 0.024280067758328628
0 1608.0623235175474 1102.0128458498023 0.12464703509479629 0.025691699604743084
0 1921.004437273094 1152.0038114059853 0.008874546187979023 0.007622811970638058
0 334.02702702702703 1265.010304912479 0.05405405405405406 0.020609824957651044
0 494.02057281161757 1277.0080463015245 0.041145623235175476 0.016092603049124788
0 650.0272287212586 1273.008328627894 0.05445744251714401 0.016657255787690572
0 807.0040338846309 1305.0076228119706 0.008067769261799113 0.015245623941276116
0 877.017749092376 1303.0045172219086 0.035498184751916094 0.009034443817052512
0 1008.0397337636143 1276.0114342179559 0.07946752722872126 0.022868435911914172
0 1211.0038321903994 1317.0050818746472 0.007664380798709157 0.010163749294184076
0 1289.0391286809197 1284.0080463015245 0.0782573618394514 0.016092603049124788
0 1517.0520371117386 1267.0132693393564 0.10407422347720856 0.026538678712591756
0 1805.0016135538524 1325.0018351214003 0.003227107704719645 0.0036702428006775835
0 1867.015127067366 1265.0091756070017 0.030254134731746672 0.018351214003387916
0 338.02864058087937 1442.0134105025409 0.0572811617587737 0.026821005081874648
0 539.0371117386043 1447.0151044607567 0.07422347720855184 0.03020892151326934
0 773.04961678096 1457.0143986448334 0.09923356192012908 0.028797289666854884
0 1073.0191609519968 1486.004376058724 0.038321903993545785 0.008752117447769622
0 1198.027027027027 1451.0088932806325 0.05405405405405406 0.017786561264822136
0 1392.0056474384833 1474.0049407114625 0.011294876966518758 0.009881422924901186
0 1457.031060911658 1447.0153867871259 0.06212182331585317 0.03077357425183512
0 1688.0746268656717 1462.0077639751553 0.14925373134328357 0.015527950310559006
0 2071.001815248084 1512.0008469791078 0.003630496167809601 0.0016939582156973462
0 345.01916095199675 1617.0084697910786 0.038321903993545785 0.01693958215697346
0 506.0229931423961 1654.0053642010164 0.045986284792254944 0.010728402032749858
0 681.0369100443727 1628.0101637492942 0.07382008874546188 0.020327498588368152
0 903.0157321500606 1663.0076228119706 0.03146430012101654 0.015245623941276116
0 1040.029649052037 1635.0087521174478 0.05929810407422348 0.017504234895539244
0 1242.033279548205 1633.008610954263 0.06655909640984267 0.017221908526256352
0 1466.028842275111 1628.010304912479 0.057684550221863654 0.020609824957651044
0 1667.011496571198 1638.0112930547714 0.022993142396127472 0.02258610954263128
0 1790.0060508269464 1659.00395256917 0.012101653892698669 0.007905138339920948
0 1865.0235982250908 1641.0107284020328 0.04719645018152481 0.021456804065499716
0 338.04558289632917 1809.0115753811406 0.09116579265832997 0.023150762281197064
0 652.0121016538927 1812.0122811970639 0.024203307785397338 0.02456239412761152
0 774.0780556676079 1809.010304912479 0.15611133521581283 0.020609824957651044
0 1181.0014118596207 1864.0011293054772 0.0028237192416296895 0.002258610954263128
