0 0.1329164985881404 0.20525127046866176 0.0060508269463493344 0.005081874647092038
0 0.14844695441710368 0.21569734613212874 0.017749092375958047 0.019762845849802372
0 0.1863654699475595 0.21753246753246752 0.01371520774505849 0.013269339356295878
0 0.22065348931020573 0.2204968944099379 0.012101653892698669 0.009034443817052512
0 0.26643807987091567 0.22233201581027667 0.04800322710770472 0.02456239412761152
0 0.3007260992335619 0.2285431959345003 0.0060508269463493344 0.007058159232072276
0 0.3053650665590964 0.20920383963862224 0.00645421540943929 0.003952569169960474
0 0.3588140379185155 0.22035573122529645 0.05687777329568374 0.018351214003387916
0 0.43828156514723676 0.21908526256352343 0.056070996369503835 0.019198193111236588
0 0.46752722872125857 0.2289666854884246 0.005647438483259379 0.007340485601355167
0 0.49394917305365066 0.2140033879164314 0.006857603872529245 0.004517221908526256
0 0.5475998386446148 0.21880293619424054 0.08592174263816055 0.0220214568040655
0 0.6200080677692618 0.22120271033314512 0.024203307785397338 0.016657255787690572
0 0.6782977006857603 0.22077922077922077 0.06413876563130294 0.015810276679841896
0 0.7525211778943123 0.21880293619424054 0.05203711173860428 0.015245623941276116
0 0.8229124647035094 0.21922642574816487 0.042759177087535294 0.016092603049124788
0 0.14138765631302944 0.2713156408808583 0.012505042355788625 0.009599096555618294
0 0.1990722065348931 0.2751270468661773 0.06171843485276321 0.028514963297571992
0 0.30133118192819686 0.27060982495765107 0.08390480032271078 0.020045172219085264
0 0.3525615167406212 0.27964426877470355 0.0016135538523598225 0.001411631846414455
0 0.36264622831787013 0.264257481648786 0.008067769261799113 0.003952569169960474
0 0.40298507462686567 0.2694805194805195 0.04195240016135539 0.018351214003387916
0 0.4302137958854377 0.28063241106719367 0.0052440500201694235 0.007905138339920948
0 0.4762000806776926 0.2723037831733484 0.05526421944332392 0.023997741389045736
0 0.5332795482049213 0.2738565782044043 0.012101653892698669 0.009034443817052512
0 0.6050826946349335 0.2724449463579898 0.09197256958450989 0.01355166572557877
0 0.7129891085114965 0.27117447769621683 0.06736587333602259 0.016657255787690572
0 0.7884227511093183 0.2682100508187465 0.05526421944332392 0.015810276679841896
0 0.8210972166196047 0.2790796160361378 0.0060508269463493344 0.008752117447769622
0 0.15429608713190804 0.31733483907396953 0.04235578862444534 0.01693958215697346
0 0.24324324324324326 0.3188876341050254 0.09681323114158935 0.020045172219085264
0 0.3426784993949173 0.32058159232072275 0.05687777329568374 0.017786561264822136
0 0.4308188785800726 0.3198757763975155 0.06938281565147236 0.018068887634105024
0 0.5185558693021379 0.32156973461321287 0.06736587333602259 0.019198193111236588
0 0.6042759177087536 0.3265104460756635 0.042759177087535294 0.009316770186335404
0 0.6994755949979831 0.3243929983060418 0.09762000806776926 0.02710333145115754
0 0.764017749092376 0.32679277244494637 0.0024203307785397336 0.001411631846414455
0 0.8019362646228317 0.31931112365894976 0.04033884630899556 0.018633540372670808
0 0.1645824929407019 0.4233483907396951 0.06776926179911255 0.02456239412761152
0 0.22428398547801534 0.42970073404856013 0.02501008471157725 0.010163749294184076
0 0.2874142799515934 0.42165443252399776 0.07301331181928197 0.022303783173348392
0 0.37494957644211374 0.42504234895539245 0.0536506655909641 0.027950310559006212
0 0.4048003227107705 0.43167701863354035 0.007664380798709157 0.007340485601355167
0 0.4671238402581686 0.4256070016939582 0.08874546187979024 0.03020892151326934
0 0.5423557886244453 0.42264257481648787 0.0391286809197257 0.015810276679841896
0 0.6040742234772085 0.42476002258610956 0.045582896329164985 0.008752117447769622
0 0.6928196853569988 0.42913608130999437 0.09076240419524001 0.028797289666854884
0 0.790843081887858 0.4202428006775833 0.0326744655102864 0.018351214003387916
0 0.14300121016538928 0.4741671372106155 0.02702702702702703 0.02456239412761152
0 0.18313836224283986 0.4774138904573687 0.02581686163775716 0.00846979107848673
0 0.23033481242436465 0.47148503670242803 0.04921339249697459 0.021456804065499716
0 0.2771278741427995 0.48560135516657255 0.00645421540943929 0.012987012987012988
0 0.31585316659943524 0.47896668548842464 0.04437273093989512 0.00818746470920384
0 0.3717224687373941 0.47684923771880294 0.024606696248487294 0.023150762281197064
0 0.41770875352964904 0.4710615471485037 0.03428801936264623 0.017221908526256352
0 0.48850342880193626 0.472755505364201 0.05405405405405406 0.01948051948051948
0 0.5306575231948366 0.48221343873517786 0.0060508269463493344 0.007340485601355167
0 0.5974183138362242 0.47473178994918125 0.08551835417507059 0.017786561264822136
0 0.6734570391286809 0.4709203839638622 0.020572811617587738 0.019762845849802372
0 0.7055264219443323 0.4764257481648786 0.01290843081887858 0.006493506493506494
0 0.8017345703912868 0.4795313382269904 0.12868091972569584 0.023997741389045736
0 0.15732150060508268 0.5263975155279503 0.06131504638967326 0.027385657820440428
0 0.2379991932230738 0.5247035573122529 0.042759177087535294 0.01948051948051948
0 0.3190802743041549 0.5220214568040655 0.07018959257765228 0.018633540372670808
0 0.40943929003630497 0.5225861095426313 0.06696248487293263 0.015810276679841896
0 0.47781363453005243 0.5228684359119141 0.04477611940298507 0.015810276679841896
0 0.5534489713594192 0.5237154150197628 0.04356595401371521 0.015245623941276116
0 0.6139572408229125 0.5228684359119141 0.03227107704719645 0.015810276679841896
0 0.7137958854376765 0.5214568040654998 0.09721661960467931 0.017504234895539244
0 0.2208551835417507 0.5736871823828346 0.16256555062525213 0.018633540372670808
0 0.34530052440500203 0.5777809147374364 0.026623638563937072 0.028514963297571992
0 0.409035901573215 0.5824392998306042 0.060508269463493344 0.018068887634105024
0 0.44876966518757566 0.5797571993224168 0.002016942315449778 0.001411631846414455
