0 331.01774909237594 727.0081874647092 0.035498184751916094 0.01637492941840768
0 469.0237999193223 725.0093167701864 0.04759983864461476 0.018633540372670808
0 627.0080677692617 762.0052230378317 0.016135538523598225 0.010446075663466968
0 683.0012101653892 788.0009881422925 0.0024203307785397336 0.001976284584980237
0 727.0379185155305 718.0118577075099 0.07583703106091166 0.023715415019762844
0 979.027027027027 764.0047995482778 0.05405405405405406 0.009599096555618294
0 1161.0072609923357 766.00395256917 0.014521984671238403 0.007905138339920948
0 1230.0179507866076 728.0117165443253 0.035901573215006054 0.023433088650479956
0 1359.036304961678 747.0112930547713 0.07260992335619201 0.02258610954263128
0 1601.0082694634934 754.0071993224167 0.01653892698668818 0.014398644833427442
0 1696.0149253731342 750.0073404856014 0.029850746268656716 0.014680971202710334
0 1810.01956434046 751.0090344438171 0.0391286809197257 0.018068887634105024
0 1907.0026220250102 805.0033879164314 0.0052440500201694235 0.006775832862789385
0 338.0326744655103 896.0138339920949 0.0653489310205728 0.02766798418972332
0 505.00282371924163 968.0031055900621 0.005647438483259379 0.006211180124223602
0 611.04961678096 905.0135516657256 0.09923356192012908 0.02710333145115754
0 862.0042355788624 970.0047995482778 0.008471157724889069 0.009599096555618294
0 931.0354981847519 916.0084697910785 0.07099636950383219 0.01693958215697346
0 1102.0036304961677 967.0040937323546 0.007260992335619202 0.00818746470920384
0 1154.017345703913 912.0090344438171 0.03469140782573618 0.018068887634105024
0 1248.0024203307785 970.0038114059853 0.004840661557079467 0.007622811970638058
0 1285.0201694231546 951.0091756070017 0.04033884630899556 0.018351214003387916
0 1418.0209762000807 920.0125635234331 0.04195240016135539 0.0251270468661773
0 1543.003025413473 980.0036702428007 0.0060508269463493344 0.007340485601355167
0 1582.0187575635337 928.0076228119707 0.03751512706736587 0.015245623941276116
0 1717.0294473578056 925.0080463015246 0.05889471561113352 0.016092603049124788
0 1914.007059298104 961.0045172219085 0.014118596208148447 0.009034443817052512
0 2003.0272287212586 921.009457933371 0.05445744251714401 0.0189158667419537
0 344.0461879790238 1072.0172219085262 0.09237595804759983 0.034443817052512704
0 641.017749092376 1082.0121400338792 0.035498184751916094 0.024280067758328628
0 780.0356998789835 1096.014539808018 0.07139975796692215 0.029079616036137776
0 998.0100847115773 1127.0084697910786 0.02016942315449778 0.01693958215697346
0 1065.0014118596207 1158.0009881422925 0.0028237192416296895 0.001976284584980237
0 1119.0038321903994 1076.002399774139 0.007664380798709157 0.004799548277809147
0 1152.0046389673255 1074.009034443817 0.00927793465106898 0.018068887634105024
0 1206.0272287212586 1068.0111518915867 0.05445744251714401 0.022303783173348392
0 1394.0488100040338 1089.0124223602484 0.09762000806776926 0.024844720496894408
0 1679.0294473578056 1125.0057876905703 0.05889471561113352 0.011575381140598532
0 1836.0038321903994 1155.004376058724 0.007664380798709157 0.008752117447769622
0 1856.0024203307785 1104.001976284585 0.004840661557079467 0.003952569169960474
0 1908.027027027027 1109.0073404856014 0.05405405405405406 0.014680971202710334
0 340.0159338442921 1614.0076228119706 0.0318676885841065 0.015245623941276116
0 466.02480839048 1650.0053642010164 0.04961678096006454 0.010728402032749858
0 646.0320693828156 1635.008610954263 0.06413876563130294 0.017221908526256352
0 857.0403388463089 1633.0091756070017 0.08067769261799113 0.018351214003387916
0 1073.011093182735 1635.0117165443253 0.02218636546994756 0.023433088650479956
0 1167.0260185558693 1639.0094579333709 0.05203711173860428 0.0189158667419537
0 1312.0014118596207 1697.0009881422925 0.0028237192416296895 0.001976284584980237
