0 346.03791851553046 684.0136928289102 0.07583703106091166 0.027385657820440428
0 621.0350947962888 724.0215979672502 0.07018959257765228 0.04319593450028233
0 877.0433642597822 731.0086109542631 0.08672851956434045 0.017221908526256352
0 1168.0401371520775 715.0148221343874 0.08027430415490117 0.029644268774703556
0 1433.0256151674062 741.0086109542631 0.051230334812424366 0.017221908526256352
0 1621.059903186769 716.0184923771881 0.11980637353771682 0.03698475437605872
0 2000.0165389269866 712.0214568040655 0.03307785397337636 0.04291360813099943
0 353.0165389269867 899.0084697910785 0.03307785397337636 0.01693958215697346
0 523.0480032271078 881.0258328627893 0.09600645421540945 0.051665725578769056
0 822.0328761597418 890.014963297572 0.06575231948366277 0.029926595143986448
0 1048.0609116579267 907.0101637492942 0.1218233158531666 0.020327498588368152
0 1436.0240016135538 910.0098814229249 0.04800322710770472 0.019762845849802372
0 1629.0201694231546 891.0136928289102 0.04033884630899556 0.027385657820440428
0 1784.0100847115773 938.0066346696782 0.02016942315449778 0.013269339356295878
0 1889.042960871319 906.0117165443253 0.08592174263816055 0.023433088650479956
0 373.02763210972165 1058.0107284020328 0.05526421944332392 0.021456804065499716
0 630.0276321097217 1064.0115753811406 0.05526421944332392 0.023150762281197064
0 830.0619201290843 1065.0141163184642 0.12384025816861638 0.028232636928289104
0 1194.010689794272 1080.008328627894 0.021379588543767647 0.016657255787690572
0 1310.0082694634934 1096.0080463015245 0.01653892698668818 0.016092603049124788
0 1452.0324727712787 1081.0112930547714 0.06494554255748286 0.02258610954263128
0 1687.0280354981849 1087.0108695652175 0.056070996369503835 0.021739130434782608
0 1890.0548608309803 1091.0131281761717 0.10972166196046793 0.026256352343308864
0 357.0080677692618 1254.0080463015245 0.016135538523598225 0.016092603049124788
0 489.06696248487293 1241.0117165443253 0.13392496974586526 0.023433088650479956
0 849.0010084711578 1312.0007058159233 0.002016942315449778 0.001411631846414455
0 916.0887454618797 1244.022444946358 0.17749092375958048 0.04488989271597967
0 1408.0074626865671 1283.0071993224167 0.014925373134328358 0.014398644833427442
0 1502.0605082694635 1266.0217391304348 0.12101653892698669 0.043478260869565216
0 1841.0716014521984 1267.01185770751 0.14320290439693426 0.023715415019762844
0 360.0256151674062 1447.009881422925 0.051230334812424366 0.019762845849802372
0 580.0260185558693 1429.0160926030492 0.05203711173860428 0.032185206098249576
0 765.0286405808794 1438.009881422925 0.0572811617587737 0.019762845849802372
0 988.0223880597015 1460.018492377188 0.04477611940298507 0.03698475437605872
0 1187.027027027027 1441.0112930547714 0.05405405405405406 0.02258610954263128
0 1393.0235982250908 1449.0108695652175 0.04719645018152481 0.021739130434782608
0 1551.029649052037 1449.0104460756634 0.05929810407422348 0.020892151326933936
0 1788.0179507866076 1457.010304912479 0.035901573215006054 0.020609824957651044
0 1926.044776119403 1445.0163749294184 0.08955223880597014 0.03274985883681536
0 358.05929810407423 1605.0117165443253 0.11859620814844696 0.023433088650479956
0 739.0102864058088 1623.0087521174478 0.020572811617587738 0.017504234895539244
0 848.0294473578056 1607.0121400338792 0.05889471561113352 0.024280067758328628
0 1071.0250100847115 1593.0191981931112 0.0500201694231545 0.038396386222473176
0 1223.0016135538524 1682.0011293054772 0.003227107704719645 0.002258610954263128
0 1351.0229931423962 1614.0119988706945 0.045986284792254944 0.023997741389045736
0 1484.0034288019363 1676.006634669678 0.006857603872529245 0.013269339356295878
0 1589.0594997983058 1618.0124223602484 0.1189995966115369 0.024844720496894408
0 1881.0062525211779 1689.0069169960475 0.012505042355788625 0.01383399209486166
0 360.04457442517145 1960.0191981931112 0.0891488503428802 0.038396386222473176
0 683.0264219443324 1992.00790513834 0.052843888664784185 0.015810276679841896
0 888.0361032674466 1972.0207509881423 0.07220653489310205 0.041501976284584984
0 1184.0568777732956 1982.0135516657256 0.11375554659136748 0.02710333145115754
0 1545.0320693828157 1977.012987012987 0.06413876563130294 0.025974025974025976
0 1768.0229931423962 1992.0111518915867 0.045986284792254944 0.022303783173348392
0 372.06091165792657 2136.0122811970637 0.1218233158531666 0.02456239412761152
0 773.0274304154901 2172.007481648786 0.05486083098023396 0.014963297571993224
0 996.0282371924163 2153.01185770751 0.05647438483259379 0.023715415019762844
0 1212.0147236789028 2159.010587238848 0.02944735780556676 0.021174477696216828
0 1347.0350947962888 2157.0119988706947 0.07018959257765228 0.023997741389045736
0 1612.0118999596612 2169.010728402033 0.02379991932230738 0.021456804065499716
0 1740.0356998789835 2180.011010728402 0.07139975796692215 0.0220214568040655
0 1978.0211778943121 2177.011010728402 0.04235578862444534 0.0220214568040655
0 344.038120209762 2317.012140033879 0.07624041952400161 0.024280067758328628
0 629.0655506252522 2319.015386787126 0.13110125050423557 0.03077357425183512
0 977.0012101653892 2398.000846979108 0.0024203307785397336 0.0016939582156973462
