0 366.01855586930213 723.0110107284021 0.03711173860427592 0.0220214568040655
0 575.049213392497 719.0167984189724 0.09842678499394918 0.03359683794466403
0 890.0231948366277 718.0121400338792 0.0463896732553449 0.024280067758328628
0 1102.0754336425978 706.0136928289102 0.1508672851956434 0.027385657820440428
0 1552.0679709560306 714.0183512140034 0.13594191206131503 0.03670242800677583
0 1960.0300524405002 719.0146809712027 0.06010488100040339 0.029361942405420668
0 346.07099636950386 875.0221626199888 0.14199273900766438 0.04432523997741389
0 712.0040338846309 944.0115753811406 0.008067769261799113 0.023150762281197064
0 798.0302541347318 886.0128458498024 0.060508269463493344 0.025691699604743084
0 1023.0350947962888 908.0103049124788 0.07018959257765228 0.020609824957651044
0 1295.0108914885034 910.0100225861096 0.021782977006857603 0.020045172219085264
0 1399.0213795885438 891.0118577075099 0.042759177087535294 0.023715415019762844
0 1608.0480032271078 896.0139751552795 0.09600645421540945 0.027950310559006212
0 1914.0131101250504 902.0115753811406 0.026220250100847116 0.023150762281197064
0 321.0407422347721 1075.012563523433 0.08148446954417103 0.0251270468661773
0 604.0072609923357 1102.0071993224167 0.014521984671238403 0.014398644833427442
0 698.0437676482453 1078.0115753811406 0.08753529649052037 0.023150762281197064
0 950.0014118596208 1149.0014116318464 0.0028237192416296895 0.00282326369282891
0 1064.0683743444938 1062.0245623941275 0.13674868898749495 0.04912478825522304
0 1482.0667607906414 1054.0142574816489 0.1335215812827753 0.028514963297571992
0 1883.053650665591 1079.0127046866178 0.1073013311819282 0.025409373235460192
0 344.0102864058088 1243.01185770751 0.020572811617587738 0.023715415019762844
0 486.02662363856393 1267.0094579333709 0.053247277127874144 0.0189158667419537
0 675.033279548205 1270.0221626199886 0.06655909640984267 0.04432523997741389
0 870.0014118596208 1322.0011293054772 0.0028237192416296895 0.002258610954263128
0 990.0244050020169 1236.0135516657256 0.04881000403388463 0.02710333145115754
0 1185.0254134731747 1267.0101637492942 0.050826946349334406 0.020327498588368152
0 1407.0463896732554 1245.014539808018 0.0927793465106898 0.029079616036137776
0 1729.0389269866882 1256.0115753811406 0.07785397337636143 0.023150762281197064
0 1972.0441710367083 1290.0094579333709 0.08834207341670028 0.0189158667419537
0 2173.0116982654295 1344.0077639751553 0.023396530859217425 0.015527950310559006
0 312.03428801936263 1414.0230095990967 0.06857603872529246 0.04601919819311124
0 565.0691811214199 1426.0203274985884 0.1383622428398548 0.040654997176736304
0 994.0094796288826 1431.0112930547714 0.018959257765227916 0.02258610954263128
0 1084.0183541750705 1433.012563523433 0.03670835014118596 0.0251270468661773
0 1260.0373134328358 1432.0124223602484 0.07462686567164178 0.024844720496894408
0 1519.031060911658 1452.0114342179559 0.06212182331585317 0.022868435911914172
0 1719.0613150463896 1442.0155279503106 0.12263009277934651 0.031055900621118012
0 338.02823719241627 1611.0107284020328 0.05647438483259379 0.021456804065499716
0 573.0213795885438 1599.0142574816489 0.042759177087535294 0.028514963297571992
0 770.0786607503026 1599.0158102766798 0.15732150060508268 0.03162055335968379
0 1217.02218636547 1619.0111518915867 0.04437273093989512 0.022303783173348392
0 1396.0667607906414 1616.0242800677584 0.1335215812827753 0.048560135516657256
0 1738.0024203307785 1705.0011293054772 0.004840661557079467 0.002258610954263128
0 1854.012908430819 1618.0119988706945 0.02581686163775716 0.023997741389045736
0 1988.0361032674466 1611.022868435912 0.07220653489310205 0.045736871823828344
0 310.05183541750705 1771.0143986448334 0.1036708350141186 0.028797289666854884
0 659.0300524405002 1777.0128458498023 0.06010488100040339 0.025691699604743084
0 873.0611133521581 1787.0138339920948 0.12222670431625655 0.02766798418972332
0 1189.0016135538524 1863.0014116318464 0.003227107704719645 0.00282326369282891
0 1271.038523598225 1794.0112930547714 0.07704719645018153 0.02258610954263128
0 1560.0316659943526 1821.0084697910786 0.06333198870512304 0.01693958215697346
0 1793.0574828559904 1790.0163749294184 0.11496571198063735 0.03274985883681536
0 334.03065752319486 1968.0128458498023 0.06131504638967326 0.025691699604743084
0 625.0703912868092 1983.0170807453417 0.14078257361839452 0.034161490683229816
0 1067.0312626058894 1980.0122811970639 0.06252521177894312 0.02456239412761152
0 1300.0881403791852 1987.0121400338792 0.1762807583703106 0.024280067758328628
0 1747.0038321903994 2061.0062111801244 0.007664380798709157 0.012422360248447204
0 1843.0342880193627 1988.0112930547714 0.06857603872529246 0.02258610954263128
0 2074.0219846712384 1993.0131281761717 0.043969342476805166 0.026256352343308864
0 333.0254134731747 2161.0203274985884 0.050826946349334406 0.040654997176736304
0 568.0114965711981 2143.015245623941 0.022993142396127472 0.030491247882552232
0 706.017749092376 2154.0103049124787 0.035498184751916094 0.020609824957651044
0 912.0689794271884 2154.017786561265 0.13795885437676483 0.03557312252964427
0 1336.029245663574 2170.009175607002 0.058491327148043566 0.018351214003387916
0 1577.0409439290036 2153.0135516657256 0.08188785800726099 0.02710333145115754
0 1862.0322710770472 2154.0131281761714 0.0645421540943929 0.026256352343308864
