0 0.08693021379588543 0.1147656691134952 0.03146430012101654 0.02456239412761152
0 0.1254538120209762 0.11363636363636363 0.050826946349334406 0.022303783173348392
0 0.22045179507866075 0.1147656691134952 0.1674062121823316 0.021456804065499716
0 0.2591770875352965 0.11716544325239978 0.038321903993545785 0.025691699604743084
0 0.299919322307382 0.11420101637492942 0.05808793868495361 0.020892151326933936
0 0.3860427591770875 0.1150479954827781 0.15207745058491326 0.017786561264822136
0 0.42496974586526826 0.11462450592885376 0.05526421944332392 0.018068887634105024
0 0.1518757563533683 0.1396103896103896 0.17466720451795079 0.019762845849802372
0 0.1972569584509883 0.14130434782608695 0.06938281565147236 0.013269339356295878
0 0.2539330375151271 0.14695087521174477 0.08793868495361033 0.03359683794466403
0 0.2853973376361436 0.13975155279503104 0.03993545784590561 0.016657255787690572
0 0.3358208955223881 0.1401750423489554 0.08229124647035095 0.01693958215697346
0 0.3697055264219443 0.14186900056465274 0.048406615570794675 0.021456804065499716
0 0.4352561516740621 0.14906832298136646 0.11496571198063735 0.026538678712591756
0 0.08551835417507059 0.19861660079051383 0.03065752319483663 0.03387916431394692
0 0.11940298507462686 0.18986448334274422 0.04921339249697459 0.017786561264822136
0 0.20754336425978218 0.1972049689440994 0.15328761597418314 0.03077357425183512
0 0.2507059298104074 0.1922642574816488 0.07664380798709157 0.009034443817052512
0 0.2571601452198467 0.1935347261434218 0.004437273093989512 0.006211180124223602
0 0.2876159741831384 0.19113495200451722 0.04154901169826543 0.018633540372670808
0 0.3348124243646632 0.19127611518915866 0.07785397337636143 0.01637492941840768
0 0.4102460669624849 0.19889892715979673 0.13392496974586526 0.03303218520609825
0 0.4173053650665591 0.19057029926595143 0.003630496167809601 0.00818746470920384
0 0.0699878983461073 0.2075098814229249 0.002016942315449778 0.00818746470920384
0 0.09741831383622429 0.21583850931677018 0.04033884630899556 0.024280067758328628
0 0.10407422347720856 0.21964991530208922 0.0060508269463493344 0.009316770186335404
0 0.14320290439693426 0.2245906267645398 0.0681726502622025 0.03274985883681536
0 0.17950786607503025 0.2165443252399774 0.05970149253731343 0.008752117447769622
0 0.22246873739411052 0.22346132128740825 0.06736587333602259 0.023150762281197064
0 0.291044776119403 0.22444946357989837 0.11214199273900767 0.03274985883681536
0 0.2974989915288423 0.21936758893280633 0.004033884630899556 0.007058159232072276
0 0.318273497377975 0.21640316205533597 0.029850746268656716 0.014963297571993224
0 0.35619201290843083 0.21682665160926032 0.06171843485276321 0.015245623941276116
0 0.37777329568374346 0.2161208356860531 0.02743041549011698 0.01693958215697346
0 0.41044776119402987 0.21725014116318464 0.042759177087535294 0.018633540372670808
0 0.13775716014521985 0.24576510446075664 0.14158935054457442 0.024280067758328628
0 0.17426381605486083 0.24308300395256918 0.04759983864461476 0.020609824957651044
0 0.20310609116579265 0.24167137210615472 0.04759983864461476 0.016657255787690572
0 0.2690601048810004 0.24153020892151328 0.1073013311819282 0.017504234895539244
0 0.2757160145219847 0.24548277809147373 0.004033884630899556 0.008752117447769622
0 0.3370310609116579 0.2429418407679277 0.10568777732956837 0.019762845849802372
0 0.35861234368697054 0.24124788255223037 0.030254134731746672 0.018633540372670808
0 0.3717224687373941 0.24280067758328627 0.01290843081887858 0.020892151326933936
0 0.3775716014521985 0.2339073969508752 0.002016942315449778 0.004799548277809147
0 0.4376764824526019 0.24110671936758893 0.11012505042355789 0.018351214003387916
0 0.1036708350141186 0.26792772444946356 0.07059298104074223 0.01948051948051948
0 0.16942315449778136 0.268068887634105 0.10609116579265833 0.021456804065499716
0 0.19927390076643808 0.2670807453416149 0.03630496167809601 0.0189158667419537
0 0.24142799515933844 0.26750423489553926 0.07220653489310205 0.020327498588368152
0 0.25030254134731744 0.26976284584980237 0.004033884630899556 0.007340485601355167
0 0.35699878983461075 0.2683512140033879 0.1952400161355385 0.020609824957651044
0 0.36506655909640984 0.2670807453416149 0.003227107704719645 0.002540937323546019
0 0.4191206131504639 0.26990400903444384 0.09156918112141993 0.023997741389045736
0 0.13251311012505043 0.2920666290231508 0.12303348124243646 0.016657255787690572
0 0.16881807180314642 0.29079616036137773 0.04961678096006454 0.015527950310559006
0 0.19423154497781364 0.2996894409937888 0.03872529245663574 0.033314511575381144
0 0.2654296087131908 0.2999717673630717 0.11859620814844696 0.029926595143986448
0 0.3190802743041549 0.2924901185770751 0.08027430415490117 0.015527950310559006
0 0.40399354578459057 0.2931959345002823 0.1464300121016539 0.0189158667419537
0 0.41306978620411455 0.29178430265386784 0.0052440500201694235 0.007905138339920948
0 0.07301331181928197 0.30957086391869 0.002016942315449778 0.007622811970638058
0 0.12202501008471157 0.31733483907396953 0.09116579265832997 0.021456804065499716
0 0.18697055264219442 0.3221343873517787 0.10205728116175877 0.026256352343308864
0 0.2436466317063332 0.31747600225861095 0.08955223880597014 0.019198193111236588
0 0.2989108511496571 0.31804065499717676 0.0935861234368697 0.020327498588368152
0 0.3501411859620815 0.3242518351214003 0.0782573618394514 0.03387916431394692
0 0.39007664380798707 0.3198757763975155 0.06333198870512304 0.024844720496894408
0 0.44776119402985076 0.3253811405985319 0.100040338846309 0.027385657820440428
0 0.11516740621218233 0.34217955957086393 0.09156918112141993 0.009316770186335404
0 0.1754739814441307 0.3427442123094297 0.09762000806776926 0.01693958215697346
0 0.20330778539733763 0.3438735177865613 0.028237192416296894 0.019198193111236588
0 0.33118192819685355 0.3445793337097685 0.2263009277934651 0.021739130434782608
0 0.3555869302137959 0.34415584415584416 0.02702702702702703 0.020327498588368152
0 0.4062121823315853 0.34330886504799546 0.08955223880597014 0.017504234895539244
0 0.41306978620411455 0.3427442123094297 0.0028237192416296895 0.001976284584980237
0 0.418313836224284 0.33681535855448896 0.0028237192416296895 0.005364201016374929
