0 0.09177087535296491 0.11434217955957086 0.0500201694231545 0.014398644833427442
0 0.1381605486083098 0.11335403726708075 0.07018959257765228 0.0189158667419537
0 0.1680112948769665 0.11434217955957086 0.024606696248487294 0.02456239412761152
0 0.22327551432029044 0.11335403726708075 0.08188785800726099 0.023433088650479956
0 0.2446551028640581 0.11307171089779786 0.01573215006050827 0.01383399209486166
0 0.31423961274707546 0.11349520045172219 0.11173860427591771 0.018351214003387916
0 0.3164582492940702 0.11589497459062677 0.005647438483259379 0.005081874647092038
0 0.34953610326744655 0.11405985319028797 0.04921339249697459 0.01693958215697346
0 0.3711173860427592 0.11335403726708075 0.031060911657926585 0.016092603049124788
0 0.39411052843888666 0.11363636363636363 0.03791851553045583 0.01948051948051948
0 0.4298104074223477 0.11533032185206098 0.050826946349334406 0.01637492941840768
0 0.07603872529245663 0.14144551101072841 0.022589753933037516 0.024844720496894408
0 0.10629286002420331 0.14059853190287974 0.04154901169826543 0.010163749294184076
0 0.16216216216216217 0.13819875776397517 0.08430818878580072 0.019762845849802372
0 0.18293666801129488 0.1367871259175607 0.021782977006857603 0.018633540372670808
0 0.21258572004840662 0.1383399209486166 0.041145623235175476 0.010163749294184076
0 0.27833803953206937 0.14511575381140598 0.09681323114158935 0.03020892151326934
0 0.31343283582089554 0.14582156973461322 0.05405405405405406 0.03303218520609825
0 0.38342073416700284 0.1398927159796725 0.11012505042355789 0.016657255787690572
0 0.42759177087535294 0.1383399209486166 0.06575231948366277 0.01693958215697346
0 0.11254538120209762 0.16389045736871824 0.0891488503428802 0.020327498588368152
0 0.13755546591367487 0.1650197628458498 0.02944735780556676 0.01693958215697346
0 0.18676885841064947 0.17010163749294185 0.08027430415490117 0.029926595143986448
0 0.2117789431222267 0.1634669678147939 0.02944735780556676 0.017504234895539244
0 0.2507059298104074 0.16883116883116883 0.057684550221863654 0.02766798418972332
0 0.25776522791448164 0.16233766233766234 0.004033884630899556 0.0016939582156973462
0 0.28862444534086323 0.1634669678147939 0.045582896329164985 0.012422360248447204
0 0.32109721661960466 0.16516092603049123 0.04437273093989512 0.017504234895539244
0 0.3408632513110125 0.16925465838509315 0.025413473174667203 0.023715415019762844
0 0.3674868898749496 0.1650197628458498 0.03953206938281565 0.019762845849802372
0 0.41972569584509883 0.16953698475437606 0.08027430415490117 0.0220214568040655
0 0.07563533682936668 0.18831168831168832 0.016942315449778138 0.012987012987012988
0 0.09580475998386447 0.1885940146809712 0.016942315449778138 0.009881422924901186
0 0.14138765631302944 0.18887634105025408 0.0681726502622025 0.0189158667419537
0 0.16881807180314642 0.189158667419537 0.03751512706736587 0.017221908526256352
0 0.21419927390076643 0.1895821569734613 0.07260992335619201 0.015527950310559006
0 0.24505849132714805 0.18887634105025408 0.035498184751916094 0.019198193111236588
0 0.291246470350948 0.18845285149632976 0.06736587333602259 0.01948051948051948
0 0.34045986284792257 0.18944099378881987 0.07220653489310205 0.019198193111236588
0 0.37131908027430416 0.18788819875776397 0.03872529245663574 0.018351214003387916
0 0.372730939895119 0.1885940146809712 0.0024203307785397336 0.0016939582156973462
0 0.4027833803953207 0.18873517786561264 0.035498184751916094 0.017221908526256352
0 0.4372730939895119 0.1880293619424054 0.04719645018152481 0.00818746470920384
0 0.1044776119402985 0.2435064935064935 0.07462686567164178 0.02766798418972332
0 0.12847922549415086 0.24265951439864483 0.0318676885841065 0.022868435911914172
0 0.1926179911254538 0.24364765669113495 0.10205728116175877 0.025409373235460192
0 0.22952803549818476 0.23969508752117447 0.05405405405405406 0.00818746470920384
0 0.23275514320290439 0.24308300395256918 0.006857603872529245 0.009034443817052512
0 0.263412666397741 0.2404009034443817 0.04800322710770472 0.018351214003387916
0 0.2928600242033078 0.23997741389045738 0.0463896732553449 0.020327498588368152
0 0.33219039935457845 0.24392998306041785 0.05526421944332392 0.0220214568040655
0 0.34953610326744655 0.24153020892151328 0.024606696248487294 0.01383399209486166
0 0.3555869302137959 0.24308300395256918 0.00927793465106898 0.010728402032749858
0 0.38664784187172246 0.23997741389045738 0.05163372327551432 0.0189158667419537
0 0.4080274304154901 0.23927159796725014 0.02743041549011698 0.007905138339920948
0 0.0899556272690601 0.2912196499153021 0.042759177087535294 0.021456804065499716
0 0.13432835820895522 0.2941840767927724 0.06171843485276321 0.027385657820440428
0 0.18495361032674465 0.29107848673066067 0.07099636950383219 0.020609824957651044
0 0.2144009681323114 0.294042913608131 0.03469140782573618 0.020045172219085264
0 0.24969745865268253 0.2909373235460192 0.051230334812424366 0.017504234895539244
0 0.2743041549011698 0.2896668548842462 0.015328761597418314 0.012422360248447204
0 0.299717628075837 0.2912196499153021 0.03630496167809601 0.007622811970638058
0 0.33864461476401775 0.29136081309994355 0.055667607906413875 0.009316770186335404
0 0.34288019362646227 0.29164313946922643 0.0028237192416296895 0.002540937323546019
