0 0.16559096409842677 0.21513269339356295 0.043969342476805166 0.020892151326933936
0 0.25413473174667206 0.22120271033314512 0.07260992335619201 0.028514963297571992
0 0.38463089955627267 0.21386222473178995 0.11012505042355789 0.020045172219085264
0 0.5260185558693021 0.21230942970073405 0.12585720048406615 0.017504234895539244
0 0.6593384429205325 0.21908526256352343 0.08511496571198064 0.029926595143986448
0 0.736385639370714 0.21146245059288538 0.026220250100847116 0.018068887634105024
0 0.8684953610326744 0.2186617730095991 0.17103670835014118 0.031338226990400904
0 0.17265026220250101 0.2641163184641446 0.050826946349334406 0.017221908526256352
0 0.2900363049616781 0.262987012987013 0.12020976200080678 0.016657255787690572
0 0.4267849939491731 0.2608695652173913 0.10246066962484873 0.01693958215697346
0 0.5258168616377572 0.264257481648786 0.040742234772085516 0.00846979107848673
0 0.5929810407422348 0.26030491247882553 0.05970149253731343 0.019198193111236588
0 0.7714804356595402 0.262987012987013 0.23033481242436465 0.022303783173348392
0 0.20532472771278742 0.313382269904009 0.10407422347720856 0.03274985883681536
0 0.2763210972166196 0.31634669678147936 0.005647438483259379 0.006493506493506494
0 0.3338039532069383 0.30787690570299264 0.0826946349334409 0.022868435911914172
0 0.427390076643808 0.31084133258046304 0.04800322710770472 0.01693958215697346
0 0.564340459862848 0.30745341614906835 0.17668414683340056 0.023150762281197064
0 0.7139975796692215 0.30886504799548276 0.06857603872529246 0.018068887634105024
0 0.8295683743444937 0.3129587803500847 0.10205728116175877 0.03020892151326934
0 0.8941105284388866 0.31437041219649914 0.0028237192416296895 0.014963297571993224
0 0.15893505445744252 0.36829474872953133 0.008067769261799113 0.010446075663466968
0 0.19281968535699878 0.3613777526821005 0.03711173860427592 0.014680971202710334
0 0.2710770471964502 0.3598249576510446 0.08229124647035095 0.0189158667419537
0 0.35397337636143605 0.35926030491247885 0.038321903993545785 0.015527950310559006
0 0.4584509883017346 0.3595426312817617 0.11657926583299717 0.020609824957651044
0 0.5917708753529649 0.3585544889892716 0.08632513110125051 0.02258610954263128
0 0.672650262202501 0.35926030491247885 0.03993545784590561 0.016657255787690572
0 0.7224687373941105 0.3588368153585545 0.03872529245663574 0.018068887634105024
0 0.7704719645018152 0.36391869000564653 0.03307785397337636 0.03670242800677583
0 0.8315853166599435 0.3589779785431959 0.05445744251714401 0.0189158667419537
0 0.19947559499798306 0.40344438170525126 0.10689794271883823 0.029361942405420668
0 0.3711173860427592 0.41022021456804064 0.18152480839048002 0.030491247882552232
0 0.5304558289632917 0.41022021456804064 0.08309802339653086 0.029926595143986448
0 0.6135538523598225 0.40358554488989273 0.03791851553045583 0.021174477696216828
0 0.6573215006050827 0.40400903444381703 0.035901573215006054 0.017504234895539244
0 0.719039935457846 0.4030208921513269 0.045582896329164985 0.023433088650479956
0 0.7900363049616781 0.41007905138339923 0.058491327148043566 0.025691699604743084
0 0.8797902379991932 0.4018915866741954 0.07260992335619201 0.020609824957651044
0 0.16780960064542155 0.4568040654997177 0.053247277127874144 0.019198193111236588
0 0.2591770875352965 0.45652173913043476 0.09883017345703912 0.018633540372670808
0 0.3697055264219443 0.46047430830039526 0.06333198870512304 0.029361942405420668
0 0.5016135538523598 0.45736871823828346 0.1472367890278338 0.032185206098249576
0 0.5859217426381605 0.4577922077922078 0.003630496167809601 0.005928853754940711
0 0.6496571198063735 0.4536984754376059 0.0899556272690601 0.01693958215697346
0 0.7476805163372328 0.4568040654997177 0.06010488100040339 0.01129305477131564
0 0.8624445340863252 0.4544042913608131 0.11294876966518758 0.021174477696216828
0 0.1871722468737394 0.5578769057029926 0.08309802339653086 0.04121964991530209
0 0.28620411456232353 0.551665725578769 0.07624041952400161 0.028232636928289104
0 0.33521581282775315 0.5626764539808018 0.004033884630899556 0.010163749294184076
0 0.38342073416700284 0.5570299265951439 0.05526421944332392 0.01637492941840768
0 0.48225090762404194 0.5549124788255223 0.10931827349737798 0.03077357425183512
0 0.6557079467527229 0.5587238848108413 0.18192819685356998 0.03387916431394692
0 0.7646228317870108 0.5632411067193676 0.003630496167809601 0.012422360248447204
0 0.8628479225494151 0.5590062111801242 0.18071803146430013 0.0378317334839074
0 0.17204517950786608 0.6103896103896104 0.04719645018152481 0.024280067758328628
0 0.25574828559903184 0.616318464144551 0.07987091569181122 0.039525691699604744
0 0.32755143202904397 0.6134952004517222 0.02581686163775716 0.00846979107848673
0 0.4056070996369504 0.6192828910220215 0.09398951189995966 0.03811405985319029
0 0.4981847519160952 0.6147656691134952 0.03872529245663574 0.00818746470920384
0 0.5617184348527632 0.6095426312817617 0.050423557886244454 0.024844720496894408
0 0.662767244856797 0.6122247317899492 0.100040338846309 0.020045172219085264
0 0.7896329164985881 0.6105307735742518 0.08592174263816055 0.026821005081874648
0 0.17144009681323114 0.6614906832298136 0.04517950786607503 0.018068887634105024
0 0.30778539733763616 0.6592320722755506 0.1920129084308189 0.026538678712591756
0 0.4564340459862848 0.661914172783738 0.038321903993545785 0.017221908526256352
0 0.5945945945945946 0.6719367588932806 0.15732150060508268 0.03557312252964427
0 0.6938281565147236 0.6706662902315076 0.003227107704719645 0.004799548277809147
