0 0.15994352561516742 0.22727272727272727 0.04477611940298507 0.020327498588368152
0 0.2613957240822912 0.22388481084133258 0.12424364663170634 0.020892151326933936
0 0.42214602662363854 0.22939017504234896 0.13916901976603469 0.03303218520609825
0 0.5465913674868899 0.22190852625635235 0.05405405405405406 0.01693958215697346
0 0.6238402581686163 0.22332015810276679 0.06413876563130294 0.01693958215697346
0 0.781363453005244 0.22402597402597402 0.18233158531665994 0.020609824957651044
0 0.18838241226300928 0.2766798418972332 0.09681323114158935 0.039525691699604744
0 0.291246470350948 0.27117447769621683 0.07018959257765228 0.018351214003387916
0 0.41206131504638965 0.2782326369282891 0.11657926583299717 0.035290796160361376
0 0.5201694231544978 0.27060982495765107 0.031060911657926585 0.016657255787690572
0 0.6147640177490924 0.2713156408808583 0.11698265429608713 0.02258610954263128
0 0.7285195643404598 0.2684923771880294 0.060508269463493344 0.019762845849802372
0 0.8287615974183138 0.26990400903444384 0.10286405808793868 0.0220214568040655
0 0.20391286809197257 0.32298136645962733 0.12222670431625655 0.019762845849802372
0 0.3100040338846309 0.3191699604743083 0.04800322710770472 0.023997741389045736
0 0.3884630899556273 0.32806324110671936 0.055667607906413875 0.03557312252964427
0 0.46994755949979833 0.3204404291360813 0.07745058491327148 0.019762845849802372
0 0.5891488503428802 0.32594579333709767 0.10770471964501815 0.034161490683229816
0 0.7609923356192013 0.3297571993224167 0.16659943525615167 0.024280067758328628
0 0.17265026220250101 0.3761998870694523 0.06696248487293263 0.0189158667419537
0 0.27188382412263007 0.38015245623941274 0.07422347720855184 0.03077357425183512
0 0.35417507059298103 0.3749294184076793 0.05970149253731343 0.015810276679841896
0 0.49415086728519564 0.3749294184076793 0.19443323920935862 0.029926595143986448
0 0.6575231948366277 0.37351778656126483 0.07583703106091166 0.011857707509881422
0 0.7236789027833804 0.37577639751552794 0.005647438483259379 0.009034443817052512
0 0.8378378378378378 0.3709768492377188 0.20330778539733763 0.038396386222473176
0 0.17043162565550626 0.4623094297007341 0.06171843485276321 0.03585544889892716
0 0.28701089148850345 0.45313382269904007 0.10689794271883823 0.021456804065499716
0 0.38422751109318276 0.4556747600225861 0.03751512706736587 0.009034443817052512
0 0.4471561113352158 0.45087521174477696 0.0536506655909641 0.018633540372670808
0 0.5875352964905204 0.44452286843591193 0.19402985074626866 0.023433088650479956
0 0.7339653085921742 0.4414172783738001 0.0391286809197257 0.017786561264822136
0 0.8281565147236789 0.44678147939017504 0.09439290036304962 0.01383399209486166
0 0.9245663574021783 0.444240542066629 0.05486083098023396 0.022868435911914172
0 0.2408229124647035 0.5015527950310559 0.20653489310205728 0.03811405985319029
0 0.4138765631302945 0.4976002258610954 0.07664380798709157 0.023997741389045736
0 0.49616780960064544 0.4946357989836251 0.048406615570794675 0.024280067758328628
0 0.5927793465106898 0.5026821005081875 0.08350141185962082 0.039243365330321855
0 0.7928600242033078 0.5 0.26099233561920127 0.04291360813099943
0 0.9372730939895119 0.5070581592320723 0.004437273093989512 0.012422360248447204
0 0.1645824929407019 0.546583850931677 0.05163372327551432 0.018633540372670808
0 0.27067365873336025 0.5467250141163185 0.11859620814844696 0.032467532467532464
0 0.45683743444937475 0.5467250141163185 0.1964501815248084 0.032467532467532464
0 0.5718031464300121 0.5511010728402033 0.003630496167809601 0.007905138339920948
0 0.6258572004840661 0.5460191981931113 0.04235578862444534 0.023150762281197064
0 0.7123840258168617 0.5492659514398645 0.07018959257765228 0.012140033879164314
0 0.7934651068979427 0.5446075663466968 0.04195240016135539 0.020327498588368152
0 0.8759580475998386 0.5460191981931113 0.08834207341670028 0.017504234895539244
0 0.18192819685356998 0.5920383963862225 0.08955223880597014 0.028232636928289104
0 0.29850746268656714 0.5797571993224168 0.07180314643001211 0.022303783173348392
0 0.4497781363453005 0.577639751552795 0.1661960467930617 0.018068887634105024
0 0.5524405002016942 0.5835686053077357 0.0028237192416296895 0.00564652738565782
0 0.6230334812424365 0.5879446640316206 0.09076240419524001 0.029644268774703556
0 0.7402178297700686 0.5806041784302653 0.09116579265832997 0.022868435911914172
0 0.8580072609923356 0.5872388481084133 0.09035901573215006 0.031055900621118012
0 0.22186365469947558 0.627046866177301 0.16135538523598225 0.03557312252964427
0 0.3644614764017749 0.6175889328063241 0.08108108108108109 0.023433088650479956
0 0.43505445744251714 0.6266233766233766 0.00927793465106898 0.009316770186335404
0 0.5246066962484873 0.623235460191982 0.13916901976603469 0.03698475437605872
0 0.6764824526018556 0.6291643139469226 0.10407422347720856 0.02456239412761152
0 0.7386042759177087 0.6089779785431959 0.007260992335619202 0.009034443817052512
0 0.7924566357402179 0.6223884810841332 0.06010488100040339 0.01948051948051948
0 0.8356192012908431 0.6288819875776398 0.006857603872529245 0.009316770186335404
0 0.8939088342073417 0.6325522303783173 0.08713190802743041 0.023433088650479956
0 0.1791044776119403 0.6645962732919255 0.07583703106091166 0.023150762281197064
0 0.40298507462686567 0.6602202145680407 0.31222267043162566 0.027950310559006212
0 0.5796692214602662 0.6549971767363072 0.009681323114158934 0.009599096555618294
0 0.7020976200080677 0.6654432523997741 0.21661960467930616 0.03500846979107849
0 0.8763614360629286 0.6653020892151327 0.03993545784590561 0.03811405985319029
0 0.16135538523598225 0.7075098814229249 0.045986284792254944 0.024280067758328628
0 0.25514320290439696 0.7130152456239413 0.08834207341670028 0.040372670807453416
0 0.3882613957240823 0.7070863918690006 0.13594191206131503 0.023433088650479956
0 0.6131504638967326 0.7111801242236024 0.22428398547801534 0.03387916431394692
0 0.7880193626462283 0.7012987012987013 0.04235578862444534 0.028232636928289104
0 0.8799919322307382 0.7017221908526257 0.07462686567164178 0.023433088650479956
0 0.18898749495764422 0.7452004517221908 0.10286405808793868 0.020045172219085264
0 0.2593787817668415 0.7529644268774703 0.004033884630899556 0.007905138339920948
