0 0.19786204114562322 0.45327498588368154 0.10044372730939895 0.02456239412761152
0 0.254739814441307 0.4652738565782044 0.004437273093989512 0.007340485601355167
0 0.28055667607906415 0.45454545454545453 0.018959257765227916 0.023150762281197064
0 0.3563937071399758 0.4642857142857143 0.09156918112141993 0.04601919819311124
0 0.43949173053650664 0.4570863918690006 0.0318676885841065 0.01355166572557877
0 0.4836627672448568 0.4558159232072276 0.016135538523598225 0.01383399209486166
0 0.5556676079064139 0.46795595708639187 0.08592174263816055 0.046583850931677016
0 0.6405808793868495 0.4587803500846979 0.029850746268656716 0.028797289666854884
0 0.7408229124647036 0.46922642574816487 0.08027430415490117 0.05646527385657821
0 0.7892295280354982 0.4608977978543196 0.003630496167809601 0.003105590062111801
