0 0.14521984671238403 0.2279785431959345 0.024203307785397338 0.023433088650479956
0 0.20411456232351755 0.2289666854884246 0.03630496167809601 0.020892151326933936
0 0.2591770875352965 0.22656691134952003 0.040742234772085516 0.020609824957651044
0 0.31807180314643 0.2267080745341615 0.03993545784590561 0.0220214568040655
0 0.3775716014521985 0.2279785431959345 0.03953206938281565 0.022868435911914172
0 0.46954417103670837 0.23644833427442122 0.08874546187979024 0.03585544889892716
0 0.5500201694231545 0.23362507058159232 0.026220250100847116 0.037549407114624504
0 0.6062928600242034 0.22628458498023715 0.053247277127874144 0.0189158667419537
0 0.6912061315046389 0.22840203274985885 0.06494554255748286 0.01693958215697346
0 0.7648245260185559 0.23122529644268774 0.03711173860427592 0.010163749294184076
0 0.8299717628075837 0.23249576510446077 0.05203711173860428 0.03303218520609825
0 0.17587736990722067 0.2813382269904009 0.08390480032271078 0.03020892151326934
0 0.24162968939088342 0.27964426877470355 0.01290843081887858 0.002540937323546019
0 0.3390480032271077 0.2868435911914173 0.14320290439693426 0.043478260869565216
0 0.47983057684550223 0.281055900621118 0.08188785800726099 0.03020892151326934
0 0.5621218233158531 0.283596837944664 0.043162565550625254 0.03472614342179559
0 0.6375554659136748 0.27653867871259175 0.045582896329164985 0.022868435911914172
0 0.6962484872932634 0.2802089215132693 0.029043969342476807 0.03811405985319029
0 0.7597821702299314 0.274703557312253 0.052843888664784185 0.023150762281197064
0 0.7864058087938685 0.28613777526821005 0.003630496167809601 0.004234895539243365
0 0.8307785397337636 0.2834556747600226 0.04477611940298507 0.04178430265386787
0 0.16559096409842677 0.32792207792207795 0.058491327148043566 0.023433088650479956
0 0.25231948366276724 0.334274421230943 0.07382008874546188 0.033314511575381144
0 0.32956837434449376 0.33272162619988704 0.020976200080677694 0.009881422924901186
0 0.4219443323920936 0.32806324110671936 0.10649455425574829 0.020892151326933936
0 0.5334812424364663 0.3290513833992095 0.06978620411456232 0.0189158667419537
0 0.5949979830576846 0.3306041784302654 0.029043969342476807 0.03387916431394692
0 0.653892698668818 0.3256634669678148 0.029043969342476807 0.021174477696216828
0 0.7379991932230738 0.3370976849237719 0.09721661960467931 0.04121964991530209
0 0.18132311415893507 0.37859966120835686 0.09479628882613957 0.023715415019762844
0 0.24142799515933844 0.3805759457933371 0.012505042355788625 0.0016939582156973462
0 0.28680919725695847 0.37789384528514963 0.03469140782573618 0.021739130434782608
0 0.32977006857603874 0.378317334839074 0.018959257765227916 0.020327498588368152
0 0.3852359822509076 0.37789384528514963 0.055667607906413875 0.020609824957651044
0 0.4427188382412263 0.37874082439299833 0.03428801936264623 0.020045172219085264
0 0.4889068172650262 0.37789384528514963 0.022589753933037516 0.022303783173348392
0 0.5334812424364663 0.3794466403162055 0.024606696248487294 0.020327498588368152
0 0.6214199273900767 0.38099943534726144 0.10689794271883823 0.03190287972896669
0 0.7105687777329568 0.3818464144551101 0.027833803953206938 0.009881422924901186
0 0.754134731746672 0.37634105025409376 0.026220250100847116 0.0220214568040655
0 0.8065752319483662 0.3908808582721626 0.04154901169826543 0.028514963297571992
0 0.8511496571198064 0.3756352343308865 0.016942315449778138 0.01948051948051948
0 0.1464300121016539 0.43929983060417843 0.03469140782573618 0.04121964991530209
0 0.1619604679306172 0.4361942405420666 0.0028237192416296895 0.00282326369282891
0 0.24243646631706334 0.4394409937888199 0.09600645421540945 0.04319593450028233
0 0.3382412263009278 0.4367588932806324 0.050423557886244454 0.03162055335968379
0 0.4070189592577652 0.42701863354037267 0.04517950786607503 0.022868435911914172
0 0.46046793061718433 0.4292772444946358 0.018959257765227916 0.021174477696216828
0 0.4935457845905607 0.4345002823263693 0.033481242436466316 0.01129305477131564
0 0.563937071399758 0.42631281761716544 0.06696248487293263 0.023150762281197064
0 0.6591367486889875 0.427442123094297 0.05889471561113352 0.02258610954263128
0 0.7488906817265026 0.43280632411067194 0.06333198870512304 0.033314511575381144
0 0.8215006050826946 0.43153585544889894 0.050423557886244454 0.03190287972896669
0 0.8652682533279549 0.43195934500282324 0.01371520774505849 0.010163749294184076
0 0.16236385639370715 0.49054206662902317 0.0609116579265833 0.039243365330321855
0 0.23598225090762404 0.48320158102766797 0.02016942315449778 0.01101072840203275
0 0.31787010891488504 0.4784020327498588 0.060508269463493344 0.025691699604743084
0 0.42517144009681324 0.4916713721061547 0.08471157724889068 0.03980801806888763
0 0.5189592577652279 0.4782608695652174 0.04477611940298507 0.0220214568040655
0 0.6042759177087536 0.47967250141163187 0.07180314643001211 0.024280067758328628
0 0.700080677692618 0.48955392433653305 0.07624041952400161 0.03896103896103896
0 0.7446551028640581 0.48743647656691136 0.003227107704719645 0.002540937323546019
0 0.7894312222670432 0.4771315640880858 0.02743041549011698 0.021456804065499716
0 0.8430818878580073 0.4772727272727273 0.055667607906413875 0.023433088650479956
0 0.18676885841064947 0.5314793901750423 0.10326744655102864 0.020045172219085264
0 0.28862444534086323 0.5309147374364765 0.02864058087938685 0.021739130434782608
0 0.372730939895119 0.5293619424054207 0.06696248487293263 0.0220214568040655
0 0.5112948769665188 0.5287972896668549 0.12061315046389673 0.0220214568040655
0 0.6432029043969343 0.5292207792207793 0.07866075030254134 0.022303783173348392
0 0.7311415893505446 0.5290796160361377 0.04719645018152481 0.021456804065499716
0 0.7940701895925777 0.532608695652174 0.03670835014118596 0.01101072840203275
0 0.15974183138362244 0.5808865047995483 0.04195240016135539 0.022303783173348392
0 0.2291246470350948 0.5803218520609825 0.014521984671238403 0.01948051948051948
0 0.30032271077047196 0.5815923207227555 0.05929810407422348 0.019762845849802372
0 0.4005647438483259 0.5803218520609825 0.07503025413473174 0.020045172219085264
0 0.48305768455022186 0.585544889892716 0.0326744655102864 0.039525691699604744
0 0.5373134328358209 0.580180688876341 0.03307785397337636 0.0220214568040655
0 0.6315046389673256 0.5818746470920384 0.09640984267849939 0.03162055335968379
0 0.7406212182331585 0.5783455674760023 0.05647438483259379 0.021739130434782608
0 0.8140379185155304 0.581451157538114 0.03227107704719645 0.034161490683229816
0 0.16034691407825735 0.6319875776397516 0.03509479628882614 0.021174477696216828
0 0.26099233561920127 0.6298701298701299 0.0645421540943929 0.024844720496894408
0 0.35215812827753123 0.6346696781479391 0.03872529245663574 0.01129305477131564
0 0.372932634126664 0.6383399209486166 0.003630496167809601 0.002258610954263128
