0 0.19947559499798306 0.2587521174477696 0.0891488503428802 0.03359683794466403
0 0.27874142799515933 0.25663466967814796 0.03711173860427592 0.026538678712591756
0 0.3691004437273094 0.2627046866177301 0.10165389269866881 0.022868435911914172
0 0.5385235982250908 0.26129305477131565 0.20492133924969747 0.0251270468661773
0 0.6778943122226704 0.25254093732354604 0.011698265429608713 0.010446075663466968
0 0.7057281161758774 0.26341050254093734 0.03428801936264623 0.01355166572557877
0 0.7535296490520371 0.265527950310559 0.028237192416296894 0.01101072840203275
0 0.8572004840661557 0.27300959909655564 0.13311819281968534 0.0502540937323546
0 0.1974586526825333 0.30547713156408807 0.10286405808793868 0.03670242800677583
0 0.3204921339249697 0.3092885375494071 0.09398951189995966 0.028514963297571992
0 0.400161355385236 0.314652738565782 0.02581686163775716 0.01948051948051948
0 0.4645018152480839 0.30957086391869 0.0536506655909641 0.023997741389045736
0 0.5427591770875353 0.32269904009034445 0.09318273497377975 0.04686617730095991
0 0.6034691407825736 0.30251270468661773 0.008067769261799113 0.008752117447769622
0 0.6930213795885438 0.32241671372106157 0.14037918515530456 0.048560135516657256
0 0.7977006857603872 0.3101355166572558 0.043969342476805166 0.026821005081874648
0 0.8947156111335216 0.3191699604743083 0.11294876966518758 0.04376058723884811
0 0.962888261395724 0.322557876905703 0.003227107704719645 0.001976284584980237
0 0.23618394513916902 0.46301524562394125 0.1536910044372731 0.028797289666854884
0 0.40782573618394513 0.47247317899491814 0.13473174667204518 0.05957086391869001
0 0.5683743444937475 0.4618859401468097 0.1500605082694635 0.028797289666854884
0 0.6460266236385639 0.4772727272727273 0.010891488503428802 0.021174477696216828
0 0.7107704719645018 0.46287408243929984 0.08067769261799113 0.021174477696216828
0 0.7795482049213392 0.4640033879164314 0.02864058087938685 0.0189158667419537
0 0.8463089955627269 0.46301524562394125 0.07987091569181122 0.025974025974025976
0 0.9227511093182735 0.4645680406549972 0.02944735780556676 0.01948051948051948
0 0.2690601048810004 0.5255505364201016 0.21782977006857604 0.052795031055900624
0 0.4407018959257765 0.5156691134952005 0.0899556272690601 0.028514963297571992
0 0.5437676482452601 0.5110107284020328 0.08874546187979024 0.028232636928289104
0 0.599838644614764 0.5224449463579899 0.003227107704719645 0.002540937323546019
0 0.6397741024606697 0.5132693393562959 0.023396530859217425 0.025974025974025976
0 0.6940298507462687 0.5217391304347826 0.04719645018152481 0.05194805194805195
0 0.7674465510286406 0.5138339920948617 0.08592174263816055 0.024844720496894408
0 0.8477208551835418 0.5183512140033879 0.050423557886244454 0.04121964991530209
0 0.24667204517950786 0.5769339356295878 0.1899959661153691 0.05505364201016375
0 0.3914885034288019 0.5585827216261999 0.010891488503428802 0.009316770186335404
0 0.44574425171440096 0.5670525127046866 0.06938281565147236 0.023433088650479956
0 0.4963695038321904 0.5547713156408809 0.006857603872529245 0.006775832862789385
0 0.5223880597014925 0.567476002258611 0.02501008471157725 0.0220214568040655
0 0.5780556676079064 0.5654997176736307 0.05405405405405406 0.023715415019762844
0 0.6708350141185963 0.5800395256916996 0.10972166196046793 0.053924336533032184
0 0.8551835417507059 0.5736871823828346 0.21944332392093585 0.05646527385657821
0 0.1744655102864058 0.6202710333145116 0.043969342476805166 0.043478260869565216
0 0.21863654699475596 0.6214003387916431 0.026623638563937072 0.011857707509881422
0 0.3610326744655103 0.6164596273291926 0.22670431625655507 0.02456239412761152
0 0.5350947962888262 0.6143421795595708 0.08350141185962082 0.024280067758328628
0 0.6016538926986689 0.614059853190288 0.02864058087938685 0.025409373235460192
0 0.7152077450584913 0.6105307735742518 0.15490116982654295 0.03303218520609825
0 0.8122226704316257 0.6242236024844721 0.0028237192416296895 0.0016939582156973462
0 0.8987494957644211 0.6094014680971203 0.13957240822912464 0.029644268774703556
