0 0.190802743041549 0.2429418407679277 0.0790641387656313 0.01383399209486166
0 0.2936668011294877 0.2413890457368718 0.04759983864461476 0.015245623941276116
0 0.38866478418717226 0.24011857707509882 0.1044776119402985 0.014963297571993224
0 0.49072206534893104 0.2404009034443817 0.04235578862444534 0.014398644833427442
0 0.5720048406615571 0.24025974025974026 0.07987091569181122 0.01129305477131564
0 0.7174263816054861 0.23771880293619424 0.11657926583299717 0.014116318464144552
0 0.8448971359419121 0.23588368153585546 0.08753529649052037 0.017786561264822136
0 0.2073416700282372 0.2943252399774139 0.12666397741024607 0.013269339356295878
0 0.32412263009277936 0.29178430265386784 0.045582896329164985 0.014398644833427442
0 0.381605486083098 0.29361942405420666 0.022589753933037516 0.007340485601355167
0 0.42839854780153286 0.29107848673066067 0.04517950786607503 0.018068887634105024
0 0.5375151270673659 0.29051383399209485 0.10689794271883823 0.015245623941276116
0 0.6155707946752723 0.29079616036137773 0.012101653892698669 0.0033879164313946925
0 0.6756756756756757 0.2906549971767363 0.05808793868495361 0.009316770186335404
0 0.7791448164582493 0.29164313946922643 0.06494554255748286 0.010163749294184076
0 0.8590157321500606 0.28726708074534163 0.04154901169826543 0.015527950310559006
0 0.20129084308188785 0.34232072275550535 0.11052843888664785 0.017221908526256352
0 0.3686970552642194 0.3438735177865613 0.14764017749092376 0.014680971202710334
0 0.481444130697862 0.3435911914172784 0.025413473174667203 0.007905138339920948
0 0.5796692214602662 0.33921513269339354 0.11052843888664785 0.016657255787690572
0 0.718031464300121 0.34316770186335405 0.10649455425574829 0.022303783173348392
0 0.8061718434852764 0.33667419536984755 0.031060911657926585 0.014398644833427442
0 0.8384429205324728 0.34443817052512704 0.003630496167809601 0.003952569169960474
0 0.17164179104477612 0.3945511010728402 0.05526421944332392 0.015527950310559006
0 0.28418717224687373 0.39257481648785997 0.10689794271883823 0.014963297571993224
0 0.43404598628479224 0.3920101637492942 0.11859620814844696 0.01383399209486166
0 0.5574828559903187 0.3910220214568041 0.07099636950383219 0.015810276679841896
0 0.6466317063331989 0.38946922642574816 0.04517950786607503 0.014398644833427442
0 0.735982250907624 0.391304347826087 0.09398951189995966 0.01355166572557877
0 0.8126260588947156 0.38735177865612647 0.02864058087938685 0.014680971202710334
0 0.899757966922146 0.3901750423489554 0.09318273497377975 0.02710333145115754
0 0.2008874546187979 0.44438170525127046 0.11294876966518758 0.014680971202710334
0 0.3009277934651069 0.44113495200451724 0.03227107704719645 0.0189158667419537
0 0.37232755143202906 0.44522868435911916 0.07018959257765228 0.014680971202710334
0 0.45219846712384026 0.44226425748164877 0.053247277127874144 0.021174477696216828
0 0.5832997176280759 0.442970073404856 0.15328761597418314 0.02258610954263128
0 0.7025010084711577 0.4397233201581028 0.0536506655909641 0.015527950310559006
0 0.8087938684953611 0.4373235460191982 0.10972166196046793 0.018633540372670808
0 0.1736587333602259 0.6483625070581592 0.06252521177894312 0.014398644833427442
0 0.2962888261395724 0.6476566911349521 0.12706736587333603 0.015810276679841896
0 0.4497781363453005 0.6468097120271034 0.12424364663170634 0.015810276679841896
0 0.5754336425978217 0.6420101637492942 0.056070996369503835 0.01637492941840768
0 0.6559096409842678 0.6428571428571429 0.04356595401371521 0.014680971202710334
0 0.727107704719645 0.6418690005646528 0.051230334812424366 0.014398644833427442
0 0.7868091972569584 0.64257481648786 0.024606696248487294 0.017504234895539244
0 0.8511496571198064 0.6418690005646528 0.05405405405405406 0.016092603049124788
0 0.19382815651472368 0.698334274421231 0.10286405808793868 0.016092603049124788
0 0.28842275110931825 0.6967814793901751 0.02743041549011698 0.011857707509881422
0 0.35135135135135137 0.6966403162055336 0.0572811617587737 0.01383399209486166
0 0.49152884227511096 0.6959345002823264 0.16579265832997175 0.018633540372670808
0 0.6327148043565954 0.6918407679277244 0.058491327148043566 0.01383399209486166
0 0.727107704719645 0.6938170525127046 0.07220653489310205 0.017786561264822136
0 0.8620411456232352 0.6924054206662902 0.15490116982654295 0.014963297571993224
0 0.18878580072609924 0.7485883681535855 0.060508269463493344 0.012704686617730096
0 0.30778539733763616 0.7439299830604178 0.08874546187979024 0.01355166572557877
0 0.4146833400564744 0.751270468661773 0.07745058491327148 0.018068887634105024
0 0.49697458652682536 0.7473178994918125 0.03711173860427592 0.018068887634105024
0 0.5558693021379588 0.7425183512140033 0.03146430012101654 0.01129305477131564
0 0.6173860427591771 0.7476002258610954 0.040742234772085516 0.011857707509881422
0 0.7059298104074223 0.743365330321852 0.07583703106091166 0.01637492941840768
