0 0.20512303348124244 0.2929136081309994 0.12303348124243646 0.021739130434782608
0 0.3346107301331182 0.2919254658385093 0.0463896732553449 0.0220214568040655
0 0.42295280354981846 0.2922077922077922 0.06575231948366277 0.015810276679841896
0 0.5540540540540541 0.2951722190852626 0.1464300121016539 0.0251270468661773
0 0.6853569987898346 0.2972896668548842 0.04759983864461476 0.024280067758328628
0 0.7799515933844292 0.2950310559006211 0.10044372730939895 0.028232636928289104
0 0.8674868898749496 0.29474872953133824 0.022993142396127472 0.010728402032749858
0 0.2154094392900363 0.3411914172783738 0.14118596208148446 0.018351214003387916
0 0.40439693424768053 0.34260304912478823 0.14965711980637353 0.021739130434782608
0 0.5250100847115773 0.34232072275550535 0.02379991932230738 0.0189158667419537
0 0.5951996772892295 0.34429700734048563 0.06333198870512304 0.009881422924901186
0 0.672045179507866 0.33046301524562394 0.00645421540943929 0.005928853754940711
0 0.7327551432029044 0.34076792772444947 0.10770471964501815 0.01637492941840768
0 0.8860427591770875 0.34076792772444947 0.14239612747075434 0.02258610954263128
0 0.18757563533682936 0.396386222473179 0.10407422347720856 0.02710333145115754
0 0.2571601452198467 0.38311688311688313 0.01008471157724889 0.006211180124223602
0 0.32008874546187976 0.3924336533032185 0.06252521177894312 0.014680971202710334
0 0.44050020169423154 0.3944099378881988 0.1073013311819282 0.01355166572557877
0 0.5552642194433239 0.3961038961038961 0.07301331181928197 0.012987012987012988
0 0.6335215812827754 0.3924336533032185 0.056070996369503835 0.012987012987012988
0 0.7650262202501008 0.3890457368718238 0.15207745058491326 0.018633540372670808
0 0.9173053650665591 0.38819875776397517 0.10246066962484873 0.020892151326933936
0 0.1700282371924163 0.4435347261434218 0.07382008874546188 0.015810276679841896
0 0.21480435659540137 0.4504517221908526 0.0028237192416296895 0.001976284584980237
0 0.28600242033077855 0.44240542066629024 0.06292860024203308 0.01693958215697346
0 0.40883420734167003 0.44254658385093165 0.11415893505445744 0.016092603049124788
0 0.5490116982654296 0.44367588932806323 0.13231141589350545 0.023433088650479956
0 0.7254941508672852 0.4419819311123659 0.15933844292053248 0.0189158667419537
0 0.8176684146833401 0.4518633540372671 0.005647438483259379 0.010446075663466968
0 0.8856393707139976 0.4414172783738001 0.09963695038321904 0.016657255787690572
0 0.14300121016538928 0.49520045172219085 0.021379588543767647 0.018068887634105024
0 0.2490923759580476 0.493647656691135 0.1189995966115369 0.013269339356295878
0 0.3773699072206535 0.4977413890457369 0.03993545784590561 0.0220214568040655
0 0.49173053650665594 0.4946357989836251 0.11859620814844696 0.01637492941840768
0 0.662767244856797 0.4922360248447205 0.12989108511496572 0.017221908526256352
0 0.8327954820492134 0.49110671936758893 0.12706736587333603 0.016092603049124788
0 0.9318273497377975 0.4956239412761152 0.02016942315449778 0.001976284584980237
0 0.17950786607503025 0.5430547713156408 0.08390480032271078 0.016092603049124788
0 0.30778539733763616 0.541501976284585 0.1427995159338443 0.020327498588368152
0 0.3864461476401775 0.5554771315640881 0.008067769261799113 0.011575381140598532
0 0.44594594594594594 0.5444664031620553 0.0326744655102864 0.022303783173348392
0 0.5574828559903187 0.5443252399774139 0.12989108511496572 0.021456804065499716
0 0.6385639370713998 0.5447487295313382 0.007260992335619202 0.001976284584980237
0 0.6960467930617185 0.5417843026538679 0.0536506655909641 0.017504234895539244
0 0.7924566357402179 0.5444664031620553 0.0899556272690601 0.02456239412761152
0 0.8852359822509076 0.5392433653303218 0.026220250100847116 0.015810276679841896
0 0.1936264622831787 0.6421513269339356 0.12585720048406615 0.016657255787690572
0 0.34530052440500203 0.64257481648786 0.13311819281968534 0.021456804065499716
0 0.47519160951996775 0.6435629587803501 0.0645421540943929 0.017221908526256352
0 0.5935861234368697 0.6441276115189158 0.1399757966922146 0.016092603049124788
0 0.7037111738604276 0.6448334274421231 0.02944735780556676 0.01355166572557877
0 0.7634126663977411 0.6428571428571429 0.0536506655909641 0.017504234895539244
0 0.8463089955627269 0.6417278373800113 0.0653489310205728 0.015245623941276116
0 0.9011698265429609 0.6462450592885376 0.02016942315449778 0.01129305477131564
0 0.1607503025413473 0.6935347261434218 0.07704719645018153 0.0189158667419537
0 0.2335619201290843 0.6952286843591191 0.02743041549011698 0.020045172219085264
0 0.29507866075030253 0.6949463579898363 0.04154901169826543 0.020609824957651044
0 0.39128680919725695 0.6966403162055336 0.10649455425574829 0.027950310559006212
0 0.5169423154497781 0.6943817052512705 0.1189995966115369 0.0251270468661773
0 0.6196046793061718 0.6973461321287409 0.03711173860427592 0.010728402032749858
0 0.6855586930213796 0.6945228684359119 0.06010488100040339 0.014116318464144552
0 0.800121016538927 0.6922642574816488 0.11577248890681727 0.020327498588368152
0 0.9160951996772893 0.6907114624505929 0.08874546187979024 0.0189158667419537
0 0.19947559499798306 0.7470355731225297 0.16014521984671237 0.026538678712591756
0 0.37575635336829366 0.7459062676453981 0.1044776119402985 0.018633540372670808
0 0.5403388463089955 0.7405420666290231 0.13432835820895522 0.02710333145115754
0 0.700282371924163 0.7464709203839639 0.13957240822912464 0.025974025974025976
0 0.7769261799112546 0.7502823263692829 0.005647438483259379 0.0036702428006775835
