0 0.1897942718838241 0.22727272727272727 0.05687777329568374 0.018633540372670808
0 0.29265832997176283 0.22275550536420102 0.1044776119402985 0.03162055335968379
0 0.4312222670431626 0.22063805759457933 0.09762000806776926 0.0189158667419537
0 0.573013311819282 0.21979107848673066 0.13674868898749495 0.017786561264822136
0 0.7129891085114965 0.21823828345567475 0.09560306575231949 0.020892151326933936
0 0.790641387656313 0.21414455110107283 0.02501008471157725 0.017221908526256352
0 0.254941508672852 0.2800677583286279 0.18071803146430013 0.029926595143986448
0 0.3981444130697862 0.2735742518351214 0.06615570794675273 0.014680971202710334
0 0.517950786607503 0.2737154150197628 0.10326744655102864 0.014963297571993224
0 0.6488503428801936 0.27216261998870694 0.08108108108108109 0.017504234895539244
0 0.7351754739814441 0.27540937323546016 0.031060911657926585 0.009881422924901186
0 0.809197256958451 0.2724449463579898 0.06696248487293263 0.01693958215697346
0 0.18253327954820492 0.3761998870694523 0.06010488100040339 0.017221908526256352
0 0.28620411456232353 0.378317334839074 0.08834207341670028 0.023715415019762844
0 0.34872932634126663 0.3759175607001694 0.0060508269463493344 0.006493506493506494
0 0.3864461476401775 0.382128740824393 0.008874546187979023 0.007622811970638058
0 0.44574425171440096 0.3761998870694523 0.04517950786607503 0.014398644833427442
0 0.5215812827753126 0.3738001129305477 0.06776926179911255 0.018068887634105024
0 0.5941912061315047 0.3740824392998306 0.03146430012101654 0.015810276679841896
0 0.6942315449778136 0.3739412761151892 0.11133521581282775 0.017786561264822136
0 0.8156514723678903 0.3739412761151892 0.07987091569181122 0.017786561264822136
0 0.8967325534489714 0.37323546019198195 0.03065752319483663 0.015245623941276116
0 0.16317063331988704 0.42814793901750425 0.03751512706736587 0.01383399209486166
0 0.22932634126663978 0.42518351214003386 0.02864058087938685 0.019762845849802372
0 0.30475998386446146 0.42631281761716544 0.06494554255748286 0.014680971202710334
0 0.418112141992739 0.4243365330321852 0.11980637353771682 0.018068887634105024
0 0.6391690197660347 0.4257481648785997 0.23517547398144414 0.015810276679841896
0 0.7624041952400161 0.4313946922642575 0.004033884630899556 0.0033879164313946925
0 0.7853973376361436 0.41770186335403725 0.009681323114158934 0.007058159232072276
0 0.23416700282371924 0.47967250141163187 0.1754739814441307 0.024280067758328628
0 0.39854780153287617 0.475296442687747 0.060508269463493344 0.016092603049124788
0 0.5082694634933441 0.4767080745341615 0.10165389269866881 0.0251270468661773
0 0.6436062928600242 0.4761434217955957 0.09883017345703912 0.020609824957651044
0 0.7686567164179104 0.4774138904573687 0.07624041952400161 0.014116318464144552
0 0.8223073820088745 0.4860248447204969 0.003630496167809601 0.007058159232072276
0 0.8797902379991932 0.4779785431959345 0.05405405405405406 0.018068887634105024
0 0.18616377571601453 0.5314793901750423 0.08834207341670028 0.021739130434782608
0 0.36930213795885436 0.5261151891586674 0.1972569584509883 0.01948051948051948
0 0.4858814037918516 0.5345849802371542 0.004437273093989512 0.01101072840203275
0 0.6111335215812828 0.5286561264822134 0.1799112545381202 0.017221908526256352
0 0.754134731746672 0.5261151891586674 0.0463896732553449 0.016092603049124788
0 0.8487293263412666 0.5241389045736872 0.08874546187979024 0.020045172219085264
0 0.15389269866881808 0.581733483907397 0.02218636546994756 0.009881422924901186
0 0.24485679709560307 0.5787690570299266 0.10488100040338846 0.019762845849802372
0 0.3479225494150867 0.5832862789384529 0.03993545784590561 0.010728402032749858
0 0.4310205728116176 0.5765104460756635 0.04719645018152481 0.015245623941276116
0 0.5288422751109318 0.5772162619988707 0.07260992335619201 0.015527950310559006
0 0.6311012505042356 0.5773574251835122 0.07059298104074223 0.01693958215697346
0 0.7220653489310206 0.5782044042913608 0.048406615570794675 0.018633540372670808
0 0.8519564340459863 0.5777809147374364 0.16135538523598225 0.017786561264822136
0 0.1663977410246067 0.6278938452851497 0.03509479628882614 0.01637492941840768
0 0.3120209762000807 0.6302936194240542 0.145623235175474 0.017221908526256352
0 0.4035901573215006 0.6331168831168831 0.004437273093989512 0.002540937323546019
