0 0.21117386042759176 0.2532467532467532 0.09963695038321904 0.044607566346696784
0 0.33642597821702297 0.2564935064935065 0.07018959257765228 0.036420101637492944
0 0.4114562323517547 0.25804630152456237 0.028237192416296894 0.034443817052512704
0 0.5135135135135135 0.2584697910784867 0.10246066962484873 0.034161490683229816
0 0.6218233158531666 0.2546583850931677 0.06252521177894312 0.033314511575381144
0 0.7081484469544171 0.25607001693958215 0.04719645018152481 0.029926595143986448
0 0.7932634126663978 0.265527950310559 0.07866075030254134 0.014398644833427442
0 0.19382815651472368 0.31620553359683795 0.06978620411456232 0.05815923207227555
0 0.23517547398144414 0.3222755505364201 0.0024203307785397336 0.001976284584980237
0 0.3610326744655103 0.3085827216261999 0.17426381605486083 0.03557312252964427
0 0.5478015328761597 0.3126764539808018 0.14844695441710368 0.035290796160361376
0 0.6750705929810408 0.3116883116883117 0.06494554255748286 0.045736871823828344
0 0.7620008067769262 0.31084133258046304 0.07099636950383219 0.03387916431394692
0 0.1661960467930617 0.3544607566346697 0.03469140782573618 0.029644268774703556
0 0.282170229931424 0.36617730095990964 0.13594191206131503 0.04799548277809147
0 0.39310205728116177 0.3595426312817617 0.0318676885841065 0.03811405985319029
0 0.42718838241226303 0.36617730095990964 0.01371520774505849 0.011857707509881422
0 0.4963695038321904 0.3654714850367024 0.05929810407422348 0.046583850931677016
0 0.5661557079467527 0.3660361377752682 0.024606696248487294 0.015527950310559006
0 0.6187979023799919 0.3585544889892716 0.033884630899556276 0.03162055335968379
0 0.6960467930617185 0.36462450592885376 0.0681726502622025 0.04432523997741389
0 0.7851956434045986 0.3547430830039526 0.0754336425978217 0.034161490683229816
0 0.8325937878176685 0.36829474872953133 0.0024203307785397336 0.0036702428006775835
0 0.15429608713190804 0.4051383399209486 0.013311819281968536 0.03162055335968379
0 0.2144009681323114 0.4052795031055901 0.033481242436466316 0.03190287972896669
0 0.2928600242033078 0.4059853190287973 0.0782573618394514 0.029361942405420668
0 0.3807987091569181 0.41233766233766234 0.05405405405405406 0.04206662902315076
0 0.48426784993949173 0.41219649915302087 0.10044372730939895 0.043478260869565216
0 0.5776522791448164 0.409373235460192 0.04437273093989512 0.038396386222473176
0 0.6294876966518758 0.4049971767363072 0.02702702702702703 0.03077357425183512
0 0.7307382008874547 0.4105025409373235 0.1335215812827753 0.042348955392433656
0 0.20149253731343283 0.4606154714850367 0.08108108108108109 0.028514963297571992
0 0.29951593384429204 0.4642857142857143 0.030254134731746672 0.03980801806888763
0 0.36304961678096004 0.4606154714850367 0.02501008471157725 0.03980801806888763
0 0.44231544977813636 0.4644268774703557 0.04800322710770472 0.049689440993788817
0 0.5300524405002017 0.45863918690005645 0.06615570794675273 0.03585544889892716
0 0.5744251714400969 0.4709203839638622 0.003227107704719645 0.0033879164313946925
0 0.6145623235175474 0.4549689440993789 0.03428801936264623 0.027385657820440428
0 0.6766841468334006 0.470214568040655 0.05526421944332392 0.027385657820440428
0 0.7373941105284388 0.46202710333145114 0.014521984671238403 0.023997741389045736
0 0.7966922146026624 0.4548277809147374 0.03953206938281565 0.030491247882552232
0 0.2099636950383219 0.5060700169395822 0.08188785800726099 0.037549407114624504
0 0.3317870108914885 0.508893280632411 0.0826946349334409 0.027385657820440428
0 0.4134731746672045 0.5112930547713156 0.028237192416296894 0.03387916431394692
0 0.45865268253327957 0.5097402597402597 0.042759177087535294 0.0251270468661773
0 0.5304558289632917 0.5087521174477696 0.04517950786607503 0.03274985883681536
0 0.5625252117789431 0.5189158667419537 0.004437273093989512 0.003952569169960474
0 0.6034691407825736 0.5095990965556183 0.03953206938281565 0.024844720496894408
0 0.6603469140782574 0.5148221343873518 0.03469140782573618 0.03811405985319029
0 0.7065348931020573 0.5097402597402597 0.03428801936264623 0.027950310559006212
0 0.7759177087535296 0.5097402597402597 0.0536506655909641 0.031338226990400904
0 0.20250100847115773 0.5577357425183512 0.048406615570794675 0.03303218520609825
0 0.2537313432835821 0.5598531902879729 0.022589753933037516 0.029926595143986448
0 0.30677692617991126 0.55957086391869 0.024606696248487294 0.028797289666854884
0 0.3525615167406212 0.5691699604743083 0.033884630899556276 0.01355166572557877
0 0.4199273900766438 0.5578769057029926 0.050826946349334406 0.02710333145115754
0 0.4701492537313433 0.5622529644268774 0.018959257765227916 0.020045172219085264
0 0.5197660346914078 0.5670525127046866 0.025413473174667203 0.01383399209486166
0 0.5742234772085518 0.5598531902879729 0.06413876563130294 0.026538678712591756
0 0.6950383219039935 0.5575945793337098 0.14118596208148446 0.029361942405420668
0 0.1837434449374748 0.6106719367588933 0.01653892698668818 0.025409373235460192
0 0.29265832997176283 0.6079898362507058 0.10770471964501815 0.03190287972896669
0 0.39753933037515127 0.6098249576510446 0.040742234772085516 0.025974025974025976
0 0.4651068979427188 0.6101072840203275 0.04759983864461476 0.03162055335968379
0 0.5447761194029851 0.6177300959909655 0.06333198870512304 0.044607566346696784
0 0.6470350947962888 0.6156126482213439 0.08955223880597014 0.04206662902315076
0 0.7022993142396128 0.622953133822699 0.003227107704719645 0.001411631846414455
