0 0.19987898346107302 0.27555053642010163 0.13513513513513514 0.05138339920948617
0 0.35175473981444133 0.27300959909655564 0.17426381605486083 0.029361942405420668
0 0.5028237192416297 0.2735742518351214 0.08027430415490117 0.03162055335968379
0 0.6617587736990722 0.2790796160361378 0.21500605082694635 0.03811405985319029
0 0.8406615570794675 0.27004517221908525 0.10488100040338846 0.03303218520609825
0 0.18838241226300928 0.32029926595143987 0.1145623235175474 0.031338226990400904
0 0.2823719241629689 0.3245341614906832 0.0500201694231545 0.0471485036702428
0 0.35215812827753123 0.31804065499717676 0.053247277127874144 0.032467532467532464
0 0.49697458652682536 0.32735742518351213 0.208955223880597 0.0471485036702428
0 0.5889471561113352 0.33554488989271597 0.004033884630899556 0.004234895539243365
0 0.7337636143606293 0.3265104460756635 0.2226704316256555 0.0471485036702428
0 0.17123840258168616 0.36984754376058726 0.04961678096006454 0.029926595143986448
0 0.29608713190802743 0.3774703557312253 0.136345300524405 0.045736871823828344
0 0.4461476401774909 0.3715415019762846 0.1218233158531666 0.03274985883681536
0 0.5195643404598629 0.37972896668548844 0.023396530859217425 0.01637492941840768
0 0.5887454618797903 0.3694240542066629 0.07382008874546188 0.035290796160361376
0 0.6684146833400565 0.3695652173913043 0.03791851553045583 0.032185206098249576
0 0.7605889471561114 0.3694240542066629 0.11012505042355789 0.03472614342179559
0 0.16034691407825735 0.5203274985883681 0.035901573215006054 0.030491247882552232
0 0.2736990722065349 0.5206098249576511 0.15046389673255345 0.037267080745341616
0 0.37777329568374346 0.5225861095426313 0.05526421944332392 0.032185206098249576
0 0.4891085114965712 0.5231507622811971 0.11738604275917709 0.03274985883681536
0 0.6050826946349335 0.5252682100508187 0.12666397741024607 0.047713156408808584
0 0.7148043565954014 0.5114342179559571 0.016942315449778138 0.013269339356295878
0 0.8055667607906414 0.5304912478825522 0.1871722468737394 0.049689440993788817
0 0.19221460266236384 0.5734048560135516 0.09640984267849939 0.03162055335968379
0 0.2745058491327148 0.5625352907961604 0.01734570391286809 0.013269339356295878
0 0.3071803146430012 0.5694522868435912 0.03670835014118596 0.03387916431394692
0 0.37494957644211374 0.5718520609824957 0.05526421944332392 0.03472614342179559
0 0.4530052440500202 0.5808865047995483 0.10488100040338846 0.046583850931677016
0 0.4967728922952804 0.585544889892716 0.003630496167809601 0.005081874647092038
0 0.5962081484469545 0.5718520609824957 0.11698265429608713 0.03190287972896669
0 0.7847922549415087 0.5726990400903444 0.1964501815248084 0.032467532467532464
0 0.25514320290439696 0.6758893280632411 0.2101653892698669 0.03274985883681536
0 0.4431222267043163 0.6733483907396951 0.10770471964501815 0.03670242800677583
0 0.5504235578862444 0.6730660643704122 0.04961678096006454 0.029926595143986448
0 0.6153691004437273 0.6806888763410502 0.06736587333602259 0.019762845849802372
0 0.6980637353771683 0.672077922077922 0.04881000403388463 0.034161490683229816
0 0.7835820895522388 0.6795595708639187 0.08672851956434045 0.020327498588368152
0 0.21883824122630094 0.7233201581027668 0.12303348124243646 0.03613777526821005
0 0.3446954417103671 0.724025974025974 0.12464703509479629 0.034161490683229816
0 0.4473578055667608 0.7308018068887634 0.04517950786607503 0.0471485036702428
0 0.5052440500201695 0.7216261998870694 0.04881000403388463 0.033314511575381144
0 0.5881403791851553 0.7247317899491813 0.09600645421540945 0.048560135516657256
0 0.7170229931423961 0.7237436476566911 0.11738604275917709 0.031338226990400904
0 0.7791448164582493 0.7387069452286844 0.004437273093989512 0.004234895539243365
