0 0.15974183138362244 0.21442687747035574 0.04437273093989512 0.017221908526256352
0 0.2309398951189996 0.2251552795031056 0.058491327148043566 0.020045172219085264
0 0.3140379185155305 0.22261434217955958 0.06736587333602259 0.010446075663466968
0 0.40843081887858007 0.21964991530208922 0.06575231948366277 0.024844720496894408
0 0.4810407422347721 0.21922642574816487 0.018152480839048003 0.008752117447769622
0 0.5724082291246471 0.22120271033314512 0.12989108511496572 0.023997741389045736
0 0.6682129891085115 0.22134387351778656 0.030254134731746672 0.025974025974025976
0 0.7609923356192013 0.21725014116318464 0.10609116579265833 0.017221908526256352
0 0.8408632513110125 0.22077922077922077 0.030254134731746672 0.02710333145115754
0 0.21056877773295685 0.2662337662337662 0.14764017749092376 0.024844720496894408
0 0.3810004033884631 0.26679841897233203 0.1254538120209762 0.023150762281197064
0 0.4923356192012908 0.274703557312253 0.058491327148043566 0.03500846979107849
0 0.5530455828963292 0.26242236024844723 0.010488100040338847 0.013269339356295878
0 0.5865268253327954 0.2723037831733484 0.05808793868495361 0.027385657820440428
0 0.6849536103267446 0.2735742518351214 0.11052843888664785 0.025409373235460192
0 0.8059701492537313 0.26693958215697344 0.10165389269866881 0.016657255787690572
0 0.14864864864864866 0.32298136645962733 0.0318676885841065 0.031055900621118012
0 0.25211778943122226 0.32058159232072275 0.11698265429608713 0.018351214003387916
0 0.3719241629689391 0.3190287972896669 0.06776926179911255 0.019762845849802372
0 0.47337636143606293 0.31846414455110106 0.08834207341670028 0.017504234895539244
0 0.517345703912868 0.3277809147374365 0.00927793465106898 0.010163749294184076
0 0.5835014118596208 0.3166290231507623 0.07866075030254134 0.020045172219085264
0 0.7061315046389673 0.32185206098249575 0.13029447357805568 0.02766798418972332
0 0.7741024606696248 0.32891022021456806 0.008874546187979023 0.010163749294184076
0 0.7944735780556677 0.30872388481084134 0.011698265429608713 0.007622811970638058
0 0.8344090359015732 0.3197346132128741 0.052843888664784185 0.017221908526256352
0 0.18132311415893507 0.3697063805759458 0.07946752722872126 0.020609824957651044
0 0.22791448164582492 0.37732919254658387 0.004033884630899556 0.002540937323546019
0 0.29709560306575233 0.3760587238848108 0.07462686567164178 0.031055900621118012
0 0.38664784187172246 0.3695652173913043 0.05445744251714401 0.018068887634105024
0 0.4881000403388463 0.37422360248447206 0.11294876966518758 0.028514963297571992
0 0.6012505042355789 0.37267080745341613 0.07382008874546188 0.02766798418972332
0 0.6859620814844696 0.36716544325239975 0.06655909640984267 0.018351214003387916
0 0.7297297297297297 0.3749294184076793 0.0024203307785397336 0.002258610954263128
0 0.7563533682936668 0.3673066064370412 0.022589753933037516 0.019198193111236588
0 0.8319887051230335 0.36702428006775834 0.10528438886647842 0.020892151326933936
0 0.15046389673255345 0.47261434217955955 0.03227107704719645 0.018068887634105024
0 0.2781363453005244 0.47148503670242803 0.15853166599435256 0.019198193111236588
0 0.4409035901573215 0.4775550536420102 0.12343686970552642 0.03190287972896669
0 0.5556676079064139 0.47967250141163187 0.07946752722872126 0.0220214568040655
0 0.6331181928196854 0.46922642574816487 0.025413473174667203 0.017504234895539244
0 0.7267043162565551 0.47035573122529645 0.1254538120209762 0.019762845849802372
0 0.835820895522388 0.46922642574816487 0.048406615570794675 0.017504234895539244
0 0.18475191609519967 0.5224449463579899 0.10407422347720856 0.0189158667419537
0 0.30597014925373134 0.5225861095426313 0.09076240419524001 0.015810276679841896
0 0.399959661153691 0.5235742518351214 0.05687777329568374 0.017221908526256352
0 0.491327148043566 0.5242800677583286 0.08229124647035095 0.01129305477131564
0 0.5786607503025414 0.5252682100508187 0.07139975796692215 0.029644268774703556
0 0.6784993949173054 0.5241389045736872 0.11133521581282775 0.027950310559006212
0 0.7466720451795079 0.5261151891586674 0.003227107704719645 0.001976284584980237
0 0.7888261395724082 0.5186335403726708 0.05445744251714401 0.019198193111236588
0 0.8521581282775312 0.5165160926030491 0.031060911657926585 0.018351214003387916
0 0.19382815651472368 0.5702992659514399 0.1036708350141186 0.02258610954263128
0 0.28418717224687373 0.5780632411067194 0.030254134731746672 0.011575381140598532
0 0.37252924566357404 0.5766516092603049 0.0899556272690601 0.029644268774703556
0 0.5171440096813231 0.5766516092603049 0.14925373134328357 0.025691699604743084
0 0.6409842678499394 0.5691699604743083 0.05889471561113352 0.017504234895539244
0 0.7718838241226301 0.5746753246753247 0.15449778136345302 0.029644268774703556
0 0.15994352561516742 0.6284584980237155 0.04477611940298507 0.028797289666854884
0 0.25514320290439696 0.6339638622247318 0.09640984267849939 0.025691699604743084
0 0.36244453408632515 0.6218238283455675 0.058491327148043566 0.017786561264822136
0 0.42295280354981846 0.6144833427442123 0.01008471157724889 0.009316770186335404
0 0.49596611536910046 0.6273291925465838 0.13513513513513514 0.028797289666854884
0 0.5857200484066156 0.6284584980237155 0.016942315449778138 0.01129305477131564
0 0.6448164582492941 0.6271880293619424 0.07462686567164178 0.027950310559006212
0 0.7331585316659943 0.6266233766233766 0.07624041952400161 0.03077357425183512
0 0.7942718838241226 0.6181535855448899 0.022589753933037516 0.016657255787690572
0 0.8483259378781767 0.6243647656691135 0.055667607906413875 0.012140033879164314
