0 0.17325534489713595 0.2605872388481084 0.04154901169826543 0.0220214568040655
0 0.24425171440096813 0.26228119706380576 0.0681726502622025 0.019198193111236588
0 0.32553448971359417 0.2618577075098814 0.05163372327551432 0.01948051948051948
0 0.3993545784590561 0.25945793337097683 0.0645421540943929 0.018633540372670808
0 0.4745865268253328 0.25917560700169395 0.050423557886244454 0.020327498588368152
0 0.5397337636143607 0.26242236024844723 0.03872529245663574 0.0251270468661773
0 0.5895522388059702 0.25917560700169395 0.040742234772085516 0.017504234895539244
0 0.6587333602258976 0.26256352343308864 0.06212182331585317 0.009034443817052512
0 0.7472771278741428 0.2576228119706381 0.07704719645018153 0.017786561264822136
0 0.8313836224283986 0.2586109542631282 0.06696248487293263 0.010728402032749858
0 0.17567567567567569 0.3125352907961604 0.06171843485276321 0.019762845849802372
0 0.24263816054860832 0.31225296442687744 0.040742234772085516 0.020327498588368152
0 0.34288019362646227 0.313382269904009 0.11375554659136748 0.028797289666854884
0 0.43807987091569184 0.3059006211180124 0.04356595401371521 0.021739130434782608
0 0.5030254134731746 0.31154714850367027 0.0500201694231545 0.021739130434782608
0 0.5572811617587737 0.30971202710333146 0.03428801936264623 0.024280067758328628
0 0.6488503428801936 0.30632411067193677 0.11254538120209762 0.019198193111236588
0 0.7426381605486083 0.30745341614906835 0.03791851553045583 0.0220214568040655
0 0.7954820492133925 0.3051948051948052 0.04437273093989512 0.017504234895539244
0 0.8586123436869706 0.30872388481084134 0.057684550221863654 0.022868435911914172
0 0.17950786607503025 0.3634952004517222 0.07341670028237192 0.022868435911914172
0 0.2263009277934651 0.3730942970073405 0.003227107704719645 0.001411631846414455
0 0.28600242033077855 0.35968379446640314 0.05647438483259379 0.01637492941840768
0 0.34066155707946755 0.35841332580463015 0.0326744655102864 0.020609824957651044
0 0.39774102460669625 0.35926030491247885 0.04356595401371521 0.01948051948051948
0 0.5036304961678096 0.36053077357425184 0.12706736587333603 0.020327498588368152
0 0.5796692214602662 0.36264822134387353 0.0024203307785397336 0.006493506493506494
0 0.6302944735780557 0.3575663466967815 0.04881000403388463 0.0189158667419537
0 0.7337636143606293 0.36307171089779783 0.11617587736990723 0.026538678712591756
0 0.8465106897942719 0.36053077357425184 0.08108108108108109 0.024844720496894408
0 0.8820088745461879 0.3695652173913043 0.010891488503428802 0.011857707509881422
0 0.20794675272287214 0.41798418972332013 0.13029447357805568 0.026256352343308864
0 0.29709560306575233 0.41869000564652736 0.01653892698668818 0.010163749294184076
0 0.3953206938281565 0.41643139469226426 0.14360629286002422 0.024844720496894408
0 0.5282371924162969 0.41967814793901753 0.09237595804759983 0.016657255787690572
0 0.63695038321904 0.41205533596837945 0.08874546187979024 0.020609824957651044
0 0.7444534086325131 0.40894974590626765 0.08511496571198064 0.017786561264822136
0 0.827551432029044 0.40923207227555053 0.04881000403388463 0.01948051948051948
0 0.18838241226300928 0.4683794466403162 0.07664380798709157 0.020892151326933936
0 0.3154497781363453 0.46936758893280633 0.1306978620411456 0.023433088650479956
0 0.4616780960064542 0.46301524562394125 0.1254538120209762 0.018068887634105024
0 0.5514320290439694 0.4658385093167702 0.03227107704719645 0.007340485601355167
0 0.6066962484872933 0.4603331451157538 0.05486083098023396 0.028514963297571992
0 0.6436062928600242 0.46612083568605306 0.0028237192416296895 0.002258610954263128
0 0.7218636546994756 0.4599096555618295 0.1044776119402985 0.024280067758328628
0 0.8249294070189592 0.4613212874082439 0.07745058491327148 0.020892151326933936
0 0.17224687373941105 0.5208921513269339 0.05970149253731343 0.007905138339920948
0 0.22932634126663978 0.5204686617730095 0.01573215006050827 0.011575381140598532
0 0.2779346510689794 0.5146809712027103 0.048406615570794675 0.01693958215697346
0 0.34509883017345705 0.5160926030491247 0.05687777329568374 0.019198193111236588
0 0.40520371117386045 0.5141163184641445 0.02864058087938685 0.018633540372670808
0 0.4570391286809197 0.5141163184641445 0.05889471561113352 0.018633540372670808
0 0.526825332795482 0.5131281761716544 0.04356595401371521 0.017221908526256352
0 0.5947962888261396 0.5110107284020328 0.06171843485276321 0.018068887634105024
0 0.6367486889874949 0.5186335403726708 0.0028237192416296895 0.0016939582156973462
0 0.7192416296893909 0.5101637492941841 0.1145623235175474 0.019762845849802372
0 0.845703912868092 0.5119988706945229 0.10931827349737798 0.016092603049124788
0 0.9029850746268657 0.5197628458498024 0.013311819281968536 0.012422360248447204
0 0.18031464300121017 0.5707227555053642 0.07745058491327148 0.0251270468661773
0 0.26321097216619604 0.5650762281197064 0.06252521177894312 0.018351214003387916
0 0.3299717628075837 0.5633822699040091 0.03711173860427592 0.015527950310559006
0 0.44372730939895116 0.5633822699040091 0.15490116982654295 0.0189158667419537
0 0.554457442517144 0.5616883116883117 0.03428801936264623 0.015527950310559006
0 0.6103267446551028 0.562111801242236 0.04679306171843485 0.019198193111236588
0 0.7051230334812424 0.560841332580463 0.10488100040338846 0.022868435911914172
0 0.8348124243646632 0.562394127611519 0.11496571198063735 0.019762845849802372
0 0.15893505445744252 0.6205533596837944 0.03469140782573618 0.00846979107848673
0 0.245461879790238 0.6188594014680971 0.10205728116175877 0.02710333145115754
0 0.30899556272690604 0.6274703557312253 0.004840661557079467 0.012704686617730096
0 0.34530052440500203 0.6161773009599096 0.04517950786607503 0.020045172219085264
0 0.43404598628479224 0.6139186900056465 0.10084711577248891 0.017786561264822136
0 0.518757563533683 0.614059853190288 0.03791851553045583 0.01693958215697346
0 0.608914885034288 0.6174477696216827 0.11254538120209762 0.028232636928289104
0 0.6906010488100041 0.6158949745906268 0.023396530859217425 0.006493506493506494
0 0.7434449374747882 0.6133540372670807 0.04921339249697459 0.017786561264822136
0 0.8144413069786204 0.6134952004517222 0.06857603872529246 0.020327498588368152
0 0.16599435256151673 0.6677018633540373 0.04881000403388463 0.020892151326933936
0 0.236385639370714 0.6712309429700734 0.045986284792254944 0.016092603049124788
0 0.2974989915288423 0.676171654432524 0.02864058087938685 0.010163749294184076
0 0.3489310205728116 0.6741953698475438 0.03872529245663574 0.010163749294184076
0 0.4164985881403792 0.6696781479390175 0.056070996369503835 0.019198193111236588
0 0.5215812827753126 0.6713721061547149 0.11294876966518758 0.025409373235460192
0 0.6101250504235579 0.6684076792772445 0.0318676885841065 0.016657255787690572
0 0.6736587333602259 0.6667137210615471 0.07341670028237192 0.017786561264822136
0 0.7577652279144816 0.6681253529079616 0.07382008874546188 0.017221908526256352
0 0.8329971762807584 0.6669960474308301 0.042759177087535294 0.01948051948051948
0 0.1801129487696652 0.720214568040655 0.0681726502622025 0.019762845849802372
0 0.27208551835417505 0.722755505364201 0.08592174263816055 0.018068887634105024
0 0.32513110125050426 0.7299548277809147 0.0024203307785397336 0.001976284584980237
