0 0.17426381605486083 0.20835686053077357 0.055667607906413875 0.020892151326933936
0 0.23598225090762404 0.21075663466967814 0.03146430012101654 0.0189158667419537
0 0.28943122226704315 0.20990965556182947 0.043969342476805166 0.016657255787690572
0 0.38342073416700284 0.21089779785431959 0.11093182734973779 0.023715415019762844
0 0.491327148043566 0.21146245059288538 0.06212182331585317 0.00846979107848673
0 0.5962081484469545 0.20680406549971767 0.1145623235175474 0.017786561264822136
0 0.7260992335619201 0.20976849237718803 0.11940298507462686 0.023715415019762844
0 0.8154497781363453 0.20722755505364202 0.03670835014118596 0.01637492941840768
0 0.8469140782573619 0.21075663466967814 0.014118596208148447 0.010446075663466968
0 0.19584509883017345 0.2660926030491248 0.10205728116175877 0.026821005081874648
0 0.28176684146833403 0.26312817617165446 0.0318676885841065 0.00846979107848673
0 0.33642597821702297 0.2605872388481084 0.045986284792254944 0.019198193111236588
0 0.43848325937878174 0.25889328063241107 0.11859620814844696 0.018633540372670808
0 0.5256151674062122 0.26129305477131565 0.028237192416296894 0.01383399209486166
0 0.5931827349737797 0.2593167701863354 0.06897942718838242 0.014963297571993224
0 0.6555062525211779 0.2584697910784867 0.026623638563937072 0.01948051948051948
0 0.7400161355385236 0.25790513833992096 0.10528438886647842 0.0189158667419537
0 0.7989108511496571 0.26778656126482214 0.011698265429608713 0.013269339356295878
0 0.8507462686567164 0.2577639751552795 0.07260992335619201 0.018633540372670808
0 0.19120613150463897 0.314652738565782 0.07664380798709157 0.0251270468661773
0 0.2952803549818475 0.3102766798418972 0.10649455425574829 0.01693958215697346
0 0.3527632109721662 0.3169113495200452 0.0028237192416296895 0.008752117447769622
0 0.3862444534086325 0.3105590062111801 0.0463896732553449 0.017504234895539244
0 0.4471561113352158 0.3114059853190288 0.040742234772085516 0.01355166572557877
0 0.5298507462686567 0.3080180688876341 0.08672851956434045 0.018633540372670808
0 0.5869302137958854 0.31620553359683795 0.0024203307785397336 0.0016939582156973462
0 0.6292860024203307 0.30999435347261434 0.045986284792254944 0.015245623941276116
0 0.7148043565954014 0.30957086391869 0.09842678499394918 0.023433088650479956
0 0.8150463896732554 0.30886504799548276 0.07785397337636143 0.0220214568040655
0 0.8620411456232352 0.31225296442687744 0.010488100040338847 0.002258610954263128
0 0.15732150060508268 0.3695652173913043 0.01371520774505849 0.011857707509881422
0 0.21520774505849133 0.36984754376058726 0.058491327148043566 0.00846979107848673
0 0.2946752722872126 0.36363636363636365 0.07220653489310205 0.014680971202710334
0 0.400161355385236 0.36307171089779783 0.09923356192012908 0.019762845849802372
0 0.5106897942718839 0.36589497459062675 0.09439290036304962 0.0220214568040655
0 0.608914885034288 0.3591191417278374 0.06171843485276321 0.019198193111236588
0 0.6893908834207342 0.36180124223602483 0.06131504638967326 0.017786561264822136
0 0.7406212182331585 0.364059853190288 0.017749092375958047 0.002540937323546019
0 0.8037515127067366 0.36307171089779783 0.07946752722872126 0.010163749294184076
0 0.1871722468737394 0.41727837380011296 0.07018959257765228 0.024844720496894408
0 0.25857200484066156 0.41417278373800115 0.028237192416296894 0.017504234895539244
0 0.31464300121016536 0.41854884246188595 0.041145623235175476 0.027950310559006212
0 0.37938684953610324 0.4155844155844156 0.05526421944332392 0.014116318464144552
0 0.4626865671641791 0.4117730095990966 0.08713190802743041 0.0189158667419537
0 0.5641387656313029 0.4124788255223038 0.07785397337636143 0.017504234895539244
0 0.6131504638967326 0.42066629023150764 0.0024203307785397336 0.0016939582156973462
0 0.6649858814037919 0.4126199887069452 0.06010488100040339 0.017786561264822136
0 0.7337636143606293 0.4171372106154715 0.04921339249697459 0.01383399209486166
0 0.7918515530455829 0.4117730095990966 0.029850746268656716 0.016657255787690572
0 0.8303751512706736 0.41516092603049126 0.0463896732553449 0.009881422924901186
0 0.17587736990722067 0.4652738565782044 0.04356595401371521 0.017504234895539244
0 0.24062121823315852 0.4658385093167702 0.05203711173860428 0.015810276679841896
0 0.30334812424364666 0.46823828345567475 0.03146430012101654 0.008752117447769622
0 0.3924969745865268 0.46795595708639187 0.10488100040338846 0.0189158667419537
0 0.4582492940701896 0.4748729531338227 0.004033884630899556 0.011857707509881422
0 0.517749092375958 0.4632975719932242 0.08511496571198064 0.019762845849802372
0 0.6480435659540137 0.46357989836250707 0.13513513513513514 0.019762845849802372
0 0.7565550625252118 0.46287408243929984 0.04800322710770472 0.0189158667419537
0 0.8247277127874143 0.46597967250141165 0.056070996369503835 0.014963297571993224
0 0.20149253731343283 0.5173630717108978 0.09560306575231949 0.01948051948051948
0 0.3162565550625252 0.5207509881422925 0.09439290036304962 0.028514963297571992
0 0.3686970552642194 0.5247035573122529 0.004033884630899556 0.001976284584980237
