0 0.22851956434045986 0.1854884246188594 0.14078257361839452 0.02258610954263128
0 0.3880597014925373 0.189158667419537 0.10810810810810811 0.037267080745341616
0 0.481847519160952 0.18788819875776397 0.030254134731746672 0.009881422924901186
0 0.5421540943929004 0.1919819311123659 0.050826946349334406 0.029926595143986448
0 0.6444130697862042 0.18322981366459629 0.11173860427591771 0.019762845849802372
0 0.7137958854376765 0.18873517786561264 0.004437273093989512 0.007622811970638058
0 0.7498991528842275 0.18619424054206662 0.005647438483259379 0.010446075663466968
0 0.7595804759983864 0.18986448334274422 0.0024203307785397336 0.001411631846414455
0 0.8009277934651069 0.18280632411067194 0.018152480839048003 0.016657255787690572
0 0.8652682533279549 0.1880293619424054 0.063735377168213 0.011857707509881422
0 0.23275514320290439 0.2365894974590627 0.13311819281968534 0.019762845849802372
0 0.3557886244453409 0.24082439299830605 0.03630496167809601 0.03162055335968379
0 0.4489713594191206 0.23898927159796726 0.0927793465106898 0.03359683794466403
0 0.5082694634933441 0.24477696216826653 0.00645421540943929 0.006775832862789385
0 0.5988301734570391 0.23842461885940147 0.11254538120209762 0.025691699604743084
0 0.7654296087131908 0.2326369282891022 0.14885034288019364 0.017504234895539244
0 0.1897942718838241 0.28642010163749293 0.056070996369503835 0.023433088650479956
0 0.31141589350544574 0.2893845285149633 0.11778943122226704 0.012422360248447204
0 0.38039532069382814 0.294042913608131 0.003227107704719645 0.002540937323546019
0 0.45421540943929006 0.28613777526821005 0.0782573618394514 0.020045172219085264
0 0.5534489713594192 0.2855731225296443 0.05244050020169423 0.017786561264822136
0 0.6807180314643001 0.28613777526821005 0.15046389673255345 0.027950310559006212
0 0.8319887051230335 0.2845849802371542 0.10770471964501815 0.029926595143986448
0 0.20048406615570794 0.34288537549407117 0.06938281565147236 0.03698475437605872
0 0.3392496974586527 0.34260304912478823 0.12666397741024607 0.03190287972896669
0 0.5114965711980637 0.33356860530773574 0.13150463896732553 0.01948051948051948
0 0.6153691004437273 0.3359683794466403 0.03428801936264623 0.007905138339920948
0 0.7260992335619201 0.33455674760022586 0.1306978620411456 0.011857707509881422
0 0.8287615974183138 0.33229813664596275 0.030254134731746672 0.01355166572557877
0 0.17870108914885036 0.38537549407114624 0.03953206938281565 0.019198193111236588
0 0.2654296087131908 0.39059853190287974 0.06292860024203308 0.008752117447769622
0 0.3356192012908431 0.38975155279503104 0.03065752319483663 0.002540937323546019
0 0.41407825736183945 0.38664596273291924 0.06494554255748286 0.014963297571993224
0 0.4981847519160952 0.38438735177865613 0.060508269463493344 0.0189158667419537
0 0.608309802339653 0.3856578204404291 0.10488100040338846 0.018633540372670808
0 0.6692214602662364 0.39469226425748166 0.00645421540943929 0.003952569169960474
0 0.7932634126663978 0.38438735177865613 0.18031464300121017 0.016092603049124788
0 0.8852359822509076 0.39398644833427443 0.007664380798709157 0.006493506493506494
0 0.18959257765227913 0.4374647092038396 0.05405405405405406 0.022303783173348392
0 0.33682936668011293 0.4401468097120271 0.17668414683340056 0.015245623941276116
0 0.4396934247680516 0.4453698475437606 0.0024203307785397336 0.001976284584980237
