0 0.18797902379991932 0.23898927159796726 0.03953206938281565 0.021174477696216828
0 0.27188382412263007 0.24618859401468096 0.05163372327551432 0.03896103896103896
0 0.39673255344897135 0.24774138904573687 0.11577248890681727 0.04206662902315076
0 0.5288422751109318 0.24590626764539808 0.06857603872529246 0.014680971202710334
0 0.627470754336426 0.2490118577075099 0.06494554255748286 0.03613777526821005
0 0.7131908027430416 0.24209486166007904 0.05244050020169423 0.022303783173348392
0 0.7785397337636144 0.2419536984754376 0.03872529245663574 0.0220214568040655
0 0.8309802339653086 0.24872953133822698 0.03146430012101654 0.006211180124223602
0 0.20935861234368697 0.29672501411631846 0.08309802339653086 0.03162055335968379
0 0.3481242436466317 0.2964426877470356 0.12263009277934651 0.024280067758328628
0 0.46873739411052845 0.292772444946358 0.03872529245663574 0.021456804065499716
0 0.5435659540137152 0.30110107284020327 0.051230334812424366 0.021739130434782608
0 0.6401774909237595 0.29672501411631846 0.05647438483259379 0.032185206098249576
0 0.7125857200484066 0.29884246188594016 0.030254134731746672 0.027950310559006212
0 0.7674465510286406 0.29446640316205536 0.02944735780556676 0.01693958215697346
0 0.8606292860024203 0.29573687182382835 0.11173860427591771 0.020609824957651044
0 0.1952400161355385 0.44748729531338227 0.07422347720855184 0.03387916431394692
0 0.28680919725695847 0.4469226425748165 0.04759983864461476 0.012422360248447204
0 0.34045986284792257 0.4460756634669678 0.01290843081887858 0.00564652738565782
0 0.42698668818071805 0.444240542066629 0.11415893505445744 0.020045172219085264
0 0.5282371924162969 0.4500282326369283 0.026220250100847116 0.007905138339920948
0 0.609116579265833 0.4463579898362507 0.08551835417507059 0.018633540372670808
0 0.7018959257765228 0.4503105590062112 0.023396530859217425 0.009599096555618294
0 0.7575635336829367 0.4438170525127047 0.03630496167809601 0.020327498588368152
0 0.8535699878983461 0.4449463579898362 0.10568777732956837 0.019198193111236588
0 0.2263009277934651 0.49082439299830605 0.12989108511496572 0.026821005081874648
0 0.3935054457442517 0.4990118577075099 0.13110125050423557 0.03867871259175607
0 0.4715611133521581 0.5079051383399209 0.004033884630899556 0.005081874647092038
0 0.5443727309398951 0.4956239412761152 0.0754336425978217 0.0189158667419537
0 0.636345300524405 0.5015527950310559 0.04477611940298507 0.009881422924901186
0 0.7073416700282372 0.4980237154150198 0.04719645018152481 0.018068887634105024
0 0.7660346914078258 0.5052230378317335 0.02743041549011698 0.03020892151326934
0 0.8299717628075837 0.49548277809147373 0.02944735780556676 0.018068887634105024
0 0.9191206131504639 0.4915302089215133 0.09883017345703912 0.034443817052512704
0 0.20129084308188785 0.5405138339920948 0.07099636950383219 0.018351214003387916
0 0.28519564340459863 0.5417843026538679 0.03227107704719645 0.019198193111236588
0 0.35619201290843083 0.5463015245623941 0.04517950786607503 0.012422360248447204
0 0.5074626865671642 0.5429136081309994 0.1508672851956434 0.020892151326933936
0 0.6218233158531666 0.5481366459627329 0.021379588543767647 0.013269339356295878
0 0.7041145623235175 0.5457368718238284 0.07704719645018153 0.014680971202710334
0 0.7517144009681324 0.5502540937323546 0.002016942315449778 0.001129305477131564
0 0.8049616780960065 0.542772444946358 0.04235578862444534 0.022868435911914172
0 0.8920935861234369 0.5457368718238284 0.08027430415490117 0.014680971202710334
0 0.18152480839048002 0.5917560700169395 0.03469140782573618 0.026538678712591756
0 0.31787010891488504 0.5933088650479955 0.17749092375958048 0.022303783173348392
0 0.5 0.6047430830039525 0.09318273497377975 0.026538678712591756
0 0.6268656716417911 0.5935911914172783 0.08309802339653086 0.020045172219085264
0 0.7771278741427995 0.598531902879729 0.16498588140379186 0.024280067758328628
0 0.9120613150463897 0.5978260869565217 0.06776926179911255 0.01948051948051948
0 0.19786204114562322 0.6414455110107284 0.0681726502622025 0.020327498588368152
0 0.26603469140782576 0.6490683229813664 0.01008471157724889 0.010163749294184076
0 0.3392496974586527 0.6504799548277809 0.0653489310205728 0.031055900621118012
0 0.445542557482856 0.6557029926595144 0.06575231948366277 0.021739130434782608
0 0.5002016942315449 0.6551383399209486 0.003227107704719645 0.004799548277809147
0 0.5486083098023397 0.6442687747035574 0.029043969342476807 0.019762845849802372
0 0.6192012908430818 0.6506211180124224 0.045986284792254944 0.03698475437605872
0 0.7041145623235175 0.642292490118577 0.0609116579265833 0.020327498588368152
0 0.7849939491730537 0.6439864483342744 0.033884630899556276 0.018633540372670808
