0 0.1791044776119403 0.31634669678147936 0.07018959257765228 0.017221908526256352
0 0.21762807583703106 0.32382834556747603 0.0028237192416296895 0.006775832862789385
0 0.25332795482049214 0.3154997176736307 0.02016942315449778 0.015527950310559006
0 0.2932634126663977 0.31620553359683795 0.024203307785397338 0.01693958215697346
0 0.34388866478418717 0.31733483907396953 0.03509479628882614 0.014680971202710334
0 0.4310205728116176 0.31733483907396953 0.08511496571198064 0.01637492941840768
0 0.5080677692617991 0.3177583286278938 0.021379588543767647 0.012140033879164314
0 0.5621218233158531 0.3160643704121965 0.04154901169826543 0.016657255787690572
0 0.5867285195643405 0.32608695652173914 0.003630496167809601 0.009034443817052512
0 0.6250504235578862 0.3186053077357425 0.018152480839048003 0.011575381140598532
0 0.6801129487696652 0.3167701863354037 0.04517950786607503 0.01693958215697346
0 0.772488906817265 0.320016939582157 0.08874546187979024 0.02456239412761152
0 0.15792658329971762 0.36773009599096557 0.022993142396127472 0.015527950310559006
0 0.21661960467930616 0.3663184641445511 0.041145623235175476 0.018351214003387916
0 0.2734973779749899 0.36885940146809715 0.01290843081887858 0.011575381140598532
0 0.36244453408632515 0.37125917560700167 0.09883017345703912 0.025974025974025976
0 0.4794271883824123 0.371682665160926 0.07946752722872126 0.029079616036137776
0 0.5560709963695039 0.3681535855448899 0.018152480839048003 0.01637492941840768
0 0.6325131101250504 0.36716544325239975 0.08229124647035095 0.018351214003387916
0 0.763210972166196 0.3673066064370412 0.1306978620411456 0.017504234895539244
0 0.1653892698668818 0.41699604743083 0.04759983864461476 0.01637492941840768
0 0.1954417103670835 0.4233483907396951 0.002016942315449778 0.001411631846414455
0 0.2648245260185559 0.41741953698475437 0.09479628882613957 0.017786561264822136
0 0.31988705123033484 0.4267363071710898 0.0024203307785397336 0.007622811970638058
0 0.3580072609923356 0.42066629023150764 0.02702702702702703 0.011857707509881422
0 0.42174263816054863 0.4171372106154715 0.06413876563130294 0.018351214003387916
0 0.5116982654296087 0.41798418972332013 0.06494554255748286 0.018351214003387916
0 0.5974183138362242 0.4171372106154715 0.05486083098023396 0.017786561264822136
0 0.663372327551432 0.41756070016939584 0.035901573215006054 0.015245623941276116
0 0.7466720451795079 0.41643139469226426 0.0790641387656313 0.01637492941840768
0 0.790641387656313 0.42476002258610956 0.004033884630899556 0.009881422924901186
0 0.8315853166599435 0.41869000564652736 0.03670835014118596 0.012422360248447204
0 0.18334005647438484 0.4730378317334839 0.07382008874546188 0.02456239412761152
0 0.32230738200887454 0.47600225861095424 0.14360629286002422 0.033314511575381144
0 0.47337636143606293 0.4683794466403162 0.09479628882613957 0.015810276679841896
0 0.5625252117789431 0.4678147939017504 0.02218636546994756 0.015810276679841896
0 0.6151674062121824 0.467673630717109 0.04033884630899556 0.016092603049124788
0 0.7041145623235175 0.467673630717109 0.08027430415490117 0.016657255787690572
0 0.8118192819685357 0.46936758893280633 0.0891488503428802 0.014398644833427442
0 0.1990722065348931 0.5248447204968945 0.10609116579265833 0.031055900621118012
0 0.34429205324727713 0.5176453980801807 0.118192819685357 0.018351214003387916
0 0.4419120613150464 0.5175042348955392 0.021379588543767647 0.018068887634105024
0 0.49415086728519564 0.519339356295878 0.03469140782573618 0.0189158667419537
0 0.5199677289229528 0.527244494635799 0.003227107704719645 0.006493506493506494
0 0.5605082694634933 0.5169395821569734 0.03670835014118596 0.015245623941276116
0 0.663170633319887 0.5170807453416149 0.11375554659136748 0.020045172219085264
0 0.7966922146026624 0.5165160926030491 0.09439290036304962 0.020609824957651044
0 0.19160951996772893 0.575098814229249 0.10246066962484873 0.034443817052512704
0 0.24808390480032272 0.5745341614906833 0.0024203307785397336 0.0016939582156973462
0 0.2809600645421541 0.567193675889328 0.011698265429608713 0.01637492941840768
0 0.3382412263009278 0.567193675889328 0.04881000403388463 0.018633540372670808
0 0.4427188382412263 0.5739695087521175 0.09721661960467931 0.023150762281197064
0 0.5381202097620008 0.5691699604743083 0.04195240016135539 0.01355166572557877
0 0.6149657119806373 0.5742518351214003 0.05687777329568374 0.032185206098249576
0 0.6887858007260992 0.5722755505364201 0.03670835014118596 0.025409373235460192
0 0.7432432432432432 0.5698757763975155 0.02944735780556676 0.011575381140598532
0 0.1972569584509883 0.6180124223602484 0.10246066962484873 0.017504234895539244
0 0.30475998386446146 0.6168831168831169 0.040742234772085516 0.018633540372670808
0 0.41528842275110933 0.6175889328063241 0.11577248890681727 0.018351214003387916
0 0.517950786607503 0.6182947487295314 0.023396530859217425 0.017504234895539244
0 0.5736183945139169 0.6205533596837944 0.04437273093989512 0.01355166572557877
0 0.6327148043565954 0.6177300959909655 0.033481242436466316 0.01693958215697346
0 0.7115772488906817 0.6230942970073405 0.07260992335619201 0.024844720496894408
0 0.754538120209762 0.6246470920383964 0.002016942315449778 0.0008469791078486731
