0 0.1837434449374748 0.2199322416713721 0.06736587333602259 0.018633540372670808
0 0.2559499798305768 0.21936758893280633 0.04235578862444534 0.010163749294184076
0 0.33098023396530857 0.21315640880858272 0.06413876563130294 0.020327498588368152
0 0.4035901573215006 0.21301524562394128 0.043969342476805166 0.020045172219085264
0 0.4792254941508673 0.2137210615471485 0.07260992335619201 0.017504234895539244
0 0.5570794675272287 0.2155561829474873 0.04679306171843485 0.015527950310559006
0 0.6877773295683743 0.21428571428571427 0.18394513916901978 0.018633540372670808
0 0.8154497781363453 0.21456804065499718 0.03751512706736587 0.01129305477131564
0 0.23557886244453408 0.31521739130434784 0.16700282371924163 0.01948051948051948
0 0.40439693424768053 0.3177583286278938 0.118192819685357 0.017221908526256352
0 0.5693828156514724 0.3160643704121965 0.16659943525615167 0.0189158667419537
0 0.7222670431625655 0.313382269904009 0.10125050423557887 0.019198193111236588
0 0.7920532472771279 0.3188876341050254 0.012505042355788625 0.001976284584980237
0 0.836627672448568 0.3142292490118577 0.05244050020169423 0.020327498588368152
0 0.1718434852763211 0.3694240542066629 0.05889471561113352 0.023433088650479956
0 0.23961274707543365 0.36829474872953133 0.02743041549011698 0.016092603049124788
0 0.2874142799515934 0.36589497459062675 0.030254134731746672 0.01637492941840768
0 0.3519564340459863 0.36617730095990964 0.06413876563130294 0.0220214568040655
0 0.41407825736183945 0.3695652173913043 0.030254134731746672 0.007905138339920948
0 0.4854780153287616 0.3685770750988142 0.08592174263816055 0.022303783173348392
0 0.5354981847519161 0.37648221343873517 0.002016942315449778 0.0008469791078486731
0 0.5958047599838645 0.37140033879164314 0.06938281565147236 0.028514963297571992
0 0.6557079467527229 0.371682665160926 0.014118596208148447 0.007622811970638058
0 0.7089552238805971 0.36885940146809715 0.056070996369503835 0.023433088650479956
0 0.782371924162969 0.3650479954827781 0.06333198870512304 0.015810276679841896
0 0.8440903590157322 0.36928289102202144 0.03993545784590561 0.025409373235460192
0 0.1617587736990722 0.4191134952004517 0.041145623235175476 0.017221908526256352
0 0.2226704316256555 0.4213721061547149 0.04195240016135539 0.014398644833427442
0 0.3011294876966519 0.4215132693393563 0.07624041952400161 0.02710333145115754
0 0.37595804759983864 0.41953698475437606 0.04356595401371521 0.015810276679841896
0 0.43142396127470756 0.4171372106154715 0.03428801936264623 0.018351214003387916
0 0.5242033077853974 0.4227837380011293 0.10851149657119806 0.02456239412761152
0 0.6639774102460669 0.4201016374929418 0.12101653892698669 0.028232636928289104
0 0.7930617184348527 0.4162902315076228 0.09439290036304962 0.021174477696216828
0 0.16377571601452198 0.46852060982495763 0.035498184751916094 0.0189158667419537
0 0.24667204517950786 0.47035573122529645 0.0899556272690601 0.020327498588368152
0 0.3313836224283985 0.46809712027103334 0.043162565550625254 0.0220214568040655
0 0.4124647035094796 0.47783738001129306 0.08430818878580072 0.0189158667419537
0 0.46772892295280355 0.4776962168266516 0.004437273093989512 0.011857707509881422
0 0.5475998386446148 0.46696781479390176 0.11577248890681727 0.019762845849802372
0 0.6419927390076644 0.46950875211744775 0.0318676885841065 0.024844720496894408
0 0.7037111738604276 0.46936758893280633 0.06736587333602259 0.022303783173348392
0 0.8126260588947156 0.4683794466403162 0.118192819685357 0.019198193111236588
0 0.2236789027833804 0.5186335403726708 0.14885034288019364 0.020327498588368152
0 0.3741427995159338 0.5211744776962168 0.09883017345703912 0.017504234895539244
0 0.4628882613957241 0.5184923771880293 0.043162565550625254 0.020045172219085264
0 0.6095199677289229 0.5191981931112366 0.208955223880597 0.019198193111236588
0 0.7922549415086728 0.5237154150197628 0.12424364663170634 0.026538678712591756
0 0.1897942718838241 0.5711462450592886 0.07301331181928197 0.020892151326933936
0 0.24223477208551836 0.580180688876341 0.004437273093989512 0.009599096555618294
0 0.2835820895522388 0.5695934500282326 0.04759983864461476 0.017786561264822136
0 0.38019362646228316 0.5734048560135516 0.0891488503428802 0.025409373235460192
0 0.46147640177490923 0.5745341614906833 0.035498184751916094 0.007340485601355167
0 0.5143202904396934 0.5708639186900056 0.05486083098023396 0.015810276679841896
0 0.5500201694231545 0.5780632411067194 0.002016942315449778 0.001411631846414455
