0 0.1843485276321097 0.23178994918125354 0.09923356192012908 0.04009034443817053
0 0.27309398951189995 0.2300959909655562 0.0572811617587737 0.010728402032749858
0 0.3953206938281565 0.23277809147374365 0.14118596208148446 0.028514963297571992
0 0.5147236789027834 0.2295313382269904 0.03065752319483663 0.018633540372670808
0 0.609318273497378 0.2295313382269904 0.09398951189995966 0.018633540372670808
0 0.7200484066155708 0.2354601919819311 0.08067769261799113 0.029926595143986448
0 0.8227107704719645 0.23574251835121401 0.07059298104074223 0.03162055335968379
0 0.19705526421944333 0.2738565782044043 0.12464703509479629 0.020892151326933936
0 0.3204921339249697 0.274703557312253 0.06413876563130294 0.02258610954263128
0 0.39431222267043164 0.2761151891586674 0.0318676885841065 0.020892151326933936
0 0.4987898346107301 0.2795031055900621 0.11657926583299717 0.01693958215697346
0 0.6232351754739814 0.2831733483907397 0.06696248487293263 0.012422360248447204
0 0.7020976200080677 0.2821852060982496 0.052843888664784185 0.026256352343308864
0 0.8370310609116579 0.28430265386787124 0.16700282371924163 0.030491247882552232
0 0.163574021782977 0.325098814229249 0.051230334812424366 0.020609824957651044
0 0.26321097216619604 0.3362507058159232 0.08834207341670028 0.021456804065499716
0 0.38342073416700284 0.33046301524562394 0.07220653489310205 0.01383399209486166
0 0.4701492537313433 0.33145115753811405 0.051230334812424366 0.028232636928289104
0 0.5982250907624042 0.33356860530773574 0.15570794675272287 0.03359683794466403
0 0.7141992739007664 0.3321569734613213 0.021379588543767647 0.01101072840203275
0 0.809197256958451 0.32933370976849236 0.1145623235175474 0.020045172219085264
0 0.15933844292053248 0.379587803500847 0.03065752319483663 0.03020892151326934
0 0.22771278741427994 0.37704686617730093 0.050423557886244454 0.01948051948051948
0 0.33662767244856795 0.38523433088650477 0.09479628882613957 0.01948051948051948
0 0.3892698668818072 0.3893280632411067 0.003227107704719645 0.002258610954263128
0 0.45240016135538524 0.3781761716544325 0.050423557886244454 0.018351214003387916
0 0.609721661960468 0.3845285149632976 0.2263009277934651 0.01129305477131564
0 0.7886244453408633 0.39059853190287974 0.07018959257765228 0.02456239412761152
0 0.8759580475998386 0.38523433088650477 0.06736587333602259 0.03020892151326934
0 0.17607906413876562 0.4302653867871259 0.05929810407422348 0.012987012987012988
0 0.21944332392093585 0.42405420666290233 0.008067769261799113 0.010728402032749858
0 0.2692617991125454 0.43464144551101075 0.1036708350141186 0.03020892151326934
0 0.3709156918112142 0.42913608130999437 0.03751512706736587 0.017504234895539244
0 0.49596611536910046 0.43788819875776397 0.15772488906817264 0.020892151326933936
0 0.6282775312626059 0.42913608130999437 0.03993545784590561 0.020892151326933936
0 0.7254941508672852 0.4323828345567476 0.09237595804759983 0.016092603049124788
0 0.8878580072609923 0.43506493506493504 0.1863654699475595 0.025974025974025976
0 0.22730939895118998 0.4772727272727273 0.1609519967728923 0.021174477696216828
0 0.3192819685356999 0.48644833427442125 0.003630496167809601 0.002258610954263128
0 0.3325937878176684 0.4712027103331451 0.006857603872529245 0.006775832862789385
0 0.42214602662363854 0.4764257481648786 0.0899556272690601 0.023433088650479956
0 0.5669624848729327 0.4808018068887634 0.1383622428398548 0.020327498588368152
0 0.645421540943929 0.4928006775832863 0.004033884630899556 0.007058159232072276
0 0.6877773295683743 0.47995482778091475 0.03307785397337636 0.015810276679841896
0 0.7200484066155708 0.49195369847543763 0.004840661557079467 0.00818746470920384
0 0.7789431222267044 0.484472049689441 0.06857603872529246 0.01129305477131564
0 0.2236789027833804 0.5335968379446641 0.15127067365873337 0.03613777526821005
0 0.36062928600242034 0.5292207792207793 0.06292860024203308 0.017786561264822136
0 0.4826542960871319 0.5343026538678712 0.12384025816861638 0.029079616036137776
0 0.5980233965308592 0.5317617165443252 0.04235578862444534 0.016657255787690572
0 0.6946349334409035 0.5316205533596838 0.08471157724889068 0.017504234895539244
0 0.7464703509479629 0.5460191981931113 0.003630496167809601 0.009034443817052512
0 0.818273497377975 0.5306324110671937 0.07382008874546188 0.017786561264822136
0 0.2281161758773699 0.6366459627329193 0.19887051230334812 0.034443817052512704
0 0.33783783783783783 0.638481084133258 0.004437273093989512 0.002540937323546019
0 0.3973376361436063 0.6319875776397516 0.0645421540943929 0.017786561264822136
0 0.5447761194029851 0.6360813099943535 0.17466720451795079 0.030491247882552232
0 0.6415893505445744 0.643845285149633 0.0028237192416296895 0.007058159232072276
0 0.8067769261799113 0.6307171089779785 0.2823719241629689 0.020892151326933936
0 0.16054860830980233 0.6781479390175043 0.0572811617587737 0.02710333145115754
0 0.29790237999193225 0.6847826086956522 0.12061315046389673 0.032467532467532464
0 0.4836627672448568 0.682523997741389 0.20411456232351755 0.021739130434782608
0 0.600242033077854 0.6949463579898363 0.003227107704719645 0.007622811970638058
0 0.6718434852763211 0.6826651609260305 0.09076240419524001 0.017504234895539244
0 0.7345703912868092 0.6866177300959909 0.00645421540943929 0.007905138339920948
