0 0.2418313836224284 0.2717391304347826 0.17950786607503025 0.04432523997741389
0 0.36304961678096004 0.26439864483342745 0.03469140782573618 0.021739130434782608
0 0.4560306575231948 0.27315076228119706 0.11577248890681727 0.040372670807453416
0 0.5711980637353772 0.26312817617165446 0.09439290036304962 0.02258610954263128
0 0.6534893102057281 0.26693958215697344 0.03469140782573618 0.020609824957651044
0 0.7648245260185559 0.2727272727272727 0.1444130697862041 0.031055900621118012
0 0.15308592174263816 0.31521739130434784 0.022993142396127472 0.015527950310559006
0 0.23336022589753933 0.3160643704121965 0.0826946349334409 0.015527950310559006
0 0.34610730133118195 0.322557876905703 0.1073013311819282 0.03585544889892716
0 0.4058087938684954 0.3243929983060418 0.004840661557079467 0.003952569169960474
0 0.5157321500605083 0.3245341614906832 0.16821298910851148 0.03980801806888763
0 0.6012505042355789 0.3300395256916996 0.004437273093989512 0.007905138339920948
0 0.6460266236385639 0.31648785996612083 0.06010488100040339 0.0220214568040655
0 0.6956434045986285 0.3160643704121965 0.031060911657926585 0.018351214003387916
0 0.7626058894715612 0.3198757763975155 0.06494554255748286 0.012987012987012988
0 0.8142396127470755 0.31959345002823264 0.022993142396127472 0.014680971202710334
0 0.19423154497781364 0.3616600790513834 0.1044776119402985 0.021456804065499716
0 0.32311415893505446 0.37351778656126483 0.10810810810810811 0.03896103896103896
0 0.46793061718434853 0.36561264822134387 0.15570794675272287 0.020892151326933936
0 0.5978217022993142 0.3756352343308865 0.053247277127874144 0.03811405985319029
0 0.6623638563937071 0.3632128740824393 0.06131504638967326 0.02456239412761152
0 0.7803549818475192 0.3651891586674195 0.1472367890278338 0.028514963297571992
0 0.18737394110528438 0.41332580463015245 0.10286405808793868 0.02258610954263128
0 0.27974989915288423 0.4160079051383399 0.0391286809197257 0.020609824957651044
0 0.3481242436466317 0.415725578769057 0.06776926179911255 0.0189158667419537
0 0.45240016135538524 0.41699604743083 0.10609116579265833 0.02258610954263128
0 0.5435659540137152 0.41699604743083 0.03993545784590561 0.019198193111236588
0 0.6292860024203307 0.41741953698475437 0.09842678499394918 0.022868435911914172
0 0.7442517144009682 0.4268774703557312 0.09439290036304962 0.04291360813099943
0 0.17849939491730538 0.4730378317334839 0.0899556272690601 0.03980801806888763
0 0.23517547398144414 0.47699040090344436 0.004840661557079467 0.0036702428006775835
0 0.27732956837434447 0.46386222473178995 0.02864058087938685 0.021456804065499716
0 0.35397337636143605 0.4658385093167702 0.06736587333602259 0.02258610954263128
0 0.45784590560709965 0.4645680406549972 0.09762000806776926 0.021739130434782608
0 0.5344897135941912 0.46908526256352345 0.02581686163775716 0.016657255787690572
0 0.6024606696248487 0.46710897797854317 0.08753529649052037 0.02456239412761152
0 0.6966518757563533 0.46950875211744775 0.07503025413473174 0.019198193111236588
0 0.7860024203307785 0.46809712027103334 0.07866075030254134 0.023150762281197064
0 0.2517144009681323 0.5677583286278939 0.23961274707543365 0.020892151326933936
0 0.4376764824526019 0.5762281197063805 0.09035901573215006 0.03557312252964427
0 0.5409439290036305 0.5654997176736307 0.07987091569181122 0.019762845849802372
0 0.6220250100847116 0.5736871823828346 0.053247277127874144 0.037267080745341616
0 0.6980637353771683 0.5697346132128741 0.0609116579265833 0.020892151326933936
0 0.7902379991932231 0.5694522868435912 0.08067769261799113 0.019762845849802372
0 0.21782977006857604 0.6170242800677583 0.1581282775312626 0.01948051948051948
0 0.3410649455425575 0.6212591756070017 0.03751512706736587 0.016657255787690572
0 0.44029850746268656 0.6197063805759458 0.11093182734973779 0.020892151326933936
0 0.5903590157321501 0.620412196499153 0.1399757966922146 0.016092603049124788
0 0.663170633319887 0.6297289666854884 0.004033884630899556 0.007622811970638058
0 0.7014925373134329 0.617871259175607 0.045986284792254944 0.017786561264822136
0 0.7581686163775716 0.6199887069452287 0.030254134731746672 0.017504234895539244
0 0.22226704316256554 0.717391304347826 0.1791044776119403 0.019762845849802372
0 0.37232755143202906 0.7178147939017504 0.07099636950383219 0.02456239412761152
0 0.45018152480839047 0.7190852625635235 0.035498184751916094 0.0220214568040655
0 0.4945542557482856 0.7217673630717109 0.024203307785397338 0.014398644833427442
0 0.5883420734167003 0.7178147939017504 0.11577248890681727 0.022868435911914172
0 0.6877773295683743 0.7204968944099379 0.04195240016135539 0.032185206098249576
0 0.7484872932634127 0.7200734048560136 0.057684550221863654 0.02456239412761152
0 0.17688584106494554 0.7610107284020328 0.11012505042355789 0.029079616036137776
0 0.3162565550625252 0.7549407114624506 0.14602662363856395 0.03500846979107849
0 0.46046793061718433 0.7612930547713156 0.09883017345703912 0.020609824957651044
0 0.5568777732956838 0.758893280632411 0.06010488100040339 0.02258610954263128
0 0.6423961274707544 0.758893280632411 0.0681726502622025 0.03387916431394692
0 0.6843485276321097 0.7682100508187465 0.0052440500201694235 0.004517221908526256
