0 0.16276724485679708 0.2289666854884246 0.03428801936264623 0.011857707509881422
0 0.22589753933037515 0.22939017504234896 0.05486083098023396 0.009316770186335404
0 0.33219039935457845 0.22684923771880294 0.11657926583299717 0.018351214003387916
0 0.4626865671641791 0.22840203274985885 0.10326744655102864 0.01693958215697346
0 0.5512303348124243 0.22543760587238848 0.027833803953206938 0.018351214003387916
0 0.6048810004033884 0.22571993224167136 0.04719645018152481 0.012140033879164314
0 0.6758773699072207 0.22769621682665162 0.057684550221863654 0.00818746470920384
0 0.7511093182734974 0.22402597402597402 0.029850746268656716 0.017221908526256352
0 0.8221056877773296 0.22317899491812535 0.07341670028237192 0.015527950310559006
0 0.19423154497781364 0.2802089215132693 0.08834207341670028 0.01101072840203275
0 0.2515127067365873 0.2878317334839074 0.0060508269463493344 0.007058159232072276
0 0.3096006454215409 0.28049124788255225 0.05203711173860428 0.011575381140598532
0 0.46329164985881405 0.27710333145115756 0.2117789431222267 0.020045172219085264
0 0.6304961678096006 0.27865612648221344 0.05808793868495361 0.010728402032749858
0 0.7107704719645018 0.27555053642010163 0.04679306171843485 0.012987012987012988
0 0.7773295683743445 0.2769621682665161 0.03791851553045583 0.010163749294184076
0 0.19402985074626866 0.3287690570299266 0.09681323114158935 0.01948051948051948
0 0.2462686567164179 0.33356860530773574 0.003630496167809601 0.001976284584980237
0 0.3100040338846309 0.32834556747600224 0.04800322710770472 0.01129305477131564
0 0.390883420734167 0.33032185206098247 0.05163372327551432 0.007905138339920948
0 0.48305768455022186 0.32933370976849236 0.06978620411456232 0.016092603049124788
0 0.5695845098830173 0.32792207792207795 0.05244050020169423 0.01101072840203275
0 0.6472367890278338 0.3274985883681536 0.057684550221863654 0.01129305477131564
0 0.7269060104881 0.32735742518351213 0.050826946349334406 0.012704686617730096
0 0.7952803549818476 0.3272162619988707 0.020572811617587738 0.01637492941840768
0 0.8539733763614361 0.3294748729531338 0.053247277127874144 0.012422360248447204
0 0.18152480839048002 0.383399209486166 0.0653489310205728 0.01637492941840768
0 0.290843081887858 0.379587803500847 0.0927793465106898 0.014963297571993224
0 0.4062121823315853 0.37775268210050816 0.06212182331585317 0.010728402032749858
0 0.5316659943525616 0.37859966120835686 0.12020976200080678 0.010728402032749858
0 0.6391690197660347 0.3784584980237154 0.02944735780556676 0.012704686617730096
0 0.7357805566760791 0.3793054771315641 0.10084711577248891 0.012704686617730096
0 0.8301734570391287 0.37888198757763975 0.02743041549011698 0.009034443817052512
0 0.17749092375958048 0.4309712027103331 0.0653489310205728 0.010446075663466968
0 0.30798709156918114 0.4295595708639187 0.118192819685357 0.010446075663466968
0 0.4082291246470351 0.4323828345567476 0.01936264622831787 0.006493506493506494
0 0.5129084308188786 0.4288537549407115 0.14400968132311415 0.01637492941840768
0 0.6490520371117386 0.4301242236024845 0.0782573618394514 0.014398644833427442
0 0.7309398951189996 0.42701863354037267 0.02743041549011698 0.016092603049124788
0 0.8521581282775312 0.42913608130999437 0.1674062121823316 0.014116318464144552
0 0.18293666801129488 0.48306041784302656 0.0536506655909641 0.015810276679841896
0 0.3356192012908431 0.47967250141163187 0.1799112545381202 0.01355166572557877
0 0.46893908834207343 0.48306041784302656 0.02864058087938685 0.006775832862789385
0 0.5284388866478419 0.4795313382269904 0.06292860024203308 0.012140033879164314
0 0.6131504638967326 0.4805194805194805 0.06131504638967326 0.017504234895539244
0 0.7081484469544171 0.481931112365895 0.0891488503428802 0.015810276679841896
0 0.7966922146026624 0.4785431959345003 0.029850746268656716 0.01355166572557877
0 0.208955223880597 0.5314793901750423 0.12020976200080678 0.017786561264822136
0 0.3065752319483663 0.5330321852060983 0.01855586930213796 0.006211180124223602
0 0.38765631302944736 0.5327498588368154 0.09842678499394918 0.010728402032749858
0 0.5322710770471965 0.5299265951439864 0.12787414279951592 0.01355166572557877
0 0.6512706736587334 0.5275268210050819 0.07059298104074223 0.014963297571993224
0 0.7577652279144816 0.5306324110671937 0.07462686567164178 0.011575381140598532
0 0.8533682936668011 0.5343026538678712 0.07704719645018153 0.01383399209486166
0 0.9011698265429609 0.5367024280067758 0.003227107704719645 0.002258610954263128
0 0.1843485276321097 0.6326933935629587 0.08309802339653086 0.014116318464144552
0 0.2918515530455829 0.632128740824393 0.07866075030254134 0.012422360248447204
0 0.34288019362646227 0.6377752682100508 0.007260992335619202 0.007905138339920948
0 0.40641387656313027 0.6314229249011858 0.09156918112141993 0.014963297571993224
0 0.5237999193223074 0.6314229249011858 0.09156918112141993 0.018351214003387916
0 0.5865268253327954 0.6377752682100508 0.004840661557079467 0.00846979107848673
0 0.6357402178297701 0.6315640880858272 0.05163372327551432 0.01637492941840768
0 0.7109721661960468 0.6305759457933371 0.052843888664784185 0.010446075663466968
0 0.8031464300121016 0.6317052512704686 0.09681323114158935 0.01101072840203275
0 0.20048406615570794 0.6842179559570863 0.09923356192012908 0.018351214003387916
0 0.25958047599838646 0.6911349520045172 0.004437273093989512 0.007905138339920948
0 0.31585316659943524 0.6823828345567476 0.053247277127874144 0.01355166572557877
0 0.400363049616781 0.682806324110672 0.05445744251714401 0.012704686617730096
0 0.4858814037918516 0.6801242236024845 0.10931827349737798 0.014680971202710334
0 0.5935861234368697 0.6829474872953134 0.06736587333602259 0.010728402032749858
0 0.6714400968132311 0.682523997741389 0.04719645018152481 0.00818746470920384
0 0.7327551432029044 0.67871259175607 0.03670835014118596 0.015810276679841896
0 0.8231141589350545 0.6791360813099944 0.07785397337636143 0.017221908526256352
0 0.18596208148446955 0.7348955392433654 0.06776926179911255 0.010163749294184076
0 0.3071803146430012 0.7320722755505364 0.10286405808793868 0.010163749294184076
0 0.46430012101653895 0.7310841332580463 0.1508672851956434 0.016657255787690572
0 0.6038725292456636 0.7329192546583851 0.10165389269866881 0.012987012987012988
0 0.7109721661960468 0.7336250705815923 0.07220653489310205 0.0189158667419537
0 0.8297700685760387 0.7336250705815923 0.10488100040338846 0.012140033879164314
0 0.19039935457845905 0.7790796160361377 0.063735377168213 0.013269339356295878
0 0.26421944332392094 0.7778091473743648 0.03146430012101654 0.010728402032749858
0 0.3370310609116579 0.7790796160361377 0.05526421944332392 0.007622811970638058
0 0.42073416700282373 0.7786561264822134 0.07664380798709157 0.01129305477131564
0 0.46651875756353367 0.7811970638057595 0.0028237192416296895 0.00282326369282891
