0 0.1736587333602259 0.2689158667419537 0.0681726502622025 0.020045172219085264
0 0.2882210568777733 0.27032749858836813 0.10689794271883823 0.022868435911914172
0 0.4253731343283582 0.27089215132693395 0.10125050423557887 0.022303783173348392
0 0.5248083904800322 0.26976284584980237 0.03307785397337636 0.020609824957651044
0 0.5863251311012505 0.27032749858836813 0.0463896732553449 0.0189158667419537
0 0.6768858410649455 0.2720214568040655 0.10165389269866881 0.021739130434782608
0 0.7960871319080274 0.2725861095426313 0.07624041952400161 0.020045172219085264
0 0.1990722065348931 0.3256634669678148 0.12141992739007665 0.03020892151326934
0 0.34772085518354173 0.3204404291360813 0.0927793465106898 0.023715415019762844
0 0.4957644211375555 0.32058159232072275 0.1290843081887858 0.022303783173348392
0 0.6575231948366277 0.32156973461321287 0.12585720048406615 0.0220214568040655
0 0.7694634933440904 0.3219932241671372 0.05526421944332392 0.020609824957651044
0 0.1920129084308189 0.36914172783738003 0.09762000806776926 0.021174477696216828
0 0.2535296490520371 0.3781761716544325 0.003630496167809601 0.001976284584980237
0 0.39854780153287617 0.3706945228684359 0.18797902379991932 0.024280067758328628
0 0.5701895925776522 0.370412196499153 0.09398951189995966 0.023715415019762844
0 0.6680112948769665 0.370412196499153 0.05647438483259379 0.023715415019762844
0 0.7515127067365873 0.37140033879164314 0.04033884630899556 0.017786561264822136
0 0.8219039935457846 0.38015245623941274 0.06897942718838242 0.025691699604743084
0 0.15248083904800322 0.41981931112365894 0.03146430012101654 0.01693958215697346
0 0.21036708350141187 0.4212309429700734 0.050423557886244454 0.020892151326933936
0 0.3588140379185155 0.43153585544889894 0.16014521984671237 0.026821005081874648
0 0.48608309802339655 0.4215132693393563 0.03469140782573618 0.021456804065499716
0 0.5711980637353772 0.4268774703557312 0.09439290036304962 0.014680971202710334
0 0.6797095603065753 0.42419536984754375 0.06131504638967326 0.020609824957651044
0 0.7668414683340057 0.42264257481648787 0.05405405405405406 0.019762845849802372
0 0.2400161355385236 0.47148503670242803 0.20492133924969747 0.023715415019762844
0 0.4007664380798709 0.4720496894409938 0.033481242436466316 0.021456804065499716
0 0.48608309802339655 0.47261434217955955 0.0790641387656313 0.020327498588368152
0 0.63614360629286 0.47247317899491814 0.14844695441710368 0.023997741389045736
0 0.7696651875756353 0.4710615471485037 0.03630496167809601 0.021739130434782608
0 0.18152480839048002 0.5203274985883681 0.08229124647035095 0.023150762281197064
0 0.2964905203711174 0.52343308865048 0.053247277127874144 0.020892151326933936
0 0.4290036304961678 0.5328910220214568 0.1335215812827753 0.029644268774703556
0 0.645018152480839 0.5221626199887069 0.19281968535699878 0.0251270468661773
0 0.7922549415086728 0.5231507622811971 0.03630496167809601 0.023150762281197064
0 0.19302137958854376 0.577639751552795 0.09963695038321904 0.032185206098249576
0 0.26502622025010086 0.5815923207227555 0.004840661557079467 0.0033879164313946925
0 0.32109721661960466 0.5728402032749859 0.041145623235175476 0.02258610954263128
0 0.4213392496974587 0.581451157538114 0.0891488503428802 0.031338226990400904
0 0.5532472771278741 0.5827216261998871 0.1036708350141186 0.03162055335968379
0 0.6672045179507866 0.5752399774138904 0.06615570794675273 0.01948051948051948
0 0.744856797095603 0.5808865047995483 0.02218636546994756 0.009881422924901186
0 0.21117386042759176 0.6273291925465838 0.12061315046389673 0.012987012987012988
0 0.37676482452601856 0.6236589497459063 0.1427995159338443 0.025974025974025976
0 0.5921742638160549 0.6235177865612648 0.1936264622831787 0.025691699604743084
0 0.7472771278741428 0.6312817617165444 0.06010488100040339 0.012422360248447204
0 0.20371117386042759 0.677442123094297 0.10649455425574829 0.03698475437605872
0 0.2876159741831384 0.6785714285714286 0.016135538523598225 0.003105590062111801
0 0.41427995159338443 0.67871259175607 0.15328761597418314 0.039525691699604744
0 0.5304558289632917 0.678994918125353 0.022589753933037516 0.014116318464144552
0 0.6286809197256958 0.6794184076792772 0.0891488503428802 0.01383399209486166
0 0.7622025010084712 0.6840767927724449 0.10609116579265833 0.025974025974025976
0 0.21036708350141187 0.7260022586109542 0.11657926583299717 0.020609824957651044
0 0.32775312626058895 0.7300959909655562 0.025413473174667203 0.015245623941276116
0 0.3810004033884631 0.7245906267645398 0.045582896329164985 0.021174477696216828
0 0.47216619604679305 0.730660643704122 0.0754336425978217 0.012987012987012988
0 0.6290843081887858 0.7316487859966121 0.118192819685357 0.03585544889892716
0 0.7103670835014119 0.7319311123658949 0.016942315449778138 0.002540937323546019
0 0.7858007260992336 0.7324957651044608 0.0790641387656313 0.03698475437605872
