0 0.13916901976603469 0.23306041784302653 0.04033884630899556 0.026256352343308864
0 0.2373941105284389 0.2385657820440429 0.11496571198063735 0.03162055335968379
0 0.33965308592174265 0.23517786561264822 0.026623638563937072 0.024280067758328628
0 0.3945139169019766 0.24265951439864483 0.042759177087535294 0.035290796160361376
0 0.47418313836224285 0.24322416713721062 0.07704719645018153 0.012704686617730096
0 0.6313029447357805 0.24209486166007904 0.19766034691407824 0.03020892151326934
0 0.7890278338039532 0.23941276115189158 0.09035901573215006 0.02766798418972332
0 0.881403791851553 0.24153020892151328 0.05163372327551432 0.025691699604743084
0 0.19060104881000403 0.2881140598531903 0.15611133521581283 0.03585544889892716
0 0.3247277127874143 0.2833145115753811 0.08471157724889068 0.021739130434782608
0 0.44372730939895116 0.2919254658385093 0.11859620814844696 0.042348955392433656
0 0.5498184751916095 0.28402032749858835 0.06212182331585317 0.023715415019762844
0 0.6196046793061718 0.28514963297571994 0.029850746268656716 0.023150762281197064
0 0.6936264622831787 0.28797289666854886 0.09076240419524001 0.0220214568040655
0 0.7642194433239209 0.288961038961039 0.02702702702702703 0.016092603049124788
0 0.8124243646631706 0.28430265386787124 0.0500201694231545 0.025409373235460192
0 0.14320290439693426 0.33639186900056467 0.08793868495361033 0.021174477696216828
0 0.21661960467930616 0.33879164313946925 0.02581686163775716 0.028232636928289104
0 0.3136345300524405 0.3352625635234331 0.14158935054457442 0.023997741389045736
0 0.41488503428801937 0.33455674760022586 0.05687777329568374 0.024844720496894408
0 0.5246066962484873 0.33582721626199885 0.14320290439693426 0.028514963297571992
0 0.6042759177087536 0.3476849237718803 0.003227107704719645 0.002540937323546019
0 0.6762807583703107 0.33879164313946925 0.11093182734973779 0.024280067758328628
0 0.7853973376361436 0.3396386222473179 0.0790641387656313 0.025409373235460192
0 0.8920935861234369 0.3469791078486731 0.11093182734973779 0.032185206098249576
0 0.14864864864864866 0.3845285149632976 0.08753529649052037 0.025409373235460192
0 0.25534489713594194 0.3973743647656691 0.09035901573215006 0.022868435911914172
0 0.3973376361436063 0.39073969508752115 0.1581282775312626 0.03613777526821005
0 0.5006050826946349 0.3845285149632976 0.02581686163775716 0.021456804065499716
0 0.5465913674868899 0.3849520045172219 0.05244050020169423 0.021174477696216828
0 0.6240419524001614 0.38608130999435347 0.08551835417507059 0.02456239412761152
0 0.7343686970552642 0.39031620553359686 0.11738604275917709 0.02456239412761152
0 0.8586123436869706 0.39906832298136646 0.09963695038321904 0.037549407114624504
0 0.12928600242033078 0.43407679277244493 0.051230334812424366 0.03020892151326934
0 0.17708753529649052 0.4385940146809712 0.024203307785397338 0.009316770186335404
0 0.2789431222267043 0.43379446640316205 0.15611133521581283 0.023433088650479956
0 0.36789027833803956 0.44226425748164877 0.0024203307785397336 0.001976284584980237
0 0.4505849132714804 0.42913608130999437 0.14037918515530456 0.03274985883681536
0 0.5978217022993142 0.44254658385093165 0.13473174667204518 0.04601919819311124
0 0.7004840661557079 0.43690005646527386 0.05929810407422348 0.041501976284584984
0 0.7803549818475192 0.43817052512704685 0.0754336425978217 0.03557312252964427
0 0.8882613957240822 0.4354884246188594 0.11698265429608713 0.021739130434782608
0 0.15691811214199275 0.487012987012987 0.12101653892698669 0.037267080745341616
0 0.26502622025010086 0.4848955392433653 0.05647438483259379 0.0251270468661773
0 0.34489713594191207 0.4922360248447205 0.08390480032271078 0.03811405985319029
0 0.41589350544574427 0.48771880293619424 0.029043969342476807 0.023433088650479956
0 0.48971359419120614 0.48898927159796723 0.09197256958450989 0.01693958215697346
0 0.5709963695038321 0.4871541501976285 0.021379588543767647 0.018351214003387916
0 0.6934247680516338 0.4944946357989836 0.1855586930213796 0.047713156408808584
0 0.8267446551028641 0.48757763975155277 0.0609116579265833 0.02258610954263128
0 0.18414683340056473 0.5423489553924337 0.15288422751109318 0.03274985883681536
0 0.2712787414279952 0.5405138339920948 0.0028237192416296895 0.002540937323546019
0 0.3245260185558693 0.5340203274985884 0.03993545784590561 0.027950310559006212
0 0.36950383219039934 0.538678712591756 0.020976200080677694 0.020892151326933936
0 0.4110528438886648 0.5303500846979108 0.03227107704719645 0.028514963297571992
0 0.49394917305365066 0.5412196499153021 0.09560306575231949 0.014680971202710334
0 0.5689794271883825 0.5461603613777527 0.02379991932230738 0.010446075663466968
0 0.6742638160548609 0.5372670807453416 0.17224687373941105 0.025974025974025976
0 0.8680919725695845 0.5328910220214568 0.18313836224283986 0.029644268774703556
0 0.1881807180314643 0.5828627893845285 0.16579265832997175 0.023997741389045736
0 0.3323920935861234 0.5849802371541502 0.06615570794675273 0.025409373235460192
0 0.4707543364259782 0.588085827216262 0.16700282371924163 0.02258610954263128
0 0.6212182331585316 0.5920383963862225 0.09923356192012908 0.03670242800677583
0 0.718434852763211 0.5917560700169395 0.04356595401371521 0.010163749294184076
0 0.7934651068979427 0.5866741953698476 0.0653489310205728 0.02258610954263128
0 0.1672045179507866 0.6352343308865048 0.08672851956434045 0.026538678712591756
0 0.26421944332392094 0.6355166572557877 0.07503025413473174 0.024280067758328628
0 0.3555869302137959 0.638481084133258 0.051230334812424366 0.022303783173348392
0 0.5056474384832593 0.6355166572557877 0.2045179507866075 0.02710333145115754
0 0.6663977410246067 0.6370694522868436 0.07422347720855184 0.023433088650479956
0 0.7974989915288423 0.6476566911349521 0.14037918515530456 0.03557312252964427
0 0.8781766841468334 0.6414455110107284 0.003227107704719645 0.00282326369282891
