0 0.16216216216216217 0.21753246753246752 0.05163372327551432 0.01948051948051948
0 0.2539330375151271 0.22995482778091475 0.10689794271883823 0.036420101637492944
0 0.34530052440500203 0.21950875211744778 0.041145623235175476 0.020045172219085264
0 0.4027833803953207 0.22092038396386224 0.04719645018152481 0.018351214003387916
0 0.4715611133521581 0.22783738001129306 0.05405405405405406 0.038396386222473176
0 0.536708350141186 0.21739130434782608 0.020572811617587738 0.01637492941840768
0 0.5750302541347317 0.21781479390175043 0.027833803953206938 0.020045172219085264
0 0.653892698668818 0.2183794466403162 0.07341670028237192 0.021174477696216828
0 0.7690601048810004 0.21964991530208922 0.12141992739007665 0.023150762281197064
0 0.8416700282371924 0.23094297007340486 0.0028237192416296895 0.002258610954263128
0 0.15348931020572812 0.2660926030491248 0.0318676885841065 0.022303783173348392
0 0.20976200080677693 0.27498588368153587 0.050826946349334406 0.037267080745341616
0 0.2654296087131908 0.27498588368153587 0.023396530859217425 0.010728402032749858
0 0.31020572811617586 0.26792772444946356 0.02501008471157725 0.021456804065499716
0 0.37575635336829366 0.2701863354037267 0.06413876563130294 0.019198193111236588
0 0.4471561113352158 0.27089215132693395 0.057684550221863654 0.0189158667419537
0 0.5310609116579266 0.269339356295878 0.052843888664784185 0.021456804065499716
0 0.6292860024203307 0.27103331451157536 0.10407422347720856 0.024844720496894408
0 0.7492940701895926 0.2802089215132693 0.09156918112141993 0.021739130434782608
0 0.8005244050020169 0.28797289666854886 0.013311819281968536 0.007340485601355167
0 0.14764017749092376 0.3166290231507623 0.033884630899556276 0.023997741389045736
0 0.209156918112142 0.3167701863354037 0.04800322710770472 0.02258610954263128
0 0.2472771278741428 0.3297571993224167 0.005647438483259379 0.007340485601355167
0 0.32755143202904397 0.32058159232072275 0.11214199273900767 0.023433088650479956
0 0.4017749092375958 0.3346979107848673 0.004840661557079467 0.006493506493506494
0 0.4526018555869302 0.32086391869000563 0.0645421540943929 0.017221908526256352
0 0.5401371520774506 0.31747600225861095 0.05889471561113352 0.020609824957651044
0 0.6208148446954417 0.3188876341050254 0.050826946349334406 0.021174477696216828
0 0.6918112141992739 0.32171089779785433 0.03872529245663574 0.0189158667419537
0 0.7299314239612748 0.33018068887634106 0.003630496167809601 0.001976284584980237
0 0.7755143202904397 0.32298136645962733 0.04154901169826543 0.014116318464144552
0 0.15429608713190804 0.3730942970073405 0.04235578862444534 0.013269339356295878
0 0.21641791044776118 0.37577639751552794 0.03670835014118596 0.04178430265386787
0 0.2882210568777733 0.3673066064370412 0.0609116579265833 0.025409373235460192
0 0.3479225494150867 0.3769057029926595 0.031060911657926585 0.040654997176736304
0 0.390681726502622 0.37761151891586675 0.012505042355788625 0.008752117447769622
0 0.44695441710367084 0.382128740824393 0.07018959257765228 0.0251270468661773
0 0.5496167809600645 0.36928289102202144 0.06736587333602259 0.023150762281197064
0 0.6107301331181928 0.37859966120835686 0.033884630899556276 0.037267080745341616
0 0.7228721258572005 0.3802936194240542 0.14360629286002422 0.03557312252964427
0 0.17769261799112546 0.43252399774138905 0.09560306575231949 0.03896103896103896
0 0.2624041952400161 0.42292490118577075 0.018959257765227916 0.019198193111236588
0 0.3065752319483663 0.4213721061547149 0.029043969342476807 0.020045172219085264
0 0.363654699475595 0.42179559570863917 0.06252521177894312 0.020327498588368152
0 0.4407018959257765 0.41981931112365894 0.024606696248487294 0.019198193111236588
0 0.49515933844292054 0.42715979672501414 0.0391286809197257 0.010163749294184076
0 0.5693828156514724 0.42292490118577075 0.07382008874546188 0.02258610954263128
0 0.6557079467527229 0.4215132693393563 0.0463896732553449 0.02258610954263128
0 0.7109721661960468 0.4277244494635799 0.018152480839048003 0.00846979107848673
0 0.7732956837434449 0.42165443252399776 0.0645421540943929 0.022868435911914172
0 0.81807180314643 0.43351214003387917 0.003227107704719645 0.001411631846414455
0 0.16478418717224688 0.4647092038396386 0.043969342476805166 0.02766798418972332
0 0.2263009277934651 0.47501411631846413 0.035498184751916094 0.011575381140598532
0 0.2866075030254135 0.4775550536420102 0.040742234772085516 0.04376058723884811
0 0.3469140782573618 0.4719085262563523 0.024203307785397338 0.021739130434782608
0 0.41750705929810406 0.4719085262563523 0.06131504638967326 0.01948051948051948
0 0.5012101653892699 0.47656691134952006 0.058491327148043566 0.03274985883681536
0 0.5794675272287213 0.47289666854884244 0.0318676885841065 0.018633540372670808
0 0.6288826139572409 0.47289666854884244 0.04759983864461476 0.015810276679841896
0 0.7103670835014119 0.4712027103331451 0.05889471561113352 0.021456804065499716
0 0.772488906817265 0.47007340485601357 0.03307785397337636 0.019762845849802372
0 0.835820895522388 0.4795313382269904 0.06696248487293263 0.028514963297571992
0 0.1446147640177491 0.5197628458498024 0.035901573215006054 0.025974025974025976
0 0.21238402581686164 0.5352907961603613 0.05929810407422348 0.04121964991530209
0 0.2809600645421541 0.5187747035573123 0.02218636546994756 0.022303783173348392
0 0.36062928600242034 0.5269621682665161 0.0782573618394514 0.03811405985319029
0 0.46551028640580877 0.5293619424054207 0.063735377168213 0.03557312252964427
0 0.5300524405002017 0.5282326369282891 0.04195240016135539 0.03613777526821005
0 0.5651472367890278 0.5307735742518351 0.0024203307785397336 0.0016939582156973462
