0 0.1791044776119403 0.2701863354037267 0.04921339249697459 0.032185206098249576
0 0.2345703912868092 0.2701863354037267 0.03751512706736587 0.031055900621118012
0 0.2900363049616781 0.2648221343873518 0.04437273093989512 0.020892151326933936
0 0.3588140379185155 0.2715979672501412 0.06655909640984267 0.03613777526821005
0 0.4608713190802743 0.27060982495765107 0.11415893505445744 0.03303218520609825
0 0.5653489310205728 0.26566911349520045 0.05445744251714401 0.023715415019762844
0 0.6339249697458653 0.2639751552795031 0.056070996369503835 0.023150762281197064
0 0.6690197660346914 0.27710333145115756 0.003630496167809601 0.008752117447769622
0 0.7238805970149254 0.2682100508187465 0.08672851956434045 0.032185206098249576
0 0.7936668011294877 0.2704686617730096 0.02379991932230738 0.02710333145115754
0 0.8487293263412666 0.262987012987013 0.0572811617587737 0.021739130434782608
0 0.17849939491730538 0.3242518351214003 0.052843888664784185 0.031338226990400904
0 0.22851956434045986 0.32142857142857145 0.024606696248487294 0.03077357425183512
0 0.2736990722065349 0.32128740824393 0.051230334812424366 0.028797289666854884
0 0.35316659943525613 0.3210050818746471 0.07704719645018153 0.03613777526821005
0 0.4673255344897136 0.31719367588932806 0.1036708350141186 0.022868435911914172
0 0.5693828156514724 0.3191699604743083 0.0463896732553449 0.022303783173348392
0 0.6440096813231142 0.3177583286278938 0.0391286809197257 0.021174477696216828
0 0.7244856797095603 0.32241671372106157 0.08955223880597014 0.030491247882552232
0 0.8112141992739008 0.31592320722755507 0.04356595401371521 0.020892151326933936
0 0.8670835014118596 0.31437041219649914 0.052843888664784185 0.022868435911914172
0 0.18313836224283986 0.37450592885375494 0.05970149253731343 0.03472614342179559
0 0.25413473174667206 0.371682665160926 0.07422347720855184 0.03020892151326934
0 0.2966922146026624 0.3814229249011858 0.006857603872529245 0.011857707509881422
0 0.3334005647438483 0.36617730095990964 0.02864058087938685 0.020892151326933936
0 0.4102460669624849 0.37027103331451156 0.08632513110125051 0.03190287972896669
0 0.490923759580476 0.3681535855448899 0.04759983864461476 0.018633540372670808
0 0.5504235578862444 0.3651891586674195 0.035901573215006054 0.023433088650479956
0 0.6300927793465106 0.36716544325239975 0.11214199273900767 0.022868435911914172
0 0.718434852763211 0.3687182382834557 0.042759177087535294 0.018068887634105024
0 0.772085518354175 0.36674195369847545 0.04921339249697459 0.021456804065499716
0 0.8390480032271077 0.37224731789949184 0.05486083098023396 0.013269339356295878
0 0.1718434852763211 0.41332580463015245 0.05486083098023396 0.026538678712591756
0 0.263412666397741 0.4213721061547149 0.09762000806776926 0.028514963297571992
0 0.3162565550625252 0.42292490118577075 0.004840661557079467 0.002258610954263128
0 0.3483259378781767 0.4160079051383399 0.020572811617587738 0.021174477696216828
0 0.4209358612343687 0.41022021456804064 0.07220653489310205 0.026538678712591756
0 0.46430012101653895 0.42913608130999437 0.004033884630899556 0.012422360248447204
0 0.4963695038321904 0.4126199887069452 0.02702702702702703 0.021739130434782608
0 0.5473981444130698 0.415725578769057 0.0500201694231545 0.022303783173348392
0 0.6119402985074627 0.4129023150762281 0.05163372327551432 0.026821005081874648
0 0.6430012101653892 0.43068887634105024 0.008067769261799113 0.012140033879164314
0 0.6845502218636547 0.41699604743083 0.045986284792254944 0.019762845849802372
0 0.7674465510286406 0.42108977978543194 0.09721661960467931 0.027385657820440428
0 0.854578459056071 0.4191134952004517 0.033481242436466316 0.03359683794466403
0 0.16780960064542155 0.4655561829474873 0.055667607906413875 0.023150762281197064
0 0.20774505849132716 0.4805194805194805 0.004840661557079467 0.009034443817052512
0 0.2563533682936668 0.4761434217955957 0.052843888664784185 0.022868435911914172
0 0.3043565954013715 0.47289666854884244 0.013311819281968536 0.01355166572557877
0 0.3838241226300928 0.46710897797854317 0.11173860427591771 0.026256352343308864
0 0.49697458652682536 0.4731789949181254 0.08229124647035095 0.038396386222473176
0 0.5621218233158531 0.47656691134952006 0.025413473174667203 0.01129305477131564
0 0.6075030254134732 0.47035573122529645 0.03227107704719645 0.020892151326933936
0 0.672650262202501 0.4696499153020892 0.0609116579265833 0.023433088650479956
0 0.7422347720855184 0.46922642574816487 0.045986284792254944 0.021456804065499716
0 0.7896329164985881 0.47035573122529645 0.01653892698668818 0.018068887634105024
0 0.8323920935861234 0.4707792207792208 0.03509479628882614 0.0189158667419537
