0 0.15994352561516742 0.21357989836250707 0.02864058087938685 0.015527950310559006
0 0.21742638160548608 0.21485036702428006 0.045986284792254944 0.015810276679841896
0 0.2789431222267043 0.21442687747035574 0.04719645018152481 0.016657255787690572
0 0.3805970149253731 0.2165443252399774 0.11980637353771682 0.011857707509881422
0 0.5203711173860428 0.22134387351778656 0.12505042355788623 0.029361942405420668
0 0.6252521177894312 0.21569734613212874 0.055667607906413875 0.015810276679841896
0 0.6889874949576442 0.21583850931677018 0.04033884630899556 0.018351214003387916
0 0.7759177087535296 0.21668548842461885 0.10125050423557887 0.016657255787690572
0 0.1990722065348931 0.2649632975719932 0.12303348124243646 0.016092603049124788
0 0.2716821298910851 0.2717391304347826 0.0028237192416296895 0.001976284584980237
0 0.3027430415490117 0.2658102766798419 0.0326744655102864 0.016092603049124788
0 0.3555869302137959 0.26566911349520045 0.04800322710770472 0.015810276679841896
0 0.4193223073820089 0.26595143986448333 0.056070996369503835 0.014680971202710334
0 0.4889068172650262 0.26665725578769056 0.04679306171843485 0.015527950310559006
0 0.5619201290843082 0.2652456239412761 0.07745058491327148 0.016092603049124788
0 0.6476401774909237 0.26651609260304915 0.057684550221863654 0.01693958215697346
0 0.7192416296893909 0.26693958215697344 0.045986284792254944 0.017221908526256352
0 0.7849939491730537 0.2672219085262564 0.05889471561113352 0.015527950310559006
0 0.14219443323920936 0.3170525127046866 0.02864058087938685 0.023715415019762844
0 0.2127874142799516 0.31493506493506496 0.07624041952400161 0.01948051948051948
0 0.2599838644614764 0.3242518351214003 0.0052440500201694235 0.007622811970638058
0 0.33521581282775315 0.32086391869000563 0.1145623235175474 0.027950310559006212
0 0.48507462686567165 0.32128740824393 0.1536910044372731 0.028797289666854884
0 0.5760387252924566 0.326369282891022 0.00645421540943929 0.009599096555618294
0 0.617789431222267 0.3167701863354037 0.05203711173860428 0.01637492941840768
0 0.6827349737797499 0.3167701863354037 0.050423557886244454 0.01637492941840768
0 0.7515127067365873 0.31648785996612083 0.0653489310205728 0.01693958215697346
0 0.19120613150463897 0.36575381140598534 0.12343686970552642 0.017221908526256352
0 0.3563937071399758 0.36645962732919257 0.15611133521581283 0.01693958215697346
0 0.47962888261395725 0.36688311688311687 0.05486083098023396 0.017786561264822136
0 0.5956030657523195 0.3697063805759458 0.15611133521581283 0.012140033879164314
0 0.7577652279144816 0.37323546019198195 0.1319080274304155 0.02710333145115754
0 0.14663170633319886 0.41727837380011296 0.03428801936264623 0.024280067758328628
0 0.24203307785397338 0.4184076792772445 0.11859620814844696 0.025974025974025976
0 0.3666801129487697 0.422360248447205 0.09116579265832997 0.029926595143986448
0 0.4300121016538927 0.42476002258610956 0.0024203307785397336 0.001976284584980237
0 0.509479628882614 0.4160079051383399 0.12343686970552642 0.017786561264822136
0 0.6020572811617588 0.41869000564652736 0.0318676885841065 0.024280067758328628
0 0.6534893102057281 0.4168548842461886 0.04679306171843485 0.017786561264822136
0 0.7581686163775716 0.41883116883116883 0.12706736587333603 0.017786561264822136
0 0.1555062525211779 0.4696499153020892 0.0536506655909641 0.012704686617730096
0 0.24405002016942315 0.4697910784867307 0.0653489310205728 0.01129305477131564
0 0.3402581686163776 0.47219085262563526 0.09318273497377975 0.0251270468661773
0 0.4647035094796289 0.46795595708639187 0.10246066962484873 0.018351214003387916
0 0.5524405002016942 0.4678147939017504 0.04881000403388463 0.017504234895539244
0 0.6159741831383623 0.47473178994918125 0.042759177087535294 0.029079616036137776
0 0.6791044776119403 0.46908526256352345 0.052843888664784185 0.017786561264822136
0 0.7690601048810004 0.47148503670242803 0.09802339653085922 0.024280067758328628
0 0.14602662363856395 0.5184923771880293 0.03953206938281565 0.02456239412761152
0 0.22468737394110527 0.5173630717108978 0.08551835417507059 0.02456239412761152
0 0.28600242033077855 0.5292207792207793 0.005647438483259379 0.01101072840203275
0 0.31423961274707546 0.5204686617730095 0.01936264622831787 0.01101072840203275
0 0.4062121823315853 0.5266798418972332 0.1218233158531666 0.026256352343308864
0 0.5163372327551432 0.5183512140033879 0.06615570794675273 0.020892151326933936
0 0.6081081081081081 0.5251270468661773 0.06413876563130294 0.024280067758328628
0 0.6940298507462687 0.5180688876341051 0.0681726502622025 0.019762845849802372
0 0.7739007664380799 0.5220214568040655 0.05929810407422348 0.028232636928289104
0 0.1536910044372731 0.5704404291360813 0.03711173860427592 0.014398644833427442
0 0.22327551432029044 0.5698757763975155 0.06171843485276321 0.027950310559006212
0 0.34187172246873737 0.5666290231507622 0.10609116579265833 0.018633540372670808
0 0.40782573618394513 0.575098814229249 0.003227107704719645 0.0016939582156973462
