0 0.17648245260185558 0.22275550536420102 0.06252521177894312 0.015810276679841896
0 0.30697862041145624 0.221485036702428 0.1444130697862041 0.015527950310559006
0 0.4759983864461476 0.22120271033314512 0.136345300524405 0.020045172219085264
0 0.6054860830980234 0.22063805759457933 0.0645421540943929 0.012140033879164314
0 0.6797095603065753 0.2224731789949181 0.029043969342476807 0.010728402032749858
0 0.7440500201694231 0.2220496894409938 0.06252521177894312 0.012140033879164314
0 0.8596208148446954 0.2199322416713721 0.10568777732956837 0.01693958215697346
0 0.1863654699475595 0.27625635234330886 0.0782573618394514 0.017786561264822136
0 0.32553448971359417 0.2717391304347826 0.14683340056474384 0.017221908526256352
0 0.5032271077047197 0.2732919254658385 0.11173860427591771 0.017504234895539244
0 0.6147640177490924 0.27442123094297005 0.0500201694231545 0.012987012987012988
0 0.7097620008067769 0.27639751552795033 0.09237595804759983 0.009034443817052512
0 0.827551432029044 0.274703557312253 0.06252521177894312 0.01637492941840768
0 0.20431625655506253 0.32608695652173914 0.1319080274304155 0.018068887634105024
0 0.38120209762000806 0.322557876905703 0.18071803146430013 0.016657255787690572
0 0.5282371924162969 0.3245341614906832 0.02702702702702703 0.007622811970638058
0 0.6294876966518758 0.326369282891022 0.11657926583299717 0.020327498588368152
0 0.800322710770472 0.32269904009034445 0.17022993142396128 0.01693958215697346
0 0.16054860830980233 0.37859966120835686 0.03711173860427592 0.01693958215697346
0 0.30052440500201694 0.3753529079616036 0.19846712384025816 0.01383399209486166
0 0.4263816054860831 0.3839638622247318 0.007260992335619202 0.009034443817052512
0 0.4878983461073013 0.37676453980801805 0.06413876563130294 0.009881422924901186
0 0.5697862041145624 0.37676453980801805 0.031060911657926585 0.006493506493506494
0 0.6645824929407019 0.3756352343308865 0.09237595804759983 0.012140033879164314
0 0.7581686163775716 0.3752117447769622 0.03509479628882614 0.01355166572557877
0 0.16296893908834206 0.47783738001129306 0.04195240016135539 0.007622811970638058
0 0.22670431625655507 0.4771315640880858 0.02743041549011698 0.01129305477131564
0 0.2801532876159742 0.4792490118577075 0.02218636546994756 0.005928853754940711
0 0.36385639370713996 0.47699040090344436 0.07018959257765228 0.017221908526256352
0 0.472569584509883 0.47557876905702995 0.09237595804759983 0.01383399209486166
0 0.5996369503832191 0.47571993224167136 0.10689794271883823 0.020892151326933936
0 0.6668011294876967 0.48094297007340486 0.004840661557079467 0.002540937323546019
0 0.7382008874546188 0.474025974025974 0.07422347720855184 0.015245623941276116
0 0.19685356998789835 0.525974025974026 0.10810810810810811 0.012422360248447204
0 0.31887858007260994 0.5273856578204404 0.08511496571198064 0.01129305477131564
0 0.4461476401774909 0.525974025974026 0.11375554659136748 0.010728402032749858
0 0.5473981444130698 0.5287972896668549 0.017749092375958047 0.007905138339920948
0 0.6918112141992739 0.5286561264822134 0.17507059298104075 0.0189158667419537
0 0.8430818878580073 0.5268210050818747 0.07583703106091166 0.010728402032749858
0 0.1936264622831787 0.5770750988142292 0.10246066962484873 0.014116318464144552
0 0.37595804759983864 0.5774985883681536 0.1734570391286809 0.015527950310559006
0 0.5227914481645825 0.5753811405985318 0.029043969342476807 0.018068887634105024
0 0.6222267043162566 0.5760869565217391 0.09802339653085922 0.016657255787690572
0 0.6833400564743848 0.5824392998306042 0.004840661557079467 0.00282326369282891
0 0.735982250907624 0.5773574251835122 0.043969342476805166 0.014116318464144552
0 0.8531665994352562 0.5794748729531338 0.10649455425574829 0.015527950310559006
0 0.18293666801129488 0.6271880293619424 0.06655909640984267 0.014398644833427442
0 0.28075837031060913 0.6283173348390739 0.0572811617587737 0.011575381140598532
0 0.40661557079467525 0.6254940711462451 0.1371520774505849 0.015527950310559006
0 0.5417507059298104 0.6287408243929983 0.063735377168213 0.00846979107848673
0 0.6540943929003631 0.6283173348390739 0.08592174263816055 0.01101072840203275
0 0.7694634933440904 0.6290231507622812 0.07139975796692215 0.009034443817052512
0 0.21157724889068172 0.678994918125353 0.11093182734973779 0.01637492941840768
0 0.2801532876159742 0.6840767927724449 0.0052440500201694235 0.0033879164313946925
