0 0.18959257765227913 0.23348390739695088 0.07664380798709157 0.014680971202710334
0 0.263816054860831 0.23800112930547712 0.029850746268656716 0.020892151326933936
0 0.3588140379185155 0.24209486166007904 0.10931827349737798 0.023433088650479956
0 0.46046793061718433 0.2341897233201581 0.03993545784590561 0.014963297571993224
0 0.5433642597821702 0.2365894974590627 0.07745058491327148 0.010163749294184076
0 0.663574021782977 0.23687182382834557 0.10649455425574829 0.021456804065499716
0 0.7234772085518354 0.2456239412761152 0.0052440500201694235 0.007905138339920948
0 0.7825736183945139 0.23531902879728966 0.07503025413473174 0.015527950310559006
0 0.845502218636547 0.234472049689441 0.021782977006857603 0.014963297571993224
0 0.16659943525615167 0.26665725578769056 0.04356595401371521 0.015527950310559006
0 0.30153287615974184 0.2732919254658385 0.19160951996772893 0.021456804065499716
0 0.41670028237192414 0.27964426877470355 0.004033884630899556 0.006493506493506494
0 0.4526018555869302 0.2691981931112366 0.04033884630899556 0.014398644833427442
0 0.527632109721662 0.2748447204968944 0.06696248487293263 0.023997741389045736
0 0.5734167002823719 0.2795031055900621 0.004437273093989512 0.006211180124223602
0 0.6254538120209762 0.27625635234330886 0.07301331181928197 0.0251270468661773
0 0.7073416700282372 0.27103331451157536 0.05526421944332392 0.014116318464144552
0 0.8011294876966518 0.27428006775832864 0.09116579265832997 0.027385657820440428
0 0.16014521984671237 0.3046301524562394 0.03630496167809601 0.015810276679841896
0 0.23517547398144414 0.30547713156408807 0.08793868495361033 0.012987012987012988
0 0.34207341670028235 0.3067476002258611 0.08309802339653086 0.015527950310559006
0 0.4661153691004437 0.3102766798418972 0.11738604275917709 0.011857707509881422
0 0.5407422347720855 0.3178994918125353 0.0052440500201694235 0.00564652738565782
0 0.5802743041549012 0.30999435347261434 0.04154901169826543 0.020327498588368152
0 0.6879790237999194 0.3101355166572558 0.1319080274304155 0.01948051948051948
0 0.8378378378378378 0.3167701863354037 0.12424364663170634 0.01693958215697346
0 0.9100443727309399 0.32086391869000563 0.008874546187979023 0.010446075663466968
0 0.14703509479628882 0.3390739695087521 0.01734570391286809 0.010163749294184076
0 0.21863654699475596 0.34528514963297574 0.0935861234368697 0.028797289666854884
0 0.354780153287616 0.3411914172783738 0.1327148043565954 0.022303783173348392
0 0.47761194029850745 0.3409090909090909 0.08309802339653086 0.023433088650479956
0 0.5274304154901169 0.3437323546019198 0.002016942315449778 0.001411631846414455
0 0.5972166196046793 0.3396386222473179 0.10044372730939895 0.014680971202710334
0 0.7139975796692215 0.340626764539808 0.08874546187979024 0.015527950310559006
0 0.8013311819281969 0.34133258046301523 0.03993545784590561 0.01355166572557877
0 0.21056877773295685 0.3793054771315641 0.15570794675272287 0.02456239412761152
0 0.41851553045582895 0.382128740824393 0.20048406615570794 0.027385657820440428
0 0.5469947559499798 0.37859966120835686 0.028237192416296894 0.015810276679841896
0 0.5897539330375151 0.3771880293619424 0.03146430012101654 0.01637492941840768
0 0.6778943122226704 0.3781761716544325 0.08188785800726099 0.017786561264822136
0 0.7513110125050424 0.3780350084697911 0.024606696248487294 0.015245623941276116
0 0.8370310609116579 0.3855166572557877 0.11940298507462686 0.029644268774703556
0 0.1609519967728923 0.41233766233766234 0.05486083098023396 0.018351214003387916
0 0.30153287615974184 0.4162902315076228 0.1843485276321097 0.026821005081874648
0 0.4007664380798709 0.41756070016939584 0.0028237192416296895 0.0016939582156973462
0 0.46591367486889873 0.4126199887069452 0.08955223880597014 0.014963297571993224
0 0.581081081081081 0.41233766233766234 0.09156918112141993 0.017221908526256352
0 0.6859620814844696 0.4181253529079616 0.08350141185962082 0.025409373235460192
0 0.7791448164582493 0.41417278373800115 0.06736587333602259 0.01637492941840768
0 0.837232755143203 0.41360813099943533 0.02379991932230738 0.01637492941840768
0 0.8886647841871722 0.4147374364765669 0.042759177087535294 0.015810276679841896
0 0.2063331988705123 0.4536984754376059 0.14804356595401372 0.017504234895539244
0 0.3781766841468334 0.4525691699604743 0.1472367890278338 0.017504234895539244
0 0.5042355788624445 0.45313382269904007 0.06212182331585317 0.018068887634105024
0 0.6157724889068172 0.45242800677583284 0.11335215812827754 0.0189158667419537
0 0.8025413473174667 0.4518633540372671 0.2254941508672852 0.017786561264822136
0 0.16700282371924163 0.5300677583286278 0.05970149253731343 0.017221908526256352
0 0.26522791448164584 0.5289384528514963 0.07785397337636143 0.016092603049124788
0 0.39310205728116177 0.5358554488989271 0.12141992739007665 0.034443817052512704
0 0.4953610326744655 0.5350084697910785 0.03469140782573618 0.010163749294184076
0 0.5580879386849537 0.5316205533596838 0.04719645018152481 0.017504234895539244
0 0.6377571601452199 0.5357142857142857 0.063735377168213 0.025691699604743084
0 0.7081484469544171 0.5350084697910785 0.043162565550625254 0.026538678712591756
0 0.7902379991932231 0.5328910220214568 0.08471157724889068 0.01383399209486166
0 0.9068172650262203 0.5269621682665161 0.1145623235175474 0.01948051948051948
0 0.9683340056474384 0.5392433653303218 0.01008471157724889 0.01129305477131564
