0 0.1619604679306172 0.2713156408808583 0.03509479628882614 0.019198193111236588
0 0.2624041952400161 0.2704686617730096 0.08672851956434045 0.015245623941276116
0 0.4320290439693425 0.2713156408808583 0.15893505445744252 0.019762845849802372
0 0.609318273497378 0.2766798418972332 0.1536910044372731 0.0220214568040655
0 0.8063735377168213 0.2720214568040655 0.18959257765227913 0.01948051948051948
0 0.9078257361839451 0.2766798418972332 0.0028237192416296895 0.00282326369282891
0 0.13876563130294473 0.3219932241671372 0.029850746268656716 0.015527950310559006
0 0.27067365873336025 0.322557876905703 0.16377571601452198 0.012140033879164314
0 0.38785800726099234 0.3300395256916996 0.00927793465106898 0.004517221908526256
0 0.4421137555465914 0.32241671372106157 0.05808793868495361 0.014116318464144552
0 0.5613150463896732 0.32622811970638055 0.11980637353771682 0.0189158667419537
0 0.6643807987091569 0.32382834556747603 0.03469140782573618 0.017504234895539244
0 0.7377974989915288 0.32608695652173914 0.053247277127874144 0.010163749294184076
0 0.8444937474788221 0.322557876905703 0.10931827349737798 0.017221908526256352
0 0.218233158531666 0.37210615471485037 0.16296893908834206 0.01637492941840768
0 0.3481242436466317 0.3749294184076793 0.03630496167809601 0.006211180124223602
0 0.4136748688987495 0.3753529079616036 0.018152480839048003 0.006493506493506494
0 0.4838644614764018 0.3728119706380576 0.08672851956434045 0.01383399209486166
0 0.6204114562323517 0.37323546019198195 0.1145623235175474 0.019762845849802372
0 0.7789431222267044 0.3740824392998306 0.12263009277934651 0.017504234895539244
0 0.8519564340459863 0.38015245623941274 0.003227107704719645 0.001976284584980237
0 0.8672851956434046 0.36462450592885376 0.012101653892698669 0.005364201016374929
0 0.14945542557482855 0.4213721061547149 0.014118596208148447 0.015527950310559006
0 0.25211778943122226 0.4268774703557312 0.12101653892698669 0.012987012987012988
0 0.3874546187979024 0.4222190852625635 0.09560306575231949 0.014963297571993224
0 0.48426784993949173 0.42419536984754375 0.033481242436466316 0.016657255787690572
0 0.5847115772488907 0.42476002258610956 0.09560306575231949 0.017221908526256352
0 0.7347720855183542 0.4267363071710898 0.11335215812827754 0.017221908526256352
0 0.8616377571601452 0.42603049124788256 0.063735377168213 0.015245623941276116
0 0.17567567567567569 0.4738848108413326 0.0681726502622025 0.014963297571993224
0 0.3096006454215409 0.4751552795031056 0.07139975796692215 0.019762845849802372
0 0.4519967728922953 0.47444946357989837 0.09883017345703912 0.012704686617730096
0 0.6044776119402985 0.47346132128740825 0.09479628882613957 0.015810276679841896
0 0.6714400968132311 0.4837662337662338 0.003630496167809601 0.009316770186335404
0 0.7940701895925777 0.4730378317334839 0.17789431222267044 0.017221908526256352
0 0.15792658329971762 0.5220214568040655 0.0326744655102864 0.020327498588368152
0 0.24949576442113755 0.5238565782044043 0.07624041952400161 0.013269339356295878
0 0.39552238805970147 0.5261151891586674 0.16337232755143202 0.021174477696216828
0 0.5601048810004033 0.5248447204968945 0.0754336425978217 0.020327498588368152
0 0.7099636950383219 0.5231507622811971 0.12827753126260588 0.01637492941840768
0 0.23557886244453408 0.5735460191981931 0.2573618394513917 0.020609824957651044
0 0.3775716014521985 0.5806041784302653 0.004033884630899556 0.006493506493506494
0 0.5217829770068576 0.5756634669678148 0.1827349737797499 0.01129305477131564
0 0.6678096006454215 0.5746753246753247 0.03509479628882614 0.014398644833427442
0 0.753731343283582 0.5759457933370977 0.0609116579265833 0.015245623941276116
0 0.16922146026623638 0.6259175607001694 0.08672851956434045 0.014680971202710334
0 0.3229124647035095 0.6259175607001694 0.1690197660346914 0.014680971202710334
0 0.42214602662363854 0.6366459627329193 0.0052440500201694235 0.007905138339920948
0 0.49596611536910046 0.6283173348390739 0.06736587333602259 0.008752117447769622
0 0.5899556272690601 0.6274703557312253 0.06010488100040339 0.009316770186335404
0 0.708753529649052 0.6261998870694523 0.11214199273900767 0.014116318464144552
0 0.8077853973376361 0.6259175607001694 0.033481242436466316 0.014680971202710334
0 0.8807987091569182 0.6274703557312253 0.056070996369503835 0.017786561264822136
0 0.2045179507866075 0.6733483907396951 0.14602662363856395 0.01637492941840768
0 0.42496974586526826 0.6792772444946358 0.16498588140379186 0.02258610954263128
0 0.5201694231544978 0.6805477131564088 0.0052440500201694235 0.0036702428006775835
