0 0.172851956434046 0.23616600790513834 0.05929810407422348 0.014398644833427442
0 0.2888261395724082 0.2381422924901186 0.11052843888664785 0.012704686617730096
0 0.445542557482856 0.23800112930547712 0.0899556272690601 0.014680971202710334
0 0.5510286405808794 0.24011857707509882 0.063735377168213 0.007058159232072276
0 0.6607503025413474 0.2365894974590627 0.11133521581282775 0.014116318464144552
0 0.7440500201694231 0.23461321287408243 0.018152480839048003 0.014116318464144552
0 0.8057684550221864 0.23616600790513834 0.06575231948366277 0.009881422924901186
0 0.18233158531665994 0.29051383399209485 0.06776926179911255 0.01637492941840768
0 0.27329568374344493 0.2933370976849238 0.09479628882613957 0.010728402032749858
0 0.3709156918112142 0.2886787125917561 0.04719645018152481 0.009316770186335404
0 0.4626865671641791 0.28924336533032186 0.09116579265832997 0.017786561264822136
0 0.518152480839048 0.29390175042348954 0.0052440500201694235 0.002258610954263128
0 0.5939895118999596 0.29051383399209485 0.07866075030254134 0.017504234895539244
0 0.7057281161758774 0.28712591756070016 0.1044776119402985 0.01355166572557877
0 0.8172650262202501 0.2899491812535291 0.055667607906413875 0.007905138339920948
0 0.8844292053247277 0.2868435911914173 0.0326744655102864 0.01637492941840768
0 0.17386042759177087 0.3403444381705251 0.05647438483259379 0.013269339356295878
0 0.29043969342476805 0.33893280632411066 0.12101653892698669 0.022868435911914172
0 0.417910447761194 0.3404856013551666 0.09923356192012908 0.011857707509881422
0 0.5155304558289633 0.3372388481084133 0.03146430012101654 0.01383399209486166
0 0.5796692214602662 0.34542631281761715 0.012101653892698669 0.004234895539243365
0 0.6189995966115369 0.33879164313946925 0.06655909640984267 0.015810276679841896
0 0.7256958450988302 0.33582721626199885 0.12343686970552642 0.0189158667419537
0 0.8854376764824526 0.3411914172783738 0.1444130697862041 0.01948051948051948
0 0.9669221460266236 0.3461321287408244 0.00645421540943929 0.007340485601355167
0 0.9764017749092376 0.33229813664596275 0.011698265429608713 0.00564652738565782
0 0.14905203711173862 0.3893280632411067 0.02379991932230738 0.014680971202710334
0 0.24667204517950786 0.3910220214568041 0.09560306575231949 0.014116318464144552
0 0.3465106897942719 0.39073969508752115 0.03791851553045583 0.007905138339920948
0 0.4374747882210569 0.38876341050254093 0.06252521177894312 0.012422360248447204
0 0.5246066962484873 0.39073969508752115 0.07785397337636143 0.017504234895539244
0 0.6208148446954417 0.3911631846414455 0.063735377168213 0.010446075663466968
0 0.7379991932230738 0.3889045736871824 0.11657926583299717 0.012140033879164314
0 0.8297700685760387 0.38819875776397517 0.02743041549011698 0.01129305477131564
0 0.17688584106494554 0.4435347261434218 0.07785397337636143 0.010163749294184076
0 0.2809600645421541 0.44339356295878035 0.0609116579265833 0.015527950310559006
0 0.32855990318676886 0.44748729531338227 0.004437273093989512 0.006775832862789385
0 0.39874949576442115 0.4426877470355731 0.06171843485276321 0.011857707509881422
0 0.49596611536910046 0.44452286843591193 0.07059298104074223 0.017221908526256352
0 0.599838644614764 0.43929983060417843 0.07987091569181122 0.014680971202710334
0 0.6718434852763211 0.43774703557312256 0.03670835014118596 0.014398644833427442
0 0.7065348931020573 0.4470638057594579 0.01008471157724889 0.005928853754940711
0 0.7573618394513917 0.441699604743083 0.08350141185962082 0.017786561264822136
0 0.8604275917708754 0.43788819875776397 0.0790641387656313 0.014680971202710334
0 0.20411456232351755 0.4906832298136646 0.12020976200080678 0.012422360248447204
0 0.2763210972166196 0.481931112365895 0.010488100040338847 0.005081874647092038
0 0.3830173457039129 0.4906832298136646 0.13029447357805568 0.01129305477131564
0 0.5211778943122227 0.48828345567476 0.07987091569181122 0.015527950310559006
0 0.6389673255344898 0.48828345567476 0.09762000806776926 0.016657255787690572
0 0.6978620411456232 0.49392998306041785 0.004033884630899556 0.001976284584980237
0 0.7615974183138362 0.4880011293054771 0.06131504638967326 0.014963297571993224
0 0.8626462283178701 0.4913890457368718 0.07946752722872126 0.012140033879164314
0 0.2648245260185559 0.5407961603613778 0.22146026623638565 0.016092603049124788
0 0.4538120209762001 0.5406549971767363 0.09681323114158935 0.01129305477131564
0 0.5572811617587737 0.5420666290231507 0.0754336425978217 0.010728402032749858
0 0.6776926179911255 0.5395256916996047 0.11536910044372731 0.017504234895539244
0 0.7668414683340057 0.5382552230378317 0.028237192416296894 0.014963297571993224
0 0.8342073416700282 0.5412196499153021 0.0653489310205728 0.015245623941276116
0 0.1962484872932634 0.6461038961038961 0.09963695038321904 0.016657255787690572
0 0.29951593384429204 0.6439864483342744 0.06494554255748286 0.012422360248447204
0 0.4237595804759984 0.6411631846414455 0.12948769665187576 0.012422360248447204
0 0.5437676482452601 0.640033879164314 0.04517950786607503 0.014680971202710334
0 0.6187979023799919 0.6404573687182383 0.03469140782573618 0.011575381140598532
0 0.6938281565147236 0.6434217955957087 0.05244050020169423 0.011857707509881422
0 0.7694634933440904 0.6386222473178995 0.10044372730939895 0.021456804065499716
0 0.8951189995966116 0.6360813099943535 0.1218233158531666 0.019762845849802372
0 0.2400161355385236 0.6943817052512705 0.1920129084308189 0.021174477696216828
0 0.3935054457442517 0.6890175042348955 0.09318273497377975 0.015527950310559006
0 0.5524405002016942 0.6901468097120271 0.17144009681323114 0.017786561264822136
0 0.6502622025010085 0.6996047430830039 0.003227107704719645 0.00846979107848673
0 0.7382008874546188 0.6900056465273856 0.09600645421540945 0.017504234895539244
0 0.8221056877773296 0.6932523997741389 0.04437273093989512 0.012140033879164314
0 0.21419927390076643 0.7435064935064936 0.14764017749092376 0.01383399209486166
0 0.33521581282775315 0.7450592885375494 0.03307785397337636 0.00846979107848673
0 0.38785800726099234 0.7502823263692829 0.00927793465106898 0.004799548277809147
0 0.4193223073820089 0.7460474308300395 0.022993142396127472 0.006493506493506494
0 0.5240016135538523 0.7440711462450593 0.11617587736990723 0.020609824957651044
0 0.6248487293263413 0.7428006775832863 0.029850746268656716 0.018633540372670808
0 0.719039935457846 0.7435064935064936 0.11254538120209762 0.021174477696216828
0 0.8422751109318274 0.7422360248447205 0.07422347720855184 0.010163749294184076
