0 0.1718434852763211 0.22416713721061546 0.06212182331585317 0.017504234895539244
0 0.2989108511496571 0.22826086956521738 0.11617587736990723 0.013269339356295878
0 0.4235578862444534 0.2248729531338227 0.0653489310205728 0.006493506493506494
0 0.5411456232351755 0.2236024844720497 0.10770471964501815 0.01129305477131564
0 0.635941912061315 0.22092038396386224 0.030254134731746672 0.016092603049124788
0 0.7765227914481646 0.22346132128740825 0.18475191609519967 0.021739130434782608
0 0.1962484872932634 0.2795031055900621 0.11012505042355789 0.018068887634105024
0 0.31040742234772084 0.2792207792207792 0.02944735780556676 0.006211180124223602
0 0.3850342880193626 0.2748447204968944 0.056070996369503835 0.009316770186335404
0 0.48063735377168215 0.27399774138904576 0.08592174263816055 0.014963297571993224
0 0.5659540137152077 0.2717391304347826 0.02501008471157725 0.010446075663466968
0 0.645421540943929 0.2720214568040655 0.07987091569181122 0.013269339356295878
0 0.7434449374747882 0.26976284584980237 0.055667607906413875 0.015527950310559006
0 0.8297700685760387 0.26877470355731226 0.06131504638967326 0.01355166572557877
0 0.8711173860427591 0.2780914737436477 0.0028237192416296895 0.0016939582156973462
0 0.163574021782977 0.32707509881422925 0.06897942718838242 0.014963297571993224
0 0.2789431222267043 0.3274985883681536 0.0609116579265833 0.014116318464144552
0 0.39108511496571197 0.33018068887634106 0.10125050423557887 0.016092603049124788
0 0.49616780960064544 0.32523997741389044 0.06212182331585317 0.01129305477131564
0 0.5641387656313029 0.32580463015245625 0.021379588543767647 0.00846979107848673
0 0.6561113352158128 0.3241106719367589 0.10125050423557887 0.01693958215697346
0 0.7718838241226301 0.3222755505364201 0.06494554255748286 0.009316770186335404
0 0.19241629689390882 0.37732919254658387 0.1073013311819282 0.013269339356295878
0 0.3354175070592981 0.3780350084697911 0.10931827349737798 0.009599096555618294
0 0.4199273900766438 0.3802936194240542 0.004033884630899556 0.002258610954263128
0 0.47438483259378783 0.3743647656691135 0.05163372327551432 0.009599096555618294
0 0.582089552238806 0.3718238283455675 0.10246066962484873 0.012987012987012988
0 0.7079467527228721 0.37140033879164314 0.1073013311819282 0.013269339356295878
0 0.8154497781363453 0.3697063805759458 0.056070996369503835 0.011575381140598532
0 0.17749092375958048 0.47995482778091475 0.08067769261799113 0.01693958215697346
0 0.27591770875352967 0.4815076228119706 0.03791851553045583 0.013269339356295878
0 0.3412666397741025 0.47444946357989837 0.04195240016135539 0.01383399209486166
0 0.4517950786607503 0.4762845849802372 0.09600645421540945 0.01129305477131564
0 0.5118999596611536 0.48531902879728966 0.007260992335619202 0.007340485601355167
0 0.5903590157321501 0.47600225861095424 0.06413876563130294 0.014680971202710334
0 0.7218636546994756 0.47261434217955955 0.12948769665187576 0.01355166572557877
0 0.799919322307382 0.47586109542631283 0.004033884630899556 0.001976284584980237
0 0.8561920129084308 0.47346132128740825 0.05526421944332392 0.015810276679841896
0 0.20754336425978218 0.5269621682665161 0.13029447357805568 0.0189158667419537
0 0.4134731746672045 0.528514963297572 0.1920129084308189 0.018633540372670808
0 0.6032674465510286 0.5247035573122529 0.11738604275917709 0.015527950310559006
0 0.7069382815651473 0.5238565782044043 0.04235578862444534 0.010446075663466968
0 0.7785397337636144 0.5244212309429701 0.05405405405405406 0.009881422924901186
0 0.8618394513916902 0.5215979672501412 0.06897942718838242 0.013269339356295878
0 0.18576038725292457 0.5821569734613213 0.07382008874546188 0.006775832862789385
0 0.33501411859620817 0.5796160361377752 0.1189995966115369 0.014116318464144552
0 0.4507866075030254 0.5787690570299266 0.033481242436466316 0.005081874647092038
0 0.5034288019362646 0.5748164878599661 0.028237192416296894 0.014116318464144552
0 0.5713997579669221 0.5772162619988707 0.04235578862444534 0.015527950310559006
0 0.654296087131908 0.5745341614906833 0.0653489310205728 0.015810276679841896
0 0.7799515933844292 0.5739695087521175 0.12464703509479629 0.014680971202710334
0 0.8582089552238806 0.5790513833992095 0.003630496167809601 0.002258610954263128
