0 0.16680112948769665 0.2204968944099379 0.06736587333602259 0.01637492941840768
0 0.21379588543767647 0.2300959909655562 0.004033884630899556 0.007905138339920948
0 0.2835820895522388 0.22571993224167136 0.03711173860427592 0.009316770186335404
0 0.3622428398547802 0.22233201581027667 0.060508269463493344 0.014398644833427442
0 0.46127470754336425 0.2230378317334839 0.04477611940298507 0.01129305477131564
0 0.5469947559499798 0.2236024844720497 0.05808793868495361 0.014116318464144552
0 0.6427995159338443 0.22346132128740825 0.0899556272690601 0.012140033879164314
0 0.7595804759983864 0.22162619988706944 0.0653489310205728 0.012422360248447204
0 0.8309802339653086 0.22233201581027667 0.0500201694231545 0.014963297571993224
0 0.22488906817265025 0.27413890457368717 0.17224687373941105 0.011857707509881422
0 0.37394110528438884 0.274703557312253 0.06212182331585317 0.00846979107848673
0 0.4764017749092376 0.2735742518351214 0.08229124647035095 0.01129305477131564
0 0.5859217426381605 0.27399774138904576 0.0609116579265833 0.010446075663466968
0 0.7156111335215812 0.2714568040654997 0.11778943122226704 0.014963297571993224
0 0.854578459056071 0.27060982495765107 0.118192819685357 0.01383399209486166
0 0.19503832190399353 0.3235460191981931 0.11012505042355789 0.014680971202710334
0 0.30677692617991126 0.3245341614906832 0.027833803953206938 0.010446075663466968
0 0.39753933037515127 0.32594579333709767 0.1189995966115369 0.007622811970638058
0 0.526825332795482 0.3245341614906832 0.06292860024203308 0.012704686617730096
0 0.6597418313836224 0.322557876905703 0.13674868898749495 0.015527950310559006
0 0.8037515127067366 0.32622811970638055 0.09883017345703912 0.017221908526256352
0 0.8884630899556273 0.3219932241671372 0.02702702702702703 0.014398644833427442
0 0.17587736990722067 0.42617165443252397 0.05970149253731343 0.012704686617730096
0 0.3136345300524405 0.42518351214003386 0.14481645824929407 0.01637492941840768
0 0.4889068172650262 0.42730095990965555 0.14037918515530456 0.020045172219085264
0 0.6540943929003631 0.42715979672501414 0.1044776119402985 0.009599096555618294
0 0.744856797095603 0.4288537549407115 0.03993545784590561 0.009599096555618294
0 0.8517547398144413 0.4264539808018069 0.1262605889471561 0.014963297571993224
0 0.9312222670431626 0.4302653867871259 0.003630496167809601 0.002258610954263128
0 0.1744655102864058 0.4774138904573687 0.050423557886244454 0.01129305477131564
0 0.25534489713594194 0.47882552230378317 0.05889471561113352 0.007905138339920948
0 0.34308188785800725 0.4764257481648786 0.051230334812424366 0.011575381140598532
0 0.4027833803953207 0.47783738001129306 0.024606696248487294 0.007058159232072276
0 0.49394917305365066 0.47811970638057594 0.09398951189995966 0.015527950310559006
0 0.5754336425978217 0.47557876905702995 0.02702702702702703 0.013269339356295878
0 0.6482452601855587 0.47501411631846413 0.03791851553045583 0.011575381140598532
0 0.7644211375554659 0.47600225861095424 0.11778943122226704 0.01637492941840768
0 0.8654699475594998 0.4741671372106155 0.03428801936264623 0.014963297571993224
0 0.17486889874949577 0.5268210050818747 0.05929810407422348 0.009034443817052512
0 0.36143606292860025 0.5258328627893846 0.2154094392900363 0.016657255787690572
0 0.5720048406615571 0.5249858836815359 0.10326744655102864 0.016092603049124788
0 0.6756756756756757 0.5262563523433089 0.026623638563937072 0.01129305477131564
0 0.780960064542154 0.5278091473743648 0.12424364663170634 0.009881422924901186
0 0.19039935457845905 0.5767927724449463 0.12505042355788623 0.01637492941840768
0 0.32977006857603874 0.5767927724449463 0.05203711173860428 0.01693958215697346
0 0.4144816458249294 0.5772162619988707 0.051230334812424366 0.011575381140598532
0 0.5334812424364663 0.5773574251835122 0.12303348124243646 0.01129305477131564
0 0.6657926583299718 0.5759457933370977 0.0681726502622025 0.012422360248447204
0 0.7442517144009682 0.5748164878599661 0.023396530859217425 0.012987012987012988
0 0.8146430012101654 0.5759457933370977 0.06413876563130294 0.014116318464144552
0 0.21480435659540137 0.6264822134387352 0.12222670431625655 0.014116318464144552
0 0.3410649455425575 0.63085827216262 0.03670835014118596 0.004799548277809147
0 0.4233561920129084 0.6273291925465838 0.06575231948366277 0.011857707509881422
0 0.5528438886647842 0.6314229249011858 0.11415893505445744 0.01383399209486166
0 0.6795078660750302 0.6276115189158668 0.06655909640984267 0.010163749294184076
0 0.7696651875756353 0.6290231507622812 0.055667607906413875 0.01355166572557877
0 0.8537716821298911 0.6305759457933371 0.07382008874546188 0.012704686617730096
0 0.19019766034691407 0.682806324110672 0.07059298104074223 0.016092603049124788
0 0.3164582492940702 0.678994918125353 0.08834207341670028 0.012987012987012988
0 0.4376764824526019 0.6802653867871259 0.08148446954417103 0.008752117447769622
0 0.49495764421137556 0.6842179559570863 0.003227107704719645 0.002540937323546019
