0 0.1591367486889875 0.2649632975719932 0.04477611940298507 0.012704686617730096
0 0.23618394513916902 0.2686335403726708 0.058491327148043566 0.012704686617730096
0 0.3009277934651069 0.26778656126482214 0.016942315449778138 0.012140033879164314
0 0.3519564340459863 0.269339356295878 0.030254134731746672 0.012987012987012988
0 0.42214602662363854 0.27060982495765107 0.02702702702702703 0.014963297571993224
0 0.4864864864864865 0.268068887634105 0.05163372327551432 0.012704686617730096
0 0.5570794675272287 0.269339356295878 0.04517950786607503 0.010728402032749858
0 0.6077047196450182 0.27315076228119706 0.010891488503428802 0.005928853754940711
0 0.709358612343687 0.27032749858836813 0.15449778136345302 0.011575381140598532
0 0.8158531665994353 0.2694805194805195 0.018152480839048003 0.014963297571993224
0 0.16256555062525213 0.31719367588932806 0.05163372327551432 0.01101072840203275
0 0.26421944332392094 0.32171089779785433 0.09519967728922953 0.016657255787690572
0 0.3608309802339653 0.3211462450592885 0.043969342476805166 0.007058159232072276
0 0.45139169019766034 0.32382834556747603 0.09035901573215006 0.015810276679841896
0 0.5318676885841065 0.3221343873517787 0.020572811617587738 0.011857707509881422
0 0.6060911657926583 0.32156973461321287 0.08108108108108109 0.01129305477131564
0 0.7208551835417507 0.3245341614906832 0.0927793465106898 0.014963297571993224
0 0.7747075433642597 0.32608695652173914 0.0028237192416296895 0.0016939582156973462
0 0.8267446551028641 0.32368718238283456 0.050423557886244454 0.017786561264822136
0 0.15026220250100847 0.36716544325239975 0.026220250100847116 0.013269339356295878
0 0.17406212182331585 0.3705533596837945 0.0028237192416296895 0.007058159232072276
0 0.23215006050826947 0.3715415019762846 0.04719645018152481 0.011857707509881422
0 0.2983057684550222 0.37140033879164314 0.040742234772085516 0.012704686617730096
0 0.33319887051230335 0.3743647656691135 0.007260992335619202 0.001129305477131564
0 0.3656716417910448 0.3725296442687747 0.01653892698668818 0.012140033879164314
0 0.39653085921742637 0.3725296442687747 0.012101653892698669 0.010446075663466968
0 0.44937474788221055 0.3746470920383964 0.042759177087535294 0.018068887634105024
0 0.50040338846309 0.37224731789949184 0.01653892698668818 0.012140033879164314
0 0.5498184751916095 0.37577639751552794 0.03146430012101654 0.011857707509881422
0 0.6077047196450182 0.3718238283455675 0.033481242436466316 0.012422360248447204
0 0.6865671641791045 0.3743647656691135 0.07987091569181122 0.010163749294184076
0 0.7589753933037515 0.3769057029926595 0.01734570391286809 0.01355166572557877
0 0.7936668011294877 0.3761998870694523 0.010891488503428802 0.005364201016374929
0 0.8434852763210973 0.37888198757763975 0.042759177087535294 0.012422360248447204
0 0.16236385639370715 0.42080745341614906 0.05687777329568374 0.021174477696216828
0 0.2400161355385236 0.4203839638622247 0.045986284792254944 0.01355166572557877
0 0.336224283985478 0.42193675889328064 0.09156918112141993 0.016092603049124788
0 0.4336425978217023 0.4230660643704122 0.050826946349334406 0.00818746470920384
0 0.4937474788221057 0.423630717108978 0.026623638563937072 0.005364201016374929
0 0.545179507866075 0.4222190852625635 0.0318676885841065 0.009881422924901186
0 0.6202097620008068 0.4268774703557312 0.06575231948366277 0.015810276679841896
0 0.664179104477612 0.4277244494635799 0.0028237192416296895 0.002258610954263128
0 0.7226704316256555 0.422360248447205 0.052843888664784185 0.012422360248447204
0 0.8158531665994353 0.4264539808018069 0.09398951189995966 0.017221908526256352
0 0.872529245663574 0.4321005081874647 0.004840661557079467 0.007058159232072276
0 0.1700282371924163 0.519621682665161 0.07785397337636143 0.012704686617730096
0 0.2529245663574022 0.5248447204968945 0.024203307785397338 0.01637492941840768
0 0.3011294876966519 0.5248447204968945 0.0318676885841065 0.007340485601355167
0 0.3797902379991932 0.5251270468661773 0.06333198870512304 0.01693958215697346
0 0.4390883420734167 0.5207509881422925 0.019766034691407825 0.011575381140598532
0 0.5074626865671642 0.5249858836815359 0.06615570794675273 0.016657255787690572
0 0.5532472771278741 0.5275268210050819 0.0052440500201694235 0.001976284584980237
0 0.6032674465510286 0.5235742518351214 0.04719645018152481 0.012140033879164314
0 0.6625655506252521 0.5265386787125917 0.03993545784590561 0.00564652738565782
0 0.6920129084308189 0.5331733483907397 0.0052440500201694235 0.007058159232072276
0 0.745663574021783 0.5252682100508187 0.06252521177894312 0.009316770186335404
0 0.8152480839048003 0.5269621682665161 0.024203307785397338 0.017786561264822136
0 0.16559096409842677 0.6223884810841332 0.0536506655909641 0.017786561264822136
0 0.23598225090762404 0.6235177865612648 0.03953206938281565 0.009316770186335404
0 0.30879386849536106 0.6249294184076792 0.056070996369503835 0.005928853754940711
0 0.372730939895119 0.6216826651609261 0.014521984671238403 0.011857707509881422
0 0.43384429205324726 0.6235177865612648 0.051230334812424366 0.013269339356295878
0 0.4889068172650262 0.6242236024844721 0.024203307785397338 0.015245623941276116
0 0.5225897539330375 0.6276115189158668 0.012505042355788625 0.00564652738565782
0 0.5830980233965308 0.6243647656691135 0.05445744251714401 0.011575381140598532
0 0.6436062928600242 0.6271880293619424 0.03428801936264623 0.006493506493506494
0 0.6655909640984268 0.6294466403162056 0.0024203307785397336 0.001976284584980237
