0 0.19019766034691407 0.21033314511575382 0.0899556272690601 0.0220214568040655
0 0.2954820492133925 0.2171089779785432 0.07866075030254134 0.01129305477131564
0 0.3882613957240823 0.21103896103896103 0.07624041952400161 0.023433088650479956
0 0.4889068172650262 0.21202710333145117 0.08229124647035095 0.024280067758328628
0 0.5659540137152077 0.22120271033314512 0.03146430012101654 0.029644268774703556
0 0.6149657119806373 0.20765104460756634 0.007664380798709157 0.007058159232072276
0 0.663775716014522 0.21513269339356295 0.09802339653085922 0.021456804065499716
0 0.7158128277531263 0.20821569734613213 0.01008471157724889 0.007058159232072276
0 0.7759177087535296 0.21725014116318464 0.07624041952400161 0.027385657820440428
0 0.17144009681323114 0.26002258610954265 0.04356595401371521 0.024844720496894408
0 0.25110931827349736 0.26665725578769056 0.07301331181928197 0.034161490683229816
0 0.3253327954820492 0.2689158667419537 0.0326744655102864 0.031338226990400904
0 0.3872529245663574 0.2651044607566347 0.07018959257765228 0.026538678712591756
0 0.5592981040742234 0.2652456239412761 0.20774505849132716 0.02456239412761152
0 0.7226704316256555 0.26383399209486164 0.07220653489310205 0.023433088650479956
0 0.7662363856393707 0.2727272727272727 0.003630496167809601 0.002258610954263128
0 0.8073820088745461 0.2670807453416149 0.038321903993545785 0.019198193111236588
0 0.17164179104477612 0.3135234330886505 0.07139975796692215 0.021739130434782608
0 0.299919322307382 0.3188876341050254 0.145623235175474 0.031338226990400904
0 0.41670028237192414 0.3156408808582722 0.04437273093989512 0.017504234895539244
0 0.47519160951996775 0.3154997176736307 0.04679306171843485 0.0189158667419537
0 0.5461879790237999 0.31648785996612083 0.05163372327551432 0.018068887634105024
0 0.6290843081887858 0.31521739130434784 0.08511496571198064 0.022303783173348392
0 0.7105687777329568 0.32128740824393 0.043162565550625254 0.010728402032749858
0 0.772892295280355 0.3160643704121965 0.045986284792254944 0.022868435911914172
0 0.8418717224687374 0.3154997176736307 0.060508269463493344 0.021739130434782608
0 0.18334005647438484 0.3608130999435347 0.08672851956434045 0.024844720496894408
0 0.23759580475998388 0.3706945228684359 0.004033884630899556 0.002258610954263128
0 0.2700685760387253 0.36702428006775834 0.02379991932230738 0.01693958215697346
0 0.3301734570391287 0.3699887069452287 0.056070996369503835 0.02456239412761152
0 0.43303751512706734 0.36490683229813664 0.10770471964501815 0.020609824957651044
0 0.5419524001613554 0.36589497459062675 0.06978620411456232 0.020892151326933936
0 0.5867285195643405 0.3781761716544325 0.0052440500201694235 0.010446075663466968
0 0.6242436466317063 0.3685770750988142 0.035901573215006054 0.01948051948051948
0 0.6932230738200887 0.36688311688311687 0.07059298104074223 0.022303783173348392
0 0.781363453005244 0.37027103331451156 0.060508269463493344 0.03190287972896669
0 0.845703912868092 0.3753529079616036 0.04477611940298507 0.021174477696216828
0 0.16780960064542155 0.4116318464144551 0.063735377168213 0.026538678712591756
0 0.2507059298104074 0.4147374364765669 0.06333198870512304 0.03162055335968379
0 0.32553448971359417 0.41219649915302087 0.05889471561113352 0.026538678712591756
0 0.4421137555465914 0.4137492941840768 0.136345300524405 0.023997741389045736
0 0.5199677289229528 0.424901185770751 0.004033884630899556 0.00282326369282891
0 0.5611133521581283 0.4165725578769057 0.042759177087535294 0.017786561264822136
0 0.6668011294876967 0.41318464144551104 0.13231141589350545 0.027385657820440428
0 0.7878176684146834 0.41727837380011296 0.07099636950383219 0.025974025974025976
0 0.19766034691407824 0.4614624505928854 0.11617587736990723 0.026256352343308864
0 0.3096006454215409 0.46485036702428006 0.07059298104074223 0.020609824957651044
0 0.38785800726099234 0.466403162055336 0.04719645018152481 0.019762845849802372
0 0.4737797498991529 0.46569734613212876 0.0899556272690601 0.021174477696216828
0 0.581887858007261 0.46936758893280633 0.07866075030254134 0.035290796160361376
0 0.6924162968939088 0.4675324675324675 0.09802339653085922 0.023715415019762844
0 0.7910447761194029 0.4673913043478261 0.0572811617587737 0.023433088650479956
0 0.21863654699475596 0.5215979672501412 0.16700282371924163 0.037549407114624504
0 0.3751512706736587 0.5204686617730095 0.13231141589350545 0.035290796160361376
0 0.5100847115772489 0.5227272727272727 0.10528438886647842 0.012140033879164314
0 0.6605486083098023 0.5191981931112366 0.16498588140379186 0.032185206098249576
0 0.7472771278741428 0.5263975155279503 0.0028237192416296895 0.002540937323546019
0 0.7843888664784188 0.5184923771880293 0.03993545784590561 0.020045172219085264
0 0.8418717224687374 0.5160926030491247 0.05405405405405406 0.024280067758328628
0 0.19402985074626866 0.5630999435347261 0.10407422347720856 0.022868435911914172
0 0.27934651068979427 0.5717108977978543 0.02944735780556676 0.028797289666854884
0 0.3307785397337636 0.5663466967814794 0.045986284792254944 0.025409373235460192
0 0.4485679709560307 0.5711462450592886 0.1500605082694635 0.034443817052512704
0 0.5966115369100444 0.5708639186900056 0.09923356192012908 0.012422360248447204
0 0.6478418717224688 0.5762281197063805 0.003227107704719645 0.00282326369282891
0 0.6877773295683743 0.5695934500282326 0.035498184751916094 0.022303783173348392
0 0.7946752722872126 0.5663466967814794 0.14602662363856395 0.02710333145115754
0 0.1936264622831787 0.6153303218520609 0.09923356192012908 0.02456239412761152
0 0.28721258572004843 0.6150479954827781 0.0500201694231545 0.02456239412761152
0 0.36829366680112946 0.6147656691134952 0.08632513110125051 0.0251270468661773
0 0.46127470754336425 0.6142010163749294 0.040742234772085516 0.023997741389045736
0 0.5195643404598629 0.6184359119141728 0.03791851553045583 0.021739130434782608
0 0.5901573215006051 0.6170242800677583 0.06857603872529246 0.0251270468661773
0 0.6294876966518758 0.6278938452851497 0.0028237192416296895 0.002258610954263128
