0 0.16680112948769665 0.21357989836250707 0.052843888664784185 0.02456239412761152
0 0.2769261799112545 0.2183794466403162 0.10931827349737798 0.022303783173348392
0 0.3775716014521985 0.21626199887069453 0.03711173860427592 0.0220214568040655
0 0.445340863251311 0.21597967250141162 0.07422347720855184 0.025409373235460192
0 0.553852359822509 0.21386222473178995 0.10407422347720856 0.026821005081874648
0 0.6593384429205325 0.21414455110107283 0.07059298104074223 0.028514963297571992
0 0.735982250907624 0.21301524562394128 0.04477611940298507 0.028514963297571992
0 0.8398547801532876 0.21386222473178995 0.10326744655102864 0.03020892151326934
0 0.1661960467930617 0.2676453980801807 0.06857603872529246 0.01355166572557877
0 0.22690601048810005 0.2627046866177301 0.025413473174667203 0.020045172219085264
0 0.2789431222267043 0.2766798418972332 0.05445744251714401 0.033314511575381144
0 0.34751916095199675 0.26242236024844723 0.07059298104074223 0.026256352343308864
0 0.4288019362646228 0.2652456239412761 0.05889471561113352 0.022868435911914172
0 0.5655506252521177 0.26468097120271034 0.1782977006857604 0.031338226990400904
0 0.72730939895119 0.2663749294184077 0.08471157724889068 0.025691699604743084
0 0.8329971762807584 0.26778656126482214 0.07583703106091166 0.022303783173348392
0 0.19665187575635337 0.3738001129305477 0.14078257361839452 0.044042913608131
0 0.3555869302137959 0.37365894974590624 0.11980637353771682 0.03472614342179559
0 0.4661153691004437 0.36984754376058726 0.05526421944332392 0.01129305477131564
0 0.5956030657523195 0.3706945228684359 0.12464703509479629 0.037267080745341616
0 0.7398144413069786 0.370412196499153 0.12585720048406615 0.043478260869565216
0 0.8477208551835418 0.37210615471485037 0.03751512706736587 0.01355166572557877
0 0.1645824929407019 0.4138904573687182 0.060508269463493344 0.025974025974025976
0 0.2964905203711174 0.41318464144551104 0.11052843888664785 0.023997741389045736
0 0.36950383219039934 0.42504234895539245 0.0024203307785397336 0.001976284584980237
0 0.4592577652279145 0.4155844155844156 0.11577248890681727 0.031055900621118012
0 0.5742234772085518 0.4201016374929418 0.04961678096006454 0.03274985883681536
0 0.6827349737797499 0.4202428006775833 0.13674868898749495 0.037549407114624504
0 0.8390480032271077 0.4147374364765669 0.11859620814844696 0.029361942405420668
0 0.1444130697862041 0.46287408243929984 0.029043969342476807 0.028514963297571992
0 0.26946349334409037 0.4696499153020892 0.14844695441710368 0.0409373235460192
0 0.40197660346914077 0.4642857142857143 0.06978620411456232 0.027385657820440428
0 0.4844695441710367 0.46809712027103334 0.063735377168213 0.02258610954263128
0 0.5550625252117789 0.46569734613212876 0.03630496167809601 0.023433088650479956
0 0.6801129487696652 0.47148503670242803 0.15490116982654295 0.03162055335968379
0 0.7571601452198468 0.48334274421230944 0.005647438483259379 0.010163749294184076
0 0.8005244050020169 0.46823828345567475 0.05687777329568374 0.022868435911914172
0 0.8751512706736587 0.475296442687747 0.06575231948366277 0.036420101637492944
0 0.181726502622025 0.5248447204968945 0.10609116579265833 0.044042913608131
0 0.38039532069382814 0.5145398080180689 0.2146026623638564 0.026821005081874648
0 0.6077047196450182 0.5217391304347826 0.19322307382008874 0.03387916431394692
0 0.772488906817265 0.516798418972332 0.08309802339653086 0.02456239412761152
0 0.8196853569987899 0.5280914737436476 0.003227107704719645 0.001976284584980237
0 0.2018959257765228 0.5647939017504235 0.118192819685357 0.025691699604743084
0 0.39209358612343687 0.5666290231507622 0.1734570391286809 0.02710333145115754
0 0.48325937878176684 0.5810276679841897 0.007260992335619202 0.014680971202710334
0 0.609318273497378 0.5647939017504235 0.18676885841064947 0.03190287972896669
0 0.7974989915288423 0.5691699604743083 0.1500605082694635 0.040654997176736304
0 0.15207745058491326 0.620694522868436 0.04437273093989512 0.028514963297571992
0 0.23134328358208955 0.6174477696216827 0.06978620411456232 0.0220214568040655
0 0.3416700282371924 0.6181535855448899 0.07341670028237192 0.023433088650479956
0 0.3872529245663574 0.6322699040090345 0.007260992335619202 0.015527950310559006
0 0.45320693828156516 0.6225296442687747 0.09721661960467931 0.02710333145115754
0 0.6232351754739814 0.6260587238848109 0.16780960064542155 0.036420101637492944
0 0.7388059701492538 0.6225296442687747 0.03670835014118596 0.0220214568040655
0 0.14138765631302944 0.6782891022021457 0.011698265429608713 0.015527950310559006
0 0.2482855990318677 0.6665725578769057 0.13916901976603469 0.028232636928289104
0 0.400161355385236 0.6668548842461886 0.12101653892698669 0.029926595143986448
0 0.4826542960871319 0.6637492941840768 0.014118596208148447 0.01129305477131564
0 0.54538120209762 0.668266516092603 0.0500201694231545 0.028232636928289104
0 0.6204114562323517 0.668266516092603 0.05808793868495361 0.026538678712591756
0 0.7339653085921742 0.6702428006775832 0.11093182734973779 0.023150762281197064
0 0.24162968939088342 0.7155561829474872 0.20169423154497781 0.03303218520609825
0 0.3527632109721662 0.7258610954263128 0.0028237192416296895 0.002258610954263128
