0 0.16317063331988704 0.21964991530208922 0.0326744655102864 0.029926595143986448
0 0.21964501815248083 0.22106154714850368 0.03428801936264623 0.009599096555618294
0 0.3291649858814038 0.22444946357989837 0.1145623235175474 0.032185206098249576
0 0.4431222267043163 0.22275550536420102 0.0536506655909641 0.01693958215697346
0 0.5653489310205728 0.2217673630717109 0.13594191206131503 0.01948051948051948
0 0.7347720855183542 0.221485036702428 0.14885034288019364 0.020609824957651044
0 0.8148446954417103 0.23517786561264822 0.003227107704719645 0.007905138339920948
0 0.8620411456232352 0.22684923771880294 0.05244050020169423 0.009881422924901186
0 0.18676885841064947 0.2720214568040655 0.07260992335619201 0.032467532467532464
0 0.33501411859620817 0.2682100508187465 0.16498588140379186 0.018068887634105024
0 0.5100847115772489 0.2707509881422925 0.11496571198063735 0.01637492941840768
0 0.6744655102864058 0.283596837944664 0.15732150060508268 0.032467532467532464
0 0.7987091569181122 0.27555053642010163 0.03307785397337636 0.014116318464144552
0 0.21258572004840662 0.32608695652173914 0.1306978620411456 0.029361942405420668
0 0.3382412263009278 0.32891022021456806 0.05687777329568374 0.025974025974025976
0 0.38967325534489716 0.3234048560135517 0.01936264622831787 0.007058159232072276
0 0.4933440903590157 0.3266516092603049 0.1306978620411456 0.025974025974025976
0 0.6020572811617588 0.3255223037831734 0.04154901169826543 0.02766798418972332
0 0.7079467527228721 0.326369282891022 0.11778943122226704 0.030491247882552232
0 0.8009277934651069 0.33145115753811405 0.010891488503428802 0.007905138339920948
0 0.8533682936668011 0.32298136645962733 0.06897942718838242 0.02258610954263128
0 0.17587736990722067 0.36900056465273856 0.08229124647035095 0.018068887634105024
0 0.2809600645421541 0.3730942970073405 0.09398951189995966 0.011575381140598532
0 0.3666801129487697 0.3753529079616036 0.024203307785397338 0.009881422924901186
0 0.43586123436869706 0.3740824392998306 0.06333198870512304 0.01355166572557877
0 0.517345703912868 0.3740824392998306 0.03751512706736587 0.01355166572557877
0 0.5800726099233562 0.3738001129305477 0.05486083098023396 0.01693958215697346
0 0.6772892295280355 0.37238848108413325 0.07583703106091166 0.01637492941840768
0 0.7525211778943123 0.3753529079616036 0.03428801936264623 0.029079616036137776
0 0.8428801936264623 0.3814229249011858 0.08753529649052037 0.034443817052512704
0 0.8931020572811618 0.38311688311688313 0.0024203307785397336 0.0016939582156973462
0 0.899757966922146 0.36307171089779783 0.010891488503428802 0.00846979107848673
0 0.2263009277934651 0.4203839638622247 0.17668414683340056 0.018633540372670808
0 0.35498184751916095 0.42377188029361945 0.03146430012101654 0.009034443817052512
0 0.417910447761194 0.4243365330321852 0.03791851553045583 0.010728402032749858
0 0.5413473174667205 0.429983060417843 0.16861637757160144 0.03274985883681536
0 0.6754739814441307 0.42179559570863917 0.06736587333602259 0.021456804065499716
0 0.7587736990722065 0.42617165443252397 0.050826946349334406 0.01101072840203275
0 0.20471964501815249 0.47967250141163187 0.1536910044372731 0.03387916431394692
0 0.3555869302137959 0.47289666854884244 0.07624041952400161 0.010728402032749858
0 0.436668011294877 0.4743083003952569 0.04235578862444534 0.010728402032749858
0 0.508471157724889 0.4712027103331451 0.04961678096006454 0.01693958215697346
0 0.6317063331988705 0.47459062676453984 0.12505042355788623 0.012422360248447204
0 0.7942718838241226 0.4792490118577075 0.14764017749092376 0.036420101637492944
0 0.19281968535699878 0.5215979672501412 0.12666397741024607 0.014398644833427442
0 0.3392496974586527 0.5228684359119141 0.11375554659136748 0.01129305477131564
0 0.4554255748285599 0.5227272727272727 0.07422347720855184 0.016657255787690572
0 0.54497781363453 0.5283738001129306 0.05970149253731343 0.025691699604743084
0 0.6345300524405002 0.5307735742518351 0.07180314643001211 0.021456804065499716
0 0.6797095603065753 0.5311970638057595 0.003227107704719645 0.001976284584980237
0 0.1609519967728923 0.5705815923207228 0.053247277127874144 0.018068887634105024
0 0.24304154901169828 0.5718520609824957 0.06655909640984267 0.018351214003387916
0 0.33420734167002825 0.5743929983060417 0.056070996369503835 0.01101072840203275
0 0.42496974586526826 0.577922077922078 0.04235578862444534 0.02766798418972332
0 0.5649455425574829 0.5752399774138904 0.1617587736990722 0.035290796160361376
0 0.7133924969745865 0.5739695087521175 0.09640984267849939 0.023150762281197064
0 0.8350141185962081 0.5804630152456239 0.11698265429608713 0.04743083003952569
0 0.15954013715207746 0.6221061547148503 0.04881000403388463 0.021739130434782608
0 0.3081887858007261 0.6309994353472614 0.1782977006857604 0.03613777526821005
0 0.47983057684550223 0.6290231507622812 0.08350141185962082 0.0220214568040655
0 0.5649455425574829 0.6274703557312253 0.0391286809197257 0.013269339356295878
0 0.6282775312626059 0.6242236024844721 0.04719645018152481 0.017504234895539244
0 0.6803146430012101 0.6278938452851497 0.02379991932230738 0.007905138339920948
0 0.7549415086728519 0.6290231507622812 0.08753529649052037 0.014116318464144552
0 0.22952803549818476 0.6696781479390175 0.17265026220250101 0.018068887634105024
0 0.400161355385236 0.6760304912478825 0.09035901573215006 0.03190287972896669
0 0.46793061718434853 0.6806888763410502 0.003227107704719645 0.00282326369282891
