0 0.15732150060508268 0.2127329192546584 0.04437273093989512 0.025691699604743084
0 0.28943122226704315 0.21174477696216826 0.18515530455828963 0.03274985883681536
0 0.45562726906010487 0.2106154714850367 0.08753529649052037 0.026538678712591756
0 0.5292456635740218 0.21414455110107283 0.042759177087535294 0.020045172219085264
0 0.6101250504235579 0.21033314511575382 0.09398951189995966 0.028797289666854884
0 0.6891891891891891 0.21202710333145117 0.043162565550625254 0.032185206098249576
0 0.7769261799112546 0.21640316205533597 0.08874546187979024 0.021739130434782608
0 0.8680919725695845 0.21597967250141162 0.0645421540943929 0.037267080745341616
0 0.14703509479628882 0.26877470355731226 0.040742234772085516 0.030491247882552232
0 0.22589753933037515 0.2618577075098814 0.06857603872529246 0.028514963297571992
0 0.4302137958854377 0.26256352343308864 0.2827753126260589 0.03162055335968379
0 0.6845502218636547 0.2658102766798419 0.13392496974586526 0.04206662902315076
0 0.8200887454618798 0.26143421795595706 0.07664380798709157 0.024280067758328628
0 0.21258572004840662 0.3197346132128741 0.1645824929407019 0.04940711462450593
0 0.3582089552238806 0.3177583286278938 0.04921339249697459 0.020609824957651044
0 0.46772892295280355 0.31408808582721626 0.11577248890681727 0.03303218520609825
0 0.5841064945542558 0.32156973461321287 0.09762000806776926 0.049689440993788817
0 0.6851553045582897 0.3129587803500847 0.043969342476805166 0.03303218520609825
0 0.7626058894715612 0.3125352907961604 0.07462686567164178 0.02766798418972332
0 0.8868495361032674 0.3123941276115189 0.1335215812827753 0.036420101637492944
0 0.2029043969342477 0.3595426312817617 0.1444130697862041 0.03585544889892716
0 0.3701089148850343 0.3619424054206663 0.09560306575231949 0.029926595143986448
0 0.47196450181524807 0.3694240542066629 0.04437273093989512 0.047713156408808584
0 0.5990318676885841 0.3598249576510446 0.16216216216216217 0.028514963297571992
0 0.6982654296087132 0.37648221343873517 0.0024203307785397336 0.001976284584980237
0 0.7432432432432432 0.3610954263128176 0.0463896732553449 0.03274985883681536
0 0.8329971762807584 0.36914172783738003 0.10488100040338846 0.03811405985319029
0 0.19927390076643808 0.41219649915302087 0.14521984671238403 0.03613777526821005
0 0.32331585316659944 0.4127611518915867 0.03670835014118596 0.029361942405420668
0 0.4062121823315853 0.4148785996612084 0.0790641387656313 0.026821005081874648
0 0.6052843888664784 0.422360248447205 0.27067365873336025 0.04121964991530209
0 0.7858007260992336 0.4158667419536985 0.04356595401371521 0.033314511575381144
0 0.8594191206131505 0.4124788255223038 0.0681726502622025 0.032185206098249576
0 0.21036708350141187 0.46414455110107283 0.15853166599435256 0.039525691699604744
0 0.39854780153287617 0.4632975719932242 0.14037918515530456 0.03162055335968379
0 0.48083904800322713 0.4743083003952569 0.0024203307785397336 0.003952569169960474
0 0.5211778943122227 0.4535573122529644 0.011294876966518758 0.018351214003387916
0 0.5677692617991126 0.4640033879164314 0.06171843485276321 0.032467532467532464
0 0.718434852763211 0.46823828345567475 0.19766034691407824 0.04940711462450593
0 0.13937071399757966 0.5159514398644833 0.0326744655102864 0.0409373235460192
0 0.22952803549818476 0.516798418972332 0.15328761597418314 0.035290796160361376
0 0.409035901573215 0.5125635234330886 0.14925373134328357 0.03472614342179559
0 0.48527632109721663 0.5162337662337663 0.024203307785397338 0.04376058723884811
0 0.5516337232755143 0.514257481648786 0.08188785800726099 0.03359683794466403
0 0.7127874142799516 0.5200451722190853 0.19604679306171843 0.04743083003952569
0 0.8499394917305365 0.5199040090344438 0.05163372327551432 0.023433088650479956
0 0.21379588543767647 0.5701581027667985 0.1782977006857604 0.04432523997741389
0 0.381807180314643 0.5694522868435912 0.10528438886647842 0.033314511575381144
0 0.4828559903186769 0.5732636928289102 0.06131504638967326 0.023997741389045736
0 0.6440096813231142 0.5690287972896668 0.19887051230334812 0.0251270468661773
0 0.8251311012505043 0.5729813664596274 0.12141992739007665 0.048842461885940144
0 0.15127067365873337 0.6133540372670807 0.041145623235175476 0.025691699604743084
0 0.24243646631706334 0.6146245059288538 0.06857603872529246 0.029361942405420668
0 0.3289632916498588 0.6164596273291926 0.058491327148043566 0.03585544889892716
0 0.3771682129891085 0.6288819875776398 0.004033884630899556 0.005928853754940711
0 0.47882210568777733 0.617871259175607 0.1290843081887858 0.04432523997741389
0 0.5883420734167003 0.612789384528515 0.057684550221863654 0.032467532467532464
0 0.6127470754336426 0.6357989836250706 0.01855586930213796 0.020327498588368152
0 0.6696248487293264 0.612789384528515 0.04679306171843485 0.03303218520609825
0 0.7174263816054861 0.6156126482213439 0.038321903993545785 0.029644268774703556
0 0.7753126260588947 0.6202710333145116 0.04921339249697459 0.01693958215697346
0 0.8620411456232352 0.6182947487295314 0.08874546187979024 0.03500846979107849
0 0.1881807180314643 0.6636081309994354 0.11577248890681727 0.034161490683229816
0 0.3081887858007261 0.664455110107284 0.06938281565147236 0.03303218520609825
0 0.4400968132311416 0.677442123094297 0.1500605082694635 0.050536420101637496
0 0.5875352964905204 0.665725578769057 0.11415893505445744 0.03613777526821005
0 0.7321500605082695 0.6692546583850931 0.12989108511496572 0.029644268774703556
0 0.7960871319080274 0.6847826086956522 0.00927793465106898 0.012140033879164314
0 0.8221056877773296 0.6548560135516657 0.009681323114158934 0.012140033879164314
0 0.1718434852763211 0.7131564088085828 0.0500201694231545 0.03670242800677583
0 0.28176684146833403 0.7155561829474872 0.09721661960467931 0.032467532467532464
0 0.3327954820492134 0.7274138904573687 0.0024203307785397336 0.001411631846414455
