0 0.19221460266236384 0.220214568040655 0.08753529649052037 0.026538678712591756
0 0.3828156514723679 0.22374364765669114 0.22670431625655507 0.025691699604743084
0 0.6040742234772085 0.2236024844720497 0.15046389673255345 0.026538678712591756
0 0.7347720855183542 0.22501411631846416 0.05687777329568374 0.03613777526821005
0 0.8192819685356999 0.22501411631846416 0.07099636950383219 0.02258610954263128
0 0.2045179507866075 0.27188029361942406 0.10810810810810811 0.02258610954263128
0 0.4136748688987495 0.2738565782044043 0.24647035094796288 0.025409373235460192
0 0.63614360629286 0.274703557312253 0.12424364663170634 0.0220214568040655
0 0.7222670431625655 0.27752682100508186 0.011698265429608713 0.002258610954263128
0 0.7910447761194029 0.2766798418972332 0.0782573618394514 0.020892151326933936
0 0.18354175070592982 0.32284020327498586 0.08309802339653086 0.023433088650479956
0 0.26946349334409037 0.32919254658385094 0.03872529245663574 0.03500846979107849
0 0.34973779749899153 0.32707509881422925 0.0782573618394514 0.017221908526256352
0 0.4528035498184752 0.32608695652173914 0.08753529649052037 0.0220214568040655
0 0.6264622831787011 0.327639751552795 0.20572811617587736 0.02456239412761152
0 0.7557482855990318 0.3269339356295878 0.01734570391286809 0.024280067758328628
0 0.8196853569987899 0.3269339356295878 0.06857603872529246 0.0220214568040655
0 0.20371117386042759 0.3747882552230378 0.10891488503428802 0.023433088650479956
0 0.26946349334409037 0.3815640880858272 0.0024203307785397336 0.001411631846414455
0 0.3245260185558693 0.3738001129305477 0.07382008874546188 0.023715415019762844
0 0.4267849939491731 0.3769057029926595 0.07987091569181122 0.02258610954263128
0 0.554860830980234 0.3826933935629588 0.1335215812827753 0.036420101637492944
0 0.6752722872125857 0.3752117447769622 0.05244050020169423 0.0220214568040655
0 0.7849939491730537 0.38325804630152455 0.11698265429608713 0.042631281761716544
0 0.16236385639370715 0.42419536984754375 0.0391286809197257 0.0251270468661773
0 0.21621621621621623 0.4288537549407115 0.022589753933037516 0.01355166572557877
0 0.32553448971359417 0.427442123094297 0.1290843081887858 0.0220214568040655
0 0.5590964098426785 0.43040654997176736 0.28721258572004843 0.022868435911914172
0 0.7113755546591367 0.4405702992659514 0.002016942315449778 0.001976284584980237
0 0.7609923356192013 0.42814793901750425 0.08350141185962082 0.022868435911914172
0 0.8493344090359016 0.4332298136645963 0.058491327148043566 0.014398644833427442
0 0.2444534086325131 0.4798136645962733 0.21298910851149658 0.022303783173348392
0 0.42496974586526826 0.48094297007340486 0.08592174263816055 0.016657255787690572
0 0.5328761597418313 0.4803783173348391 0.09035901573215006 0.023433088650479956
0 0.6333198870512303 0.47995482778091475 0.0500201694231545 0.020327498588368152
0 0.8071803146430012 0.4923771880293619 0.23880597014925373 0.04686617730095991
0 0.19564340459862847 0.5268210050818747 0.11133521581282775 0.021456804065499716
0 0.31867688584106496 0.5283738001129306 0.07018959257765228 0.02456239412761152
0 0.4310205728116176 0.5358554488989271 0.09802339653085922 0.023715415019762844
0 0.536304961678096 0.531055900621118 0.07301331181928197 0.021456804065499716
0 0.6944332392093586 0.5314793901750423 0.20855183541750705 0.023997741389045736
0 0.8412666397741024 0.5392433653303218 0.04235578862444534 0.018068887634105024
0 0.8961274707543364 0.538678712591756 0.04154901169826543 0.015810276679841896
0 0.15671641791044777 0.5783455674760023 0.0536506655909641 0.023997741389045736
0 0.2561516740621218 0.5803218520609825 0.08229124647035095 0.0189158667419537
0 0.3945139169019766 0.5804630152456239 0.12101653892698669 0.021456804065499716
0 0.5026220250100847 0.5793337097684924 0.05405405405405406 0.019762845849802372
0 0.5899556272690601 0.5786278938452851 0.07059298104074223 0.022868435911914172
0 0.736789027833804 0.5791925465838509 0.17386042759177087 0.0251270468661773
0 0.8321903993545785 0.5889328063241107 0.0016135538523598225 0.00282326369282891
0 0.17063331988705124 0.6280350084697911 0.0782573618394514 0.02456239412761152
0 0.29164985881403793 0.6285996612083569 0.08632513110125051 0.023433088650479956
0 0.3783783783783784 0.6285996612083569 0.03953206938281565 0.021174477696216828
0 0.4519967728922953 0.6302936194240542 0.0609116579265833 0.022303783173348392
0 0.5703912868091973 0.6288819875776398 0.10972166196046793 0.026256352343308864
0 0.6984671238402582 0.6304347826086957 0.0826946349334409 0.023150762281197064
0 0.7825736183945139 0.6324110671936759 0.03953206938281565 0.033314511575381144
0 0.8354175070592981 0.6305759457933371 0.04356595401371521 0.022303783173348392
