0 0.17749092375958048 0.20341614906832298 0.05163372327551432 0.027385657820440428
0 0.2716821298910851 0.20172219085262563 0.11415893505445744 0.028514963297571992
0 0.3699072206534893 0.2000282326369283 0.10568777732956837 0.026256352343308864
0 0.46228317870108915 0.20186335403726707 0.07987091569181122 0.029926595143986448
0 0.49939491730536506 0.21456804065499718 0.005647438483259379 0.005081874647092038
0 0.5379185155304558 0.20355731225296442 0.0463896732553449 0.033314511575381144
0 0.6581282775312626 0.2096273291925466 0.1464300121016539 0.03867871259175607
0 0.7799515933844292 0.21202710333145117 0.05929810407422348 0.04799548277809147
0 0.1871722468737394 0.2587521174477696 0.08551835417507059 0.0409373235460192
0 0.23598225090762404 0.2682100508187465 0.00645421540943929 0.00564652738565782
0 0.28398547801532875 0.26030491247882553 0.055667607906413875 0.01355166572557877
0 0.41488503428801937 0.2522586109542631 0.1690197660346914 0.027385657820440428
0 0.6073013311819282 0.26341050254093734 0.2101653892698669 0.0502540937323546
0 0.72730939895119 0.2648221343873518 0.008067769261799113 0.007905138339920948
0 0.7910447761194029 0.26030491247882553 0.09116579265832997 0.014116318464144552
0 0.15611133521581283 0.30335968379446643 0.03146430012101654 0.026256352343308864
0 0.21742638160548608 0.2987012987012987 0.0500201694231545 0.02766798418972332
0 0.34751916095199675 0.3116883116883117 0.2109721661960468 0.03896103896103896
0 0.49152884227511096 0.3029361942405421 0.04881000403388463 0.03613777526821005
0 0.6254538120209762 0.3090062111801242 0.1980637353771682 0.04488989271597967
0 0.7868091972569584 0.3029361942405421 0.07866075030254134 0.02710333145115754
0 0.1972569584509883 0.3547430830039526 0.11778943122226704 0.027950310559006212
0 0.263816054860831 0.36490683229813664 0.003227107704719645 0.002540937323546019
0 0.3860427591770875 0.364059853190288 0.1920129084308189 0.04432523997741389
0 0.5231948366276724 0.3595426312817617 0.042759177087535294 0.011575381140598532
0 0.5943929003630496 0.35191981931112365 0.05203711173860428 0.023997741389045736
0 0.6676079064138766 0.3546019198193111 0.06776926179911255 0.021456804065499716
0 0.7712787414279951 0.35403726708074534 0.10891488503428802 0.03500846979107849
0 0.8697055264219443 0.35248447204968947 0.048406615570794675 0.029079616036137776
0 0.22206534893102056 0.4127611518915867 0.17144009681323114 0.04178430265386787
0 0.3535699878983461 0.40866741953698477 0.07220653489310205 0.012140033879164314
0 0.4889068172650262 0.3999153020892151 0.1581282775312626 0.0251270468661773
0 0.6234368697055265 0.40993788819875776 0.06413876563130294 0.010728402032749858
0 0.7214602662363856 0.4018915866741954 0.09156918112141993 0.026821005081874648
0 0.8079870915691811 0.4020327498588368 0.07583703106091166 0.02710333145115754
0 0.8747478822105688 0.40344438170525126 0.04154901169826543 0.023715415019762844
0 0.14925373134328357 0.4575098814229249 0.033884630899556276 0.022303783173348392
0 0.2198467123840258 0.4678147939017504 0.0790641387656313 0.023150762281197064
0 0.3192819685356999 0.4637210615471485 0.06978620411456232 0.050536420101637496
0 0.4124647035094796 0.4538396386222473 0.0681726502622025 0.022868435911914172
0 0.48426784993949173 0.453416149068323 0.06736587333602259 0.02258610954263128
0 0.554457442517144 0.45313382269904007 0.0536506655909641 0.031055900621118012
0 0.6444130697862042 0.453416149068323 0.08511496571198064 0.03162055335968379
0 0.6805163372327552 0.4673913043478261 0.009681323114158934 0.00818746470920384
0 0.7599838644614764 0.46386222473178995 0.1073013311819282 0.042348955392433656
0 0.8261395724082291 0.4652738565782044 0.009681323114158934 0.007905138339920948
0 0.891286809197257 0.4600508187464709 0.09721661960467931 0.045454545454545456
0 0.9275917708753529 0.4673913043478261 0.00927793465106898 0.00818746470920384
0 0.17305365066559097 0.5021174477696216 0.08148446954417103 0.026256352343308864
0 0.21298910851149658 0.5170807453416149 0.010488100040338847 0.009316770186335404
0 0.31444130697862044 0.5080463015245624 0.15127067365873337 0.039243365330321855
0 0.4388866478418717 0.5036702428006776 0.08471157724889068 0.021456804065499716
0 0.5522388059701493 0.5033879164313947 0.1371520774505849 0.020892151326933936
0 0.7059298104074223 0.5019762845849802 0.14844695441710368 0.02766798418972332
0 0.7888261395724082 0.5100225861095427 0.010891488503428802 0.002540937323546019
0 0.8582089552238806 0.5001411631846414 0.07301331181928197 0.032467532467532464
0 0.15288422751109318 0.5568887634105025 0.063735377168213 0.03980801806888763
0 0.21077047196450183 0.5614059853190287 0.02379991932230738 0.011575381140598532
0 0.30778539733763616 0.5604178430265386 0.13150463896732553 0.04291360813099943
0 0.4485679709560307 0.5523715415019763 0.10649455425574829 0.027950310559006212
0 0.5435659540137152 0.5518068887634106 0.052843888664784185 0.03303218520609825
0 0.6016538926986689 0.5533596837944664 0.040742234772085516 0.023715415019762844
0 0.6480435659540137 0.5540654997176736 0.0318676885841065 0.022303783173348392
0 0.7077450584913272 0.5550536420101637 0.04800322710770472 0.019198193111236588
0 0.7910447761194029 0.5550536420101637 0.0927793465106898 0.024844720496894408
0 0.846107301331182 0.5662055335968379 0.003630496167809601 0.002540937323546019
