0 0.16256555062525213 0.2180971202710333 0.05486083098023396 0.020045172219085264
0 0.2569584509883017 0.21922642574816487 0.08148446954417103 0.017221908526256352
0 0.36385639370713996 0.21541501976284586 0.06776926179911255 0.015810276679841896
0 0.5096813231141589 0.22120271033314512 0.16417910447761194 0.014963297571993224
0 0.6167809600645422 0.2236024844720497 0.003227107704719645 0.006211180124223602
0 0.690399354578459 0.21753246753246752 0.0536506655909641 0.01948051948051948
0 0.8019362646228317 0.22543760587238848 0.11052843888664785 0.03359683794466403
0 0.22670431625655507 0.26877470355731226 0.1718434852763211 0.021456804065499716
0 0.38866478418717226 0.2707509881422925 0.0899556272690601 0.01693958215697346
0 0.4834610730133118 0.2717391304347826 0.05526421944332392 0.016092603049124788
0 0.581686163775716 0.2701863354037267 0.07583703106091166 0.01355166572557877
0 0.6869705526421944 0.27060982495765107 0.09762000806776926 0.021739130434782608
0 0.781363453005244 0.2717391304347826 0.0500201694231545 0.021739130434782608
0 0.8567970956030657 0.2727272727272727 0.05405405405405406 0.0220214568040655
0 0.19483662767244858 0.3242518351214003 0.08471157724889068 0.01383399209486166
0 0.2617991125453812 0.32735742518351213 0.010488100040338847 0.015527950310559006
0 0.43686970552642196 0.32029926595143987 0.26300927793465106 0.021739130434782608
0 0.6339249697458653 0.32396950875211744 0.05203711173860428 0.016657255787690572
0 0.7012908430818878 0.32735742518351213 0.043969342476805166 0.01383399209486166
0 0.7646228317870108 0.3211462450592885 0.025413473174667203 0.016092603049124788
0 0.8418717224687374 0.32269904009034445 0.07341670028237192 0.021456804065499716
0 0.21682129891085114 0.3761998870694523 0.14481645824929407 0.023997741389045736
0 0.3588140379185155 0.3694240542066629 0.07462686567164178 0.021174477696216828
0 0.4856797095603066 0.37238848108413325 0.08551835417507059 0.020892151326933936
0 0.5927793465106898 0.3747882552230378 0.035901573215006054 0.0251270468661773
0 0.6599435256151674 0.37012987012987014 0.048406615570794675 0.015810276679841896
0 0.7656313029447358 0.3761998870694523 0.10488100040338846 0.014963297571993224
0 0.8791851553045583 0.37012987012987014 0.07866075030254134 0.0220214568040655
0 0.22690601048810005 0.42066629023150764 0.15207745058491326 0.023150762281197064
0 0.3444937474788221 0.4225014116318464 0.023396530859217425 0.016657255787690572
0 0.4281968535699879 0.4203839638622247 0.04961678096006454 0.017504234895539244
0 0.5235982250907624 0.42391304347826086 0.08713190802743041 0.017221908526256352
0 0.5772488906817265 0.42857142857142855 0.0024203307785397336 0.0016939582156973462
0 0.6645824929407019 0.4209486166007905 0.07462686567164178 0.01637492941840768
0 0.7652279144816458 0.42320722755505363 0.055667607906413875 0.01693958215697346
0 0.8624445340863252 0.42320722755505363 0.06292860024203308 0.014680971202710334
0 0.2172246873739411 0.47134387351778656 0.1319080274304155 0.015527950310559006
0 0.3850342880193626 0.47699040090344436 0.14320290439693426 0.02456239412761152
0 0.5006050826946349 0.4751552795031056 0.03146430012101654 0.009034443817052512
0 0.5490116982654296 0.4782608695652174 0.01371520774505849 0.006775832862789385
0 0.63695038321904 0.4792490118577075 0.09681323114158935 0.026256352343308864
0 0.8219039935457846 0.47459062676453984 0.20532472771278742 0.018068887634105024
0 0.9489713594191206 0.4640033879164314 0.011698265429608713 0.005928853754940711
0 0.18939088342073418 0.5214568040654998 0.06897942718838242 0.01637492941840768
0 0.27269060104881 0.5156691134952005 0.012101653892698669 0.007622811970638058
0 0.3852359822509076 0.5228684359119141 0.20572811617587736 0.01637492941840768
0 0.5012101653892699 0.5159514398644833 0.00927793465106898 0.006493506493506494
0 0.6282775312626059 0.5194805194805194 0.1891891891891892 0.028232636928289104
0 0.7353771682129892 0.5304912478825522 0.0024203307785397336 0.0016939582156973462
0 0.7593787817668415 0.5139751552795031 0.011698265429608713 0.006493506493506494
0 0.8271480435659541 0.5213156408808582 0.057684550221863654 0.018351214003387916
0 0.8872529245663574 0.5231507622811971 0.02702702702702703 0.015810276679841896
0 0.21198063735377168 0.5762281197063805 0.1254538120209762 0.019762845849802372
0 0.31343283582089554 0.5694522868435912 0.02501008471157725 0.019198193111236588
0 0.4235578862444534 0.5759457933370977 0.14844695441710368 0.023715415019762844
0 0.609116579265833 0.575098814229249 0.13957240822912464 0.020327498588368152
0 0.7379991932230738 0.5741106719367589 0.038321903993545785 0.02456239412761152
0 0.7966922146026624 0.5722755505364201 0.04517950786607503 0.019198193111236588
0 0.8959257765227915 0.5752399774138904 0.08551835417507059 0.016092603049124788
0 0.23961274707543365 0.6233766233766234 0.17587736990722067 0.01637492941840768
0 0.34207341670028235 0.6304347826086957 0.003227107704719645 0.0016939582156973462
