0 0.19402985074626866 0.21936758893280633 0.09923356192012908 0.029361942405420668
0 0.2716821298910851 0.21386222473178995 0.022993142396127472 0.018351214003387916
0 0.35316659943525613 0.2204968944099379 0.10609116579265833 0.028232636928289104
0 0.49314239612747074 0.22402597402597402 0.15127067365873337 0.027385657820440428
0 0.5750302541347317 0.2300959909655562 0.0060508269463493344 0.006775832862789385
0 0.609721661960468 0.21682665160926032 0.030254134731746672 0.019762845849802372
0 0.6841468334005647 0.21795595708639187 0.08309802339653086 0.018633540372670808
0 0.7761194029850746 0.21795595708639187 0.07583703106091166 0.017504234895539244
0 0.845502218636547 0.21880293619424054 0.06615570794675273 0.017504234895539244
0 0.18293666801129488 0.31281761716544326 0.0891488503428802 0.025974025974025976
0 0.2537313432835821 0.3231225296442688 0.026623638563937072 0.027385657820440428
0 0.2769261799112545 0.31747600225861095 0.024606696248487294 0.017221908526256352
0 0.33400564743848327 0.31804065499717676 0.05808793868495361 0.016092603049124788
0 0.38221056877773296 0.3242518351214003 0.031060911657926585 0.032467532467532464
0 0.418112141992739 0.31719367588932806 0.04800322710770472 0.017221908526256352
0 0.490923759580476 0.3231225296442688 0.07745058491327148 0.029644268774703556
0 0.5510286405808794 0.32269904009034445 0.015328761597418314 0.00846979107848673
0 0.645824929407019 0.32495765104460755 0.13150463896732553 0.024844720496894408
0 0.7466720451795079 0.3265104460756635 0.06131504638967326 0.028514963297571992
0 0.77269060104881 0.3328627893845285 0.008471157724889069 0.009034443817052512
0 0.7916498588140379 0.31211180124223603 0.00927793465106898 0.007622811970638058
0 0.8142396127470755 0.3207227555053642 0.02702702702702703 0.019198193111236588
0 0.17789431222267044 0.36617730095990964 0.06615570794675273 0.018633540372670808
0 0.23840258168616377 0.36702428006775834 0.05647438483259379 0.018633540372670808
0 0.27188382412263007 0.37888198757763975 0.003227107704719645 0.004517221908526256
0 0.31423961274707546 0.3675889328063241 0.016135538523598225 0.014116318464144552
0 0.39330375151270675 0.3673066064370412 0.1073013311819282 0.020892151326933936
0 0.47660346914078255 0.3705533596837945 0.026220250100847116 0.017221908526256352
0 0.5282371924162969 0.3699887069452287 0.04800322710770472 0.018351214003387916
0 0.5976200080677693 0.36928289102202144 0.056070996369503835 0.018633540372670808
0 0.6657926583299718 0.3697063805759458 0.06333198870512304 0.020609824957651044
0 0.7525211778943123 0.36914172783738003 0.06010488100040339 0.013269339356295878
0 0.8063735377168213 0.36900056465273856 0.03469140782573618 0.015245623941276116
0 0.20592981040742234 0.4243365330321852 0.1327148043565954 0.029926595143986448
0 0.2987091569181121 0.4257481648785997 0.025413473174667203 0.037267080745341616
0 0.34772085518354173 0.4225014116318464 0.06131504638967326 0.023997741389045736
0 0.4354578459056071 0.4191134952004517 0.07301331181928197 0.016657255787690572
0 0.4764017749092376 0.4268774703557312 0.004033884630899556 0.0016939582156973462
0 0.5290439693424768 0.4181253529079616 0.040742234772085516 0.018633540372670808
0 0.6075030254134732 0.42419536984754375 0.09519967728922953 0.03077357425183512
0 0.6674062121823315 0.43351214003387917 0.008471157724889069 0.010446075663466968
0 0.7063331988705123 0.4192546583850932 0.03146430012101654 0.020327498588368152
0 0.7692617991125453 0.41770186335403725 0.0653489310205728 0.021174477696216828
0 0.7991125453812021 0.43266516092603047 0.008067769261799113 0.007622811970638058
0 0.8412666397741024 0.42108977978543194 0.058491327148043566 0.014963297571993224
0 0.19443323920935862 0.47600225861095424 0.09681323114158935 0.029361942405420668
0 0.28580072609923357 0.47699040090344436 0.04881000403388463 0.023997741389045736
0 0.3208955223880597 0.47473178994918125 0.0028237192416296895 0.001411631846414455
0 0.34610730133118195 0.4632975719932242 0.009681323114158934 0.009599096555618294
0 0.3781766841468334 0.47261434217955955 0.057684550221863654 0.029926595143986448
0 0.45482049213392495 0.4741671372106155 0.06575231948366277 0.023997741389045736
0 0.5217829770068576 0.4686617730095991 0.04154901169826543 0.029361942405420668
0 0.5659540137152077 0.47360248447204967 0.023396530859217425 0.012140033879164314
0 0.6161758773699072 0.4709203839638622 0.05687777329568374 0.018068887634105024
0 0.6863654699475595 0.4712027103331451 0.057684550221863654 0.019762845849802372
0 0.7079467527228721 0.4827780914737436 0.007260992335619202 0.007340485601355167
0 0.7642194433239209 0.47896668548842464 0.08672851956434045 0.029644268774703556
0 0.8221056877773296 0.4815076228119706 0.005647438483259379 0.00818746470920384
0 0.854981847519161 0.466403162055336 0.031060911657926585 0.025409373235460192
0 0.16881807180314642 0.521880293619424 0.07946752722872126 0.017786561264822136
0 0.2628075837031061 0.5217391304347826 0.08027430415490117 0.018633540372670808
0 0.29951593384429204 0.5337380011293055 0.00927793465106898 0.01101072840203275
0 0.3259378781766841 0.5158102766798419 0.008874546187979023 0.00846979107848673
0 0.3628479225494151 0.521880293619424 0.0391286809197257 0.020609824957651044
0 0.42396127470754336 0.5200451722190853 0.060508269463493344 0.01693958215697346
0 0.4649052037111739 0.5238565782044043 0.020572811617587738 0.007622811970638058
0 0.4824526018555869 0.5268210050818747 0.003227107704719645 0.0016939582156973462
