0 0.15389269866881808 0.21668548842461885 0.03509479628882614 0.022303783173348392
0 0.23961274707543365 0.21922642574816487 0.07341670028237192 0.020609824957651044
0 0.32977006857603874 0.21696781479390176 0.05929810407422348 0.021174477696216828
0 0.3983461073013312 0.22106154714850368 0.0609116579265833 0.015810276679841896
0 0.4991932230738201 0.22402597402597402 0.1189995966115369 0.022868435911914172
0 0.5984267849939492 0.220214568040655 0.0463896732553449 0.01355166572557877
0 0.6563130294473578 0.21781479390175043 0.03469140782573618 0.021739130434782608
0 0.7156111335215812 0.22275550536420102 0.0572811617587737 0.025974025974025976
0 0.781363453005244 0.2199322416713721 0.03307785397337636 0.014116318464144552
0 0.8543767648245261 0.21541501976284586 0.07987091569181122 0.02258610954263128
0 0.17224687373941105 0.27060982495765107 0.0790641387656313 0.032467532467532464
0 0.27148043565954016 0.26595143986448333 0.06696248487293263 0.023715415019762844
0 0.35155304558289635 0.2684923771880294 0.05687777329568374 0.021456804065499716
0 0.4594594594594595 0.2683512140033879 0.11536910044372731 0.021174477696216828
0 0.554860830980234 0.26665725578769056 0.020572811617587738 0.021174477696216828
0 0.6066962484872933 0.2691981931112366 0.03630496167809601 0.01948051948051948
0 0.7472771278741428 0.2682100508187465 0.1964501815248084 0.02258610954263128
0 0.1661960467930617 0.3207227555053642 0.053247277127874144 0.021456804065499716
0 0.25877369907220654 0.3201581027667984 0.07301331181928197 0.019198193111236588
0 0.3259378781766841 0.31959345002823264 0.035498184751916094 0.020892151326933936
0 0.4257765227914482 0.3191699604743083 0.12222670431625655 0.021174477696216828
0 0.5403388463089955 0.3198757763975155 0.06655909640984267 0.019198193111236588
0 0.6113352158128278 0.31945228684359117 0.04154901169826543 0.020045172219085264
0 0.6706333198870512 0.32171089779785433 0.043162565550625254 0.017221908526256352
0 0.7244856797095603 0.3231225296442688 0.03711173860427592 0.0251270468661773
0 0.7769261799112546 0.32368718238283456 0.06212182331585317 0.027950310559006212
0 0.8344090359015732 0.31945228684359117 0.022993142396127472 0.020045172219085264
0 0.8467123840258168 0.32735742518351213 0.0016135538523598225 0.001976284584980237
0 0.1482452601855587 0.37012987012987014 0.027833803953206938 0.020892151326933936
0 0.1954417103670835 0.3699887069452287 0.03428801936264623 0.01948051948051948
0 0.25857200484066156 0.37111801242236025 0.06212182331585317 0.020045172219085264
0 0.3372327551432029 0.3694240542066629 0.07503025413473174 0.022303783173348392
0 0.38221056877773296 0.3824110671936759 0.006857603872529245 0.00818746470920384
0 0.4277934651068979 0.3699887069452287 0.06252521177894312 0.022868435911914172
0 0.4967728922952804 0.3708356860530774 0.045582896329164985 0.020045172219085264
0 0.5837031060911658 0.3753529079616036 0.09681323114158935 0.03077357425183512
0 0.6962484872932634 0.3715415019762846 0.11778943122226704 0.025409373235460192
0 0.7603872529245663 0.3804347826086957 0.00645421540943929 0.008752117447769622
0 0.8170633319887052 0.36984754376058726 0.09076240419524001 0.0220214568040655
0 0.15671641791044777 0.4333709768492377 0.0463896732553449 0.044042913608131
0 0.24384832593787817 0.4253246753246753 0.08672851956434045 0.03020892151326934
0 0.3608309802339653 0.42165443252399776 0.07785397337636143 0.020045172219085264
0 0.4102460669624849 0.4318181818181818 0.00645421540943929 0.00818746470920384
0 0.4594594594594595 0.42631281761716544 0.05970149253731343 0.03162055335968379
0 0.5292456635740218 0.4227837380011293 0.05244050020169423 0.021174477696216828
0 0.6157724889068172 0.4323828345567476 0.09237595804759983 0.0409373235460192
0 0.700282371924163 0.4199604743083004 0.042759177087535294 0.0189158667419537
0 0.7672448567970956 0.4192546583850932 0.05647438483259379 0.020892151326933936
0 0.827753126260589 0.41883116883116883 0.03469140782573618 0.020045172219085264
0 0.1734570391286809 0.4717673630717109 0.07260992335619201 0.021456804065499716
0 0.23759580475998388 0.47444946357989837 0.02501008471157725 0.023433088650479956
0 0.327148043565954 0.4754376058723885 0.11778943122226704 0.024280067758328628
0 0.42698668818071805 0.4720496894409938 0.043969342476805166 0.020327498588368152
0 0.5104881000403388 0.472755505364201 0.0891488503428802 0.021174477696216828
0 0.608914885034288 0.4723320158102767 0.0463896732553449 0.021456804065499716
0 0.6716417910447762 0.4836250705815923 0.060508269463493344 0.04686617730095991
0 0.7289229528035498 0.4730378317334839 0.029043969342476807 0.0251270468661773
0 0.772488906817265 0.470214568040655 0.035498184751916094 0.022868435911914172
0 0.17144009681323114 0.6254940711462451 0.03307785397337636 0.022868435911914172
0 0.2767244856797096 0.626764539808018 0.14118596208148446 0.029926595143986448
0 0.409035901573215 0.6284584980237155 0.09681323114158935 0.031055900621118012
0 0.4580475998386446 0.632128740824393 0.002016942315449778 0.0016939582156973462
