0 0.1536910044372731 0.20059288537549408 0.050826946349334406 0.022868435911914172
0 0.20149253731343283 0.20031055900621117 0.018959257765227916 0.020045172219085264
0 0.24586526825332797 0.20214568040654998 0.038321903993545785 0.020327498588368152
0 0.3152480839048003 0.20073404856013552 0.0609116579265833 0.020327498588368152
0 0.40197660346914077 0.2031338226990401 0.08188785800726099 0.02456239412761152
0 0.44917305365066557 0.21019198193111235 0.0052440500201694235 0.00818746470920384
0 0.4705526421944332 0.20355731225296442 0.01653892698668818 0.015810276679841896
0 0.5260185558693021 0.1976284584980237 0.06131504638967326 0.024844720496894408
0 0.5986284792254941 0.20242800677583286 0.0653489310205728 0.028232636928289104
0 0.6692214602662364 0.2000282326369283 0.04437273093989512 0.020609824957651044
0 0.7464703509479629 0.20920383963862224 0.07220653489310205 0.0378317334839074
0 0.8059701492537313 0.20087521174477696 0.01936264622831787 0.017786561264822136
0 0.19019766034691407 0.25508187464709203 0.12303348124243646 0.025691699604743084
0 0.28620411456232353 0.25056465273856576 0.01573215006050827 0.020045172219085264
0 0.31787010891488504 0.25381140598531904 0.015328761597418314 0.014116318464144552
0 0.3870512303348124 0.2540937323546019 0.08592174263816055 0.014116318464144552
0 0.4550221863654699 0.2519762845849802 0.021782977006857603 0.017221908526256352
0 0.4987898346107301 0.2515527950310559 0.030254134731746672 0.018633540372670808
0 0.6248487293263413 0.24830604178430266 0.1718434852763211 0.020609824957651044
0 0.7496974586526826 0.251270468661773 0.050423557886244454 0.01637492941840768
0 0.7940701895925777 0.25254093732354604 0.02218636546994756 0.013269339356295878
0 0.1789027833803953 0.31408808582721626 0.10125050423557887 0.05110107284020327
0 0.2658329971762808 0.3002540937323546 0.017749092375958047 0.01948051948051948
0 0.3055667607906414 0.3018068887634105 0.033481242436466316 0.018633540372670808
0 0.3717224687373941 0.3002540937323546 0.06010488100040339 0.021174477696216828
0 0.4715611133521581 0.2995482778091474 0.08229124647035095 0.021456804065499716
0 0.5641387656313029 0.30011293054771315 0.07220653489310205 0.021456804065499716
0 0.6077047196450182 0.30759457933370976 0.003630496167809601 0.001976284584980237
0 0.6335215812827754 0.3018068887634105 0.025413473174667203 0.018068887634105024
0 0.708753529649052 0.3046301524562394 0.11214199273900767 0.025974025974025976
0 0.18212989108511496 0.352343308865048 0.10528438886647842 0.020892151326933936
0 0.2918515530455829 0.35290796160361376 0.07785397337636143 0.019762845849802372
0 0.3600242033077854 0.35064935064935066 0.030254134731746672 0.0220214568040655
0 0.4209358612343687 0.3551665725578769 0.051230334812424366 0.031055900621118012
0 0.48426784993949173 0.3513551665725579 0.0391286809197257 0.021739130434782608
0 0.6169826542960871 0.34980237154150196 0.17386042759177087 0.023715415019762844
0 0.7353771682129892 0.3500846979107849 0.02501008471157725 0.019198193111236588
0 0.7902379991932231 0.3533314511575381 0.07341670028237192 0.023433088650479956
0 0.14118596208148446 0.40471485036702426 0.014521984671238403 0.016657255787690572
0 0.18737394110528438 0.4028797289666855 0.04154901169826543 0.021456804065499716
0 0.23860427591770875 0.4059853190287973 0.025413473174667203 0.02710333145115754
0 0.34610730133118195 0.4054206662902315 0.127470754336426 0.028232636928289104
0 0.4981847519160952 0.4114906832298137 0.12263009277934651 0.0409373235460192
0 0.6014521984671238 0.40358554488989273 0.0500201694231545 0.016657255787690572
0 0.7244856797095603 0.4007622811970638 0.1661960467930617 0.021739130434782608
0 0.8172650262202501 0.4072557876905703 0.0024203307785397336 0.001976284584980237
0 0.1563130294473578 0.45200451722190854 0.050423557886244454 0.020327498588368152
0 0.20855183541750705 0.45553359683794464 0.029043969342476807 0.014398644833427442
0 0.282170229931424 0.4544042913608131 0.06333198870512304 0.01948051948051948
0 0.3799919322307382 0.4507340485601355 0.07180314643001211 0.022868435911914172
0 0.4701492537313433 0.45454545454545453 0.07704719645018153 0.030491247882552232
0 0.5359015732150061 0.4536984754376059 0.024606696248487294 0.018633540372670808
0 0.600242033077854 0.45172219085262566 0.07260992335619201 0.020327498588368152
0 0.6774909237595804 0.4514398644833427 0.0391286809197257 0.024280067758328628
0 0.7382008874546188 0.4675324675324675 0.08067769261799113 0.048560135516657256
0 0.7872125857200484 0.46174477696216826 0.007664380798709157 0.009316770186335404
0 0.15227914481645824 0.5047995482778092 0.026220250100847116 0.014116318464144552
0 0.20613150463896732 0.5169395821569734 0.03711173860427592 0.03896103896103896
0 0.26966518757563535 0.5022586109542632 0.043969342476805166 0.020892151326933936
0 0.29225494150867287 0.5095990965556183 0.002016942315449778 0.002258610954263128
