0 0.1399757966922146 0.22317899491812535 0.03307785397337636 0.027950310559006212
0 0.17164179104477612 0.22120271033314512 0.02218636546994756 0.026821005081874648
0 0.2658329971762808 0.22995482778091475 0.11375554659136748 0.037549407114624504
0 0.3771682129891085 0.2224731789949181 0.03711173860427592 0.024844720496894408
0 0.44796288826139574 0.22374364765669114 0.06252521177894312 0.0251270468661773
0 0.5679709560306575 0.2199322416713721 0.11536910044372731 0.030491247882552232
0 0.6813231141589351 0.22346132128740825 0.06938281565147236 0.023433088650479956
0 0.7450584913271481 0.22755505364201017 0.045986284792254944 0.037267080745341616
0 0.818273497377975 0.22261434217955958 0.06010488100040339 0.021739130434782608
0 0.16700282371924163 0.2727272727272727 0.08632513110125051 0.026538678712591756
0 0.22932634126663978 0.27738565782044045 0.021379588543767647 0.020609824957651044
0 0.29245663574021785 0.27117447769621683 0.03791851553045583 0.026821005081874648
0 0.3961274707543364 0.2776679841897233 0.11133521581282775 0.03303218520609825
0 0.535699878983461 0.2724449463579898 0.09600645421540945 0.025974025974025976
0 0.573013311819282 0.28613777526821005 0.0028237192416296895 0.001411631846414455
0 0.6262605889471561 0.2748447204968944 0.043969342476805166 0.022303783173348392
0 0.6651875756353368 0.27752682100508186 0.022589753933037516 0.01693958215697346
0 0.7246873739411053 0.27399774138904576 0.05526421944332392 0.025691699604743084
0 0.8077853973376361 0.2724449463579898 0.07382008874546188 0.024280067758328628
0 0.15510286405808793 0.3210050818746471 0.06494554255748286 0.02710333145115754
0 0.2682533279548205 0.327639751552795 0.09439290036304962 0.03980801806888763
0 0.37474788221056876 0.3370976849237719 0.05163372327551432 0.020327498588368152
0 0.46026623638563935 0.32608695652173914 0.06131504638967326 0.029361942405420668
0 0.5605082694634933 0.3234048560135517 0.08188785800726099 0.028514963297571992
0 0.6353368293666801 0.3234048560135517 0.03872529245663574 0.02456239412761152
0 0.7029043969342477 0.33667419536984755 0.04961678096006454 0.018351214003387916
0 0.7662363856393707 0.3221343873517787 0.040742234772085516 0.02710333145115754
0 0.8229124647035094 0.3255223037831734 0.04517950786607503 0.019762845849802372
0 0.1855586930213796 0.37450592885375494 0.11617587736990723 0.032467532467532464
0 0.27208551835417505 0.37224731789949184 0.03509479628882614 0.025691699604743084
0 0.3471157724889068 0.37676453980801805 0.07946752722872126 0.036420101637492944
0 0.45764421137555467 0.3825522303783173 0.07059298104074223 0.009034443817052512
0 0.4981847519160952 0.3855166572557877 0.003227107704719645 0.001411631846414455
0 0.5475998386446148 0.3750705815923207 0.05526421944332392 0.027385657820440428
0 0.6611536910044373 0.37775268210050816 0.15328761597418314 0.030491247882552232
0 0.781968535699879 0.37662337662337664 0.04961678096006454 0.033314511575381144
0 0.1827349737797499 0.4265951439864483 0.10568777732956837 0.031055900621118012
0 0.2490923759580476 0.4376058723884811 0.006857603872529245 0.007905138339920948
0 0.28580072609923357 0.42828910220214567 0.04477611940298507 0.03613777526821005
0 0.37373941105284386 0.42941840767927725 0.0754336425978217 0.03274985883681536
0 0.4485679709560307 0.42377188029361945 0.042759177087535294 0.02710333145115754
0 0.5262202501008472 0.4246188594014681 0.09076240419524001 0.02766798418972332
0 0.5621218233158531 0.4397233201581028 0.0060508269463493344 0.005364201016374929
0 0.6226300927793466 0.42292490118577075 0.0463896732553449 0.029361942405420668
0 0.7392093586123437 0.4277244494635799 0.12868091972569584 0.029361942405420668
0 0.8418717224687374 0.42264257481648787 0.06857603872529246 0.026538678712591756
0 0.17527228721258573 0.4764257481648786 0.07704719645018153 0.029644268774703556
0 0.2710770471964502 0.4772727272727273 0.08067769261799113 0.03303218520609825
0 0.4005647438483259 0.4719085262563523 0.10246066962484873 0.03190287972896669
0 0.4933440903590157 0.47501411631846413 0.042759177087535294 0.029644268774703556
0 0.573013311819282 0.47459062676453984 0.10205728116175877 0.025974025974025976
0 0.6579265832997176 0.4776962168266516 0.03953206938281565 0.02258610954263128
0 0.7208551835417507 0.48334274421230944 0.05889471561113352 0.03557312252964427
0 0.781363453005244 0.47444946357989837 0.03227107704719645 0.02456239412761152
0 0.836627672448568 0.47261434217955955 0.05163372327551432 0.02710333145115754
0 0.21319080274304156 0.5237154150197628 0.16498588140379186 0.02766798418972332
0 0.3011294876966519 0.5357142857142857 0.0028237192416296895 0.001976284584980237
0 0.38120209762000806 0.5255505364201016 0.11698265429608713 0.023997741389045736
0 0.4499798305768455 0.5367024280067758 0.006857603872529245 0.006211180124223602
0 0.4963695038321904 0.5252682100508187 0.0326744655102864 0.025691699604743084
0 0.5550625252117789 0.5391022021456804 0.0572811617587737 0.0189158667419537
0 0.5925776522791448 0.5383963862224732 0.00645421540943929 0.007340485601355167
0 0.6504638967325534 0.5265386787125917 0.0681726502622025 0.025974025974025976
0 0.754336425978217 0.5268210050818747 0.09197256958450989 0.024280067758328628
0 0.8253327954820492 0.5252682100508187 0.050826946349334406 0.025691699604743084
0 0.17325534489713595 0.580180688876341 0.08672851956434045 0.04121964991530209
0 0.2690601048810004 0.573828345567476 0.05244050020169423 0.027385657820440428
0 0.35518354175070593 0.5748164878599661 0.06575231948366277 0.025409373235460192
0 0.44392900363049614 0.5876623376623377 0.07624041952400161 0.017221908526256352
0 0.582492940701896 0.5783455674760023 0.14360629286002422 0.037549407114624504
0 0.7123840258168617 0.575098814229249 0.07503025413473174 0.025409373235460192
0 0.7896329164985881 0.575098814229249 0.035901573215006054 0.025409373235460192
0 0.16115369100443727 0.6288819875776398 0.05929810407422348 0.031338226990400904
0 0.23618394513916902 0.633681535855449 0.04477611940298507 0.008752117447769622
0 0.3116175877369907 0.6349520045172219 0.04961678096006454 0.007905138339920948
0 0.4300121016538927 0.6273291925465838 0.10972166196046793 0.023715415019762844
0 0.5512303348124243 0.6284584980237155 0.05929810407422348 0.020892151326933936
0 0.6403791851553046 0.6249294184076792 0.06252521177894312 0.027950310559006212
0 0.6811214199273901 0.6413043478260869 0.0028237192416296895 0.001411631846414455
