0 0.14885034288019364 0.2245906267645398 0.05163372327551432 0.02456239412761152
0 0.20209762000806777 0.22388481084133258 0.03872529245663574 0.020892151326933936
0 0.27208551835417505 0.2224731789949181 0.07139975796692215 0.020327498588368152
0 0.34530052440500203 0.22430830039525693 0.05647438483259379 0.021174477696216828
0 0.40439693424768053 0.22374364765669114 0.03509479628882614 0.01948051948051948
0 0.4618797902379992 0.22261434217955958 0.05808793868495361 0.020609824957651044
0 0.5391286809197257 0.22402597402597402 0.06333198870512304 0.020045172219085264
0 0.6339249697458653 0.22868435911914173 0.11012505042355789 0.02710333145115754
0 0.7579669221460267 0.22600225861095427 0.11859620814844696 0.021739130434782608
0 0.8493344090359016 0.234472049689441 0.040742234772085516 0.034161490683229816
0 0.1619604679306172 0.2745623941276115 0.056070996369503835 0.022303783173348392
0 0.22509076240419523 0.2737154150197628 0.05486083098023396 0.021739130434782608
0 0.25514320290439696 0.2834556747600226 0.0028237192416296895 0.0016939582156973462
0 0.2989108511496571 0.27498588368153587 0.03711173860427592 0.020327498588368152
0 0.3807987091569181 0.27526821005081875 0.09519967728922953 0.020892151326933936
0 0.45764421137555467 0.2790796160361378 0.0318676885841065 0.031338226990400904
0 0.5032271077047197 0.2761151891586674 0.056070996369503835 0.020892151326933936
0 0.5899556272690601 0.27653867871259175 0.09802339653085922 0.01948051948051948
0 0.6706333198870512 0.2758328627893845 0.033481242436466316 0.018633540372670808
0 0.753731343283582 0.27738565782044045 0.07785397337636143 0.01948051948051948
0 0.8374344493747479 0.2768210050818746 0.05244050020169423 0.0189158667419537
0 0.181726502622025 0.32298136645962733 0.10125050423557887 0.025409373235460192
0 0.2769261799112545 0.32834556747600224 0.04477611940298507 0.01355166572557877
0 0.36345300524405 0.3337097684923772 0.08551835417507059 0.03500846979107849
0 0.4846712384025817 0.32608695652173914 0.12948769665187576 0.018633540372670808
0 0.5562726906010488 0.3370976849237719 0.0024203307785397336 0.0016939582156973462
0 0.6220250100847116 0.32396950875211744 0.06938281565147236 0.022868435911914172
0 0.7208551835417507 0.3328627893845285 0.127470754336426 0.031055900621118012
0 0.7900363049616781 0.32792207792207795 0.0052440500201694235 0.001411631846414455
0 0.8489310205728117 0.33201581027667987 0.11415893505445744 0.034443817052512704
0 0.191004437273094 0.3800112930547713 0.12141992739007665 0.03557312252964427
0 0.3011294876966519 0.383399209486166 0.03751512706736587 0.034443817052512704
0 0.3610326744655103 0.3752117447769622 0.045986284792254944 0.019198193111236588
0 0.43787817668414686 0.3771880293619424 0.07785397337636143 0.020327498588368152
0 0.491327148043566 0.3781761716544325 0.008874546187979023 0.001411631846414455
0 0.5377168212989109 0.37676453980801805 0.05244050020169423 0.018351214003387916
0 0.6167809600645422 0.3759175607001694 0.07987091569181122 0.01948051948051948
0 0.7041145623235175 0.3780350084697911 0.050423557886244454 0.018633540372670808
0 0.7928600242033078 0.3848108413325805 0.10286405808793868 0.032185206098249576
0 0.14804356595401372 0.4280067758328628 0.035498184751916094 0.029361942405420668
0 0.18192819685356998 0.43040654997176736 0.016942315449778138 0.011575381140598532
0 0.23678902783380396 0.4298418972332016 0.07987091569181122 0.03303218520609825
0 0.36385639370713996 0.4332298136645963 0.1427995159338443 0.03698475437605872
0 0.43505445744251714 0.43506493506493504 0.0028237192416296895 0.0016939582156973462
0 0.47781363453005243 0.42617165443252397 0.043969342476805166 0.021174477696216828
0 0.5397337636143607 0.42871259175607 0.0500201694231545 0.018351214003387916
0 0.6073013311819282 0.43125352907961606 0.06575231948366277 0.03020892151326934
0 0.6698265429608713 0.4361942405420666 0.0463896732553449 0.020892151326933936
0 0.7224687373941105 0.42843026538678713 0.04437273093989512 0.020045172219085264
0 0.7916498588140379 0.42758328627893843 0.06736587333602259 0.021174477696216828
0 0.14945542557482855 0.47882552230378317 0.033481242436466316 0.028232636928289104
0 0.19705526421944333 0.47586109542631283 0.0463896732553449 0.0189158667419537
0 0.28499394917305365 0.4878599661208357 0.09479628882613957 0.029926595143986448
0 0.33662767244856795 0.48531902879728966 0.0028237192416296895 0.002258610954263128
