0 0.17022993142396128 0.20892151326933936 0.07260992335619201 0.019198193111236588
0 0.2537313432835821 0.21696781479390176 0.05970149253731343 0.008752117447769622
0 0.32573618394513915 0.21146245059288538 0.04800322710770472 0.018068887634105024
0 0.40782573618394513 0.21880293619424054 0.06776926179911255 0.03387916431394692
0 0.491125453812021 0.2183794466403162 0.07220653489310205 0.026821005081874648
0 0.5742234772085518 0.21414455110107283 0.06171843485276321 0.018351214003387916
0 0.6484469544171036 0.2149915302089215 0.04800322710770472 0.021174477696216828
0 0.8037515127067366 0.21428571428571427 0.22146026623638565 0.025409373235460192
0 0.1700282371924163 0.31719367588932806 0.07139975796692215 0.020609824957651044
0 0.2418313836224284 0.31804065499717676 0.05203711173860428 0.009316770186335404
0 0.27511093182734975 0.3232636928289102 0.008067769261799113 0.006211180124223602
0 0.31988705123033484 0.31592320722755507 0.060508269463493344 0.018068887634105024
0 0.39774102460669625 0.31747600225861095 0.06615570794675273 0.018351214003387916
0 0.47398144413069787 0.31634669678147936 0.05647438483259379 0.018351214003387916
0 0.5576845502218637 0.3154997176736307 0.07462686567164178 0.017221908526256352
0 0.6198063735377168 0.3211462450592885 0.01573215006050827 0.004799548277809147
0 0.7267043162565551 0.32058159232072275 0.14481645824929407 0.026821005081874648
0 0.8329971762807584 0.3157820440429136 0.020976200080677694 0.016092603049124788
0 0.9092375958047599 0.31648785996612083 0.09762000806776926 0.014680971202710334
0 0.9665187575635337 0.3245341614906832 0.004033884630899556 0.001976284584980237
0 0.15752319483662766 0.365330321852061 0.0318676885841065 0.018633540372670808
0 0.1964501815248084 0.3644833427442123 0.03307785397337636 0.015245623941276116
0 0.26119402985074625 0.3675889328063241 0.050423557886244454 0.01693958215697346
0 0.33985478015328763 0.3697063805759458 0.08027430415490117 0.023433088650479956
0 0.4334409035901573 0.36617730095990964 0.07301331181928197 0.017504234895539244
0 0.536506655909641 0.365330321852061 0.08713190802743041 0.018068887634105024
0 0.6534893102057281 0.37337662337662336 0.10891488503428802 0.026256352343308864
0 0.7501008471157725 0.37295313382269907 0.0326744655102864 0.00846979107848673
0 0.8021379588543768 0.36900056465273856 0.03428801936264623 0.018633540372670808
0 0.881807180314643 0.3753529079616036 0.09116579265832997 0.023433088650479956
0 0.9348527632109722 0.379587803500847 0.010891488503428802 0.00818746470920384
0 0.18515530455828963 0.4699322416713721 0.09762000806776926 0.026821005081874648
0 0.2446551028640581 0.4743083003952569 0.0028237192416296895 0.0016939582156973462
0 0.2946752722872126 0.46852060982495763 0.050423557886244454 0.017786561264822136
0 0.3874546187979024 0.468944099378882 0.07059298104074223 0.018068887634105024
0 0.5018152480839048 0.47374364765669114 0.11294876966518758 0.028797289666854884
0 0.5832997176280759 0.4686617730095991 0.020976200080677694 0.015810276679841896
0 0.6375554659136748 0.4717673630717109 0.06171843485276321 0.024844720496894408
0 0.735982250907624 0.4772727272727273 0.08672851956434045 0.020045172219085264
0 0.8664784187172246 0.47247317899491814 0.12666397741024607 0.023433088650479956
0 0.18515530455828963 0.525974025974026 0.11133521581282775 0.03274985883681536
0 0.2823719241629689 0.5225861095426313 0.035498184751916094 0.009034443817052512
0 0.3939088342073417 0.5273856578204404 0.14481645824929407 0.02766798418972332
0 0.5484066155707946 0.52343308865048 0.13110125050423557 0.030491247882552232
0 0.6510689794271883 0.5252682100508187 0.03791851553045583 0.03077357425183512
0 0.7097620008067769 0.5197628458498024 0.03993545784590561 0.01693958215697346
0 0.8110125050423558 0.5208921513269339 0.11577248890681727 0.018068887634105024
0 0.1843485276321097 0.5667701863354038 0.10891488503428802 0.020609824957651044
0 0.2954820492133925 0.5705815923207228 0.06494554255748286 0.015245623941276116
0 0.3755546591367487 0.5683229813664596 0.0572811617587737 0.018633540372670808
0 0.46853569987898347 0.5690287972896668 0.07624041952400161 0.01948051948051948
0 0.5828963291649859 0.5694522868435912 0.0927793465106898 0.021456804065499716
0 0.6710367083501412 0.5677583286278939 0.021379588543767647 0.019198193111236588
0 0.7333602258975394 0.5676171654432524 0.05889471561113352 0.020609824957651044
0 0.8477208551835418 0.5734048560135516 0.10851149657119806 0.02766798418972332
0 0.9118596208148447 0.5770750988142292 0.003630496167809601 0.0016939582156973462
