0 0.1674062121823316 0.2180971202710333 0.03791851553045583 0.014963297571993224
0 0.23598225090762404 0.22571993224167136 0.05163372327551432 0.014398644833427442
0 0.31464300121016536 0.22190852625635235 0.05244050020169423 0.01355166572557877
0 0.37676482452601856 0.22134387351778656 0.04195240016135539 0.01637492941840768
0 0.5112948769665188 0.2295313382269904 0.17386042759177087 0.034443817052512704
0 0.699273900766438 0.22219085262563523 0.1319080274304155 0.019762845849802372
0 0.8098023396530859 0.2261434217955957 0.0391286809197257 0.00846979107848673
0 0.18757563533682936 0.26990400903444384 0.07180314643001211 0.01637492941840768
0 0.2589753933037515 0.27032749858836813 0.020976200080677694 0.014963297571993224
0 0.3279548204921339 0.27413890457368717 0.0572811617587737 0.021456804065499716
0 0.37353771682129894 0.2768210050818746 0.0024203307785397336 0.004799548277809147
0 0.4223477208551835 0.26877470355731226 0.020976200080677694 0.012987012987012988
0 0.49717628075837034 0.27300959909655564 0.07785397337636143 0.029926595143986448
0 0.6030657523194837 0.2673630717108978 0.07341670028237192 0.019198193111236588
0 0.6585316659943525 0.2787972896668549 0.0028237192416296895 0.009881422924901186
0 0.7194433239209359 0.27399774138904576 0.0681726502622025 0.014963297571993224
0 0.8206938281565147 0.277244494635799 0.08753529649052037 0.023715415019762844
0 0.19503832190399353 0.3221343873517787 0.08511496571198064 0.011857707509881422
0 0.3031464300121017 0.31846414455110106 0.06010488100040339 0.020327498588368152
0 0.37575635336829366 0.32269904009034445 0.035901573215006054 0.014680971202710334
0 0.43949173053650664 0.32523997741389044 0.04719645018152481 0.0220214568040655
0 0.5110931827349737 0.3188876341050254 0.03307785397337636 0.021174477696216828
0 0.5701895925776522 0.3198757763975155 0.043162565550625254 0.017504234895539244
0 0.6462283178701089 0.3272162619988707 0.0572811617587737 0.030491247882552232
0 0.7646228317870108 0.3243929983060418 0.11415893505445744 0.02766798418972332
0 0.8382412263009278 0.327639751552795 0.003227107704719645 0.004799548277809147
0 0.16922146026623638 0.36885940146809715 0.033481242436466316 0.021174477696216828
0 0.25574828559903184 0.37365894974590624 0.10488100040338846 0.01383399209486166
0 0.37353771682129894 0.3725296442687747 0.08390480032271078 0.012140033879164314
0 0.43263412666397744 0.38085827216261997 0.002016942315449778 0.011857707509881422
0 0.5143202904396934 0.37337662337662336 0.10649455425574829 0.014963297571993224
0 0.5786607503025414 0.38226990400903443 0.002016942315449778 0.007340485601355167
0 0.6516740621218233 0.37295313382269907 0.07704719645018153 0.014116318464144552
0 0.7335619201290843 0.3750705815923207 0.02944735780556676 0.008752117447769622
0 0.8202904396934247 0.37662337662337664 0.0826946349334409 0.012987012987012988
0 0.18838241226300928 0.4212309429700734 0.07987091569181122 0.014116318464144552
0 0.26502622025010086 0.4178430265386787 0.024203307785397338 0.019762845849802372
0 0.36163775716014523 0.42701863354037267 0.12141992739007665 0.027385657820440428
0 0.4485679709560307 0.42320722755505363 0.0024203307785397336 0.002258610954263128
0 0.5026220250100847 0.41699604743083 0.05244050020169423 0.018068887634105024
0 0.608309802339653 0.4278656126482213 0.11052843888664785 0.014963297571993224
0 0.7033077853973376 0.4212309429700734 0.018152480839048003 0.018068887634105024
0 0.7406212182331585 0.42391304347826086 0.020976200080677694 0.014963297571993224
0 0.8219039935457846 0.43125352907961606 0.06494554255748286 0.028514963297571992
0 0.23053650665590963 0.4743083003952569 0.16417910447761194 0.029926595143986448
0 0.3686970552642194 0.47374364765669114 0.04356595401371521 0.015810276679841896
0 0.4590560709963695 0.4738848108413326 0.08309802339653086 0.014963297571993224
0 0.5492133924969745 0.4748729531338227 0.04719645018152481 0.014116318464144552
0 0.5968132311415894 0.4805194805194805 0.002016942315449778 0.00282326369282891
0 0.6522791448164582 0.4738848108413326 0.042759177087535294 0.016657255787690572
0 0.7501008471157725 0.4775550536420102 0.10609116579265833 0.018351214003387916
0 0.8448971359419121 0.47939017504234893 0.030254134731746672 0.0220214568040655
0 0.22771278741427994 0.529785431959345 0.14481645824929407 0.027950310559006212
0 0.3838241226300928 0.5252682100508187 0.09963695038321904 0.015527950310559006
0 0.499798305768455 0.5263975155279503 0.07664380798709157 0.01383399209486166
0 0.5867285195643405 0.5324675324675324 0.04154901169826543 0.02710333145115754
0 0.6496571198063735 0.525691699604743 0.03670835014118596 0.02258610954263128
0 0.7067365873336022 0.525691699604743 0.023396530859217425 0.015245623941276116
0 0.7533279548204921 0.5309147374364765 0.01653892698668818 0.007622811970638058
0 0.8319887051230335 0.5268210050818747 0.08188785800726099 0.015810276679841896
0 0.18878580072609924 0.5743929983060417 0.0645421540943929 0.016092603049124788
0 0.2559499798305768 0.5755223037831734 0.022993142396127472 0.026256352343308864
0 0.3261395724082291 0.5841332580463016 0.05445744251714401 0.029361942405420668
0 0.41871722468737393 0.5762281197063805 0.0653489310205728 0.015810276679841896
0 0.5308592174263816 0.5752399774138904 0.09116579265832997 0.015527950310559006
0 0.635941912061315 0.5769339356295878 0.07462686567164178 0.009881422924901186
0 0.735982250907624 0.5767927724449463 0.07382008874546188 0.030491247882552232
0 0.8194836627672448 0.5766516092603049 0.025413473174667203 0.01383399209486166
0 0.209156918112142 0.6259175607001694 0.10770471964501815 0.026538678712591756
0 0.3190802743041549 0.6259175607001694 0.04437273093989512 0.014680971202710334
0 0.46026623638563935 0.6324110671936759 0.1734570391286809 0.03162055335968379
0 0.5835014118596208 0.6283173348390739 0.020572811617587738 0.013269339356295878
0 0.6462283178701089 0.6266233766233766 0.04679306171843485 0.015527950310559006
0 0.7601855586930214 0.6329757199322417 0.11657926583299717 0.028797289666854884
0 0.20592981040742234 0.6785714285714286 0.09560306575231949 0.02456239412761152
0 0.30153287615974184 0.6782891022021457 0.02864058087938685 0.020045172219085264
0 0.37131908027430416 0.6757481648785997 0.04235578862444534 0.017221908526256352
0 0.4764017749092376 0.6805477131564088 0.10326744655102864 0.027950310559006212
0 0.5395320693828156 0.6832298136645962 0.003630496167809601 0.0033879164313946925
