0 0.1897942718838241 0.2199322416713721 0.05929810407422348 0.019762845849802372
0 0.3136345300524405 0.22190852625635235 0.12787414279951592 0.019198193111236588
0 0.4223477208551835 0.22684923771880294 0.03307785397337636 0.008752117447769622
0 0.49838644614764016 0.22261434217955958 0.0899556272690601 0.01948051948051948
0 0.5970149253731343 0.2279785431959345 0.0645421540943929 0.03190287972896669
0 0.663170633319887 0.220214568040655 0.026623638563937072 0.0220214568040655
0 0.764017749092376 0.22190852625635235 0.1306978620411456 0.025409373235460192
0 0.8840258168616377 0.22699040090344438 0.058491327148043566 0.01129305477131564
0 0.19039935457845905 0.26905702992659514 0.04921339249697459 0.021456804065499716
0 0.2769261799112545 0.27103331451157536 0.06655909640984267 0.020892151326933936
0 0.3444937474788221 0.2696216826651609 0.04033884630899556 0.0220214568040655
0 0.3991528842275111 0.2821852060982496 0.02379991932230738 0.018351214003387916
0 0.46329164985881405 0.27300959909655564 0.06736587333602259 0.018633540372670808
0 0.5578862444534086 0.2724449463579898 0.0790641387656313 0.020327498588368152
0 0.6434045986284792 0.2727272727272727 0.05244050020169423 0.020892151326933936
0 0.6789027833803953 0.28726708074534163 0.008874546187979023 0.009316770186335404
0 0.7099636950383219 0.2717391304347826 0.03146430012101654 0.021174477696216828
0 0.8057684550221864 0.27837380011293056 0.11335215812827754 0.025974025974025976
0 0.8693021379588544 0.28797289666854886 0.00645421540943929 0.012422360248447204
0 0.899556272690601 0.2725861095426313 0.041145623235175476 0.022868435911914172
0 0.20330778539733763 0.3207227555053642 0.0790641387656313 0.02258610954263128
0 0.2944735780556676 0.32185206098249575 0.0500201694231545 0.018068887634105024
0 0.3854376764824526 0.32834556747600224 0.07785397337636143 0.026538678712591756
0 0.4590560709963695 0.3201581027667984 0.02743041549011698 0.023150762281197064
0 0.5391286809197257 0.3290513833992095 0.09640984267849939 0.00818746470920384
0 0.628075837031061 0.3235460191981931 0.042759177087535294 0.018068887634105024
0 0.7154094392900363 0.325098814229249 0.08753529649052037 0.020045172219085264
0 0.8622428398547801 0.3243929983060418 0.16498588140379186 0.020892151326933936
0 0.20693828156514724 0.37295313382269907 0.08955223880597014 0.018068887634105024
0 0.2920532472771279 0.3715415019762846 0.03791851553045583 0.01693958215697346
0 0.38019362646228316 0.37295313382269907 0.09802339653085922 0.020892151326933936
0 0.5026220250100847 0.3793054771315641 0.09923356192012908 0.031338226990400904
0 0.5627269060104881 0.3812817617165443 0.0024203307785397336 0.002540937323546019
0 0.6202097620008068 0.3743647656691135 0.06575231948366277 0.021456804065499716
0 0.7055264219443323 0.37577639751552794 0.04679306171843485 0.019762845849802372
0 0.7882210568777733 0.3749294184076793 0.0927793465106898 0.021456804065499716
0 0.8695038321903994 0.37634105025409376 0.03428801936264623 0.020327498588368152
0 0.9358612343686971 0.3739412761151892 0.060508269463493344 0.022303783173348392
0 0.9735780556676079 0.3784584980237154 0.012505042355788625 0.003105590062111801
0 0.17486889874949577 0.4233483907396951 0.04235578862444534 0.017786561264822136
0 0.22408229124647036 0.4227837380011293 0.026220250100847116 0.018351214003387916
0 0.2613957240822912 0.4264539808018069 0.021782977006857603 0.01383399209486166
0 0.3118192819685357 0.42715979672501414 0.03630496167809601 0.010163749294184076
0 0.4419120613150464 0.42405420666290233 0.15853166599435256 0.021456804065499716
0 0.5423557886244453 0.42631281761716544 0.014118596208148447 0.0016939582156973462
0 0.5679709560306575 0.42631281761716544 0.023396530859217425 0.017504234895539244
0 0.6058894715611134 0.4244776962168266 0.024203307785397338 0.018351214003387916
0 0.6718434852763211 0.42504234895539245 0.06897942718838242 0.022303783173348392
0 0.7743041549011698 0.4308300395256917 0.09802339653085922 0.025974025974025976
0 0.8892698668818072 0.42871259175607 0.06575231948366277 0.011575381140598532
0 0.1809197256958451 0.4712027103331451 0.04961678096006454 0.019762845849802372
0 0.28156514723678905 0.47995482778091475 0.07745058491327148 0.011857707509881422
0 0.3771682129891085 0.47219085262563526 0.04517950786607503 0.0189158667419537
0 0.46571198063735375 0.4782608695652174 0.09237595804759983 0.031055900621118012
0 0.5851149657119806 0.4767080745341615 0.09479628882613957 0.029079616036137776
0 0.7014925373134329 0.47501411631846413 0.08229124647035095 0.0189158667419537
0 0.7755143202904397 0.4767080745341615 0.035901573215006054 0.018351214003387916
0 0.845502218636547 0.4762845849802372 0.06292860024203308 0.024844720496894408
0 0.16276724485679708 0.5238565782044043 0.02218636546994756 0.016657255787690572
0 0.22468737394110527 0.5227272727272727 0.03469140782573618 0.022868435911914172
0 0.29245663574021785 0.5289384528514963 0.04195240016135539 0.026821005081874648
0 0.3612343686970553 0.5296442687747036 0.018152480839048003 0.007905138339920948
0 0.45865268253327957 0.5258328627893846 0.09197256958450989 0.026821005081874648
0 0.5659540137152077 0.5248447204968945 0.06615570794675273 0.02258610954263128
0 0.6085114965711981 0.5324675324675324 0.003630496167809601 0.002258610954263128
