0 0.21117386042759176 0.21569734613212874 0.1189995966115369 0.012422360248447204
0 0.33098023396530857 0.21979107848673066 0.08592174263816055 0.020045172219085264
0 0.3971359419120613 0.21626199887069453 0.014118596208148447 0.010728402032749858
0 0.45966115369100446 0.22120271033314512 0.09237595804759983 0.022868435911914172
0 0.5709963695038321 0.21852060982495766 0.09640984267849939 0.017504234895539244
0 0.6319080274304155 0.22077922077922077 0.002016942315449778 0.0016939582156973462
0 0.6585316659943525 0.2171089779785432 0.0318676885841065 0.010163749294184076
0 0.7162162162162162 0.2171089779785432 0.06010488100040339 0.011857707509881422
0 0.7741024606696248 0.21753246753246752 0.028237192416296894 0.011575381140598532
0 0.7938684953610327 0.22402597402597402 0.0024203307785397336 0.007058159232072276
0 0.19060104881000403 0.2648221343873518 0.07866075030254134 0.010163749294184076
0 0.23779749899152886 0.27300959909655564 0.002016942315449778 0.006211180124223602
0 0.2833803953206938 0.2641163184641446 0.07059298104074223 0.013269339356295878
0 0.34308188785800725 0.26693958215697344 0.035901573215006054 0.015527950310559006
0 0.42617991125453814 0.26976284584980237 0.10528438886647842 0.02456239412761152
0 0.5050423557886244 0.27032749858836813 0.020976200080677694 0.017786561264822136
0 0.5740217829770069 0.2707509881422925 0.0927793465106898 0.023715415019762844
0 0.645824929407019 0.2691981931112366 0.01290843081887858 0.007622811970638058
0 0.6950383219039935 0.26990400903444384 0.05808793868495361 0.014680971202710334
0 0.7706736587333602 0.2701863354037267 0.06575231948366277 0.014116318464144552
0 0.827349737797499 0.27089215132693395 0.020976200080677694 0.018351214003387916
0 0.21218233158531666 0.3198757763975155 0.1306978620411456 0.020892151326933936
0 0.3289632916498588 0.31874647092038394 0.0681726502622025 0.018633540372670808
0 0.390480032271077 0.3222755505364201 0.017749092375958047 0.023433088650479956
0 0.41670028237192414 0.3167701863354037 0.021782977006857603 0.01129305477131564
0 0.4554255748285599 0.31648785996612083 0.03711173860427592 0.012987012987012988
0 0.5316659943525616 0.3207227555053642 0.08067769261799113 0.019762845849802372
0 0.6129487696651875 0.3176171654432524 0.051230334812424366 0.011857707509881422
0 0.6756756756756757 0.3167701863354037 0.045986284792254944 0.014116318464144552
0 0.7238805970149254 0.3198757763975155 0.012505042355788625 0.007905138339920948
0 0.7579669221460267 0.320016939582157 0.03791851553045583 0.01948051948051948
0 0.8069786204114562 0.320016939582157 0.038321903993545785 0.008752117447769622
0 0.836627672448568 0.3222755505364201 0.0024203307785397336 0.001976284584980237
0 0.19423154497781364 0.3709768492377188 0.09156918112141993 0.023150762281197064
0 0.25776522791448164 0.3684359119141728 0.01290843081887858 0.009599096555618294
0 0.336224283985478 0.3663184641445511 0.11496571198063735 0.01383399209486166
0 0.39874949576442115 0.37111801242236025 0.0028237192416296895 0.001976284584980237
0 0.42940701895925776 0.36702428006775834 0.030254134731746672 0.010728402032749858
0 0.47418313836224285 0.3718238283455675 0.045582896329164985 0.02258610954263128
0 0.5169423154497781 0.36702428006775834 0.01734570391286809 0.011857707509881422
0 0.5443727309398951 0.36914172783738003 0.022993142396127472 0.009316770186335404
0 0.5671641791044776 0.37323546019198195 0.0024203307785397336 0.0016939582156973462
0 0.5960064542154094 0.36801242236024845 0.030254134731746672 0.010446075663466968
0 0.6756756756756757 0.3739412761151892 0.10488100040338846 0.021739130434782608
0 0.7565550625252118 0.36914172783738003 0.030254134731746672 0.01101072840203275
0 0.8162565550625253 0.36801242236024845 0.06736587333602259 0.014963297571993224
0 0.15792658329971762 0.41699604743083 0.013311819281968536 0.011857707509881422
0 0.18838241226300928 0.41741953698475437 0.02581686163775716 0.01101072840203275
0 0.2317466720451795 0.42320722755505363 0.04154901169826543 0.02258610954263128
0 0.2866075030254135 0.41756070016939584 0.0326744655102864 0.010728402032749858
0 0.3654699475594998 0.422360248447205 0.0927793465106898 0.02258610954263128
0 0.44231544977813636 0.4201016374929418 0.020572811617587738 0.01693958215697346
0 0.48225090762404194 0.4191134952004517 0.02702702702702703 0.011575381140598532
0 0.5766438079870916 0.4192546583850932 0.11335215812827754 0.014680971202710334
0 0.6599435256151674 0.42264257481648787 0.024203307785397338 0.018068887634105024
0 0.7131908027430416 0.41883116883116883 0.0572811617587737 0.011575381140598532
0 0.7712787414279951 0.42193675889328064 0.028237192416296894 0.017221908526256352
0 0.8148446954417103 0.41883116883116883 0.04033884630899556 0.011575381140598532
0 0.16518757563533684 0.4668266516092603 0.027833803953206938 0.012704686617730096
0 0.2117789431222267 0.4675324675324675 0.04033884630899556 0.010728402032749858
0 0.263816054860831 0.466403162055336 0.029850746268656716 0.011857707509881422
0 0.3327954820492134 0.4723320158102767 0.08148446954417103 0.02258610954263128
0 0.4060104881000403 0.47148503670242803 0.02379991932230738 0.018633540372670808
0 0.4445340863251311 0.46936758893280633 0.03227107704719645 0.012140033879164314
0 0.5346914078257362 0.4699322416713721 0.10931827349737798 0.012140033879164314
0 0.6524808390480032 0.4699322416713721 0.09802339653085922 0.01101072840203275
0 0.7267043162565551 0.4730378317334839 0.020572811617587738 0.017221908526256352
0 0.7609923356192013 0.47063805759457933 0.030254134731746672 0.012422360248447204
0 0.8342073416700282 0.4712027103331451 0.09519967728922953 0.012422360248447204
0 0.1837434449374748 0.5227272727272727 0.058491327148043566 0.020609824957651044
0 0.26099233561920127 0.5201863354037267 0.04921339249697459 0.01948051948051948
0 0.29931423961274706 0.5224449463579899 0.0024203307785397336 0.001976284584980237
