0 0.1591367486889875 0.2199322416713721 0.043969342476805166 0.01693958215697346
0 0.254941508672852 0.2199322416713721 0.10165389269866881 0.019198193111236588
0 0.3467123840258169 0.2204968944099379 0.057684550221863654 0.020327498588368152
0 0.41851553045582895 0.2224731789949181 0.050423557886244454 0.020892151326933936
0 0.4844695441710367 0.21852060982495766 0.03953206938281565 0.0220214568040655
0 0.5705929810407422 0.2267080745341615 0.08108108108108109 0.029361942405420668
0 0.6514723678902783 0.22077922077922077 0.053247277127874144 0.018633540372670808
0 0.7125857200484066 0.22289666854884246 0.0318676885841065 0.013269339356295878
0 0.7714804356595402 0.22092038396386224 0.0536506655909641 0.016657255787690572
0 0.8215006050826946 0.22092038396386224 0.010891488503428802 0.0189158667419537
0 0.1617587736990722 0.2682100508187465 0.02743041549011698 0.017504234895539244
0 0.22872125857200484 0.2696216826651609 0.0645421540943929 0.01637492941840768
0 0.27148043565954016 0.2732919254658385 0.003227107704719645 0.006775832862789385
0 0.2987091569181121 0.27300959909655564 0.01008471157724889 0.002258610954263128
0 0.3291649858814038 0.2717391304347826 0.01855586930213796 0.016092603049124788
0 0.3840258168616378 0.2696216826651609 0.053247277127874144 0.019762845849802372
0 0.4211375554659137 0.2689158667419537 0.004033884630899556 0.016657255787690572
0 0.4693424768051634 0.2728684359119142 0.03428801936264623 0.013269339356295878
0 0.5310609116579266 0.27540937323546016 0.04477611940298507 0.009316770186335404
0 0.600847115772489 0.27540937323546016 0.057684550221863654 0.031338226990400904
0 0.6524808390480032 0.2715979672501412 0.025413473174667203 0.019762845849802372
0 0.7079467527228721 0.2724449463579898 0.045986284792254944 0.015810276679841896
0 0.754538120209762 0.2745623941276115 0.013311819281968536 0.010446075663466968
0 0.817466720451795 0.27399774138904576 0.07059298104074223 0.017786561264822136
0 0.15893505445744252 0.32820440429136083 0.023396530859217425 0.03867871259175607
0 0.20330778539733763 0.32029926595143987 0.02501008471157725 0.01948051948051948
0 0.26845502218636547 0.3211462450592885 0.06575231948366277 0.020609824957651044
0 0.32230738200887454 0.32396950875211744 0.01855586930213796 0.027385657820440428
0 0.35941912061315046 0.3245341614906832 0.03065752319483663 0.014963297571993224
0 0.4279951593384429 0.3277809147374365 0.06696248487293263 0.038396386222473176
0 0.5050423557886244 0.32142857142857145 0.05244050020169423 0.0189158667419537
0 0.5693828156514724 0.32156973461321287 0.03670835014118596 0.019762845849802372
0 0.6319080274304155 0.31959345002823264 0.06010488100040339 0.023715415019762844
0 0.7384025816861638 0.3219932241671372 0.09398951189995966 0.020045172219085264
0 0.8283582089552238 0.3204404291360813 0.05687777329568374 0.020327498588368152
0 0.17527228721258573 0.37775268210050816 0.04154901169826543 0.03670242800677583
0 0.22287212585720048 0.37210615471485037 0.03428801936264623 0.019762845849802372
0 0.2662363856393707 0.3738001129305477 0.012101653892698669 0.018068887634105024
0 0.3116175877369907 0.37224731789949184 0.0536506655909641 0.020609824957651044
0 0.38422751109318276 0.371682665160926 0.052843888664784185 0.0189158667419537
0 0.46248487293263413 0.378317334839074 0.0609116579265833 0.028797289666854884
0 0.49858814037918514 0.3780350084697911 0.0024203307785397336 0.0016939582156973462
0 0.5387252924566357 0.37323546019198195 0.031060911657926585 0.018633540372670808
0 0.6012505042355789 0.3699887069452287 0.04961678096006454 0.018351214003387916
0 0.6702299314239613 0.37365894974590624 0.04961678096006454 0.020045172219085264
0 0.7010891488503429 0.3794466403162055 0.004840661557079467 0.00564652738565782
0 0.7386042759177087 0.37210615471485037 0.05244050020169423 0.018068887634105024
0 0.7936668011294877 0.37267080745341613 0.01653892698668818 0.019762845849802372
0 0.20653489310205728 0.42066629023150764 0.10649455425574829 0.020892151326933936
0 0.3075837031060912 0.422360248447205 0.06252521177894312 0.020892151326933936
0 0.3945139169019766 0.42391304347826086 0.0653489310205728 0.0189158667419537
0 0.43505445744251714 0.43054771315640883 0.004437273093989512 0.00564652738565782
0 0.4703509479628883 0.43280632411067194 0.04033884630899556 0.02766798418972332
0 0.5022186365469947 0.42391304347826086 0.003227107704719645 0.007058159232072276
0 0.5193626462283178 0.415725578769057 0.0052440500201694235 0.007622811970638058
0 0.5385235982250908 0.41854884246188595 0.014521984671238403 0.016657255787690572
0 0.5800726099233562 0.42207792207792205 0.04759983864461476 0.019762845849802372
0 0.6534893102057281 0.4280067758328628 0.063735377168213 0.03387916431394692
0 0.7252924566357403 0.42603049124788256 0.03791851553045583 0.02710333145115754
0 0.7670431625655506 0.42320722755505363 0.03751512706736587 0.018633540372670808
0 0.8102057281161759 0.4253246753246753 0.019766034691407825 0.008752117447769622
0 0.8410649455425575 0.4268774703557312 0.01855586930213796 0.007905138339920948
0 0.1881807180314643 0.4731789949181254 0.06897942718838242 0.025409373235460192
0 0.27067365873336025 0.4748729531338227 0.07018959257765228 0.025974025974025976
0 0.3194836627672449 0.4764257481648786 0.0024203307785397336 0.001976284584980237
0 0.3338039532069383 0.4632975719932242 0.007664380798709157 0.00564652738565782
