0 0.17144009681323114 0.3123941276115189 0.08471157724889068 0.03190287972896669
0 0.27732956837434447 0.31493506493506496 0.052843888664784185 0.025691699604743084
0 0.42718838241226303 0.32128740824393 0.1855586930213796 0.06380575945793338
0 0.581081081081081 0.31098249576510445 0.057684550221863654 0.035290796160361376
0 0.6732553448971359 0.3256634669678148 0.06857603872529246 0.04488989271597967
0 0.7390076643807987 0.3204404291360813 0.026623638563937072 0.01637492941840768
0 0.7928600242033078 0.3098531902879729 0.031060911657926585 0.03303218520609825
0 0.8567970956030657 0.33568605307735744 0.0572811617587737 0.03387916431394692
0 0.14340459862847924 0.36914172783738003 0.07220653489310205 0.021739130434782608
0 0.2646228317870109 0.3619424054206663 0.10084711577248891 0.033314511575381144
0 0.3219039935457846 0.37549407114624506 0.004033884630899556 0.0016939582156973462
0 0.3608309802339653 0.3673066064370412 0.04961678096006454 0.024844720496894408
0 0.454417103670835 0.3699887069452287 0.08027430415490117 0.020609824957651044
0 0.5379185155304558 0.37450592885375494 0.033481242436466316 0.012140033879164314
0 0.6436062928600242 0.371682665160926 0.11335215812827754 0.052795031055900624
0 0.7710770471964502 0.36645962732919257 0.07866075030254134 0.026538678712591756
0 0.845098830173457 0.3675889328063241 0.023396530859217425 0.023150762281197064
0 0.15873336022589754 0.42715979672501414 0.04800322710770472 0.04630152456239413
0 0.2757160145219847 0.4138904573687182 0.12061315046389673 0.03387916431394692
0 0.41609519967728925 0.4153020892151327 0.08027430415490117 0.031055900621118012
0 0.5050423557886244 0.41417278373800115 0.029850746268656716 0.03274985883681536
0 0.600443727309399 0.4153020892151327 0.10851149657119806 0.033314511575381144
0 0.7139975796692215 0.43379446640316205 0.05808793868495361 0.039243365330321855
0 0.7611940298507462 0.42843026538678713 0.004033884630899556 0.003105590062111801
0 0.7926583299717628 0.41826651609260307 0.04759983864461476 0.03077357425183512
0 0.8422751109318274 0.4171372106154715 0.024203307785397338 0.029644268774703556
0 0.8755546591367487 0.42193675889328064 0.018959257765227916 0.014963297571993224
