0 0.190802743041549 0.21513269339356295 0.09600645421540945 0.025409373235460192
0 0.28136345300524407 0.22430830039525693 0.038321903993545785 0.040372670807453416
0 0.35296490520371115 0.21964991530208922 0.041145623235175476 0.0220214568040655
0 0.42214602662363854 0.2261434217955957 0.043969342476805166 0.03670242800677583
0 0.5437676482452601 0.22473178994918125 0.15570794675272287 0.04291360813099943
0 0.6498588140379186 0.2106154714850367 0.005647438483259379 0.030491247882552232
0 0.7029043969342477 0.21682665160926032 0.045582896329164985 0.028797289666854884
0 0.7910447761194029 0.22219085262563523 0.07583703106091166 0.0378317334839074
0 0.8402581686163776 0.23193111236589498 0.00645421540943929 0.007058159232072276
0 0.18898749495764422 0.27103331451157536 0.10205728116175877 0.023715415019762844
0 0.3011294876966519 0.2717391304347826 0.10931827349737798 0.03077357425183512
0 0.400161355385236 0.2803500846979108 0.028237192416296894 0.044042913608131
0 0.4653085921742638 0.26778656126482214 0.03751512706736587 0.022868435911914172
0 0.5901573215006051 0.26976284584980237 0.16054860830980233 0.0251270468661773
0 0.7652279144816458 0.2686335403726708 0.15490116982654295 0.023997741389045736
0 0.18031464300121017 0.32156973461321287 0.08067769261799113 0.02258610954263128
0 0.26865671641791045 0.31747600225861095 0.04921339249697459 0.022868435911914172
0 0.34207341670028235 0.32919254658385094 0.045986284792254944 0.04178430265386787
0 0.4173053650665591 0.3232636928289102 0.043969342476805166 0.0220214568040655
0 0.47862041145623235 0.3231225296442688 0.019766034691407825 0.03585544889892716
0 0.5318676885841065 0.31945228684359117 0.035901573215006054 0.02456239412761152
0 0.6143606292860024 0.31959345002823264 0.09035901573215006 0.023715415019762844
0 0.6762807583703107 0.32735742518351213 0.003630496167809601 0.002540937323546019
0 0.7174263816054861 0.3190287972896669 0.03509479628882614 0.023150762281197064
0 0.7882210568777733 0.3190287972896669 0.06696248487293263 0.026538678712591756
0 0.8767648245260186 0.32086391869000563 0.06413876563130294 0.020045172219085264
0 0.13775716014521985 0.3601072840203275 0.0060508269463493344 0.007622811970638058
0 0.24243646631706334 0.3760587238848108 0.18233158531665994 0.039525691699604744
0 0.3471157724889068 0.36180124223602483 0.0028237192416296895 0.0036702428006775835
0 0.35720048406615573 0.37027103331451156 0.00927793465106898 0.023997741389045736
0 0.43949173053650664 0.3694240542066629 0.035901573215006054 0.020609824957651044
0 0.5423557886244453 0.3771880293619424 0.11496571198063735 0.0220214568040655
0 0.6446147640177491 0.3685770750988142 0.03307785397337636 0.022303783173348392
0 0.7365873336022589 0.3794466403162055 0.09842678499394918 0.023150762281197064
0 0.8785800726099233 0.37859966120835686 0.13795885437676483 0.03500846979107849
0 0.20532472771278742 0.42391304347826086 0.11778943122226704 0.035290796160361376
0 0.3646631706333199 0.42504234895539245 0.10810810810810811 0.04488989271597967
0 0.5066559096409843 0.427442123094297 0.11778943122226704 0.03557312252964427
0 0.6218233158531666 0.4203839638622247 0.06010488100040339 0.019198193111236588
0 0.7285195643404598 0.4264539808018069 0.10246066962484873 0.04206662902315076
0 0.8565954013715208 0.4215132693393563 0.1044776119402985 0.024280067758328628
0 0.22791448164582492 0.47035573122529645 0.1581282775312626 0.019762845849802372
0 0.34772085518354173 0.4710615471485037 0.02743041549011698 0.014963297571993224
0 0.40338846308995563 0.4697910784867307 0.03630496167809601 0.021456804065499716
0 0.46994755949979833 0.468944099378882 0.0572811617587737 0.02258610954263128
0 0.5112948769665188 0.4786843591191417 0.0028237192416296895 0.001976284584980237
0 0.5859217426381605 0.46922642574816487 0.07462686567164178 0.0220214568040655
0 0.6859620814844696 0.4816487859966121 0.0609116579265833 0.023150762281197064
0 0.7569584509883017 0.4678147939017504 0.052843888664784185 0.0220214568040655
0 0.8011294876966518 0.47444946357989837 0.004033884630899556 0.007058159232072276
0 0.8481242436466317 0.4675324675324675 0.0318676885841065 0.023150762281197064
0 0.22025010084711577 0.5268210050818747 0.1427995159338443 0.037267080745341616
0 0.37696651875756354 0.5269621682665161 0.12384025816861638 0.035290796160361376
0 0.4782170229931424 0.5220214568040655 0.024606696248487294 0.01693958215697346
0 0.5510286405808794 0.5302089215132694 0.06857603872529246 0.044607566346696784
0 0.6139572408229125 0.5242800677583286 0.023396530859217425 0.014680971202710334
0 0.6960467930617185 0.5203274985883681 0.07946752722872126 0.023150762281197064
0 0.7668414683340057 0.5204686617730095 0.01855586930213796 0.017221908526256352
0 0.8342073416700282 0.5217391304347826 0.06292860024203308 0.023150762281197064
0 0.9060104881000404 0.5241389045736872 0.04921339249697459 0.021174477696216828
0 0.2101653892698669 0.5742518351214003 0.10810810810810811 0.033314511575381144
0 0.33098023396530857 0.5731225296442688 0.05929810407422348 0.024280067758328628
0 0.41629689390883423 0.5729813664596274 0.06292860024203308 0.021739130434782608
0 0.463896732553449 0.571005081874647 0.021782977006857603 0.02456239412761152
0 0.5421540943929004 0.5691699604743083 0.053247277127874144 0.025409373235460192
0 0.6222267043162566 0.5765104460756635 0.06413876563130294 0.04009034443817053
0 0.7240822912464704 0.5780632411067194 0.10326744655102864 0.011575381140598532
0 0.836829366680113 0.572557876905703 0.06333198870512304 0.024280067758328628
0 0.8795885437676483 0.5821569734613213 0.0028237192416296895 0.005081874647092038
