0 0.1954417103670835 0.2727272727272727 0.12303348124243646 0.02710333145115754
0 0.26522791448164584 0.27428006775832864 0.002016942315449778 0.001976284584980237
0 0.327349737797499 0.269339356295878 0.07624041952400161 0.01637492941840768
0 0.42839854780153286 0.27738565782044045 0.07341670028237192 0.027950310559006212
0 0.5139169019766034 0.27498588368153587 0.03711173860427592 0.010728402032749858
0 0.5780556676079064 0.2795031055900621 0.03227107704719645 0.03387916431394692
0 0.6427995159338443 0.27526821005081875 0.04881000403388463 0.010163749294184076
0 0.7781363453005244 0.2792207792207792 0.1782977006857604 0.04517221908526256
0 0.16982654296087132 0.3142292490118577 0.0645421540943929 0.02258610954263128
0 0.3017345703912868 0.3274985883681536 0.11214199273900767 0.042348955392433656
0 0.41508672851956435 0.32495765104460755 0.05163372327551432 0.010728402032749858
0 0.48124243646631704 0.31931112365894976 0.03227107704719645 0.021456804065499716
0 0.5532472771278741 0.322557876905703 0.07220653489310205 0.016657255787690572
0 0.6407825736183945 0.31959345002823264 0.05526421944332392 0.024280067758328628
0 0.7355788624445341 0.32523997741389044 0.07946752722872126 0.025409373235460192
0 0.8009277934651069 0.32284020327498586 0.019766034691407825 0.0189158667419537
0 0.8430818878580073 0.32171089779785433 0.03953206938281565 0.021174477696216828
0 0.17486889874949577 0.3697063805759458 0.07462686567164178 0.0189158667419537
0 0.2654296087131908 0.3781761716544325 0.053247277127874144 0.037549407114624504
0 0.3408632513110125 0.3793054771315641 0.04517950786607503 0.036420101637492944
0 0.390883420734167 0.37238848108413325 0.021782977006857603 0.015810276679841896
0 0.41427995159338443 0.37987012987012986 0.003227107704719645 0.002540937323546019
0 0.4709560306575232 0.37224731789949184 0.06978620411456232 0.014398644833427442
0 0.5431625655506253 0.37732919254658387 0.02218636546994756 0.00818746470920384
0 0.6220250100847116 0.38735177865612647 0.09035901573215006 0.029361942405420668
0 0.7077450584913272 0.3818464144551101 0.026220250100847116 0.031338226990400904
0 0.7587736990722065 0.37351778656126483 0.03227107704719645 0.017504234895539244
0 0.8293666801129488 0.37351778656126483 0.0572811617587737 0.021456804065499716
0 0.18031464300121017 0.4243365330321852 0.08067769261799113 0.03387916431394692
0 0.3075837031060912 0.4309712027103331 0.1189995966115369 0.03472614342179559
0 0.43848325937878174 0.4225014116318464 0.07583703106091166 0.018351214003387916
0 0.5407422347720855 0.4213721061547149 0.07624041952400161 0.01948051948051948
0 0.6349334409035902 0.422360248447205 0.04921339249697459 0.01693958215697346
0 0.7260992335619201 0.4397233201581028 0.08148446954417103 0.03472614342179559
0 0.8235175473981444 0.4213721061547149 0.05929810407422348 0.023433088650479956
0 0.15207745058491326 0.5176453980801807 0.033884630899556276 0.020045172219085264
0 0.22025010084711577 0.5221626199887069 0.06857603872529246 0.0189158667419537
0 0.29608713190802743 0.5248447204968945 0.020976200080677694 0.014116318464144552
0 0.3644614764017749 0.5217391304347826 0.07382008874546188 0.019198193111236588
0 0.4473578055667608 0.5289384528514963 0.028237192416296894 0.03190287972896669
0 0.5157321500605083 0.5328910220214568 0.057684550221863654 0.03190287972896669
0 0.5925776522791448 0.5221626199887069 0.05163372327551432 0.0189158667419537
0 0.6774909237595804 0.5311970638057595 0.06010488100040339 0.03867871259175607
0 0.7700685760387252 0.5303500846979108 0.07664380798709157 0.03867871259175607
0 0.8485276321097217 0.52343308865048 0.03670835014118596 0.01355166572557877
0 0.15147236789027835 0.5691699604743083 0.026220250100847116 0.020327498588368152
0 0.20129084308188785 0.5708639186900056 0.02016942315449778 0.019762845849802372
0 0.21964501815248083 0.5796160361377752 0.003630496167809601 0.002258610954263128
