0 0.1565147236789028 0.220214568040655 0.048406615570794675 0.01693958215697346
0 0.20028237192416296 0.22332015810276679 0.02218636546994756 0.023150762281197064
0 0.23416700282371924 0.22092038396386224 0.01573215006050827 0.014398644833427442
0 0.30153287615974184 0.22727272727272727 0.06171843485276321 0.024280067758328628
0 0.36345300524405 0.2204968944099379 0.023396530859217425 0.015245623941276116
0 0.4279951593384429 0.22416713721061546 0.08471157724889068 0.02258610954263128
0 0.5135135135135135 0.22092038396386224 0.050826946349334406 0.016657255787690572
0 0.5786607503025414 0.22529644268774704 0.052843888664784185 0.02258610954263128
0 0.68152480839048 0.21936758893280633 0.11738604275917709 0.018068887634105024
0 0.7880193626462283 0.22755505364201017 0.057684550221863654 0.018633540372670808
0 0.854578459056071 0.22162619988706944 0.056070996369503835 0.014116318464144552
0 0.14945542557482855 0.2704686617730096 0.027833803953206938 0.01693958215697346
0 0.23517547398144414 0.27399774138904576 0.08551835417507059 0.01948051948051948
0 0.33299717628075837 0.2737154150197628 0.0536506655909641 0.012140033879164314
0 0.4134731746672045 0.2724449463579898 0.06292860024203308 0.01693958215697346
0 0.4592577652279145 0.28289102202145683 0.0060508269463493344 0.007340485601355167
0 0.5082694634933441 0.2737154150197628 0.055667607906413875 0.014398644833427442
0 0.5760387252924566 0.2715979672501412 0.03630496167809601 0.01637492941840768
0 0.6589350544574425 0.2737154150197628 0.06252521177894312 0.022868435911914172
0 0.7073416700282372 0.2792207792207792 0.002016942315449778 0.0016939582156973462
0 0.7490923759580476 0.27413890457368717 0.03953206938281565 0.015810276679841896
0 0.8063735377168213 0.2720214568040655 0.04517950786607503 0.015527950310559006
0 0.20371117386042759 0.3207227555053642 0.14037918515530456 0.019198193111236588
0 0.3192819685356999 0.32396950875211744 0.04800322710770472 0.012704686617730096
0 0.3860427591770875 0.32142857142857145 0.041145623235175476 0.016092603049124788
0 0.4834610730133118 0.3234048560135517 0.11254538120209762 0.015527950310559006
0 0.581686163775716 0.32142857142857145 0.063735377168213 0.018351214003387916
0 0.6345300524405002 0.3245341614906832 0.015328761597418314 0.010446075663466968
0 0.6754739814441307 0.32481648785996614 0.02864058087938685 0.007622811970638058
0 0.746268656716418 0.3231225296442688 0.0645421540943929 0.01948051948051948
0 0.7882210568777733 0.33145115753811405 0.0016135538523598225 0.0016939582156973462
0 0.8344090359015732 0.32608695652173914 0.0609116579265833 0.023715415019762844
0 0.15510286405808793 0.37422360248447206 0.052843888664784185 0.01101072840203275
0 0.27208551835417505 0.3756352343308865 0.12384025816861638 0.023433088650479956
0 0.4134731746672045 0.37238848108413325 0.10891488503428802 0.01693958215697346
0 0.5260185558693021 0.37789384528514963 0.0790641387656313 0.016092603049124788
0 0.618192819685357 0.37267080745341613 0.0609116579265833 0.017504234895539244
0 0.6579265832997176 0.38015245623941274 0.0024203307785397336 0.001976284584980237
0 0.7071399757966922 0.3740824392998306 0.055667607906413875 0.015245623941276116
0 0.7789431222267044 0.3759175607001694 0.03307785397337636 0.021739130434782608
0 0.8245260185558693 0.3747882552230378 0.026623638563937072 0.012140033879164314
0 0.1700282371924163 0.42758328627893843 0.08027430415490117 0.014963297571993224
0 0.25312626058894716 0.4230660643704122 0.03993545784590561 0.014398644833427442
0 0.3446954417103671 0.42814793901750425 0.09318273497377975 0.016092603049124788
0 0.43041549011698266 0.42758328627893843 0.04759983864461476 0.021174477696216828
0 0.49717628075837034 0.42377188029361945 0.04235578862444534 0.015810276679841896
0 0.5685760387252925 0.4257481648785997 0.0609116579265833 0.011857707509881422
0 0.6068979427188382 0.4313946922642575 0.002016942315449778 0.0016939582156973462
0 0.6526825332795482 0.42377188029361945 0.050826946349334406 0.015810276679841896
0 0.7236789027833804 0.4254658385093168 0.04356595401371521 0.011857707509881422
0 0.7936668011294877 0.4301242236024845 0.05526421944332392 0.016092603049124788
0 0.8563937071399758 0.4233483907396951 0.04437273093989512 0.014963297571993224
0 0.17607906413876562 0.4743083003952569 0.08592174263816055 0.024844720496894408
0 0.2373941105284389 0.47444946357989837 0.01008471157724889 0.0189158667419537
0 0.2946752722872126 0.4748729531338227 0.056070996369503835 0.01637492941840768
0 0.3557886244453409 0.4761434217955957 0.014521984671238403 0.010446075663466968
0 0.39431222267043164 0.47459062676453984 0.03751512706736587 0.014680971202710334
0 0.4846712384025817 0.47684923771880294 0.09318273497377975 0.020892151326933936
0 0.6230334812424365 0.4776962168266516 0.1472367890278338 0.01637492941840768
0 0.7428398547801532 0.4772727272727273 0.06171843485276321 0.016657255787690572
0 0.8071803146430012 0.4795313382269904 0.03711173860427592 0.00818746470920384
0 0.17527228721258573 0.5303500846979108 0.09237595804759983 0.01948051948051948
0 0.30354981847519164 0.5244212309429701 0.11093182734973779 0.014963297571993224
0 0.4245663574021783 0.5304912478825522 0.07785397337636143 0.015245623941276116
0 0.5354981847519161 0.5255505364201016 0.11335215812827754 0.014398644833427442
0 0.6020572811617588 0.5319028797289667 0.002016942315449778 0.0016939582156973462
