0 0.1663977410246067 0.21470920383963862 0.04719645018152481 0.021739130434782608
0 0.23497377974989916 0.217673630717109 0.057684550221863654 0.01637492941840768
0 0.3358208955223881 0.2134387351778656 0.08511496571198064 0.024280067758328628
0 0.4979830576845502 0.22275550536420102 0.18031464300121017 0.032185206098249576
0 0.6760790641387656 0.22261434217955958 0.12263009277934651 0.03472614342179559
0 0.7503025413473174 0.22346132128740825 0.003227107704719645 0.015527950310559006
0 0.7958854376764825 0.20765104460756634 0.060508269463493344 0.020609824957651044
0 0.882210568777733 0.20496894409937888 0.09439290036304962 0.014116318464144552
0 0.190802743041549 0.26228119706380576 0.10165389269866881 0.029926595143986448
0 0.25958047599838646 0.2748447204968944 0.003630496167809601 0.012704686617730096
0 0.30254134731746674 0.2598814229249012 0.06696248487293263 0.023433088650479956
0 0.3844292053247277 0.2583286278938453 0.05889471561113352 0.025409373235460192
0 0.5010084711577248 0.26693958215697344 0.13795885437676483 0.03585544889892716
0 0.645824929407019 0.2636928289102202 0.09116579265832997 0.03500846979107849
0 0.7438483259378782 0.25663466967814796 0.07018959257765228 0.021456804065499716
0 0.8376361436062929 0.25451722190852627 0.06333198870512304 0.017221908526256352
0 0.8977410246066962 0.2567758328627894 0.027833803953206938 0.012704686617730096
0 0.20149253731343283 0.3102766798418972 0.11980637353771682 0.025409373235460192
0 0.2977006857603873 0.31535855448898925 0.05405405405405406 0.03162055335968379
0 0.33783783783783783 0.314652738565782 0.0028237192416296895 0.004799548277809147
0 0.39411052843888666 0.30660643704121965 0.09842678499394918 0.017504234895539244
0 0.4693424768051634 0.3085827216261999 0.025413473174667203 0.015810276679841896
0 0.5080677692617991 0.3090062111801242 0.033481242436466316 0.013269339356295878
0 0.6014521984671238 0.3046301524562394 0.10568777732956837 0.023715415019762844
0 0.7101653892698668 0.30335968379446643 0.07946752722872126 0.021739130434782608
0 0.7833803953206938 0.3030773574251835 0.029850746268656716 0.02456239412761152
0 0.8971359419120614 0.3091473743647657 0.17022993142396128 0.04517221908526256
0 0.16579265832997175 0.3616600790513834 0.033884630899556276 0.030491247882552232
0 0.2753126260588947 0.35728402032749856 0.1472367890278338 0.021739130434782608
0 0.40863251311012505 0.3567193675889328 0.09681323114158935 0.023433088650479956
0 0.5110931827349737 0.35319028797289664 0.06776926179911255 0.023715415019762844
0 0.5984267849939492 0.3544607566346697 0.07704719645018153 0.023433088650479956
0 0.6885841064945543 0.3564370412196499 0.04356595401371521 0.012704686617730096
0 0.7751109318273497 0.35940146809712026 0.08108108108108109 0.04291360813099943
0 0.8527632109721662 0.35220214568040653 0.03630496167809601 0.01383399209486166
0 0.9253731343283582 0.34627329192546585 0.08955223880597014 0.021739130434782608
0 0.1754739814441307 0.4165725578769057 0.0572811617587737 0.02456239412761152
0 0.2678499394917305 0.41417278373800115 0.07987091569181122 0.021456804065499716
0 0.3162565550625252 0.41770186335403725 0.003227107704719645 0.001411631846414455
0 0.36345300524405 0.4082439299830604 0.07745058491327148 0.024844720496894408
0 0.47680516337232753 0.4075381140598532 0.10810810810810811 0.0251270468661773
0 0.6375554659136748 0.40767927724449465 0.15853166599435256 0.023715415019762844
0 0.7968939088342073 0.4127611518915867 0.10851149657119806 0.04291360813099943
0 0.9138765631302945 0.40146809712027104 0.07220653489310205 0.020327498588368152
0 0.9759983864461477 0.4023150762281197 0.027833803953206938 0.010728402032749858
0 0.23416700282371924 0.4645680406549972 0.18354175070592982 0.029079616036137776
0 0.3761597418313836 0.46259175607001696 0.07462686567164178 0.026256352343308864
0 0.43142396127470756 0.466403162055336 0.002016942315449778 0.002258610954263128
0 0.48426784993949173 0.45948616600790515 0.07220653489310205 0.022303783173348392
0 0.5796692214602662 0.46047430830039526 0.08229124647035095 0.03896103896103896
0 0.663574021782977 0.45426312817617165 0.04033884630899556 0.0220214568040655
0 0.7297297297297297 0.4497459062676454 0.053247277127874144 0.025409373235460192
0 0.826946349334409 0.45115753811405984 0.09600645421540945 0.024280067758328628
0 0.2498991528842275 0.5141163184641445 0.20774505849132716 0.030491247882552232
0 0.4072206534893102 0.5098814229249012 0.0754336425978217 0.02258610954263128
0 0.5328761597418313 0.5070581592320723 0.13392496974586526 0.023715415019762844
0 0.654497781363453 0.5074816487859967 0.04477611940298507 0.03472614342179559
0 0.745663574021783 0.5022586109542632 0.09883017345703912 0.023150762281197064
0 0.8878580072609923 0.4977413890457369 0.16780960064542155 0.024844720496894408
0 0.1653892698668818 0.562111801242236 0.045986284792254944 0.03274985883681536
0 0.26058894715611136 0.562394127611519 0.1073013311819282 0.02766798418972332
0 0.43162565550625254 0.5599943534726144 0.19685356998789835 0.023433088650479956
0 0.5524405002016942 0.5599943534726144 0.020572811617587738 0.0036702428006775835
0 0.6171843485276322 0.5547713156408809 0.07745058491327148 0.024844720496894408
0 0.8110125050423558 0.5505364201016375 0.26099233561920127 0.03613777526821005
