0 0.1607503025413473 0.21626199887069453 0.02218636546994756 0.023150762281197064
0 0.23053650665590963 0.2171089779785432 0.06171843485276321 0.019198193111236588
0 0.32977006857603874 0.21174477696216826 0.09237595804759983 0.02710333145115754
0 0.4058087938684954 0.20525127046866176 0.008067769261799113 0.007340485601355167
0 0.45562726906010487 0.2140033879164314 0.0754336425978217 0.025409373235460192
0 0.5395320693828156 0.21174477696216826 0.05203711173860428 0.024844720496894408
0 0.6357402178297701 0.21146245059288538 0.10488100040338846 0.026538678712591756
0 0.7412263009277935 0.21569734613212874 0.07139975796692215 0.021456804065499716
0 0.8329971762807584 0.2111801242236025 0.063735377168213 0.026538678712591756
0 0.1926179911254538 0.2691981931112366 0.09640984267849939 0.03867871259175607
0 0.25010084711577246 0.2682100508187465 0.0024203307785397336 0.00282326369282891
0 0.2607906413876563 0.25508187464709203 0.007664380798709157 0.007622811970638058
0 0.2900363049616781 0.2641163184641446 0.003227107704719645 0.020609824957651044
0 0.37152077450584914 0.264257481648786 0.09197256958450989 0.029926595143986448
0 0.49173053650665594 0.2608695652173913 0.10488100040338846 0.026538678712591756
0 0.6111335215812828 0.2689158667419537 0.06776926179911255 0.03472614342179559
0 0.6682129891085115 0.269339356295878 0.003630496167809601 0.019762845849802372
0 0.7299314239612748 0.2658102766798419 0.056070996369503835 0.017221908526256352
0 0.7979023799919323 0.2673630717108978 0.029850746268656716 0.015245623941276116
0 0.22428398547801534 0.3178994918125353 0.1645824929407019 0.032185206098249576
0 0.3707139975796692 0.31197063805759456 0.0790641387656313 0.024280067758328628
0 0.47539330375151273 0.3123941276115189 0.07382008874546188 0.0251270468661773
0 0.5764421137555465 0.322557876905703 0.08309802339653086 0.026821005081874648
0 0.6780960064542154 0.3135234330886505 0.0653489310205728 0.023997741389045736
0 0.7325534489713594 0.32679277244494637 0.004033884630899556 0.017221908526256352
0 0.7690601048810004 0.31747600225861095 0.03993545784590561 0.018351214003387916
0 0.8408632513110125 0.31493506493506496 0.06010488100040339 0.017786561264822136
0 0.20492133924969747 0.36476566911349523 0.12505042355788623 0.04178430265386787
0 0.28378378378378377 0.3771880293619424 0.0028237192416296895 0.012422360248447204
0 0.31040742234772084 0.36462450592885376 0.02944735780556676 0.023433088650479956
0 0.40782573618394513 0.3697063805759458 0.1073013311819282 0.039243365330321855
0 0.509479628882614 0.3619424054206663 0.03711173860427592 0.025409373235460192
0 0.5935861234368697 0.3616600790513834 0.08108108108108109 0.028232636928289104
0 0.6609519967728923 0.36038961038961037 0.003630496167809601 0.020609824957651044
0 0.7297297297297297 0.3610954263128176 0.07987091569181122 0.02258610954263128
0 0.8037515127067366 0.3675889328063241 0.01734570391286809 0.01693958215697346
0 0.1954417103670835 0.4202428006775833 0.11415893505445744 0.040372670807453416
0 0.34409035901573215 0.4129023150762281 0.13311819281968534 0.028514963297571992
0 0.4598628479225494 0.4148785996612084 0.03469140782573618 0.017786561264822136
0 0.5316659943525616 0.41106719367588934 0.05647438483259379 0.024844720496894408
0 0.6698265429608713 0.41318464144551104 0.1843485276321097 0.026821005081874648
0 0.8305768455022187 0.4116318464144551 0.08229124647035095 0.023150762281197064
0 0.1789027833803953 0.46950875211744775 0.08430818878580072 0.020327498588368152
0 0.2390076643807987 0.47134387351778656 0.002016942315449778 0.001411631846414455
0 0.2656313029447358 0.4673913043478261 0.004437273093989512 0.023997741389045736
0 0.33884630899556273 0.47247317899491814 0.07180314643001211 0.029079616036137776
0 0.4352561516740621 0.4642857142857143 0.05486083098023396 0.027385657820440428
0 0.5231948366276724 0.46414455110107283 0.0782573618394514 0.024280067758328628
0 0.6155707946752723 0.46710897797854317 0.06212182331585317 0.03698475437605872
0 0.7037111738604276 0.46174477696216826 0.07624041952400161 0.027385657820440428
0 0.7676482452601856 0.4623094297007341 0.004840661557079467 0.02456239412761152
0 0.8204921339249698 0.4654150197628458 0.0645421540943929 0.01948051948051948
0 0.25857200484066156 0.5135516657255788 0.23154497781363453 0.032185206098249576
0 0.4580475998386446 0.5177865612648221 0.10125050423557887 0.023150762281197064
0 0.5528438886647842 0.5187747035573123 0.021379588543767647 0.014963297571993224
0 0.6389673255344898 0.5114342179559571 0.0927793465106898 0.027950310559006212
0 0.8118192819685357 0.5199040090344438 0.21742638160548608 0.042631281761716544
0 0.2436466317063332 0.5721343873517787 0.2008874546187979 0.04206662902315076
0 0.4007664380798709 0.5667701863354038 0.06494554255748286 0.021174477696216828
0 0.4594594594594595 0.5700169395821569 0.02016942315449778 0.01637492941840768
0 0.5623235175473982 0.5694522868435912 0.14521984671238403 0.04121964991530209
0 0.7293263412666398 0.5746753246753247 0.13311819281968534 0.040372670807453416
0 0.8810004033884631 0.5718520609824957 0.11375554659136748 0.037549407114624504
0 0.19564340459862847 0.6222473178994918 0.0927793465106898 0.0220214568040655
0 0.3356192012908431 0.6215415019762845 0.14925373134328357 0.04206662902315076
0 0.4709560306575232 0.614059853190288 0.07462686567164178 0.02710333145115754
0 0.5915691811214199 0.6273291925465838 0.1335215812827753 0.038396386222473176
0 0.7942718838241226 0.6147656691134952 0.22025010084711577 0.026256352343308864
0 0.17305365066559097 0.6674195369847544 0.04517950786607503 0.029926595143986448
0 0.2198467123840258 0.6693958215697347 0.009681323114158934 0.010728402032749858
0 0.2954820492133925 0.6699604743083004 0.09883017345703912 0.023150762281197064
0 0.4027833803953207 0.6678430265386787 0.06333198870512304 0.0251270468661773
0 0.5221863654699476 0.66600790513834 0.13513513513513514 0.02710333145115754
0 0.600847115772489 0.6760304912478825 0.002016942315449778 0.001976284584980237
0 0.6183945139169019 0.6571146245059288 0.00645421540943929 0.007622811970638058
