0 0.1553045582896329 0.21259175607001693 0.026623638563937072 0.018633540372670808
0 0.2254941508672852 0.21485036702428006 0.07503025413473174 0.020327498588368152
0 0.34288019362646227 0.21428571428571427 0.08309802339653086 0.023715415019762844
0 0.4538120209762001 0.2274138904573687 0.055667607906413875 0.025691699604743084
0 0.5306575231948366 0.21442687747035574 0.02864058087938685 0.021174477696216828
0 0.6242436466317063 0.21513269339356295 0.07866075030254134 0.021456804065499716
0 0.7509076240419524 0.21894409937888198 0.09963695038321904 0.03077357425183512
0 0.8465106897942719 0.21640316205533597 0.057684550221863654 0.022868435911914172
0 0.1444130697862041 0.26002258610954265 0.033884630899556276 0.029361942405420668
0 0.23497377974989916 0.2672219085262564 0.09237595804759983 0.025691699604743084
0 0.29164985881403793 0.2761151891586674 0.0016135538523598225 0.001129305477131564
0 0.34308188785800725 0.265527950310559 0.057684550221863654 0.022303783173348392
0 0.42073416700282373 0.2707509881422925 0.05244050020169423 0.03500846979107849
0 0.45320693828156516 0.2779503105590062 0.0060508269463493344 0.005928853754940711
0 0.5330778539733764 0.2670807453416149 0.10851149657119806 0.020327498588368152
0 0.6286809197256958 0.26242236024844723 0.04154901169826543 0.026256352343308864
0 0.7158128277531263 0.2632693393562959 0.06333198870512304 0.021739130434782608
0 0.7926583299717628 0.2717391304347826 0.04356595401371521 0.00818746470920384
0 0.8594191206131505 0.2660926030491248 0.06494554255748286 0.035290796160361376
0 0.16982654296087132 0.31874647092038394 0.08551835417507059 0.03500846979107849
0 0.21661960467930616 0.32933370976849236 0.005647438483259379 0.00818746470920384
0 0.28156514723678905 0.3123941276115189 0.08471157724889068 0.027385657820440428
0 0.3807987091569181 0.3177583286278938 0.041145623235175476 0.036420101637492944
0 0.44352561516740624 0.31507622811970637 0.040742234772085516 0.0220214568040655
0 0.5494150867285196 0.3169113495200452 0.11375554659136748 0.022868435911914172
0 0.7033077853973376 0.31620553359683795 0.14239612747075434 0.03500846979107849
0 0.8013311819281969 0.3142292490118577 0.06010488100040339 0.028232636928289104
0 0.18132311415893507 0.3695652173913043 0.10286405808793868 0.03387916431394692
0 0.30354981847519164 0.36391869000564653 0.09156918112141993 0.02766798418972332
0 0.3511496571198064 0.3759175607001694 0.002016942315449778 0.001976284584980237
0 0.41629689390883423 0.37125917560700167 0.06857603872529246 0.03896103896103896
0 0.5161355385235982 0.36307171089779783 0.0681726502622025 0.025974025974025976
0 0.6157724889068172 0.3651891586674195 0.050423557886244454 0.025691699604743084
0 0.7148043565954014 0.36829474872953133 0.07018959257765228 0.017221908526256352
0 0.8093989511899959 0.37351778656126483 0.05526421944332392 0.012422360248447204
0 0.17769261799112546 0.41826651609260307 0.08592174263816055 0.03077357425183512
0 0.26119402985074625 0.42179559570863917 0.030254134731746672 0.009599096555618294
0 0.3239209358612344 0.4233483907396951 0.028237192416296894 0.009316770186335404
0 0.3781766841468334 0.4158667419536985 0.03751512706736587 0.025974025974025976
0 0.4709560306575232 0.42292490118577075 0.06413876563130294 0.010163749294184076
0 0.5887454618797903 0.4129023150762281 0.09640984267849939 0.027385657820440428
0 0.6791044776119403 0.4162902315076228 0.057684550221863654 0.022868435911914172
0 0.7866075030254135 0.4168548842461886 0.11698265429608713 0.029644268774703556
0 0.1964501815248084 0.5163749294184077 0.1218233158531666 0.02710333145115754
0 0.34953610326744655 0.5180688876341051 0.10609116579265833 0.03162055335968379
0 0.4784187172246874 0.5158102766798419 0.06615570794675273 0.026538678712591756
0 0.5619201290843082 0.5158102766798419 0.048406615570794675 0.024280067758328628
0 0.6502622025010085 0.5186335403726708 0.07018959257765228 0.03387916431394692
0 0.7446551028640581 0.5153867871259176 0.0790641387656313 0.027385657820440428
0 0.8154497781363453 0.5145398080180689 0.043162565550625254 0.0251270468661773
0 0.16317063331988704 0.5626764539808018 0.06897942718838242 0.031055900621118012
0 0.28862444534086323 0.5664878599661208 0.11738604275917709 0.0251270468661773
0 0.3797902379991932 0.5667701863354038 0.02702702702702703 0.020609824957651044
0 0.4580475998386446 0.5667701863354038 0.07301331181928197 0.027385657820440428
0 0.5845098830173457 0.5774985883681536 0.13231141589350545 0.034161490683229816
0 0.7109721661960468 0.5678994918125353 0.07301331181928197 0.029644268774703556
0 0.7860024203307785 0.5698757763975155 0.08511496571198064 0.028514963297571992
0 0.20935861234368697 0.6173066064370413 0.15167406212182333 0.027385657820440428
0 0.34590560709963697 0.6197063805759458 0.040742234772085516 0.02766798418972332
0 0.41407825736183945 0.6184359119141728 0.043969342476805166 0.020609824957651044
0 0.5143202904396934 0.6175889328063241 0.06938281565147236 0.02456239412761152
0 0.6161758773699072 0.6250705815923208 0.04477611940298507 0.010728402032749858
0 0.7061315046389673 0.6256352343308865 0.07785397337636143 0.03387916431394692
0 0.7962888261395724 0.6263410502540937 0.020976200080677694 0.011575381140598532
0 0.1897942718838241 0.6736307171089779 0.11496571198063735 0.03162055335968379
0 0.30032271077047196 0.6667137210615471 0.03670835014118596 0.021174477696216828
0 0.35962081484469544 0.6703839638622248 0.02218636546994756 0.0189158667419537
0 0.4352561516740621 0.6743365330321852 0.08551835417507059 0.011575381140598532
0 0.5322710770471965 0.668548842461886 0.04961678096006454 0.023150762281197064
0 0.7008874546187979 0.6736307171089779 0.19241629689390882 0.032185206098249576
