0 0.1672045179507866 0.2137210615471485 0.040742234772085516 0.014116318464144552
0 0.2154094392900363 0.2121682665160926 0.03791851553045583 0.018351214003387916
0 0.29487696651875756 0.2180971202710333 0.10326744655102864 0.037549407114624504
0 0.3719241629689391 0.21132128740824394 0.01371520774505849 0.017221908526256352
0 0.41670028237192414 0.22035573122529645 0.05889471561113352 0.040372670807453416
0 0.48225090762404194 0.21315640880858272 0.03993545784590561 0.018633540372670808
0 0.5387252924566357 0.2106154714850367 0.045582896329164985 0.0220214568040655
0 0.609318273497378 0.20990965556182947 0.05929810407422348 0.020045172219085264
0 0.6823315853166599 0.208498023715415 0.05203711173860428 0.020609824957651044
0 0.7343686970552642 0.20835686053077357 0.025413473174667203 0.018633540372670808
0 0.8192819685356999 0.208498023715415 0.11133521581282775 0.021174477696216828
0 0.16659943525615167 0.26242236024844723 0.04356595401371521 0.021174477696216828
0 0.24526018555869303 0.2608695652173913 0.08874546187979024 0.0220214568040655
0 0.3358208955223881 0.2611518915866742 0.058491327148043566 0.02258610954263128
0 0.4102460669624849 0.268068887634105 0.053247277127874144 0.03867871259175607
0 0.4647035094796289 0.2641163184641446 0.023396530859217425 0.017221908526256352
0 0.49173053650665594 0.26228119706380576 0.014521984671238403 0.019762845849802372
0 0.5278338039532069 0.2607284020327499 0.027833803953206938 0.018351214003387916
0 0.5808793868495361 0.2627046866177301 0.05244050020169423 0.025691699604743084
0 0.6389673255344898 0.2586109542631282 0.04356595401371521 0.020327498588368152
0 0.7418313836224284 0.2621400338791643 0.11375554659136748 0.01948051948051948
0 0.8271480435659541 0.25945793337097683 0.030254134731746672 0.01693958215697346
0 0.19241629689390882 0.31309994353472614 0.08874546187979024 0.023150762281197064
0 0.2434449374747882 0.32284020327498586 0.003630496167809601 0.003105590062111801
0 0.2918515530455829 0.3142292490118577 0.058491327148043566 0.0220214568040655
0 0.3279548204921339 0.32792207792207795 0.004033884630899556 0.015527950310559006
0 0.36244453408632515 0.3145115753811406 0.03670835014118596 0.03162055335968379
0 0.4292053247277128 0.3142292490118577 0.063735377168213 0.029926595143986448
0 0.5145219846712384 0.3207227555053642 0.06494554255748286 0.037267080745341616
0 0.5707946752722872 0.31620553359683795 0.016135538523598225 0.012987012987012988
0 0.6347317466720451 0.31437041219649914 0.0754336425978217 0.01383399209486166
0 0.7010891488503429 0.31394692264257484 0.02743041549011698 0.03274985883681536
0 0.7870108914885035 0.3181818181818182 0.12020976200080678 0.039525691699604744
0 0.16962484872932634 0.3642010163749294 0.045582896329164985 0.021456804065499716
0 0.2515127067365873 0.3663184641445511 0.09398951189995966 0.020045172219085264
0 0.37676482452601856 0.3609542631281762 0.12585720048406615 0.026256352343308864
0 0.44917305365066557 0.3761998870694523 0.006857603872529245 0.012140033879164314
0 0.4764017749092376 0.3609542631281762 0.023396530859217425 0.023997741389045736
0 0.49495764421137556 0.37634105025409376 0.005647438483259379 0.010728402032749858
0 0.5312626058894716 0.36335403726708076 0.022589753933037516 0.018068887634105024
0 0.5738200887454619 0.36264822134387353 0.05526421944332392 0.03303218520609825
0 0.6050826946349335 0.37732919254658387 0.00645421540943929 0.016092603049124788
0 0.6468334005647438 0.3608130999435347 0.04477611940298507 0.019762845849802372
0 0.7206534893102057 0.36278938452851495 0.0609116579265833 0.01637492941840768
0 0.7847922549415087 0.3601072840203275 0.03751512706736587 0.034161490683229816
0 0.20229931423961275 0.4244776962168266 0.11012505042355789 0.0409373235460192
0 0.282170229931424 0.42504234895539245 0.026220250100847116 0.020045172219085264
0 0.3344090359015732 0.4153020892151327 0.06131504638967326 0.020892151326933936
0 0.41508672851956435 0.42419536984754375 0.06857603872529246 0.022868435911914172
0 0.4507866075030254 0.42377188029361945 0.003630496167809601 0.002258610954263128
0 0.499798305768455 0.41332580463015245 0.05970149253731343 0.0220214568040655
0 0.5768455022186365 0.41318464144551104 0.05889471561113352 0.021739130434782608
0 0.6659943525615167 0.41318464144551104 0.08390480032271078 0.020045172219085264
0 0.7345703912868092 0.41516092603049126 0.029043969342476807 0.017221908526256352
0 0.7626058894715612 0.41318464144551104 0.010891488503428802 0.021739130434782608
0 0.8156514723678903 0.4191134952004517 0.07583703106091166 0.03020892151326934
0 0.8565954013715208 0.4277244494635799 0.004437273093989512 0.007905138339920948
0 0.17930617184348527 0.47459062676453984 0.06897942718838242 0.02766798418972332
0 0.21964501815248083 0.48433088650479955 0.0052440500201694235 0.010446075663466968
0 0.25655506252521176 0.46950875211744775 0.03791851553045583 0.020892151326933936
0 0.30254134731746674 0.4683794466403162 0.03872529245663574 0.020892151326933936
0 0.3471157724889068 0.47162619988706944 0.01573215006050827 0.010446075663466968
0 0.3844292053247277 0.4733201581027668 0.042759177087535294 0.03190287972896669
0 0.4431222267043163 0.4658385093167702 0.04235578862444534 0.019762845849802372
0 0.47539330375151273 0.4762845849802372 0.003630496167809601 0.0033879164313946925
0 0.5195643404598629 0.467673630717109 0.04033884630899556 0.022868435911914172
0 0.5736183945139169 0.46823828345567475 0.03711173860427592 0.01948051948051948
0 0.6192012908430818 0.46414455110107283 0.035498184751916094 0.023715415019762844
0 0.6778943122226704 0.4712027103331451 0.04719645018152481 0.01355166572557877
0 0.7406212182331585 0.46612083568605306 0.041145623235175476 0.019762845849802372
0 0.8239209358612344 0.46725014116318464 0.08511496571198064 0.019198193111236588
0 0.16559096409842677 0.5714285714285714 0.0326744655102864 0.019198193111236588
0 0.22831787010891488 0.5742518351214003 0.06131504638967326 0.03162055335968379
0 0.29306171843485274 0.572557876905703 0.0318676885841065 0.032185206098249576
0 0.3666801129487697 0.5662055335968379 0.08148446954417103 0.022868435911914172
0 0.45118999596611536 0.5714285714285714 0.06252521177894312 0.012422360248447204
0 0.48951189995966116 0.5758046301524562 0.007664380798709157 0.002540937323546019
