0 0.2210568777732957 0.2155561829474873 0.15328761597418314 0.02456239412761152
0 0.3844292053247277 0.21795595708639187 0.07180314643001211 0.01637492941840768
0 0.5096813231141589 0.21852060982495766 0.0899556272690601 0.014680971202710334
0 0.6393707139975797 0.21569734613212874 0.11133521581282775 0.019198193111236588
0 0.7775312626058895 0.2186617730095991 0.0826946349334409 0.022868435911914172
0 0.8323920935861234 0.221485036702428 0.003630496167809601 0.001976284584980237
0 0.1607503025413473 0.26383399209486164 0.027833803953206938 0.018351214003387916
0 0.25655506252521176 0.26383399209486164 0.11052843888664785 0.017786561264822136
0 0.4134731746672045 0.27004517221908525 0.11617587736990723 0.014963297571993224
0 0.5286405808793868 0.2686335403726708 0.06575231948366277 0.015527950310559006
0 0.6593384429205325 0.27004517221908525 0.1383622428398548 0.016092603049124788
0 0.8204921339249698 0.2684923771880294 0.10972166196046793 0.015245623941276116
0 0.20229931423961275 0.3188876341050254 0.11173860427591771 0.01383399209486166
0 0.3676885841064946 0.31804065499717676 0.1617587736990722 0.021739130434782608
0 0.4582492940701896 0.3234048560135517 0.004033884630899556 0.009316770186335404
0 0.5266236385639371 0.3169113495200452 0.09237595804759983 0.0189158667419537
0 0.6440096813231142 0.3197346132128741 0.1044776119402985 0.023997741389045736
0 0.7722872125857201 0.31719367588932806 0.11496571198063735 0.020045172219085264
0 0.8553852359822509 0.3190287972896669 0.01653892698668818 0.002258610954263128
0 0.16276724485679708 0.3706945228684359 0.043969342476805166 0.014116318464144552
0 0.23033481242436465 0.37365894974590624 0.04679306171843485 0.009316770186335404
0 0.3467123840258169 0.3685770750988142 0.11093182734973779 0.014398644833427442
0 0.4396934247680516 0.36914172783738003 0.014521984671238403 0.002540937323546019
0 0.5102864058087939 0.36773009599096557 0.08713190802743041 0.013269339356295878
0 0.6623638563937071 0.37210615471485037 0.18233158531665994 0.025974025974025976
0 0.8402581686163776 0.36914172783738003 0.12827753126260588 0.020609824957651044
0 0.9074223477208552 0.37422360248447206 0.003630496167809601 0.001976284584980237
0 0.1718434852763211 0.41854884246188595 0.0790641387656313 0.021174477696216828
0 0.2615974183138362 0.4244776962168266 0.0052440500201694235 0.00818746470920384
0 0.3106091165792658 0.4168548842461886 0.06938281565147236 0.017786561264822136
0 0.40923759580476 0.4191134952004517 0.0609116579265833 0.016092603049124788
0 0.554255748285599 0.4168548842461886 0.13957240822912464 0.016092603049124788
0 0.6774909237595804 0.4193958215697346 0.040742234772085516 0.022868435911914172
0 0.7902379991932231 0.4184076792772445 0.10326744655102864 0.01693958215697346
0 0.19423154497781364 0.466403162055336 0.10851149657119806 0.019762845849802372
0 0.3325937878176684 0.46908526256352345 0.07462686567164178 0.017786561264822136
0 0.43283582089552236 0.4712027103331451 0.06212182331585317 0.010728402032749858
0 0.5663574021782977 0.47219085262563526 0.1565147236789028 0.03303218520609825
0 0.6791044776119403 0.4655561829474873 0.03670835014118596 0.014116318464144552
0 0.8128277531262605 0.4647092038396386 0.16700282371924163 0.018068887634105024
0 0.18737394110528438 0.5184923771880293 0.0891488503428802 0.0189158667419537
0 0.2833803953206938 0.5173630717108978 0.07382008874546188 0.018351214003387916
0 0.418313836224284 0.5203274985883681 0.08551835417507059 0.025974025974025976
0 0.5141185962081485 0.516798418972332 0.05203711173860428 0.0189158667419537
0 0.6143606292860024 0.5203274985883681 0.07745058491327148 0.021456804065499716
0 0.7361839451391691 0.5245623941276115 0.0782573618394514 0.012987012987012988
0 0.8317870108914885 0.5211744776962168 0.09762000806776926 0.017504234895539244
0 0.9007664380798709 0.525691699604743 0.003227107704719645 0.012422360248447204
0 0.22388059701492538 0.575098814229249 0.1508672851956434 0.026538678712591756
0 0.34045986284792257 0.5735460191981931 0.02581686163775716 0.010446075663466968
0 0.4318273497377975 0.5763692828910221 0.10770471964501815 0.027950310559006212
0 0.5175473981444131 0.577922077922078 0.004840661557079467 0.007340485601355167
0 0.6343283582089553 0.5735460191981931 0.19887051230334812 0.018351214003387916
0 0.8251311012505043 0.5784867306606437 0.08834207341670028 0.015810276679841896
0 0.17386042759177087 0.6233766233766234 0.045986284792254944 0.020892151326933936
0 0.23315853166599435 0.6264822134387352 0.026623638563937072 0.01129305477131564
0 0.3600242033077854 0.63085827216262 0.1690197660346914 0.020609824957651044
0 0.5413473174667205 0.629305477131564 0.127470754336426 0.018068887634105024
0 0.690399354578459 0.626764539808018 0.10125050423557887 0.014116318464144552
0 0.809197256958451 0.6305759457933371 0.07664380798709157 0.020609824957651044
0 0.21742638160548608 0.6739130434782609 0.1444130697862041 0.021456804065499716
0 0.39431222267043164 0.6743365330321852 0.14481645824929407 0.026256352343308864
0 0.5042355788624445 0.6794184076792772 0.004033884630899556 0.0036702428006775835
0 0.5492133924969745 0.6765951439864484 0.06978620411456232 0.01383399209486166
0 0.655304558289633 0.676171654432524 0.051230334812424366 0.024280067758328628
0 0.7424364663170633 0.6784302653867871 0.02864058087938685 0.00846979107848673
0 0.8590157321500606 0.6785714285714286 0.15611133521581283 0.020045172219085264
0 0.20976200080677693 0.7262845849802372 0.10810810810810811 0.022303783173348392
0 0.38967325534489716 0.7298136645962733 0.11778943122226704 0.029361942405420668
0 0.4554255748285599 0.7330604178430266 0.011294876966518758 0.005928853754940711
