0 0.15590964098426785 0.2124505928853755 0.056070996369503835 0.026256352343308864
0 0.22045179507866075 0.22840203274985885 0.06413876563130294 0.03500846979107849
0 0.2991125453812021 0.22529644268774704 0.09076240419524001 0.03613777526821005
0 0.36789027833803956 0.22656691134952003 0.04437273093989512 0.03472614342179559
0 0.4411052843888665 0.20990965556182947 0.07704719645018153 0.027950310559006212
0 0.5225897539330375 0.2100508187464709 0.05526421944332392 0.026538678712591756
0 0.5653489310205728 0.2106154714850367 0.027833803953206938 0.02766798418972332
0 0.6397741024606697 0.2161208356860531 0.11536910044372731 0.03811405985319029
0 0.72650262202501 0.20793337097684925 0.05405405405405406 0.03020892151326934
0 0.7946752722872126 0.20835686053077357 0.07018959257765228 0.030491247882552232
0 0.15933844292053248 0.2586109542631282 0.029850746268656716 0.031055900621118012
0 0.20471964501815249 0.2619988706945229 0.0326744655102864 0.025409373235460192
0 0.2680516337232755 0.26228119706380576 0.052843888664784185 0.032185206098249576
0 0.354578459056071 0.2701863354037267 0.08390480032271078 0.044607566346696784
0 0.47781363453005243 0.26665725578769056 0.145623235175474 0.04601919819311124
0 0.59116579265833 0.2649632975719932 0.052843888664784185 0.0409373235460192
0 0.6381605486083098 0.25818746470920384 0.042759177087535294 0.029644268774703556
0 0.7436466317063332 0.26143421795595706 0.14965711980637353 0.02766798418972332
0 0.845300524405002 0.2652456239412761 0.06010488100040339 0.023997741389045736
0 0.17587736990722067 0.3105590062111801 0.063735377168213 0.030491247882552232
0 0.23759580475998388 0.31733483907396953 0.020976200080677694 0.015245623941276116
0 0.3027430415490117 0.3186053077357425 0.08430818878580072 0.047713156408808584
0 0.3580072609923356 0.3190287972896669 0.0052440500201694235 0.00564652738565782
0 0.40742234772085517 0.3126764539808018 0.06292860024203308 0.02456239412761152
0 0.4651068979427188 0.31804065499717676 0.03630496167809601 0.013269339356295878
0 0.4854780153287616 0.3253811405985319 0.01653892698668818 0.01383399209486166
0 0.5467930617184349 0.3221343873517787 0.08108108108108109 0.0502540937323546
0 0.6478418717224688 0.30886504799548276 0.09116579265832997 0.02766798418972332
0 0.7587736990722065 0.32142857142857145 0.127470754336426 0.051665725578769056
0 0.22851956434045986 0.3681535855448899 0.17789431222267044 0.038396386222473176
0 0.3918918918918919 0.37323546019198195 0.11012505042355789 0.05533596837944664
0 0.5330778539733764 0.3629305477131564 0.13029447357805568 0.027950310559006212
0 0.627672448567971 0.36462450592885376 0.035498184751916094 0.014963297571993224
0 0.7174263816054861 0.3719649915302089 0.11657926583299717 0.04997176736307171
0 0.8055667607906414 0.366600790513834 0.04033884630899556 0.014963297571993224
0 0.8483259378781767 0.35926030491247885 0.03872529245663574 0.027385657820440428
0 0.20411456232351755 0.4129023150762281 0.14199273900766438 0.029644268774703556
0 0.30899556272690604 0.41727837380011296 0.063735377168213 0.02258610954263128
0 0.3973376361436063 0.424901185770751 0.100040338846309 0.054771315640880856
0 0.4784187172246874 0.41756070016939584 0.020976200080677694 0.01637492941840768
0 0.5078660750302542 0.4254658385093168 0.0572811617587737 0.030491247882552232
0 0.5853166599435257 0.40993788819875776 0.07745058491327148 0.03162055335968379
0 0.6551028640580879 0.41022021456804064 0.055667607906413875 0.03162055335968379
0 0.6956434045986285 0.4202428006775833 0.0028237192416296895 0.003105590062111801
0 0.7805566760790641 0.41741953698475437 0.14037918515530456 0.039243365330321855
0 0.17406212182331585 0.47939017504234893 0.07462686567164178 0.03613777526821005
0 0.27067365873336025 0.4642857142857143 0.08309802339653086 0.029079616036137776
0 0.3126260588947156 0.4798136645962733 0.021782977006857603 0.018351214003387916
0 0.3555869302137959 0.46852060982495763 0.04477611940298507 0.014963297571993224
0 0.47297297297297297 0.46414455110107283 0.1609519967728923 0.029926595143986448
0 0.5857200484066156 0.4697910784867307 0.05889471561113352 0.01355166572557877
0 0.6585316659943525 0.4666854884246189 0.09883017345703912 0.05194805194805195
0 0.736789027833804 0.4699322416713721 0.051230334812424366 0.05223037831733484
0 0.8100040338846309 0.4696499153020892 0.11536910044372731 0.0471485036702428
0 0.181726502622025 0.5153867871259176 0.08430818878580072 0.027950310559006212
0 0.2874142799515934 0.5145398080180689 0.09237595804759983 0.029644268774703556
0 0.4483662767244857 0.5223037831733484 0.2117789431222267 0.042348955392433656
0 0.6879790237999194 0.5143986448334275 0.20774505849132716 0.029361942405420668
0 0.8309802339653086 0.5135516657255788 0.041145623235175476 0.026538678712591756
0 0.21117386042759176 0.5719932241671372 0.13674868898749495 0.04799548277809147
0 0.336022589753933 0.5726990400903444 0.11133521581282775 0.042631281761716544
0 0.43828156514723676 0.5652173913043478 0.07139975796692215 0.025409373235460192
0 0.5443727309398951 0.5736871823828346 0.1335215812827753 0.05420666290231508
0 0.6476401774909237 0.5629587803500847 0.035901573215006054 0.03557312252964427
0 0.6932230738200887 0.5628176171654432 0.0463896732553449 0.027385657820440428
0 0.7958854376764825 0.5746753246753247 0.14037918515530456 0.0533596837944664
