0 0.16760790641387657 0.21781479390175043 0.0391286809197257 0.020609824957651044
0 0.2747075433642598 0.21908526256352343 0.1145623235175474 0.018633540372670808
0 0.4080274304154901 0.21922642574816487 0.11093182734973779 0.0189158667419537
0 0.5209762000806777 0.21908526256352343 0.08753529649052037 0.020327498588368152
0 0.6103267446551028 0.220214568040655 0.0653489310205728 0.018633540372670808
0 0.7210568777732956 0.21852060982495766 0.1254538120209762 0.020327498588368152
0 0.8241226300927793 0.22106154714850368 0.05486083098023396 0.018633540372670808
0 0.2525211778943122 0.2758328627893845 0.22509076240419523 0.03387916431394692
0 0.46248487293263413 0.27032749858836813 0.15853166599435256 0.01948051948051948
0 0.5982250907624042 0.27216261998870694 0.07341670028237192 0.014116318464144552
0 0.6425978217022993 0.2769621682665161 0.004033884630899556 0.00282326369282891
0 0.6891891891891891 0.27004517221908525 0.056070996369503835 0.017786561264822136
0 0.8031464300121016 0.2780914737436477 0.13876563130294473 0.03274985883681536
0 0.2845905607099637 0.32058159232072275 0.2900363049616781 0.020045172219085264
0 0.5393303751512707 0.32481648785996614 0.18797902379991932 0.028514963297571992
0 0.7121823315853166 0.32580463015245625 0.13755546591367487 0.026538678712591756
0 0.7876159741831383 0.33272162619988704 0.006857603872529245 0.009316770186335404
0 0.8303751512706736 0.32396950875211744 0.05526421944332392 0.017786561264822136
0 0.2535296490520371 0.3746470920383964 0.2263009277934651 0.025974025974025976
0 0.4219443323920936 0.3715415019762846 0.08309802339653086 0.019762845849802372
0 0.4943525615167406 0.37238848108413325 0.03509479628882614 0.018068887634105024
0 0.5982250907624042 0.37634105025409376 0.1427995159338443 0.023715415019762844
0 0.7230738200887454 0.3709768492377188 0.07059298104074223 0.019762845849802372
0 0.23235175473981445 0.4277244494635799 0.1855586930213796 0.033314511575381144
0 0.43485276321097216 0.4222190852625635 0.19281968535699878 0.021174477696216828
0 0.5379185155304558 0.43252399774138905 0.01008471157724889 0.014116318464144552
0 0.5867285195643405 0.4243365330321852 0.05687777329568374 0.015810276679841896
0 0.662767244856797 0.4267363071710898 0.06857603872529246 0.014398644833427442
0 0.7773295683743445 0.4264539808018069 0.14602662363856395 0.026256352343308864
0 0.15490116982654295 0.4709203839638622 0.03469140782573618 0.018068887634105024
0 0.22730939895118998 0.4719085262563523 0.07785397337636143 0.021174477696216828
0 0.34933440903590157 0.4720496894409938 0.12424364663170634 0.020327498588368152
0 0.46430012101653895 0.47346132128740825 0.06696248487293263 0.019198193111236588
0 0.5399354578459056 0.4731789949181254 0.05445744251714401 0.018068887634105024
0 0.6670028237192416 0.4772727272727273 0.1674062121823316 0.023997741389045736
0 0.8223073820088745 0.47444946357989837 0.13110125050423557 0.020045172219085264
0 0.1980637353771682 0.5206098249576511 0.11617587736990723 0.0220214568040655
0 0.26643807987091567 0.5289384528514963 0.0060508269463493344 0.010446075663466968
0 0.3118192819685357 0.5210333145115754 0.06292860024203308 0.018351214003387916
0 0.38463089955627267 0.5239977413890458 0.0536506655909641 0.018633540372670808
0 0.5314643001210165 0.5287972896668549 0.19483662767244858 0.03162055335968379
0 0.663574021782977 0.525691699604743 0.04679306171843485 0.01355166572557877
0 0.7480839048003227 0.5287972896668549 0.09479628882613957 0.026538678712591756
0 0.20270270270270271 0.5755223037831734 0.12787414279951592 0.026256352343308864
0 0.2920532472771279 0.5753811405985318 0.022589753933037516 0.012422360248447204
0 0.3711173860427592 0.573828345567476 0.08551835417507059 0.01948051948051948
0 0.46672045179507865 0.5760869565217391 0.06776926179911255 0.013269339356295878
0 0.554860830980234 0.5773574251835122 0.09802339653085922 0.029361942405420668
0 0.6516740621218233 0.5760869565217391 0.07624041952400161 0.018351214003387916
0 0.7146026623638564 0.575098814229249 0.03428801936264623 0.017504234895539244
0 0.8196853569987899 0.5762281197063805 0.15167406212182333 0.020892151326933936
0 0.2392093586123437 0.63085827216262 0.20653489310205728 0.03359683794466403
0 0.37938684953610324 0.6252117447769622 0.02864058087938685 0.018351214003387916
0 0.4279951593384429 0.6245059288537549 0.03711173860427592 0.018068887634105024
0 0.5199677289229528 0.63085827216262 0.12505042355788623 0.023997741389045736
0 0.654497781363453 0.6245059288537549 0.11980637353771682 0.020892151326933936
0 0.7664380798709157 0.6259175607001694 0.07503025413473174 0.019198193111236588
0 0.8376361436062929 0.6261998870694523 0.056070996369503835 0.019762845849802372
0 0.2008874546187979 0.6782891022021457 0.12263009277934651 0.03020892151326934
0 0.3229124647035095 0.6736307171089779 0.08027430415490117 0.019762845849802372
0 0.4062121823315853 0.6730660643704122 0.03469140782573618 0.018633540372670808
0 0.49415086728519564 0.6785714285714286 0.10488100040338846 0.025691699604743084
0 0.5974183138362242 0.6767363071710898 0.07018959257765228 0.014680971202710334
0 0.7075433642597821 0.682523997741389 0.13150463896732553 0.03020892151326934
0 0.7922549415086728 0.6751835121400339 0.016135538523598225 0.003105590062111801
0 0.8386446147640177 0.6771597967250141 0.06696248487293263 0.020609824957651044
0 0.23981444130697863 0.724025974025974 0.2117789431222267 0.01948051948051948
0 0.3781766841468334 0.7241671372106154 0.02864058087938685 0.019198193111236588
0 0.509076240419524 0.7267080745341615 0.17265026220250101 0.024844720496894408
0 0.5927793465106898 0.7340485601355167 0.003630496167809601 0.002258610954263128
