0 0.1510689794271884 0.2766798418972332 0.06252521177894312 0.02710333145115754
0 0.2589753933037515 0.2732919254658385 0.11294876966518758 0.02766798418972332
0 0.326946349334409 0.28740824392998304 0.004437273093989512 0.01129305477131564
0 0.3646631706333199 0.2792207792207792 0.03307785397337636 0.034443817052512704
0 0.418112141992739 0.27343308865047994 0.03428801936264623 0.025691699604743084
0 0.463896732553449 0.2720214568040655 0.03146430012101654 0.029079616036137776
0 0.537111738604276 0.27117447769621683 0.08108108108108109 0.028514963297571992
0 0.6341266639774102 0.2683512140033879 0.06696248487293263 0.03190287972896669
0 0.7450584913271481 0.2696216826651609 0.10568777732956837 0.029361942405420668
0 0.854175070592981 0.2686335403726708 0.08592174263816055 0.028514963297571992
0 0.9007664380798709 0.2844438170525127 0.007260992335619202 0.01101072840203275
0 0.14199273900766438 0.3219932241671372 0.017749092375958047 0.026821005081874648
0 0.25110931827349736 0.33229813664596275 0.11254538120209762 0.04178430265386787
0 0.3414683340056474 0.3298983625070582 0.01573215006050827 0.014963297571993224
0 0.43485276321097216 0.3222755505364201 0.10407422347720856 0.03020892151326934
0 0.5296490520371118 0.3269339356295878 0.029850746268656716 0.01355166572557877
0 0.5960064542154094 0.32156973461321287 0.04477611940298507 0.026538678712591756
0 0.6897942718838241 0.327639751552795 0.08067769261799113 0.041501976284584984
0 0.791246470350948 0.32058159232072275 0.07866075030254134 0.022303783173348392
0 0.19967728922952804 0.43167701863354035 0.16216216216216217 0.037267080745341616
0 0.38483259378781765 0.4244776962168266 0.1565147236789028 0.03077357425183512
0 0.5290439693424768 0.4203839638622247 0.07382008874546188 0.029361942405420668
0 0.6183945139169019 0.423630717108978 0.048406615570794675 0.026821005081874648
0 0.6740621218233158 0.41883116883116883 0.02581686163775716 0.028514963297571992
0 0.7785397337636144 0.42066629023150764 0.15167406212182333 0.032185206098249576
0 0.18939088342073418 0.4817899491812535 0.14481645824929407 0.03867871259175607
0 0.3192819685356999 0.4743083003952569 0.0326744655102864 0.025409373235460192
0 0.3745461879790238 0.474025974025974 0.03428801936264623 0.026538678712591756
0 0.4584509883017346 0.4723320158102767 0.07139975796692215 0.028232636928289104
0 0.5403388463089955 0.4720496894409938 0.0391286809197257 0.033314511575381144
0 0.6589350544574425 0.4761434217955957 0.17708753529649052 0.03472614342179559
0 0.7609923356192013 0.4823546019198193 0.004437273093989512 0.004234895539243365
0 0.8166599435256152 0.4699322416713721 0.08592174263816055 0.027385657820440428
0 0.17749092375958048 0.5224449463579899 0.10165389269866881 0.03077357425183512
0 0.2755143202904397 0.5231507622811971 0.03307785397337636 0.025974025974025976
0 0.3662767244856797 0.5235742518351214 0.11052843888664785 0.026821005081874648
0 0.5703912868091973 0.5217391304347826 0.23719241629689392 0.029361942405420668
0 0.7297297297297297 0.5287972896668549 0.035498184751916094 0.03896103896103896
0 0.8098023396530859 0.5268210050818747 0.0891488503428802 0.01637492941840768
0 0.18676885841064947 0.6259175607001694 0.1218233158531666 0.02766798418972332
0 0.2573618394513917 0.642292490118577 0.009681323114158934 0.011857707509881422
0 0.3061718434852763 0.6253529079616036 0.05163372327551432 0.02710333145115754
0 0.381605486083098 0.6254940711462451 0.04679306171843485 0.0251270468661773
0 0.4703509479628883 0.6259175607001694 0.09762000806776926 0.024844720496894408
0 0.5486083098023397 0.6252117447769622 0.01936264622831787 0.0251270468661773
0 0.6282775312626059 0.6240824392998306 0.06736587333602259 0.029079616036137776
0 0.7033077853973376 0.6208356860530774 0.05203711173860428 0.025974025974025976
0 0.8374344493747479 0.6233766233766234 0.16216216216216217 0.02766798418972332
0 0.13493344090359016 0.6760304912478825 0.033481242436466316 0.027950310559006212
0 0.24324324324324326 0.6746188594014682 0.14118596208148446 0.028514963297571992
0 0.3701089148850343 0.6758893280632411 0.06333198870512304 0.025974025974025976
0 0.5024203307785398 0.6746188594014682 0.14320290439693426 0.026821005081874648
0 0.5784590560709963 0.6832298136645962 0.004840661557079467 0.003952569169960474
0 0.6224283985478015 0.6717955957086392 0.060508269463493344 0.027950310559006212
0 0.6776926179911255 0.6716544325239977 0.017749092375958047 0.024844720496894408
0 0.7408229124647036 0.6716544325239977 0.05445744251714401 0.026538678712591756
0 0.8160548608309802 0.6709486166007905 0.045986284792254944 0.029079616036137776
0 0.8926986688180718 0.6702428006775832 0.08067769261799113 0.03896103896103896
0 0.918313836224284 0.6894409937888198 0.00927793465106898 0.010163749294184076
0 0.13150463896732553 0.7326369282891022 0.026623638563937072 0.014116318464144552
0 0.18777732956837434 0.7285431959345002 0.030254134731746672 0.027950310559006212
0 0.27188382412263007 0.7282608695652174 0.0782573618394514 0.029079616036137776
0 0.36607503025413474 0.7268492377188029 0.0463896732553449 0.026821005081874648
0 0.4509883017345704 0.7279785431959345 0.07341670028237192 0.026821005081874648
0 0.6016538926986689 0.7296725014116319 0.1811214199273901 0.039243365330321855
0 0.7892295280354982 0.7254376058723885 0.14400968132311415 0.0251270468661773
0 0.9066155707946753 0.7269904009034444 0.06252521177894312 0.028232636928289104
