0 0.21944332392093585 0.27555053642010163 0.14602662363856395 0.018068887634105024
0 0.336224283985478 0.2776679841897233 0.06171843485276321 0.03077357425183512
0 0.3717224687373941 0.282326369282891 0.014925373134328358 0.01637492941840768
0 0.4126663977410246 0.2795031055900621 0.041145623235175476 0.009599096555618294
0 0.45482049213392495 0.2792207792207792 0.03509479628882614 0.00846979107848673
0 0.5100847115772489 0.274703557312253 0.04719645018152481 0.019198193111236588
0 0.6032674465510286 0.2748447204968944 0.10770471964501815 0.018351214003387916
0 0.7212585720048407 0.27837380011293056 0.10810810810810811 0.03274985883681536
0 0.7797498991528842 0.2831733483907397 0.003227107704719645 0.0033879164313946925
0 0.8352158128277531 0.27428006775832864 0.08108108108108109 0.021174477696216828
0 0.21157724889068172 0.3290513833992095 0.1327148043565954 0.028514963297571992
0 0.3344090359015732 0.32298136645962733 0.08632513110125051 0.020327498588368152
0 0.3963291649858814 0.32284020327498586 0.021379588543767647 0.020609824957651044
0 0.4398951189995966 0.32241671372106157 0.035901573215006054 0.0220214568040655
0 0.49858814037918514 0.3290513833992095 0.042759177087535294 0.03020892151326934
0 0.54497781363453 0.3284867306606437 0.03469140782573618 0.023433088650479956
0 0.5780556676079064 0.3294748729531338 0.01371520774505849 0.006775832862789385
0 0.6296893908834207 0.3272162619988707 0.07422347720855184 0.028232636928289104
0 0.7418313836224284 0.3346979107848673 0.12020976200080678 0.03303218520609825
0 0.8093989511899959 0.33483907396950874 0.0052440500201694235 0.0033879164313946925
0 0.846107301331182 0.3274985883681536 0.03993545784590561 0.019198193111236588
0 0.21319080274304156 0.37761151891586675 0.12303348124243646 0.029079616036137776
0 0.3473174667204518 0.37676453980801805 0.10246066962484873 0.0189158667419537
0 0.4427188382412263 0.37210615471485037 0.02944735780556676 0.021456804065499716
0 0.509883017345704 0.37704686617730093 0.07180314643001211 0.016657255787690572
0 0.5929810407422348 0.37295313382269907 0.0500201694231545 0.023150762281197064
0 0.6678096006454215 0.3784584980237154 0.07704719645018153 0.02456239412761152
0 0.7394110528438886 0.3800112930547713 0.033884630899556276 0.028797289666854884
0 0.8158531665994353 0.382128740824393 0.11254538120209762 0.020045172219085264
0 0.19987898346107302 0.4234895539243365 0.10044372730939895 0.025409373235460192
0 0.2880193626462283 0.42715979672501414 0.03307785397337636 0.014680971202710334
0 0.3473174667204518 0.42504234895539245 0.05889471561113352 0.02456239412761152
0 0.4497781363453005 0.42476002258610956 0.09035901573215006 0.021174477696216828
0 0.49294070189592576 0.43690005646527386 0.007260992335619202 0.007058159232072276
0 0.54538120209762 0.43365330321852064 0.07180314643001211 0.018633540372670808
0 0.5784590560709963 0.43774703557312256 0.008067769261799113 0.010446075663466968
0 0.645018152480839 0.4256070016939582 0.09197256958450989 0.021739130434782608
0 0.6899959661153691 0.44000564652738566 0.01573215006050827 0.012704686617730096
0 0.7787414279951593 0.4301242236024845 0.14158935054457442 0.02456239412761152
0 0.8481242436466317 0.43788819875776397 0.007664380798709157 0.007340485601355167
0 0.17789431222267044 0.4762845849802372 0.05970149253731343 0.01693958215697346
0 0.31766841468334006 0.48009599096555616 0.17870108914885036 0.03359683794466403
0 0.5096813231141589 0.4808018068887634 0.1617587736990722 0.032185206098249576
0 0.5982250907624042 0.48560135516657255 0.005647438483259379 0.003952569169960474
0 0.6651875756353368 0.47501411631846413 0.08551835417507059 0.02456239412761152
0 0.746268656716418 0.474025974025974 0.048406615570794675 0.02258610954263128
0 0.21137555465913674 0.5856860530773574 0.13795885437676483 0.02456239412761152
0 0.33662767244856795 0.5758046301524562 0.051230334812424366 0.022303783173348392
0 0.4526018555869302 0.5813099943534726 0.14683340056474384 0.019762845849802372
0 0.6484469544171036 0.5866741953698476 0.17305365066559097 0.025409373235460192
0 0.7757160145219847 0.5824392998306042 0.03227107704719645 0.025409373235460192
0 0.8202904396934247 0.5759457933370977 0.051230334812424366 0.020892151326933936
0 0.18576038725292457 0.6280350084697911 0.07462686567164178 0.021174477696216828
0 0.2920532472771279 0.6349520045172219 0.07260992335619201 0.026538678712591756
0 0.37333602258975396 0.633399209486166 0.035901573215006054 0.03077357425183512
0 0.4173053650665591 0.6335403726708074 0.01573215006050827 0.007905138339920948
0 0.4923356192012908 0.6263410502540937 0.07139975796692215 0.02456239412761152
0 0.6171843485276322 0.6349520045172219 0.12263009277934651 0.039525691699604744
0 0.6869705526421944 0.6350931677018633 0.007260992335619202 0.002540937323546019
