0 0.16680112948769665 0.288961038961039 0.06655909640984267 0.015527950310559006
0 0.2617991125453812 0.29460756634669677 0.06212182331585317 0.021739130434782608
0 0.3598225090762404 0.29164313946922643 0.063735377168213 0.015245623941276116
0 0.44332392093586126 0.29672501411631846 0.05244050020169423 0.020892151326933936
0 0.5123033481242436 0.2941840767927724 0.03711173860427592 0.010163749294184076
0 0.5480032271077048 0.2987012987012987 0.002016942315449778 0.00564652738565782
0 0.6119402985074627 0.2922077922077922 0.07583703106091166 0.018633540372670808
0 0.6938281565147236 0.294042913608131 0.01855586930213796 0.016092603049124788
0 0.7922549415086728 0.3016657255787691 0.127470754336426 0.026256352343308864
0 0.18777732956837434 0.3471202710333145 0.10205728116175877 0.018351214003387916
0 0.28499394917305365 0.34076792772444947 0.020572811617587738 0.015245623941276116
0 0.3567970956030658 0.34627329192546585 0.0536506655909641 0.0251270468661773
0 0.4663170633319887 0.34782608695652173 0.09842678499394918 0.015245623941276116
0 0.6206131504638968 0.3469791078486731 0.1262605889471561 0.024844720496894408
0 0.6924162968939088 0.35220214568040653 0.0028237192416296895 0.007058159232072276
0 0.7373941105284388 0.34316770186335405 0.04437273093989512 0.014963297571993224
0 0.8206938281565147 0.3440146809712027 0.057684550221863654 0.017786561264822136
0 0.1708350141185962 0.3910220214568041 0.06494554255748286 0.01355166572557877
0 0.2658329971762808 0.39384528514963296 0.033884630899556276 0.010728402032749858
0 0.37232755143202906 0.39285714285714285 0.10084711577248891 0.015527950310559006
0 0.4691407825736184 0.3921513269339356 0.021782977006857603 0.01355166572557877
0 0.5373134328358209 0.40118577075098816 0.060508269463493344 0.02258610954263128
0 0.6415893505445744 0.3929983060417843 0.10044372730939895 0.018068887634105024
0 0.7103670835014119 0.40062111801242234 0.003227107704719645 0.0033879164313946925
0 0.7626058894715612 0.39412761151891584 0.06252521177894312 0.017504234895539244
0 0.836627672448568 0.3956804065499718 0.03872529245663574 0.014963297571993224
0 0.19584509883017345 0.441699604743083 0.11173860427591771 0.018351214003387916
0 0.3106091165792658 0.44367588932806323 0.04356595401371521 0.013269339356295878
0 0.3979427188382412 0.44155844155844154 0.06333198870512304 0.015245623941276116
0 0.49737797498991526 0.4449463579898362 0.05889471561113352 0.024844720496894408
0 0.5931827349737797 0.4453698475437606 0.052843888664784185 0.015527950310559006
0 0.6787010891488503 0.44805194805194803 0.051230334812424366 0.023715415019762844
0 0.7829770068576039 0.4459345002823264 0.0927793465106898 0.015527950310559006
0 0.8418717224687374 0.4536984754376059 0.0024203307785397336 0.007340485601355167
0 0.15832997176280758 0.4923771880293619 0.04235578862444534 0.014680971202710334
0 0.23477208551835418 0.4922360248447205 0.03953206938281565 0.01383399209486166
0 0.34973779749899153 0.49407114624505927 0.11052843888664785 0.015245623941276116
0 0.4489713594191206 0.4928006775832863 0.02501008471157725 0.015527950310559006
0 0.5056474384832593 0.4944946357989836 0.03751512706736587 0.014398644833427442
0 0.6014521984671238 0.4944946357989836 0.08874546187979024 0.014963297571993224
0 0.6988705123033482 0.4980237154150198 0.04719645018152481 0.01129305477131564
0 0.8170633319887052 0.501270468661773 0.1319080274304155 0.0251270468661773
0 0.20129084308188785 0.5430547713156408 0.13150463896732553 0.014963297571993224
0 0.33299717628075837 0.5443252399774139 0.06494554255748286 0.017504234895539244
0 0.4209358612343687 0.5475719932241672 0.04235578862444534 0.008752117447769622
0 0.4903186768858411 0.5430547713156408 0.045582896329164985 0.017221908526256352
0 0.563735377168213 0.5424901185770751 0.056070996369503835 0.017786561264822136
0 0.654497781363453 0.5463015245623941 0.07704719645018153 0.019198193111236588
0 0.7382008874546188 0.5479954827780915 0.04195240016135539 0.01129305477131564
0 0.8285599031867689 0.5472896668548842 0.08632513110125051 0.015527950310559006
0 0.14844695441710368 0.5945793337097685 0.024203307785397338 0.01129305477131564
0 0.2244856797095603 0.5924618859401468 0.045582896329164985 0.016092603049124788
0 0.3217022993142396 0.59472049689441 0.07462686567164178 0.015527950310559006
0 0.4116579265832997 0.597261434217956 0.03751512706736587 0.020609824957651044
0 0.48507462686567165 0.5941558441558441 0.03751512706736587 0.014963297571993224
0 0.5629286002420331 0.5941558441558441 0.06010488100040339 0.013269339356295878
0 0.6306978620411456 0.5951439864483343 0.021379588543767647 0.015245623941276116
0 0.6837434449374747 0.5958498023715415 0.03953206938281565 0.013269339356295878
0 0.780960064542154 0.5976849237718803 0.08955223880597014 0.015245623941276116
0 0.163574021782977 0.6429983060417843 0.045582896329164985 0.021174477696216828
0 0.19685356998789835 0.6500564652738566 0.003227107704719645 0.003105590062111801
0 0.27269060104881 0.6465273856578204 0.0645421540943929 0.021456804065499716
0 0.3656716417910448 0.6435629587803501 0.052843888664784185 0.016092603049124788
0 0.4356595401371521 0.6487859966120836 0.03307785397337636 0.009034443817052512
0 0.5381202097620008 0.6490683229813664 0.1073013311819282 0.023150762281197064
0 0.6385639370713998 0.6503387916431395 0.048406615570794675 0.0251270468661773
0 0.6835417507059298 0.6548560135516657 0.002016942315449778 0.006493506493506494
0 0.7488906817265026 0.6516092603049125 0.11093182734973779 0.02258610954263128
0 0.8662767244856797 0.6486448334274422 0.056070996369503835 0.015527950310559006
0 0.17587736990722067 0.6981931112365894 0.06857603872529246 0.021456804065499716
0 0.2757160145219847 0.6988989271597967 0.07704719645018153 0.0251270468661773
0 0.33219039935457845 0.7052512704686618 0.002016942315449778 0.006211180124223602
0 0.38019362646228316 0.6943817052512705 0.03993545784590561 0.016092603049124788
0 0.47115772488906815 0.6964991530208922 0.08229124647035095 0.01355166572557877
0 0.5762404195240016 0.6988989271597967 0.06494554255748286 0.010446075663466968
0 0.6468334005647438 0.6979107848673066 0.02379991932230738 0.01355166572557877
0 0.7137958854376765 0.6966403162055336 0.030254134731746672 0.015527950310559006
0 0.7960871319080274 0.6967814793901751 0.057684550221863654 0.015245623941276116
0 0.18152480839048002 0.743365330321852 0.07583703106091166 0.015245623941276116
0 0.31988705123033484 0.7473178994918125 0.10488100040338846 0.023150762281197064
0 0.41750705929810406 0.7440711462450593 0.022589753933037516 0.016657255787690572
0 0.4901169826542961 0.7457651044607566 0.03791851553045583 0.01383399209486166
0 0.5875352964905204 0.7466120835686053 0.09318273497377975 0.014963297571993224
0 0.6920129084308189 0.7477413890457368 0.026220250100847116 0.01383399209486166
0 0.7745058491327148 0.7504234895539243 0.07018959257765228 0.009034443817052512
0 0.8241226300927793 0.7532467532467533 0.005647438483259379 0.002258610954263128
