0 0.17789431222267044 0.2780914737436477 0.07180314643001211 0.025974025974025976
0 0.3239209358612344 0.2795031055900621 0.19120613150463897 0.024844720496894408
0 0.4762000806776926 0.2737154150197628 0.07785397337636143 0.017221908526256352
0 0.5304558289632917 0.2844438170525127 0.007260992335619202 0.009881422924901186
0 0.563937071399758 0.2761151891586674 0.03065752319483663 0.015245623941276116
0 0.6928196853569988 0.2779503105590062 0.17950786607503025 0.0251270468661773
0 0.8317870108914885 0.2745623941276115 0.06212182331585317 0.017221908526256352
0 0.21198063735377168 0.3310276679841897 0.14481645824929407 0.028514963297571992
0 0.33884630899556273 0.32396950875211744 0.06696248487293263 0.016657255787690572
0 0.41044776119402987 0.3242518351214003 0.033481242436466316 0.01383399209486166
0 0.518152480839048 0.3242518351214003 0.14965711980637353 0.017221908526256352
0 0.6081081081081081 0.3300395256916996 0.002016942315449778 0.002258610954263128
0 0.6427995159338443 0.3255223037831734 0.035901573215006054 0.015245623941276116
0 0.7137958854376765 0.325098814229249 0.06978620411456232 0.015527950310559006
0 0.7942718838241226 0.32594579333709767 0.050826946349334406 0.015527950310559006
0 0.17144009681323114 0.37549407114624506 0.06131504638967326 0.014680971202710334
0 0.2434449374747882 0.3743647656691135 0.05526421944332392 0.015245623941276116
0 0.36405808793868494 0.38099943534726144 0.13916901976603469 0.022303783173348392
0 0.47135941912061313 0.37888198757763975 0.02864058087938685 0.024280067758328628
0 0.5155304558289633 0.3756352343308865 0.02581686163775716 0.011575381140598532
0 0.5919725695845098 0.3804347826086957 0.09479628882613957 0.022868435911914172
0 0.7555465913674869 0.3845285149632976 0.19846712384025816 0.03274985883681536
0 0.8604275917708754 0.384669678147939 0.009681323114158934 0.01101072840203275
0 0.16680112948769665 0.4257481648785997 0.05203711173860428 0.018068887634105024
0 0.254739814441307 0.42617165443252397 0.08834207341670028 0.014963297571993224
0 0.33945139169019767 0.42504234895539245 0.035901573215006054 0.014963297571993224
0 0.41206131504638965 0.42715979672501414 0.08430818878580072 0.01693958215697346
0 0.4828559903186769 0.42758328627893843 0.035498184751916094 0.01383399209486166
0 0.5552642194433239 0.4268774703557312 0.07785397337636143 0.014680971202710334
0 0.6311012505042356 0.42758328627893843 0.05929810407422348 0.014963297571993224
0 0.7301331181928197 0.42603049124788256 0.11133521581282775 0.015810276679841896
0 0.8196853569987899 0.424901185770751 0.03065752319483663 0.02258610954263128
0 0.17668414683340056 0.4858836815358554 0.07745058491327148 0.025974025974025976
0 0.2876159741831384 0.4754376058723885 0.10165389269866881 0.01693958215697346
0 0.3467123840258169 0.4826369282891022 0.0028237192416296895 0.002540937323546019
0 0.3582089552238806 0.46922642574816487 0.008067769261799113 0.004517221908526256
0 0.39854780153287617 0.47699040090344436 0.060508269463493344 0.016657255787690572
0 0.4957644211375555 0.4850367024280068 0.1073013311819282 0.03274985883681536
0 0.6167809600645422 0.47656691134952006 0.08793868495361033 0.015245623941276116
0 0.699677289229528 0.4817899491812535 0.02944735780556676 0.026256352343308864
0 0.7428398547801532 0.4720496894409938 0.010891488503428802 0.006775832862789385
0 0.8021379588543768 0.4782608695652174 0.09560306575231949 0.01637492941840768
0 0.1801129487696652 0.5255505364201016 0.07946752722872126 0.017786561264822136
0 0.22569584509883017 0.5200451722190853 0.006857603872529245 0.00564652738565782
0 0.26300927793465106 0.5276679841897233 0.022589753933037516 0.015245623941276116
0 0.3217022993142396 0.5280914737436476 0.06655909640984267 0.01383399209486166
0 0.3953206938281565 0.5296442687747036 0.03307785397337636 0.012987012987012988
0 0.4794271883824123 0.5278091473743648 0.0891488503428802 0.014398644833427442
0 0.5478015328761597 0.5293619424054207 0.03791851553045583 0.012422360248447204
0 0.6321097216619604 0.5265386787125917 0.07503025413473174 0.01637492941840768
0 0.7196450181524808 0.528514963297572 0.05486083098023396 0.015245623941276116
0 0.8116175877369908 0.5320440429136082 0.09681323114158935 0.02456239412761152
0 0.19382815651472368 0.5849802371541502 0.11577248890681727 0.028232636928289104
0 0.29164985881403793 0.577639751552795 0.035498184751916094 0.01355166572557877
0 0.33743444937474787 0.5782044042913608 0.0318676885841065 0.014116318464144552
0 0.4144816458249294 0.5770750988142292 0.08350141185962082 0.015810276679841896
0 0.4991932230738201 0.5772162619988707 0.05445744251714401 0.016092603049124788
0 0.6010488100040339 0.5777809147374364 0.11617587736990723 0.017786561264822136
0 0.6728519564340459 0.5852625635234331 0.0024203307785397336 0.002258610954263128
0 0.7103670835014119 0.5772162619988707 0.050826946349334406 0.017221908526256352
0 0.8013311819281969 0.5786278938452851 0.10125050423557887 0.017786561264822136
0 0.15832997176280758 0.6778656126482213 0.051230334812424366 0.015810276679841896
0 0.23880597014925373 0.6782891022021457 0.06696248487293263 0.016092603049124788
0 0.3098023396530859 0.67871259175607 0.060508269463493344 0.015245623941276116
0 0.4144816458249294 0.6782891022021457 0.11738604275917709 0.016657255787690572
0 0.5405405405405406 0.6808300395256917 0.08793868495361033 0.012704686617730096
0 0.6308995562726906 0.6802653867871259 0.055667607906413875 0.015527950310559006
0 0.6865671641791045 0.6835121400338792 0.029043969342476807 0.02710333145115754
0 0.7351754739814441 0.6775832862789385 0.05445744251714401 0.015245623941276116
0 0.8206938281565147 0.678994918125353 0.0754336425978217 0.017504234895539244
0 0.15732150060508268 0.7340485601355167 0.029043969342476807 0.02766798418972332
0 0.2428398547801533 0.7347543760587238 0.10084711577248891 0.028514963297571992
0 0.34288019362646227 0.7286843591191418 0.05163372327551432 0.01693958215697346
0 0.4082291246470351 0.7296725014116319 0.03711173860427592 0.012140033879164314
0 0.46571198063735375 0.7347543760587238 0.04235578862444534 0.029079616036137776
0 0.6111335215812828 0.7334839073969509 0.2008874546187979 0.024844720496894408
0 0.8047599838644615 0.7316487859966121 0.13231141589350545 0.016092603049124788
