0 0.15046389673255345 0.314652738565782 0.03872529245663574 0.018351214003387916
0 0.27390076643807987 0.3126764539808018 0.1444130697862041 0.020609824957651044
0 0.4526018555869302 0.31394692264257484 0.1508672851956434 0.018068887634105024
0 0.5653489310205728 0.3160643704121965 0.01573215006050827 0.025691699604743084
0 0.6593384429205325 0.3191699604743083 0.16256555062525213 0.027385657820440428
0 0.809197256958451 0.31309994353472614 0.10649455425574829 0.019762845849802372
0 0.14622831787010893 0.4134669678147939 0.02379991932230738 0.017221908526256352
0 0.27732956837434447 0.41883116883116883 0.17224687373941105 0.025691699604743084
0 0.3691004437273094 0.4137492941840768 0.015328761597418314 0.026821005081874648
0 0.39108511496571197 0.4212309429700734 0.003630496167809601 0.00564652738565782
0 0.4431222267043163 0.411914172783738 0.08430818878580072 0.02258610954263128
0 0.5703912868091973 0.4129023150762281 0.13150463896732553 0.0251270468661773
0 0.6936264622831787 0.41883116883116883 0.07301331181928197 0.029079616036137776
0 0.7960871319080274 0.41727837380011296 0.08834207341670028 0.01355166572557877
0 0.14804356595401372 0.46710897797854317 0.03469140782573618 0.016657255787690572
0 0.25574828559903184 0.46485036702428006 0.127470754336426 0.023433088650479956
0 0.37333602258975396 0.4665443252399774 0.07059298104074223 0.017221908526256352
0 0.49173053650665594 0.46569734613212876 0.11375554659136748 0.0189158667419537
0 0.6040742234772085 0.46386222473178995 0.0609116579265833 0.019198193111236588
0 0.7267043162565551 0.46513269339356295 0.13594191206131503 0.01948051948051948
0 0.8257361839451391 0.46612083568605306 0.03307785397337636 0.01693958215697346
0 0.1581282775312626 0.5146809712027103 0.055667607906413875 0.019198193111236588
0 0.27611940298507465 0.5152456239412762 0.13432835820895522 0.023715415019762844
0 0.4037918515530456 0.5141163184641445 0.08632513110125051 0.02258610954263128
0 0.5324727712787414 0.5145398080180689 0.1427995159338443 0.023433088650479956
0 0.6153691004437273 0.5242800677583286 0.003630496167809601 0.0016939582156973462
0 0.6490520371117386 0.515527950310559 0.03872529245663574 0.018068887634105024
0 0.7365873336022589 0.5207509881422925 0.07583703106091166 0.025691699604743084
0 0.8045582896329165 0.5189158667419537 0.02944735780556676 0.02766798418972332
0 0.23719241629689392 0.5707227555053642 0.208955223880597 0.034161490683229816
0 0.4864864864864865 0.5717108977978543 0.22347720855183542 0.02710333145115754
0 0.6704316256555063 0.5697346132128741 0.08309802339653086 0.028232636928289104
0 0.763614360629286 0.5656408808582721 0.063735377168213 0.0189158667419537
0 0.8436869705526422 0.5664878599661208 0.06494554255748286 0.017786561264822136
0 0.17386042759177087 0.6212591756070017 0.08067769261799113 0.028514963297571992
0 0.3007260992335619 0.6221061547148503 0.11012505042355789 0.032467532467532464
0 0.44392900363049614 0.6164596273291926 0.118192819685357 0.022303783173348392
0 0.5123033481242436 0.6254940711462451 0.004033884630899556 0.009316770186335404
0 0.5611133521581283 0.6142010163749294 0.07018959257765228 0.020609824957651044
0 0.6478418717224688 0.6160361377752682 0.06696248487293263 0.020892151326933936
0 0.7329568374344494 0.6154714850367025 0.07503025413473174 0.020327498588368152
0 0.836627672448568 0.6208356860530774 0.08874546187979024 0.03500846979107849
0 0.16236385639370715 0.668266516092603 0.05687777329568374 0.021456804065499716
0 0.2966922146026624 0.6674195369847544 0.14885034288019364 0.0220214568040655
0 0.4247680516337233 0.6716544325239977 0.04195240016135539 0.03162055335968379
0 0.49415086728519564 0.6653020892151327 0.060508269463493344 0.018351214003387916
0 0.5992335619201291 0.6667137210615471 0.10851149657119806 0.01948051948051948
0 0.7581686163775716 0.6677018633540373 0.14481645824929407 0.019198193111236588
0 0.8652682533279549 0.6654432523997741 0.033884630899556276 0.019762845849802372
0 0.1645824929407019 0.7179559570863918 0.07018959257765228 0.025974025974025976
0 0.3136345300524405 0.724025974025974 0.16256555062525213 0.023997741389045736
0 0.4082291246470351 0.7245906267645398 0.0024203307785397336 0.001976284584980237
0 0.5108914885034288 0.7186617730095991 0.16659943525615167 0.03585544889892716
0 0.609318273497378 0.7272727272727273 0.003630496167809601 0.00846979107848673
0 0.6680112948769665 0.7196499153020892 0.07664380798709157 0.017504234895539244
0 0.7650262202501008 0.7162619988706945 0.07866075030254134 0.0220214568040655
0 0.8126260588947156 0.7245906267645398 0.004437273093989512 0.009881422924901186
