0 0.19221460266236384 0.21089779785431959 0.10044372730939895 0.019762845849802372
0 0.29407018959257764 0.21626199887069453 0.02016942315449778 0.006775832862789385
0 0.37494957644211374 0.2183794466403162 0.09318273497377975 0.027385657820440428
0 0.5070592981040742 0.21047430830039526 0.1145623235175474 0.0189158667419537
0 0.6559096409842678 0.2161208356860531 0.12101653892698669 0.029079616036137776
0 0.7664380798709157 0.21075663466967814 0.042759177087535294 0.017221908526256352
0 0.8448971359419121 0.21640316205533597 0.07301331181928197 0.023997741389045736
0 0.24768051633723276 0.26792772444946356 0.1952400161355385 0.03274985883681536
0 0.46551028640580877 0.262987012987013 0.18071803146430013 0.015527950310559006
0 0.6393707139975797 0.2632693393562959 0.09600645421540945 0.014963297571993224
0 0.7595804759983864 0.2683512140033879 0.09519967728922953 0.022868435911914172
0 0.17809600645421542 0.4632975719932242 0.0536506655909641 0.018068887634105024
0 0.32573618394513915 0.4697910784867307 0.1335215812827753 0.033314511575381144
0 0.5114965711980637 0.46936758893280633 0.13876563130294473 0.023433088650479956
0 0.6534893102057281 0.4666854884246189 0.0782573618394514 0.015245623941276116
0 0.7515127067365873 0.47219085262563526 0.021782977006857603 0.007622811970638058
0 0.8263412666397741 0.4665443252399774 0.1036708350141186 0.0189158667419537
0 0.19342476805163372 0.5146809712027103 0.08188785800726099 0.023715415019762844
0 0.3323920935861234 0.5162337662337663 0.08067769261799113 0.017221908526256352
0 0.4792254941508673 0.5207509881422925 0.11536910044372731 0.023433088650479956
0 0.5475998386446148 0.5241389045736872 0.0028237192416296895 0.001976284584980237
