0 0.21682129891085114 0.24308300395256918 0.1399757966922146 0.040654997176736304
0 0.3608309802339653 0.24463579898362506 0.10609116579265833 0.034161490683229816
0 0.42416296893908834 0.25395256916996045 0.003630496167809601 0.008752117447769622
0 0.45865268253327957 0.2385657820440429 0.04759983864461476 0.024844720496894408
0 0.5435659540137152 0.2385657820440429 0.07946752722872126 0.02766798418972332
0 0.6742638160548609 0.2422360248447205 0.1399757966922146 0.019198193111236588
0 0.8283582089552238 0.24054206662902314 0.1335215812827753 0.025409373235460192
0 0.17063331988705124 0.28825522303783174 0.04759983864461476 0.028232636928289104
0 0.24868898749495763 0.29136081309994355 0.06575231948366277 0.034443817052512704
0 0.33763614360629285 0.2900903444381705 0.0653489310205728 0.029079616036137776
0 0.45421540943929006 0.29023150762281197 0.11375554659136748 0.0220214568040655
0 0.5996369503832191 0.2899491812535291 0.1262605889471561 0.026538678712591756
0 0.6680112948769665 0.3018068887634105 0.003227107704719645 0.009034443817052512
0 0.7188382412263009 0.29051383399209485 0.07987091569181122 0.02258610954263128
0 0.8527632109721662 0.29460756634669677 0.14925373134328357 0.03698475437605872
0 0.21500605082694635 0.3414737436476567 0.14683340056474384 0.03585544889892716
0 0.3916901976603469 0.34330886504799546 0.14118596208148446 0.037267080745341616
0 0.5931827349737797 0.34570863918690004 0.20855183541750705 0.03472614342179559
0 0.7232755143202905 0.3310276679841897 0.007260992335619202 0.010446075663466968
0 0.7511093182734974 0.33766233766233766 0.04921339249697459 0.025974025974025976
0 0.8481242436466317 0.33992094861660077 0.09398951189995966 0.026538678712591756
0 0.17648245260185558 0.48997741389045735 0.06978620411456232 0.02456239412761152
0 0.291044776119403 0.4944946357989836 0.11335215812827754 0.03190287972896669
0 0.39653085921742637 0.4904009034443817 0.03791851553045583 0.030491247882552232
0 0.46672045179507865 0.4913890457368718 0.05970149253731343 0.026256352343308864
0 0.5958047599838645 0.49181253529079616 0.14118596208148446 0.026538678712591756
0 0.7480839048003227 0.4937888198757764 0.11738604275917709 0.024844720496894408
0 0.8229124647035094 0.502540937323546 0.003227107704719645 0.0033879164313946925
0 0.8713190802743042 0.4902597402597403 0.0790641387656313 0.029079616036137776
0 0.14864864864864866 0.5451722190852626 0.01653892698668818 0.019198193111236588
0 0.263614360629286 0.5443252399774139 0.16256555062525213 0.03274985883681536
0 0.4164985881403792 0.5448898927159797 0.10286405808793868 0.03500846979107849
0 0.5334812424364663 0.5419254658385093 0.08511496571198064 0.026821005081874648
0 0.5744251714400969 0.5575945793337098 0.007260992335619202 0.009599096555618294
0 0.6189995966115369 0.5409373235460192 0.05526421944332392 0.025409373235460192
0 0.7053247277127874 0.5419254658385093 0.07462686567164178 0.026821005081874648
0 0.8235175473981444 0.5457368718238284 0.11577248890681727 0.033314511575381144
0 0.17123840258168616 0.6448334274421231 0.05526421944332392 0.023715415019762844
0 0.29407018959257764 0.6518915866741953 0.13311819281968534 0.03500846979107849
0 0.42214602662363854 0.6493506493506493 0.07220653489310205 0.034443817052512704
0 0.6258572004840661 0.6507622811970638 0.27309398951189995 0.03613777526821005
0 0.8023396530859217 0.6453980801806889 0.02743041549011698 0.025409373235460192
0 0.8741427995159339 0.645115753811406 0.05808793868495361 0.024280067758328628
0 0.23315853166599435 0.6940993788819876 0.17587736990722067 0.027950310559006212
0 0.3588140379185155 0.6979107848673066 0.021379588543767647 0.0378317334839074
0 0.45018152480839047 0.6991812535290797 0.1565147236789028 0.03867871259175607
0 0.572609923356192 0.6987577639751553 0.0609116579265833 0.03670242800677583
0 0.6661960467930618 0.700592885375494 0.07704719645018153 0.039243365330321855
0 0.7482855990318676 0.6988989271597967 0.053247277127874144 0.03980801806888763
0 0.8610326744655102 0.6973461321287409 0.11577248890681727 0.03274985883681536
0 0.21581282775312627 0.7365894974590627 0.15490116982654295 0.024844720496894408
0 0.2972972972972973 0.7457651044607566 0.028237192416296894 0.04319593450028233
0 0.3174667204517951 0.7484472049689441 0.004033884630899556 0.003952569169960474
