0 0.17950786607503025 0.21287408243929984 0.0572811617587737 0.01693958215697346
0 0.2763210972166196 0.2127329192546584 0.09762000806776926 0.018351214003387916
0 0.3553852359822509 0.21315640880858272 0.024203307785397338 0.015245623941276116
0 0.39673255344897135 0.21174477696216826 0.02702702702702703 0.018068887634105024
0 0.4570391286809197 0.21075663466967814 0.0572811617587737 0.020609824957651044
0 0.5312626058894716 0.22035573122529645 0.0653489310205728 0.03472614342179559
0 0.6714400968132311 0.2127329192546584 0.17708753529649052 0.01948051948051948
0 0.7989108511496571 0.21188594014680973 0.057684550221863654 0.0189158667419537
0 0.18192819685356998 0.2717391304347826 0.063735377168213 0.027385657820440428
0 0.2573618394513917 0.26129305477131565 0.042759177087535294 0.0189158667419537
0 0.33642597821702297 0.2724449463579898 0.07987091569181122 0.01637492941840768
0 0.4300121016538927 0.2696216826651609 0.08229124647035095 0.023150762281197064
0 0.5108914885034288 0.2658102766798419 0.0326744655102864 0.012704686617730096
0 0.5675675675675675 0.26312817617165446 0.03953206938281565 0.017504234895539244
0 0.6700282371924163 0.2689158667419537 0.11052843888664785 0.031338226990400904
0 0.7624041952400161 0.2639751552795031 0.041145623235175476 0.028797289666854884
0 0.8257361839451391 0.26016374929418407 0.03307785397337636 0.017786561264822136
0 0.1920129084308189 0.3210050818746471 0.0935861234368697 0.032185206098249576
0 0.28721258572004843 0.3169113495200452 0.05486083098023396 0.03077357425183512
0 0.32855990318676886 0.32156973461321287 0.0028237192416296895 0.002258610954263128
0 0.38684953610326744 0.31225296442687744 0.063735377168213 0.019198193111236588
0 0.49052037111738606 0.3222755505364201 0.11133521581282775 0.032467532467532464
0 0.5873336022589754 0.3190287972896669 0.04356595401371521 0.010728402032749858
0 0.6401774909237595 0.314652738565782 0.042759177087535294 0.0189158667419537
0 0.7956837434449375 0.32156973461321287 0.23114158935054457 0.03387916431394692
0 0.15026220250100847 0.35629587803500845 0.008471157724889069 0.007340485601355167
0 0.2265026220250101 0.36038961038961037 0.13594191206131503 0.023997741389045736
0 0.390480032271077 0.36984754376058726 0.14602662363856395 0.034443817052512704
0 0.48668818071803144 0.3557312252964427 0.008471157724889069 0.007905138339920948
0 0.5058491327148044 0.36645962732919257 0.012101653892698669 0.021456804065499716
0 0.5423557886244453 0.36575381140598534 0.050423557886244454 0.015527950310559006
0 0.5750302541347317 0.367871259175607 0.020572811617587738 0.024280067758328628
0 0.5937878176684147 0.37295313382269907 0.00645421540943929 0.006211180124223602
0 0.636345300524405 0.36617730095990964 0.05526421944332392 0.03274985883681536
0 0.7218636546994756 0.3709768492377188 0.08027430415490117 0.032185206098249576
0 0.8162565550625253 0.36462450592885376 0.08188785800726099 0.020045172219085264
0 0.1690197660346914 0.4137492941840768 0.055667607906413875 0.020045172219085264
0 0.23295683743444937 0.41967814793901753 0.01573215006050827 0.009881422924901186
0 0.30496167809600644 0.4212309429700734 0.08390480032271078 0.032185206098249576
0 0.40681726502622023 0.41205533596837945 0.06655909640984267 0.020609824957651044
0 0.4519967728922953 0.42476002258610956 0.010891488503428802 0.00818746470920384
0 0.5066559096409843 0.4162902315076228 0.0500201694231545 0.016657255787690572
0 0.5867285195643405 0.4148785996612084 0.06413876563130294 0.021174477696216828
0 0.663372327551432 0.4192546583850932 0.04719645018152481 0.01129305477131564
0 0.736789027833804 0.4160079051383399 0.06494554255748286 0.018351214003387916
0 0.8037515127067366 0.41671372106154714 0.02379991932230738 0.01693958215697346
0 0.8678902783380396 0.41431394692264256 0.0754336425978217 0.020609824957651044
0 0.16579265832997175 0.514257481648786 0.04679306171843485 0.020609824957651044
0 0.2843888664784187 0.5214568040654998 0.136345300524405 0.026538678712591756
0 0.4461476401774909 0.5182100508187465 0.15328761597418314 0.0251270468661773
0 0.5518354175070593 0.508893280632411 0.008874546187979023 0.007058159232072276
0 0.5897539330375151 0.5169395821569734 0.0653489310205728 0.01693958215697346
0 0.63654699475595 0.5093167701863354 0.008067769261799113 0.007340485601355167
0 0.6601452198467124 0.515527950310559 0.012505042355788625 0.018068887634105024
0 0.7006857603872529 0.5173630717108978 0.06615570794675273 0.01383399209486166
0 0.7474788221056877 0.5145398080180689 0.015328761597418314 0.017221908526256352
0 0.763210972166196 0.5239977413890458 0.005647438483259379 0.007340485601355167
0 0.8156514723678903 0.5146809712027103 0.07260992335619201 0.018633540372670808
0 0.18051633723275515 0.5650762281197064 0.06171843485276321 0.020609824957651044
0 0.263614360629286 0.5660643704121965 0.024606696248487294 0.018068887634105024
0 0.33521581282775315 0.5680406549971767 0.06292860024203308 0.018068887634105024
0 0.42396127470754336 0.5669113495200452 0.063735377168213 0.020327498588368152
0 0.48951189995966116 0.567476002258611 0.0326744655102864 0.017504234895539244
0 0.5528438886647842 0.5681818181818182 0.052843888664784185 0.017221908526256352
0 0.6236385639370714 0.5707227555053642 0.05970149253731343 0.011575381140598532
0 0.709358612343687 0.5662055335968379 0.058491327148043566 0.020045172219085264
0 0.7922549415086728 0.5741106719367589 0.06857603872529246 0.031338226990400904
0 0.2029043969342477 0.6256352343308865 0.11859620814844696 0.03500846979107849
0 0.3017345703912868 0.6175889328063241 0.021782977006857603 0.021174477696216828
0 0.3620411456232352 0.616600790513834 0.07139975796692215 0.019762845849802372
0 0.4473578055667608 0.6177300959909655 0.03711173860427592 0.019762845849802372
0 0.5231948366276724 0.6160361377752682 0.07180314643001211 0.020892151326933936
0 0.6248487293263413 0.6160361377752682 0.07664380798709157 0.018633540372670808
0 0.709560306575232 0.6171654432523997 0.04195240016135539 0.018068887634105024
0 0.7396127470754337 0.626764539808018 0.0028237192416296895 0.00282326369282891
