0 0.16236385639370715 0.22699040090344438 0.04961678096006454 0.020892151326933936
0 0.2603872529245664 0.23306041784302653 0.10125050423557887 0.031338226990400904
0 0.4300121016538927 0.2267080745341615 0.19604679306171843 0.020327498588368152
0 0.6246470350947962 0.23334274421230944 0.16579265832997175 0.03020892151326934
0 0.7396127470754337 0.22924901185770752 0.031060911657926585 0.015810276679841896
0 0.8311819281968535 0.23475437605872387 0.10689794271883823 0.028514963297571992
0 0.20129084308188785 0.2824675324675325 0.12020976200080678 0.028514963297571992
0 0.26744655102864057 0.28924336533032186 0.010488100040338847 0.008752117447769622
0 0.34429205324727713 0.2844438170525127 0.10528438886647842 0.03303218520609825
0 0.4483662767244857 0.2865612648221344 0.07866075030254134 0.03162055335968379
0 0.5592981040742234 0.2780914737436477 0.09398951189995966 0.017504234895539244
0 0.6480435659540137 0.28091473743647655 0.03751512706736587 0.018068887634105024
0 0.7119806373537717 0.28063241106719367 0.0500201694231545 0.018633540372670808
0 0.8073820088745461 0.28204404291360813 0.11093182734973779 0.025409373235460192
0 0.19503832190399353 0.3286278938452851 0.12061315046389673 0.018633540372670808
0 0.29487696651875756 0.33272162619988704 0.029850746268656716 0.02456239412761152
0 0.3775716014521985 0.32834556747600224 0.0935861234368697 0.020892151326933936
0 0.5 0.33582721626199885 0.11012505042355789 0.03472614342179559
0 0.6448164582492941 0.32820440429136083 0.12787414279951592 0.020045172219085264
0 0.7805566760790641 0.33130999435347264 0.0927793465106898 0.015527950310559006
0 0.2309398951189996 0.38608130999435347 0.18838241226300928 0.03190287972896669
0 0.3884630899556273 0.38015245623941274 0.07260992335619201 0.021174477696216828
0 0.42860024203307784 0.3855166572557877 0.0028237192416296895 0.001976284584980237
0 0.481645824929407 0.37874082439299833 0.06615570794675273 0.017221908526256352
0 0.5901573215006051 0.3845285149632976 0.12020976200080678 0.032185206098249576
0 0.7045179507866075 0.3857989836250706 0.08108108108108109 0.027950310559006212
0 0.7791448164582493 0.3805759457933371 0.03428801936264623 0.015810276679841896
0 0.836425978217023 0.3794466403162055 0.0463896732553449 0.01693958215697346
0 0.12686567164179105 0.4388763410502541 0.00927793465106898 0.007622811970638058
0 0.17406212182331585 0.4361942405420666 0.0681726502622025 0.03387916431394692
0 0.23961274707543365 0.4330886504799548 0.029850746268656716 0.023715415019762844
0 0.2942718838241226 0.43125352907961606 0.04961678096006454 0.018351214003387916
0 0.382008874546188 0.42941840767927725 0.07341670028237192 0.018068887634105024
0 0.4356595401371521 0.4254658385093168 0.008067769261799113 0.007905138339920948
0 0.4987898346107301 0.4309712027103331 0.08592174263816055 0.017221908526256352
0 0.5790641387656313 0.4342179559570864 0.0326744655102864 0.012422360248447204
0 0.7164179104477612 0.4322416713721062 0.2073416700282372 0.025974025974025976
0 0.21500605082694635 0.47967250141163187 0.15732150060508268 0.020892151326933936
0 0.3063735377168213 0.49195369847543763 0.008471157724889069 0.007058159232072276
0 0.3697055264219443 0.4810841332580463 0.06333198870512304 0.019198193111236588
0 0.4431222267043163 0.4775550536420102 0.0391286809197257 0.020045172219085264
0 0.5127067365873336 0.48207227555053644 0.0653489310205728 0.016657255787690572
0 0.5510286405808794 0.49209486166007904 0.011294876966518758 0.009034443817052512
0 0.5988301734570391 0.4863071710897798 0.045582896329164985 0.026256352343308864
0 0.6621621621621622 0.4784020327498588 0.04235578862444534 0.018351214003387916
0 0.7482855990318676 0.4774138904573687 0.07583703106091166 0.019198193111236588
0 0.8402581686163776 0.4810841332580463 0.06212182331585317 0.017504234895539244
0 0.15772488906817264 0.5328910220214568 0.03711173860427592 0.017786561264822136
0 0.1891891891891892 0.541501976284585 0.011294876966518758 0.00846979107848673
0 0.24667204517950786 0.5321852060982496 0.05929810407422348 0.014680971202710334
0 0.30395320693828154 0.5341614906832298 0.020572811617587738 0.01129305477131564
0 0.4070189592577652 0.5367024280067758 0.13957240822912464 0.029926595143986448
0 0.5203711173860428 0.5341614906832298 0.035498184751916094 0.012422360248447204
0 0.572206534893102 0.5304912478825522 0.040742234772085516 0.019762845849802372
0 0.6367486889874949 0.5328910220214568 0.052843888664784185 0.016657255787690572
0 0.7638160548608309 0.5330321852060983 0.17870108914885036 0.023150762281197064
0 0.18031464300121017 0.5824392998306042 0.07664380798709157 0.020892151326933936
0 0.26200080677692617 0.5858272162619989 0.03509479628882614 0.025974025974025976
0 0.3190802743041549 0.5831451157538114 0.048406615570794675 0.017786561264822136
0 0.4538120209762001 0.5815923207227555 0.1718434852763211 0.020327498588368152
0 0.608713190802743 0.5920383963862225 0.09842678499394918 0.024280067758328628
0 0.7018959257765228 0.5872388481084133 0.03065752319483663 0.023715415019762844
0 0.8118192819685357 0.581733483907397 0.16498588140379186 0.01948051948051948
0 0.2063331988705123 0.6339638622247318 0.12787414279951592 0.01948051948051948
0 0.27511093182734975 0.6405985319028797 0.0024203307785397336 0.002258610954263128
