0 0.14400968132311415 0.2261434217955957 0.029850746268656716 0.025974025974025976
0 0.19342476805163372 0.22684923771880294 0.014925373134328358 0.025691699604743084
0 0.2593787817668415 0.22586109542631283 0.0927793465106898 0.023150762281197064
0 0.3471157724889068 0.22699040090344438 0.038321903993545785 0.030491247882552232
0 0.4356595401371521 0.23037831733483907 0.10649455425574829 0.04517221908526256
0 0.5383219039935457 0.22586109542631283 0.058491327148043566 0.024280067758328628
0 0.682533279548205 0.22317899491812535 0.20572811617587736 0.03077357425183512
0 0.8352158128277531 0.2248729531338227 0.0681726502622025 0.027385657820440428
0 0.181726502622025 0.2766798418972332 0.11012505042355789 0.028797289666854884
0 0.2698668818071803 0.28091473743647655 0.021782977006857603 0.01355166572557877
0 0.34207341670028235 0.2769621682665161 0.08551835417507059 0.023150762281197064
0 0.42396127470754336 0.2789384528514963 0.035498184751916094 0.020892151326933936
0 0.49052037111738606 0.27752682100508186 0.06131504638967326 0.0220214568040655
0 0.6308995562726906 0.277244494635799 0.19039935457845905 0.025974025974025976
0 0.7948769665187576 0.2776679841897233 0.10689794271883823 0.027385657820440428
0 0.8832190399354578 0.28289102202145683 0.04154901169826543 0.03387916431394692
0 0.2035094796288826 0.3339920948616601 0.15611133521581283 0.040654997176736304
0 0.3239209358612344 0.33046301524562394 0.06696248487293263 0.016657255787690572
0 0.4100443727309399 0.32580463015245625 0.06655909640984267 0.023715415019762844
0 0.5056474384832593 0.327639751552795 0.09883017345703912 0.021174477696216828
0 0.5929810407422348 0.32707509881422925 0.03307785397337636 0.0251270468661773
0 0.6565147236789027 0.32834556747600224 0.06736587333602259 0.023150762281197064
0 0.6964501815248084 0.33582721626199885 0.003630496167809601 0.003105590062111801
0 0.7398144413069786 0.3287690570299266 0.063735377168213 0.01948051948051948
0 0.8561920129084308 0.33695652173913043 0.14158935054457442 0.042631281761716544
0 0.16861637757160144 0.37732919254658387 0.09923356192012908 0.026256352343308864
0 0.27289229528035497 0.3805759457933371 0.07301331181928197 0.018633540372670808
0 0.3553852359822509 0.379587803500847 0.055667607906413875 0.02456239412761152
0 0.4889068172650262 0.38226990400903443 0.1871722468737394 0.030491247882552232
0 0.5941912061315047 0.38692828910220217 0.008067769261799113 0.013269339356295878
0 0.6294876966518758 0.37648221343873517 0.0536506655909641 0.023433088650479956
0 0.7353771682129892 0.37874082439299833 0.11617587736990723 0.025691699604743084
0 0.8614360629286002 0.38664596273291924 0.11093182734973779 0.04319593450028233
0 0.1837434449374748 0.43929983060417843 0.13432835820895522 0.03670242800677583
0 0.2583703106091166 0.43845285149632973 0.0052440500201694235 0.009034443817052512
0 0.30677692617991126 0.42913608130999437 0.056070996369503835 0.023715415019762844
0 0.4124647035094796 0.4329474872953134 0.12303348124243646 0.031338226990400904
0 0.6042759177087536 0.4302653867871259 0.21298910851149658 0.024844720496894408
0 0.7702702702702703 0.43153585544889894 0.08511496571198064 0.0251270468661773
0 0.854981847519161 0.4298418972332016 0.06736587333602259 0.023433088650479956
0 0.18959257765227913 0.4782608695652174 0.14118596208148446 0.02766798418972332
0 0.33642597821702297 0.4784020327498588 0.11052843888664785 0.027385657820440428
0 0.46853569987898347 0.481931112365895 0.10770471964501815 0.020892151326933936
0 0.5417507059298104 0.48306041784302656 0.01855586930213796 0.002258610954263128
0 0.6073013311819282 0.4847543760587239 0.09560306575231949 0.014680971202710334
0 0.7045179507866075 0.47995482778091475 0.0609116579265833 0.025409373235460192
0 0.7954820492133925 0.48616600790513836 0.07664380798709157 0.012987012987012988
0 0.22589753933037515 0.5300677583286278 0.22186365469947558 0.027385657820440428
0 0.3751512706736587 0.5320440429136082 0.03711173860427592 0.023433088650479956
0 0.445340863251311 0.5324675324675324 0.063735377168213 0.023150762281197064
0 0.6141589350544574 0.5396668548842461 0.21500605082694635 0.04319593450028233
0 0.7250907624041952 0.5392433653303218 0.0052440500201694235 0.006775832862789385
0 0.7486889874949576 0.5254093732354602 0.012101653892698669 0.00846979107848673
0 0.8176684146833401 0.5321852060982496 0.10568777732956837 0.018633540372670808
0 0.9041952400161355 0.5307735742518351 0.0463896732553449 0.024280067758328628
0 0.14037918515530456 0.5821569734613213 0.060508269463493344 0.024844720496894408
0 0.27410246066962485 0.5951439864483343 0.1690197660346914 0.02710333145115754
0 0.39753933037515127 0.5845567476002259 0.03993545784590561 0.027950310559006212
0 0.43243243243243246 0.5736871823828346 0.011294876966518758 0.010163749294184076
0 0.4574425171440097 0.5794748729531338 0.022589753933037516 0.0036702428006775835
0 0.509076240419524 0.5861095426312818 0.06857603872529246 0.012422360248447204
0 0.6066962484872933 0.5858272162619989 0.08632513110125051 0.014680971202710334
0 0.6889874949576442 0.5873800112930547 0.04033884630899556 0.013269339356295878
0 0.7533279548204921 0.5870976849237719 0.05526421944332392 0.01101072840203275
0 0.8658733360225898 0.5883681535855448 0.1319080274304155 0.0378317334839074
0 0.15752319483662766 0.6367871259175607 0.08027430415490117 0.029079616036137776
0 0.24142799515933844 0.6315640880858272 0.04235578862444534 0.02766798418972332
0 0.3061718434852763 0.6324110671936759 0.0645421540943929 0.023715415019762844
0 0.41427995159338443 0.6407396950875212 0.09842678499394918 0.041501976284584984
0 0.4701492537313433 0.6434217955957087 0.0060508269463493344 0.006211180124223602
