0 0.1609519967728923 0.26157538114059853 0.04033884630899556 0.016657255787690572
0 0.25655506252521176 0.2639751552795031 0.12101653892698669 0.029926595143986448
0 0.4582492940701896 0.25917560700169395 0.23315853166599435 0.020892151326933936
0 0.682129891085115 0.2621400338791643 0.18071803146430013 0.025691699604743084
0 0.8057684550221864 0.26030491247882553 0.033481242436466316 0.01693958215697346
0 0.19846712384025816 0.36335403726708076 0.10568777732956837 0.02766798418972332
0 0.3535699878983461 0.36053077357425184 0.15933844292053248 0.020327498588368152
0 0.47135941912061313 0.3608130999435347 0.035901573215006054 0.02766798418972332
0 0.5629286002420331 0.35827216261998873 0.12141992739007665 0.02258610954263128
0 0.7089552238805971 0.364059853190288 0.1254538120209762 0.03359683794466403
0 0.8348124243646632 0.35813099943534726 0.11335215812827754 0.021739130434782608
0 0.3037515127067366 0.4184076792772445 0.31867688584106496 0.032185206098249576
0 0.5197660346914078 0.41120835686053075 0.0826946349334409 0.01948051948051948
0 0.5685760387252925 0.4202428006775833 0.002016942315449778 0.001411631846414455
0 0.617789431222267 0.4109260304912479 0.06655909640984267 0.020045172219085264
0 0.7267043162565551 0.41544325239977414 0.10851149657119806 0.031338226990400904
0 0.8289632916498588 0.41756070016939584 0.08309802339653086 0.03613777526821005
0 0.15873336022589754 0.4623094297007341 0.02702702702702703 0.01948051948051948
0 0.21520774505849133 0.4614624505928854 0.05687777329568374 0.021174477696216828
0 0.2599838644614764 0.4548277809147374 0.007664380798709157 0.006775832862789385
0 0.31242436466317064 0.466403162055336 0.0891488503428802 0.030491247882552232
0 0.38967325534489716 0.46273291925465837 0.03872529245663574 0.028232636928289104
0 0.45340863251311014 0.46160361377752684 0.053247277127874144 0.020327498588368152
0 0.5473981444130698 0.4603331451157538 0.09762000806776926 0.022303783173348392
0 0.6077047196450182 0.455957086391869 0.008471157724889069 0.00846979107848673
0 0.6787010891488503 0.4608977978543196 0.10125050423557887 0.021174477696216828
0 0.7605889471561114 0.46569734613212876 0.040742234772085516 0.01101072840203275
0 0.24687373941105284 0.5158102766798419 0.20572811617587736 0.028232636928289104
0 0.4590560709963695 0.5111518915866742 0.1653892698668818 0.021174477696216828
0 0.5492133924969745 0.5242800677583286 0.006857603872529245 0.00846979107848673
0 0.5986284792254941 0.5114342179559571 0.09116579265832997 0.020609824957651044
0 0.6928196853569988 0.5119988706945229 0.06494554255748286 0.01948051948051948
0 0.7609923356192013 0.5111518915866742 0.07301331181928197 0.021174477696216828
0 0.8110125050423558 0.52343308865048 0.006857603872529245 0.009599096555618294
0 0.8501411859620814 0.5186335403726708 0.050423557886244454 0.03557312252964427
0 0.22589753933037515 0.6137775268210051 0.1565147236789028 0.028797289666854884
0 0.3810004033884631 0.6122247317899492 0.10851149657119806 0.020045172219085264
0 0.47337636143606293 0.6136363636363636 0.03428801936264623 0.028514963297571992
0 0.5344897135941912 0.6125070581592321 0.05163372327551432 0.01948051948051948
0 0.6732553448971359 0.6118012422360248 0.18475191609519967 0.020892151326933936
0 0.8336022589753933 0.61914172783738 0.11254538120209762 0.019198193111236588
0 0.16216216216216217 0.6645962732919255 0.035498184751916094 0.029361942405420668
0 0.28297700685760385 0.6641727837380011 0.15772488906817264 0.020609824957651044
0 0.4517950786607503 0.6637492941840768 0.1355385235982251 0.020892151326933936
0 0.5258168616377572 0.6733483907396951 0.0028237192416296895 0.0016939582156973462
