0 0.14864864864864866 0.2605872388481084 0.01653892698668818 0.017504234895539244
0 0.21863654699475596 0.26044607566346695 0.08390480032271078 0.017221908526256352
0 0.2688584106494554 0.2701863354037267 0.006857603872529245 0.007905138339920948
0 0.3519564340459863 0.2628458498023715 0.14481645824929407 0.024280067758328628
0 0.4318273497377975 0.2694805194805195 0.004437273093989512 0.006493506493506494
0 0.4963695038321904 0.262987012987013 0.09560306575231949 0.01101072840203275
0 0.6323114158935055 0.2587521174477696 0.14158935054457442 0.0189158667419537
0 0.7789431222267044 0.2641163184641446 0.12827753126260588 0.029644268774703556
0 0.17809600645421542 0.3102766798418972 0.07785397337636143 0.018068887634105024
0 0.32755143202904397 0.3091473743647657 0.1782977006857604 0.019762845849802372
0 0.4528035498184752 0.31182947487295315 0.03509479628882614 0.028514963297571992
0 0.5080677692617991 0.3090062111801242 0.03993545784590561 0.01948051948051948
0 0.6066962484872933 0.313382269904009 0.12101653892698669 0.03162055335968379
0 0.7113755546591367 0.31592320722755507 0.050423557886244454 0.031055900621118012
0 0.8204921339249698 0.31719367588932806 0.15328761597418314 0.039243365330321855
0 0.15510286405808793 0.3613777526821005 0.03428801936264623 0.018633540372670808
0 0.2628075837031061 0.36688311688311687 0.14885034288019364 0.03020892151326934
0 0.36688180718031466 0.36462450592885376 0.025413473174667203 0.010446075663466968
0 0.509277934651069 0.3595426312817617 0.22468737394110527 0.01948051948051948
0 0.7283178701089149 0.366600790513834 0.1891891891891892 0.03811405985319029
0 0.190802743041549 0.4105025409373235 0.09681323114158935 0.019762845849802372
0 0.28580072609923357 0.4109260304912479 0.05203711173860428 0.026821005081874648
0 0.3533682936668011 0.4095143986448334 0.04033884630899556 0.021174477696216828
0 0.44937474788221055 0.4097967250141163 0.11052843888664785 0.020045172219085264
0 0.6068979427188382 0.40923207227555053 0.16337232755143202 0.021739130434782608
0 0.7384025816861638 0.409373235460192 0.06333198870512304 0.019198193111236588
0 0.8136345300524405 0.40894974590626765 0.053247277127874144 0.01948051948051948
0 0.2263009277934651 0.5118577075098815 0.17426381605486083 0.018633540372670808
0 0.31867688584106496 0.5199040090344438 0.0024203307785397336 0.001411631846414455
0 0.36789027833803956 0.5118577075098815 0.06212182331585317 0.018633540372670808
0 0.46752722872125857 0.5114342179559571 0.09197256958450989 0.0189158667419537
0 0.5219846712384025 0.5215979672501412 0.004840661557079467 0.007058159232072276
0 0.6016538926986689 0.5152456239412762 0.13755546591367487 0.024844720496894408
0 0.6770875352964906 0.521880293619424 0.004437273093989512 0.006493506493506494
0 0.7188382412263009 0.5217391304347826 0.0653489310205728 0.024280067758328628
0 0.8217022993142397 0.5107284020327498 0.12827753126260588 0.019762845849802372
0 0.15772488906817264 0.5662055335968379 0.03791851553045583 0.011575381140598532
0 0.22388059701492538 0.5626764539808018 0.053247277127874144 0.018633540372670808
0 0.299717628075837 0.5630999435347261 0.05405405405405406 0.017786561264822136
0 0.4056070996369504 0.5663466967814794 0.12061315046389673 0.02710333145115754
0 0.5778539733763615 0.5626764539808018 0.1811214199273901 0.019198193111236588
0 0.7004840661557079 0.5640880858272163 0.026220250100847116 0.02766798418972332
0 0.7571601452198468 0.567193675889328 0.053247277127874144 0.009599096555618294
0 0.8243243243243243 0.5625352907961604 0.06655909640984267 0.0189158667419537
0 0.8783783783783784 0.5673348390739695 0.024606696248487294 0.009316770186335404
0 0.17224687373941105 0.6136363636363636 0.0572811617587737 0.018351214003387916
0 0.2613957240822912 0.6177300959909655 0.08309802339653086 0.010163749294184076
0 0.3588140379185155 0.6150479954827781 0.07301331181928197 0.027385657820440428
0 0.4277934651068979 0.6123658949745906 0.031060911657926585 0.019198193111236588
0 0.4836627672448568 0.612789384528515 0.053247277127874144 0.0189158667419537
0 0.5675675675675675 0.6219649915302089 0.07745058491327148 0.021456804065499716
0 0.628075837031061 0.6125070581592321 0.026623638563937072 0.018351214003387916
0 0.7057281161758774 0.6116600790513834 0.09398951189995966 0.020045172219085264
0 0.7930617184348527 0.6113777526821005 0.048406615570794675 0.01948051948051948
0 0.1899959661153691 0.6626199887069453 0.10810810810810811 0.021456804065499716
0 0.37051230334812424 0.6668548842461886 0.20693828156514724 0.02766798418972332
0 0.5195643404598629 0.6641727837380011 0.04679306171843485 0.017221908526256352
0 0.6524808390480032 0.6626199887069453 0.17870108914885036 0.020327498588368152
0 0.7476805163372328 0.6716544325239977 0.0028237192416296895 0.0016939582156973462
