0 0.16841468334005646 0.22769621682665162 0.05445744251714401 0.017786561264822136
0 0.22166196046793063 0.2267080745341615 0.026220250100847116 0.015245623941276116
0 0.2755143202904397 0.22840203274985885 0.048406615570794675 0.01693958215697346
0 0.32412263009277936 0.23136645962732919 0.014925373134328358 0.009881422924901186
0 0.39330375151270675 0.23150762281197063 0.08713190802743041 0.025409373235460192
0 0.4834610730133118 0.23376623376623376 0.08188785800726099 0.028797289666854884
0 0.5324727712787414 0.23800112930547712 0.0024203307785397336 0.002258610954263128
0 0.5707946752722872 0.22882552230378317 0.02581686163775716 0.017786561264822136
0 0.6226300927793466 0.22882552230378317 0.05526421944332392 0.014963297571993224
0 0.6942315449778136 0.22924901185770752 0.06696248487293263 0.014680971202710334
0 0.8144413069786204 0.22840203274985885 0.12827753126260588 0.01637492941840768
0 0.2156111335215813 0.28204404291360813 0.1609519967728923 0.02710333145115754
0 0.3301734570391287 0.2782326369282891 0.0326744655102864 0.016657255787690572
0 0.4082291246470351 0.28049124788255225 0.0790641387656313 0.018351214003387916
0 0.48628479225494153 0.281055900621118 0.02944735780556676 0.021739130434782608
0 0.5330778539733764 0.28077357425183513 0.040742234772085516 0.017786561264822136
0 0.6206131504638968 0.27992659514398643 0.09560306575231949 0.015527950310559006
0 0.68192819685357 0.2922077922077922 0.012505042355788625 0.009034443817052512
0 0.7341670028237193 0.27964426877470355 0.06292860024203308 0.016092603049124788
0 0.8219039935457846 0.2857142857142857 0.08188785800726099 0.028797289666854884
0 0.16115369100443727 0.3300395256916996 0.051230334812424366 0.017504234895539244
0 0.24021782977006859 0.3362507058159232 0.08027430415490117 0.029361942405420668
0 0.31565147236789026 0.3294748729531338 0.030254134731746672 0.015810276679841896
0 0.3590157321500605 0.3296160361377753 0.023396530859217425 0.014963297571993224
0 0.4110528438886648 0.33145115753811405 0.04356595401371521 0.01693958215697346
0 0.5022186365469947 0.3294748729531338 0.10084711577248891 0.015810276679841896
0 0.6323114158935055 0.33639186900056467 0.1327148043565954 0.029079616036137776
0 0.7297297297297297 0.33455674760022586 0.03146430012101654 0.0220214568040655
0 0.7833803953206938 0.3308865047995483 0.048406615570794675 0.019198193111236588
0 0.17950786607503025 0.38424618859401466 0.07260992335619201 0.030491247882552232
0 0.22166196046793063 0.39073969508752115 0.008471157724889069 0.006775832862789385
0 0.2716821298910851 0.37789384528514963 0.058491327148043566 0.017221908526256352
0 0.33743444937474787 0.379587803500847 0.0463896732553449 0.0189158667419537
0 0.4471561113352158 0.3886222473178995 0.1327148043565954 0.025691699604743084
0 0.46651875756353367 0.3706945228684359 0.004437273093989512 0.0016939582156973462
0 0.5597014925373134 0.3826933935629588 0.0318676885841065 0.021174477696216828
0 0.6107301331181928 0.38071710897797856 0.04517950786607503 0.017221908526256352
0 0.7690601048810004 0.3794466403162055 0.22146026623638565 0.01693958215697346
0 0.16337232755143202 0.4322416713721062 0.048406615570794675 0.019198193111236588
0 0.22932634126663978 0.4295595708639187 0.03428801936264623 0.017221908526256352
0 0.2972972972972973 0.4298418972332016 0.06292860024203308 0.017786561264822136
0 0.43606292860024204 0.4374647092038396 0.16861637757160144 0.03020892151326934
0 0.5189592577652279 0.44113495200451724 0.01008471157724889 0.00818746470920384
0 0.5859217426381605 0.43040654997176736 0.0891488503428802 0.016657255787690572
0 0.6926179911254539 0.43605307735742516 0.08551835417507059 0.03190287972896669
0 0.7825736183945139 0.42970073404856013 0.04437273093989512 0.015810276679841896
0 0.17063331988705124 0.4858836815358554 0.0653489310205728 0.029361942405420668
0 0.25131101250504234 0.48461321287408243 0.04033884630899556 0.012704686617730096
0 0.3491327148043566 0.4847543760587239 0.12303348124243646 0.02766798418972332
0 0.4497781363453005 0.48306041784302656 0.03872529245663574 0.018068887634105024
0 0.5118999596611536 0.4841897233201581 0.045986284792254944 0.023715415019762844
0 0.5502218636546995 0.48898927159796723 0.0024203307785397336 0.002258610954263128
0 0.5899556272690601 0.48320158102766797 0.031060911657926585 0.016092603049124788
0 0.6748688987494957 0.48687182382834554 0.08309802339653086 0.026821005081874648
0 0.7258975393303752 0.49336533032185204 0.0060508269463493344 0.004799548277809147
0 0.7920532472771279 0.4803783173348391 0.09237595804759983 0.016092603049124788
0 0.17123840258168616 0.5307735742518351 0.06655909640984267 0.019198193111236588
0 0.25110931827349736 0.5313382269904009 0.05526421944332392 0.019762845849802372
0 0.3170633319887051 0.5313382269904009 0.03872529245663574 0.018068887634105024
0 0.4102460669624849 0.5375494071146245 0.12989108511496572 0.028232636928289104
0 0.572206534893102 0.5331733483907397 0.1464300121016539 0.017786561264822136
0 0.6478418717224688 0.5419254658385093 0.009681323114158934 0.007058159232072276
0 0.690399354578459 0.532326369282891 0.043969342476805166 0.015527950310559006
0 0.7948769665187576 0.5321852060982496 0.11577248890681727 0.015245623941276116
0 0.8537716821298911 0.5423489553924337 0.012505042355788625 0.009034443817052512
0 0.18071803146430013 0.6348108413325805 0.07503025413473174 0.017221908526256352
0 0.263412666397741 0.6343873517786561 0.0500201694231545 0.014680971202710334
0 0.3783783783783784 0.6396103896103896 0.1500605082694635 0.029644268774703556
0 0.5018152480839048 0.638481084133258 0.03307785397337636 0.0251270468661773
0 0.5439693424768052 0.6369282891022021 0.018152480839048003 0.007905138339920948
0 0.6010488100040339 0.6398927159796725 0.053247277127874144 0.028514963297571992
0 0.636345300524405 0.6405985319028797 0.0028237192416296895 0.0016939582156973462
