0 0.15167406212182333 0.22826086956521738 0.022589753933037516 0.023997741389045736
0 0.2236789027833804 0.2279785431959345 0.07704719645018153 0.025691699604743084
0 0.26966518757563535 0.24265951439864483 0.004437273093989512 0.009881422924901186
0 0.34953610326744655 0.23348390739695088 0.11335215812827754 0.02710333145115754
0 0.4138765631302945 0.24082439299830605 0.005647438483259379 0.009599096555618294
0 0.46409842678499397 0.2326369282891022 0.06978620411456232 0.015810276679841896
0 0.5903590157321501 0.22755505364201017 0.12464703509479629 0.023715415019762844
0 0.7315449778136345 0.23080180688876342 0.10286405808793868 0.028514963297571992
0 0.8289632916498588 0.22374364765669114 0.05970149253731343 0.021174477696216828
0 0.20713997579669222 0.28063241106719367 0.14158935054457442 0.0220214568040655
0 0.33098023396530857 0.2780914737436477 0.031060911657926585 0.021456804065499716
0 0.39007664380798707 0.2769621682665161 0.03227107704719645 0.020327498588368152
0 0.5036304961678096 0.282326369282891 0.10851149657119806 0.03274985883681536
0 0.6016538926986689 0.282326369282891 0.03509479628882614 0.028797289666854884
0 0.7131908027430416 0.2802089215132693 0.1371520774505849 0.03020892151326934
0 0.8202904396934247 0.27710333145115756 0.026220250100847116 0.0189158667419537
0 0.200080677692618 0.3351214003387916 0.12263009277934651 0.03274985883681536
0 0.3031464300121017 0.33145115753811405 0.02218636546994756 0.01355166572557877
0 0.44352561516740624 0.3287690570299266 0.19402985074626866 0.025691699604743084
0 0.6603469140782574 0.3321569734613213 0.17749092375958048 0.03359683794466403
0 0.8124243646631706 0.32792207792207795 0.08874546187979024 0.02456239412761152
0 0.1661960467930617 0.38015245623941274 0.0500201694231545 0.023997741389045736
0 0.2390076643807987 0.3784584980237154 0.033481242436466316 0.02456239412761152
0 0.336022589753933 0.3791643139469226 0.09600645421540945 0.0220214568040655
0 0.48204921339249696 0.37859966120835686 0.12505042355788623 0.021456804065499716
0 0.5941912061315047 0.3814229249011858 0.05244050020169423 0.019762845849802372
0 0.6551028640580879 0.3818464144551101 0.04033884630899556 0.0189158667419537
0 0.7392093586123437 0.37987012987012986 0.08672851956434045 0.022303783173348392
0 0.18293666801129488 0.4330886504799548 0.09883017345703912 0.019198193111236588
0 0.28418717224687373 0.4301242236024845 0.04719645018152481 0.021739130434782608
0 0.3511496571198064 0.42843026538678713 0.022993142396127472 0.021739130434782608
0 0.4421137555465914 0.43379446640316205 0.10891488503428802 0.031338226990400904
0 0.5086728519564341 0.4426877470355731 0.003227107704719645 0.01129305477131564
0 0.6099233561920129 0.4318181818181818 0.18152480839048002 0.021739130434782608
0 0.7926583299717628 0.43054771315640883 0.13473174667204518 0.0220214568040655
0 0.8697055264219443 0.43788819875776397 0.004033884630899556 0.005081874647092038
0 0.15429608713190804 0.48249576510446074 0.03993545784590561 0.019198193111236588
0 0.23154497781363453 0.48334274421230944 0.06615570794675273 0.02258610954263128
0 0.2716821298910851 0.49647092038396384 0.0028237192416296895 0.012140033879164314
0 0.3424768051633723 0.4867306606437041 0.10568777732956837 0.02766798418972332
0 0.40883420734167003 0.49392998306041785 0.002016942315449778 0.010446075663466968
0 0.4519967728922953 0.4906832298136646 0.050423557886244454 0.025409373235460192
0 0.5486083098023397 0.4815076228119706 0.10246066962484873 0.022868435911914172
0 0.6317063331988705 0.4847543760587239 0.02581686163775716 0.012422360248447204
0 0.682129891085115 0.480660643704122 0.042759177087535294 0.020045172219085264
0 0.7484872932634127 0.480660643704122 0.03751512706736587 0.017786561264822136
0 0.8356192012908431 0.4847543760587239 0.08753529649052037 0.029361942405420668
0 0.20814844695441712 0.5338791643139469 0.1355385235982251 0.021456804065499716
0 0.3249294070189593 0.5316205533596838 0.019766034691407825 0.024280067758328628
0 0.3765631302944736 0.5333145115753811 0.03751512706736587 0.012987012987012988
0 0.4417103670835014 0.5303500846979108 0.053247277127874144 0.0189158667419537
0 0.5042355788624445 0.5350084697910785 0.015328761597418314 0.01129305477131564
0 0.5605082694634933 0.529785431959345 0.05203711173860428 0.01948051948051948
0 0.6419927390076644 0.5369847543760587 0.06171843485276321 0.01355166572557877
0 0.7269060104881 0.5321852060982496 0.0653489310205728 0.0220214568040655
0 0.7972972972972973 0.5313382269904009 0.025413473174667203 0.02258610954263128
0 0.8467123840258168 0.532326369282891 0.03711173860427592 0.020045172219085264
0 0.21379588543767647 0.6318464144551101 0.15248083904800322 0.02258610954263128
0 0.299717628075837 0.6394692264257482 0.004033884630899556 0.002258610954263128
