0 0.16942315449778136 0.2841614906832298 0.09762000806776926 0.037549407114624504
0 0.24384832593787817 0.2768210050818746 0.020572811617587738 0.027950310559006212
0 0.30879386849536106 0.2751270468661773 0.08753529649052037 0.026821005081874648
0 0.39128680919725695 0.27936194240542067 0.03953206938281565 0.029079616036137776
0 0.47983057684550223 0.28063241106719367 0.11012505042355789 0.039525691699604744
0 0.600040338846309 0.28839638622247316 0.10286405808793868 0.0251270468661773
0 0.6964501815248084 0.2766798418972332 0.04961678096006454 0.025409373235460192
0 0.7577652279144816 0.27780914737436474 0.06171843485276321 0.024280067758328628
0 0.8757563533682937 0.2780914737436477 0.14602662363856395 0.0220214568040655
0 0.14219443323920936 0.38099943534726144 0.06333198870512304 0.018351214003387916
0 0.2646228317870109 0.3784584980237154 0.13957240822912464 0.023997741389045736
0 0.37898346107301334 0.3825522303783173 0.05687777329568374 0.037267080745341616
0 0.4540137152077451 0.3771880293619424 0.04800322710770472 0.026538678712591756
0 0.5346914078257362 0.3893280632411067 0.0899556272690601 0.04121964991530209
0 0.7012908430818878 0.37761151891586675 0.20613150463896732 0.027385657820440428
0 0.8188785800726099 0.3865047995482778 0.00645421540943929 0.009599096555618294
0 0.8602258975393303 0.378317334839074 0.06494554255748286 0.0220214568040655
0 0.9217426381605486 0.37874082439299833 0.02501008471157725 0.022303783173348392
0 0.15490116982654295 0.43054771315640883 0.06938281565147236 0.02258610954263128
0 0.3194836627672449 0.4329474872953134 0.23315853166599435 0.034161490683229816
0 0.4891085114965712 0.42758328627893843 0.06575231948366277 0.023433088650479956
0 0.582492940701896 0.43068887634105024 0.07260992335619201 0.02456239412761152
0 0.7208551835417507 0.43605307735742516 0.16700282371924163 0.03585544889892716
0 0.8469140782573619 0.4311123658949746 0.04477611940298507 0.030491247882552232
0 0.9076240419524002 0.4295595708639187 0.063735377168213 0.0251270468661773
0 0.17607906413876562 0.4836250705815923 0.11335215812827754 0.031055900621118012
0 0.23961274707543365 0.48955392433653305 0.00645421540943929 0.010163749294184076
0 0.291044776119403 0.48320158102766797 0.07866075030254134 0.018351214003387916
0 0.3781766841468334 0.4786843591191417 0.058491327148043566 0.025691699604743084
0 0.4757966922146027 0.4892715979672501 0.09802339653085922 0.042348955392433656
0 0.6488503428801936 0.4894127611518916 0.21258572004840662 0.0409373235460192
0 0.7972972972972973 0.4792490118577075 0.04154901169826543 0.026821005081874648
0 0.8598225090762405 0.4808018068887634 0.0609116579265833 0.023715415019762844
0 0.18878580072609924 0.531055900621118 0.12666397741024607 0.025409373235460192
0 0.3152480839048003 0.5347261434217956 0.09076240419524001 0.033314511575381144
0 0.4219443323920936 0.5302089215132694 0.07987091569181122 0.025409373235460192
0 0.5401371520774506 0.5383963862224732 0.10810810810810811 0.034443817052512704
0 0.6353368293666801 0.5324675324675324 0.04437273093989512 0.030491247882552232
0 0.772488906817265 0.5368435911914172 0.19604679306171843 0.028514963297571992
0 0.9164985881403792 0.5352907961603613 0.06857603872529246 0.019198193111236588
0 0.20169423154497781 0.5806041784302653 0.14037918515530456 0.021739130434782608
0 0.3249294070189593 0.5844155844155844 0.06575231948366277 0.014680971202710334
0 0.4878983461073013 0.5886504799548278 0.21500605082694635 0.03274985883681536
0 0.709358612343687 0.5852625635234331 0.18757563533682936 0.031055900621118012
0 0.8075837031060912 0.5899209486166008 0.004840661557079467 0.002540937323546019
