0 0.1472367890278338 0.2274138904573687 0.04033884630899556 0.022868435911914172
0 0.1918112141992739 0.22840203274985885 0.02218636546994756 0.019762845849802372
0 0.24041952400161357 0.2300959909655562 0.04437273093989512 0.018068887634105024
0 0.2745058491327148 0.23489553924336534 0.014118596208148447 0.00564652738565782
0 0.345502218636547 0.23178994918125354 0.09963695038321904 0.03162055335968379
0 0.4445340863251311 0.23560135516657255 0.07987091569181122 0.03190287972896669
0 0.49213392496974584 0.2365894974590627 0.0024203307785397336 0.0016939582156973462
0 0.5282371924162969 0.22939017504234896 0.02944735780556676 0.017221908526256352
0 0.5709963695038321 0.2295313382269904 0.03428801936264623 0.019762845849802372
0 0.635941912061315 0.23037831733483907 0.0609116579265833 0.018633540372670808
0 0.7496974586526826 0.22783738001129306 0.1327148043565954 0.023715415019762844
0 0.1674062121823316 0.33695652173913043 0.07503025413473174 0.03303218520609825
0 0.24304154901169828 0.32834556747600224 0.03751512706736587 0.024280067758328628
0 0.2662363856393707 0.3300395256916996 0.020976200080677694 0.017504234895539244
0 0.3126260588947156 0.32707509881422925 0.04033884630899556 0.022303783173348392
0 0.3949173053650666 0.3284867306606437 0.0927793465106898 0.0251270468661773
0 0.5010084711577248 0.33455674760022586 0.11294876966518758 0.034443817052512704
0 0.5921742638160549 0.3318746470920384 0.03711173860427592 0.02456239412761152
0 0.6375554659136748 0.3298983625070582 0.043162565550625254 0.021174477696216828
0 0.7063331988705123 0.3359683794466403 0.07018959257765228 0.02710333145115754
0 0.7571601452198468 0.33794466403162055 0.00645421540943929 0.006211180124223602
0 0.7983057684550222 0.33173348390739693 0.060508269463493344 0.015245623941276116
0 0.14784187172246874 0.38325804630152455 0.03428801936264623 0.02456239412761152
0 0.23779749899152886 0.3857989836250706 0.12061315046389673 0.031338226990400904
0 0.3372327551432029 0.38311688311688313 0.03146430012101654 0.024280067758328628
0 0.38039532069382814 0.3804347826086957 0.03711173860427592 0.020609824957651044
0 0.4653085921742638 0.3824110671936759 0.09640984267849939 0.021739130434782608
0 0.5903590157321501 0.38114059853190285 0.1319080274304155 0.0220214568040655
0 0.68192819685357 0.38071710897797856 0.02944735780556676 0.017786561264822136
0 0.7478822105687777 0.3815640880858272 0.05647438483259379 0.021174477696216828
0 0.209156918112142 0.4367588932806324 0.14481645824929407 0.031055900621118012
0 0.2855990318676886 0.44000564652738566 0.004033884630899556 0.0036702428006775835
0 0.3392496974586527 0.43125352907961606 0.0790641387656313 0.020609824957651044
0 0.42214602662363854 0.43478260869565216 0.07462686567164178 0.03500846979107849
0 0.4927390076643808 0.4318181818181818 0.035901573215006054 0.017786561264822136
0 0.5609116579265833 0.43252399774138905 0.06333198870512304 0.03162055335968379
0 0.6216216216216216 0.4374647092038396 0.02581686163775716 0.009316770186335404
0 0.7150060508269463 0.43492377188029363 0.12141992739007665 0.032467532467532464
0 0.8037515127067366 0.43054771315640883 0.026220250100847116 0.021456804065499716
0 0.8487293263412666 0.4339356295878035 0.0500201694231545 0.02710333145115754
0 0.8751512706736587 0.441699604743083 0.0028237192416296895 0.001976284584980237
0 0.15449778136345302 0.4841897233201581 0.026623638563937072 0.017504234895539244
0 0.23013311819281967 0.4863071710897798 0.09802339653085922 0.03077357425183512
0 0.28721258572004843 0.4925183512140034 0.004840661557079467 0.007058159232072276
0 0.3444937474788221 0.4815076228119706 0.08390480032271078 0.02456239412761152
0 0.4189189189189189 0.48221343873517786 0.050423557886244454 0.019762845849802372
0 0.481645824929407 0.4803783173348391 0.03711173860427592 0.021174477696216828
0 0.5379185155304558 0.4813664596273292 0.0391286809197257 0.0220214568040655
0 0.6234368697055265 0.48546019198193113 0.1044776119402985 0.02456239412761152
0 0.7476805163372328 0.4810841332580463 0.11093182734973779 0.02258610954263128
0 0.8144413069786204 0.4912478825522304 0.008067769261799113 0.006211180124223602
0 0.15248083904800322 0.532608695652174 0.03630496167809601 0.021739130434782608
0 0.2325534489713594 0.5300677583286278 0.09560306575231949 0.025691699604743084
0 0.2954820492133925 0.5403726708074534 0.006857603872529245 0.00846979107848673
0 0.3424768051633723 0.5320440429136082 0.05163372327551432 0.018351214003387916
0 0.4257765227914482 0.5350084697910785 0.07624041952400161 0.028797289666854884
0 0.5169423154497781 0.5393845285149633 0.07139975796692215 0.03359683794466403
0 0.5609116579265833 0.5429136081309994 0.0052440500201694235 0.005081874647092038
0 0.6484469544171036 0.5345849802371542 0.14804356595401372 0.026256352343308864
0 0.7559499798305769 0.5313382269904009 0.05244050020169423 0.019762845849802372
0 0.8249294070189592 0.5358554488989271 0.08471157724889068 0.03162055335968379
0 0.1510689794271884 0.5835686053077357 0.02944735780556676 0.024280067758328628
0 0.2172246873739411 0.5820158102766798 0.07139975796692215 0.022303783173348392
0 0.291044776119403 0.5841332580463016 0.04154901169826543 0.025974025974025976
0 0.3979427188382412 0.5866741953698476 0.14158935054457442 0.03162055335968379
0 0.5048406615570795 0.5870976849237719 0.04154901169826543 0.029079616036137776
0 0.5429608713190803 0.5887916431394692 0.012101653892698669 0.006493506493506494
0 0.5968132311415894 0.5876623376623377 0.06171843485276321 0.029644268774703556
0 0.6413876563130294 0.5911914172783738 0.0024203307785397336 0.002258610954263128
