0 0.14905203711173862 0.22275550536420102 0.04477611940298507 0.0220214568040655
0 0.2252924566357402 0.22783738001129306 0.06252521177894312 0.031055900621118012
0 0.34227511093182733 0.22699040090344438 0.0891488503428802 0.017504234895539244
0 0.4277934651068979 0.22713156408808582 0.02944735780556676 0.028514963297571992
0 0.5038321903993546 0.22416713721061546 0.060508269463493344 0.020327498588368152
0 0.6292860024203307 0.23178994918125354 0.12989108511496572 0.04009034443817053
0 0.7934651068979427 0.23489553924336534 0.14521984671238403 0.043478260869565216
0 0.9231544977813635 0.23334274421230944 0.0681726502622025 0.03472614342179559
0 0.12263009277934651 0.2758328627893845 0.02016942315449778 0.023150762281197064
0 0.19564340459862847 0.27653867871259175 0.07099636950383219 0.023997741389045736
0 0.27732956837434447 0.2782326369282891 0.03428801936264623 0.028514963297571992
0 0.363251311012505 0.2854319593450028 0.08592174263816055 0.04291360813099943
0 0.4834610730133118 0.28303218520609824 0.07866075030254134 0.020609824957651044
0 0.5703912868091973 0.275974025974026 0.02501008471157725 0.014963297571993224
0 0.6244453408632513 0.2735742518351214 0.03953206938281565 0.018068887634105024
0 0.7361839451391691 0.2761151891586674 0.1145623235175474 0.02258610954263128
0 0.8686970552642195 0.28049124788255225 0.09640984267849939 0.03303218520609825
0 0.16135538523598225 0.32241671372106157 0.10972166196046793 0.020327498588368152
0 0.32412263009277936 0.32622811970638055 0.14239612747075434 0.023433088650479956
0 0.4027833803953207 0.33300395256917 0.002016942315449778 0.001411631846414455
0 0.44937474788221055 0.3243929983060418 0.026623638563937072 0.018633540372670808
0 0.5147236789027834 0.32481648785996614 0.06131504638967326 0.023433088650479956
0 0.6119402985074627 0.32707509881422925 0.07180314643001211 0.01948051948051948
0 0.7507059298104074 0.3318746470920384 0.13957240822912464 0.03190287972896669
0 0.8779749899152884 0.32820440429136083 0.06575231948366277 0.020045172219085264
0 0.16014521984671237 0.37676453980801805 0.11375554659136748 0.020045172219085264
0 0.27833803953206937 0.38523433088650477 0.035498184751916094 0.040372670807453416
0 0.354780153287616 0.37365894974590624 0.052843888664784185 0.020609824957651044
0 0.4372730939895119 0.38523433088650477 0.06857603872529246 0.04488989271597967
0 0.5790641387656313 0.3749294184076793 0.15207745058491326 0.02766798418972332
0 0.672246873739411 0.39313946922642573 0.01008471157724889 0.015527950310559006
0 0.7206534893102057 0.3771880293619424 0.058491327148043566 0.021456804065499716
0 0.7950786607503025 0.37704686617730093 0.029850746268656716 0.017786561264822136
0 0.8620411456232352 0.3774703557312253 0.0572811617587737 0.020327498588368152
0 0.945139169019766 0.38170525127046867 0.07987091569181122 0.031055900621118012
0 0.15449778136345302 0.427442123094297 0.10326744655102864 0.020892151326933936
0 0.27974989915288423 0.4267363071710898 0.07704719645018153 0.026821005081874648
0 0.3892698668818072 0.42617165443252397 0.055667607906413875 0.01948051948051948
0 0.5167406212182332 0.43817052512704685 0.11859620814844696 0.04121964991530209
0 0.6230334812424365 0.4321005081874647 0.030254134731746672 0.028514963297571992
0 0.6851553045582897 0.42701863354037267 0.043969342476805166 0.021739130434782608
0 0.7793465106897943 0.4323828345567476 0.08713190802743041 0.027950310559006212
0 0.837232755143203 0.4397233201581028 0.007664380798709157 0.013269339356295878
0 0.8977410246066962 0.42828910220214567 0.06010488100040339 0.017504234895539244
0 0.1262605889471561 0.4775550536420102 0.04517950786607503 0.020609824957651044
0 0.21702299314239612 0.48898927159796723 0.07260992335619201 0.03896103896103896
0 0.3691004437273094 0.48658949745906266 0.1653892698668818 0.03867871259175607
0 0.5032271077047197 0.4779785431959345 0.024606696248487294 0.019762845849802372
0 0.5588947156111336 0.4786843591191417 0.03509479628882614 0.020045172219085264
0 0.672246873739411 0.4792490118577075 0.10851149657119806 0.021174477696216828
0 0.7932634126663978 0.4817899491812535 0.06333198870512304 0.03472614342179559
0 0.8771682129891085 0.4786843591191417 0.05203711173860428 0.0189158667419537
0 0.13876563130294473 0.5405138339920948 0.08229124647035095 0.040372670807453416
0 0.2392093586123437 0.5321852060982496 0.029850746268656716 0.029361942405420668
0 0.3618394513916902 0.5352907961603613 0.13876563130294473 0.029361942405420668
0 0.491125453812021 0.5307735742518351 0.0609116579265833 0.018068887634105024
0 0.608713190802743 0.5286561264822134 0.09116579265832997 0.021174477696216828
0 0.7133924969745865 0.5302089215132694 0.0391286809197257 0.01637492941840768
0 0.8517547398144413 0.5381140598531903 0.16014521984671237 0.03387916431394692
0 0.1845502218636547 0.585544889892716 0.13755546591367487 0.03162055335968379
0 0.25433642597821704 0.5848390739695087 0.0028237192416296895 0.001411631846414455
