0 0.21964501815248083 0.2329192546583851 0.14481645824929407 0.03274985883681536
0 0.30032271077047196 0.23673066064370413 0.008471157724889069 0.008752117447769622
0 0.34973779749899153 0.2251552795031056 0.04921339249697459 0.018351214003387916
0 0.4606696248487293 0.22826086956521738 0.1371520774505849 0.01948051948051948
0 0.5707946752722872 0.22840203274985885 0.0572811617587737 0.017504234895539244
0 0.6897942718838241 0.22713156408808582 0.14925373134328357 0.017786561264822136
0 0.7860024203307785 0.22967250141163184 0.018959257765227916 0.009881422924901186
0 0.2154094392900363 0.2780914737436477 0.14844695441710368 0.019198193111236588
0 0.3574021782977007 0.27992659514398643 0.0790641387656313 0.014398644833427442
0 0.42960871319080274 0.27738565782044045 0.03872529245663574 0.017786561264822136
0 0.536506655909641 0.2837380011293055 0.12827753126260588 0.030491247882552232
0 0.6645824929407019 0.2787972896668549 0.07624041952400161 0.017221908526256352
0 0.7486889874949576 0.27992659514398643 0.04517950786607503 0.016092603049124788
0 0.8390480032271077 0.2826086956521739 0.08632513110125051 0.024844720496894408
0 0.1718434852763211 0.33272162619988704 0.053247277127874144 0.03077357425183512
0 0.27188382412263007 0.3306041784302654 0.11052843888664785 0.026538678712591756
0 0.3299717628075837 0.33667419536984755 0.014521984671238403 0.015527950310559006
0 0.3781766841468334 0.33173348390739693 0.04719645018152481 0.012422360248447204
0 0.47519160951996775 0.3306041784302654 0.10568777732956837 0.01637492941840768
0 0.563331988705123 0.3308865047995483 0.03509479628882614 0.014116318464144552
0 0.6853569987898346 0.33328627893845286 0.1508672851956434 0.027385657820440428
0 0.8327954820492134 0.3296160361377753 0.10044372730939895 0.017221908526256352
0 0.15954013715207746 0.38071710897797856 0.030254134731746672 0.016092603049124788
0 0.2335619201290843 0.3825522303783173 0.05486083098023396 0.01355166572557877
0 0.33945139169019767 0.3800112930547713 0.10528438886647842 0.017504234895539244
0 0.4745865268253328 0.3804347826086957 0.09721661960467931 0.0189158667419537
0 0.5716014521984671 0.37987012987012986 0.0572811617587737 0.015527950310559006
0 0.6389673255344898 0.383399209486166 0.03791851553045583 0.023150762281197064
0 0.6958450988301734 0.38071710897797856 0.053247277127874144 0.016092603049124788
0 0.827349737797499 0.3794466403162055 0.15328761597418314 0.01693958215697346
0 0.1500605082694635 0.4323828345567476 0.02016942315449778 0.013269339356295878
0 0.23961274707543365 0.43407679277244493 0.11859620814844696 0.029079616036137776
0 0.35074626865671643 0.42843026538678713 0.07139975796692215 0.017786561264822136
0 0.4762000806776926 0.4339356295878035 0.14804356595401372 0.025409373235460192
0 0.6321097216619604 0.4370412196499153 0.10488100040338846 0.028797289666854884
0 0.6879790237999194 0.4414172783738001 0.008471157724889069 0.006493506493506494
0 0.7482855990318676 0.43252399774138905 0.07180314643001211 0.012422360248447204
0 0.8418717224687374 0.4313946922642575 0.053247277127874144 0.01637492941840768
0 0.1674062121823316 0.4817899491812535 0.06131504638967326 0.017786561264822136
0 0.2573618394513917 0.4815076228119706 0.09116579265832997 0.020609824957651044
0 0.3007260992335619 0.4878599661208357 0.0028237192416296895 0.002258610954263128
0 0.39209358612343687 0.4816487859966121 0.12989108511496572 0.017504234895539244
0 0.4552238805970149 0.4916713721061547 0.01008471157724889 0.007058159232072276
0 0.5161355385235982 0.48023715415019763 0.0681726502622025 0.018068887634105024
0 0.6153691004437273 0.481931112365895 0.08511496571198064 0.020327498588368152
0 0.7470754336425979 0.48743647656691136 0.1500605082694635 0.031338226990400904
0 0.1897942718838241 0.531055900621118 0.10044372730939895 0.019198193111236588
0 0.2866075030254135 0.5317617165443252 0.052843888664784185 0.016657255787690572
0 0.3620411456232352 0.5362789384528515 0.05929810407422348 0.0251270468661773
0 0.4560306575231948 0.5333145115753811 0.08430818878580072 0.025409373235460192
0 0.564340459862848 0.5344438170525128 0.10407422347720856 0.012987012987012988
0 0.6962484872932634 0.5352907961603613 0.11778943122226704 0.023715415019762844
0 0.7674465510286406 0.5434782608695652 0.00927793465106898 0.007905138339920948
0 0.8087938684953611 0.5319028797289667 0.041145623235175476 0.011857707509881422
0 0.8610326744655102 0.5314793901750423 0.0463896732553449 0.016092603049124788
0 0.21036708350141187 0.5834274421230943 0.1399757966922146 0.020609824957651044
0 0.3608309802339653 0.5811688311688312 0.1044776119402985 0.0189158667419537
0 0.42295280354981846 0.5950028232636928 0.008471157724889069 0.006493506493506494
0 0.46248487293263413 0.5821569734613213 0.03509479628882614 0.015245623941276116
0 0.5223880597014925 0.5834274421230943 0.048406615570794675 0.017786561264822136
0 0.6220250100847116 0.5894974590626765 0.11859620814844696 0.032185206098249576
0 0.7365873336022589 0.5825804630152456 0.06776926179911255 0.017786561264822136
0 0.8283582089552238 0.584274421230943 0.08672851956434045 0.015527950310559006
0 0.21218233158531666 0.6396103896103896 0.13795885437676483 0.029644268774703556
0 0.33642597821702297 0.6339638622247318 0.06131504638967326 0.0189158667419537
0 0.3743444937474788 0.6441276115189158 0.008874546187979023 0.005928853754940711
0 0.43162565550625254 0.633399209486166 0.07503025413473174 0.018351214003387916
0 0.5020169423154498 0.6360813099943535 0.0318676885841065 0.0220214568040655
0 0.5500201694231545 0.6350931677018633 0.0463896732553449 0.017786561264822136
0 0.663574021782977 0.639751552795031 0.136345300524405 0.024844720496894408
0 0.7386042759177087 0.6439864483342744 0.011294876966518758 0.00846979107848673
0 0.7983057684550222 0.640033879164314 0.08551835417507059 0.029361942405420668
0 0.15954013715207746 0.6881705251270469 0.02218636546994756 0.011575381140598532
0 0.27833803953206937 0.69042913608131 0.1863654699475595 0.03020892151326934
0 0.41972569584509883 0.6874647092038396 0.0326744655102864 0.02258610954263128
0 0.47962888261395725 0.6866177300959909 0.06776926179911255 0.012987012987012988
0 0.6335215812827754 0.6909937888198758 0.19241629689390882 0.031338226990400904
0 0.7958854376764825 0.6839356295878035 0.07341670028237192 0.017786561264822136
0 0.23033481242436465 0.7336250705815923 0.16296893908834206 0.01948051948051948
0 0.3753529649052037 0.743365330321852 0.1036708350141186 0.024280067758328628
0 0.4265832997176281 0.7418125352907962 0.0028237192416296895 0.001976284584980237
