0 0.14885034288019364 0.2289666854884246 0.03469140782573618 0.02258610954263128
0 0.20935861234368697 0.2305194805194805 0.05405405405405406 0.03359683794466403
0 0.290843081887858 0.22755505364201017 0.07583703106091166 0.020327498588368152
0 0.36587333602258976 0.2326369282891022 0.03146430012101654 0.029926595143986448
0 0.4169019766034691 0.22868435911914173 0.05203711173860428 0.02258610954263128
0 0.5137152077450585 0.2360248447204969 0.09802339653085922 0.0378317334839074
0 0.6339249697458653 0.23588368153585546 0.1189995966115369 0.03303218520609825
0 0.745663574021783 0.23983625070581593 0.07059298104074223 0.03359683794466403
0 0.8100040338846309 0.23066064370412195 0.026623638563937072 0.018068887634105024
0 0.16014521984671237 0.27851496329757197 0.06212182331585317 0.021739130434782608
0 0.22025010084711577 0.28176171654432525 0.03711173860427592 0.029361942405420668
0 0.28600242033077855 0.2837380011293055 0.07422347720855184 0.028797289666854884
0 0.37676482452601856 0.2912196499153021 0.06776926179911255 0.020045172219085264
0 0.4499798305768455 0.28049124788255225 0.03428801936264623 0.020045172219085264
0 0.4925373134328358 0.28190287972896666 0.035498184751916094 0.022303783173348392
0 0.5689794271883825 0.2780914737436477 0.08672851956434045 0.026538678712591756
0 0.663574021782977 0.2847261434217956 0.07664380798709157 0.03190287972896669
0 0.7585720048406616 0.2811970638057595 0.08188785800726099 0.019762845849802372
0 0.18414683340056473 0.32933370976849236 0.11093182734973779 0.02456239412761152
0 0.25010084711577246 0.33554488989271597 0.0024203307785397336 0.001976284584980237
0 0.2888261395724082 0.3296160361377753 0.033884630899556276 0.020045172219085264
0 0.3259378781766841 0.33130999435347264 0.03307785397337636 0.023433088650479956
0 0.39229528035498185 0.3308865047995483 0.07866075030254134 0.019198193111236588
0 0.4784187172246874 0.33554488989271597 0.1218233158531666 0.027385657820440428
0 0.581887858007261 0.33356860530773574 0.06010488100040339 0.016657255787690572
0 0.690399354578459 0.33018068887634106 0.13110125050423557 0.022868435911914172
0 0.7898346107301332 0.338085827216262 0.041145623235175476 0.028514963297571992
0 0.14965711980637353 0.38071710897797856 0.041145623235175476 0.020609824957651044
0 0.21319080274304156 0.38382269904009036 0.04961678096006454 0.03077357425183512
0 0.3152480839048003 0.38085827216261997 0.12706736587333603 0.019762845849802372
0 0.39007664380798707 0.39031620553359686 0.008067769261799113 0.008752117447769622
0 0.4255748285599032 0.38114059853190285 0.048406615570794675 0.018633540372670808
0 0.4707543364259782 0.3804347826086957 0.020976200080677694 0.018351214003387916
0 0.5227914481645825 0.3825522303783173 0.05486083098023396 0.019762845849802372
0 0.6490520371117386 0.38509316770186336 0.16861637757160144 0.029361942405420668
0 0.7722872125857201 0.38198757763975155 0.05929810407422348 0.019762845849802372
0 0.15590964098426785 0.43266516092603047 0.04961678096006454 0.021739130434782608
0 0.2561516740621218 0.4376058723884811 0.11052843888664785 0.031055900621118012
0 0.3382412263009278 0.43506493506493504 0.031060911657926585 0.025409373235460192
0 0.37676482452601856 0.4330886504799548 0.03791851553045583 0.018633540372670808
0 0.4536103267446551 0.43351214003387917 0.08672851956434045 0.027385657820440428
0 0.5010084711577248 0.44339356295878035 0.00645421540943929 0.005928853754940711
0 0.5421540943929004 0.43492377188029363 0.05647438483259379 0.017221908526256352
0 0.5992335619201291 0.4345002823263693 0.038321903993545785 0.01637492941840768
0 0.672246873739411 0.4376058723884811 0.08027430415490117 0.029361942405420668
0 0.7884227511093183 0.4342179559570864 0.14239612747075434 0.03274985883681536
0 0.14683340056474384 0.48249576510446074 0.026623638563937072 0.020892151326933936
0 0.1811214199273901 0.4827780914737436 0.021782977006857603 0.01693958215697346
0 0.2559499798305768 0.4813664596273292 0.09883017345703912 0.0220214568040655
0 0.34852763210972165 0.48546019198193113 0.05647438483259379 0.031338226990400904
0 0.4171036708350141 0.48348390739695085 0.04921339249697459 0.01948051948051948
0 0.5030254134731746 0.48757763975155277 0.08067769261799113 0.03162055335968379
0 0.5711980637353772 0.4848955392433653 0.03630496167809601 0.026821005081874648
0 0.6595401371520775 0.4860248447204969 0.1306978620411456 0.025691699604743084
0 0.7700685760387252 0.48404856013551667 0.05970149253731343 0.018351214003387916
0 0.854175070592981 0.48348390739695085 0.09963695038321904 0.021739130434782608
0 0.1536910044372731 0.5382552230378317 0.03953206938281565 0.009881422924901186
0 0.25534489713594194 0.5367024280067758 0.13473174667204518 0.03387916431394692
0 0.3973376361436063 0.5407961603613778 0.12343686970552642 0.029644268774703556
0 0.4663170633319887 0.5430547713156408 0.0024203307785397336 0.001976284584980237
