0 0.17406212182331585 0.2831733483907397 0.12464703509479629 0.03613777526821005
0 0.24485679709560307 0.2862789384528515 0.008067769261799113 0.015245623941276116
0 0.3053650665590964 0.27540937323546016 0.0572811617587737 0.0189158667419537
0 0.4060104881000403 0.27526821005081875 0.09076240419524001 0.024280067758328628
0 0.5175473981444131 0.2748447204968944 0.08067769261799113 0.026256352343308864
0 0.6048810004033884 0.27498588368153587 0.052843888664784185 0.021456804065499716
0 0.6912061315046389 0.2780914737436477 0.06252521177894312 0.02766798418972332
0 0.7323517547398144 0.2862789384528515 0.010891488503428802 0.014116318464144552
0 0.8035498184751916 0.28797289666854886 0.10488100040338846 0.03557312252964427
0 0.9265832997176281 0.28613777526821005 0.09197256958450989 0.032467532467532464
0 0.18132311415893507 0.3310276679841897 0.14965711980637353 0.029079616036137776
0 0.2755143202904397 0.3346979107848673 0.00645421540943929 0.014963297571993224
0 0.3370310609116579 0.32396950875211744 0.0536506655909641 0.018351214003387916
0 0.41770875352964904 0.33046301524562394 0.07946752722872126 0.036420101637492944
0 0.54538120209762 0.32523997741389044 0.11133521581282775 0.021456804065499716
0 0.6153691004437273 0.33766233766233766 0.00927793465106898 0.011857707509881422
0 0.6536910044372731 0.32382834556747603 0.040742234772085516 0.019762845849802372
0 0.7400161355385236 0.3245341614906832 0.07785397337636143 0.0189158667419537
0 0.7914481645824929 0.33455674760022586 0.010488100040338847 0.01693958215697346
0 0.8559903186768858 0.3344155844155844 0.08955223880597014 0.03980801806888763
0 0.18071803146430013 0.38297571993224166 0.14844695441710368 0.0409373235460192
0 0.3527632109721662 0.37422360248447206 0.12141992739007665 0.020609824957651044
0 0.4671238402581686 0.3845285149632976 0.03469140782573618 0.038396386222473176
0 0.5379185155304558 0.3740824392998306 0.04154901169826543 0.020327498588368152
0 0.6282775312626059 0.37789384528514963 0.08108108108108109 0.018351214003387916
0 0.6841468334005647 0.38410502540937325 0.00645421540943929 0.014963297571993224
0 0.7329568374344494 0.37789384528514963 0.055667607906413875 0.018351214003387916
0 0.8112141992739008 0.378317334839074 0.048406615570794675 0.02258610954263128
0 0.9076240419524002 0.3867871259175607 0.09600645421540945 0.040654997176736304
0 0.1700282371924163 0.4243365330321852 0.12787414279951592 0.025974025974025976
0 0.24848729326341268 0.43280632411067194 0.00645421540943929 0.01129305477131564
0 0.2983057684550222 0.4234895539243365 0.0391286809197257 0.020327498588368152
0 0.46571198063735375 0.429983060417843 0.22307382008874546 0.033314511575381144
0 0.5736183945139169 0.4418407679277245 0.008067769261799113 0.012422360248447204
0 0.6611536910044373 0.4408526256352343 0.11214199273900767 0.0409373235460192
0 0.8162565550625253 0.4394409937888199 0.13594191206131503 0.04319593450028233
0 0.16256555062525213 0.4848955392433653 0.1306978620411456 0.03472614342179559
0 0.23961274707543365 0.4888481084133258 0.010488100040338847 0.020609824957651044
0 0.2991125453812021 0.4872953133822699 0.06010488100040339 0.040654997176736304
0 0.3850342880193626 0.4836250705815923 0.07059298104074223 0.017504234895539244
0 0.48507462686567165 0.4792490118577075 0.045582896329164985 0.017786561264822136
0 0.5826946349334409 0.4786843591191417 0.08753529649052037 0.020045172219085264
0 0.6686163775716014 0.4762845849802372 0.02379991932230738 0.018633540372670808
0 0.7741024606696248 0.4803783173348391 0.1306978620411456 0.0189158667419537
0 0.900161355385236 0.4816487859966121 0.0681726502622025 0.028797289666854884
0 0.13432835820895522 0.5265386787125917 0.06212182331585317 0.019762845849802372
0 0.2117789431222267 0.529785431959345 0.05405405405405406 0.021174477696216828
0 0.33198870512303347 0.5286561264822134 0.10246066962484873 0.017221908526256352
0 0.4497781363453005 0.5280914737436476 0.053247277127874144 0.020045172219085264
0 0.5699878983461073 0.5396668548842461 0.1145623235175474 0.04376058723884811
0 0.6982654296087132 0.528514963297572 0.08148446954417103 0.023715415019762844
0 0.809197256958451 0.5352907961603613 0.09197256958450989 0.02710333145115754
0 0.9108511496571198 0.5341614906832298 0.07099636950383219 0.03387916431394692
0 0.14582492940701897 0.5897797854319593 0.08027430415490117 0.03613777526821005
0 0.2525211778943122 0.5803218520609825 0.05244050020169423 0.01948051948051948
0 0.29608713190802743 0.5863918690005646 0.005647438483259379 0.012987012987012988
0 0.3358208955223881 0.5832862789384529 0.035901573215006054 0.01693958215697346
0 0.4025816861637757 0.5784867306606437 0.04679306171843485 0.020892151326933936
0 0.48608309802339655 0.5830039525691699 0.06131504638967326 0.015245623941276116
0 0.5550625252117789 0.5862507058159232 0.029043969342476807 0.032467532467532464
0 0.6244453408632513 0.5790513833992095 0.05405405405405406 0.01637492941840768
0 0.727914481645825 0.5766516092603049 0.11657926583299717 0.022868435911914172
0 0.790439693424768 0.5885093167701864 0.007664380798709157 0.011575381140598532
0 0.8650665590964098 0.5780632411067194 0.08511496571198064 0.025691699604743084
0 0.14340459862847924 0.6309994353472614 0.10609116579265833 0.02710333145115754
0 0.26321097216619604 0.629587803500847 0.057684550221863654 0.01637492941840768
0 0.39027833803953205 0.6390457368718239 0.1254538120209762 0.03867871259175607
0 0.5399354578459056 0.6428571428571429 0.09560306575231949 0.04178430265386787
0 0.6496571198063735 0.6315640880858272 0.0891488503428802 0.01693958215697346
0 0.7014925373134329 0.6363636363636364 0.0024203307785397336 0.0016939582156973462
