0 0.16579265832997175 0.22840203274985885 0.04517950786607503 0.02258610954263128
0 0.2490923759580476 0.233201581027668 0.08834207341670028 0.031055900621118012
0 0.39955627269060107 0.22713156408808582 0.15933844292053248 0.022868435911914172
0 0.5786607503025414 0.22882552230378317 0.15207745058491326 0.03077357425183512
0 0.6841468334005647 0.22755505364201017 0.01936264622831787 0.019198193111236588
0 0.7658329971762807 0.23404856013551667 0.10044372730939895 0.030491247882552232
0 0.2018959257765228 0.27780914737436474 0.1189995966115369 0.023715415019762844
0 0.28398547801532875 0.2898080180688876 0.004840661557079467 0.011575381140598532
0 0.33985478015328763 0.2831733483907397 0.07785397337636143 0.029361942405420668
0 0.42940701895925776 0.2782326369282891 0.03751512706736587 0.02456239412761152
0 0.509076240419524 0.27964426877470355 0.07583703106091166 0.021174477696216828
0 0.5853166599435257 0.27710333145115756 0.02581686163775716 0.020609824957651044
0 0.6302944735780557 0.2768210050818746 0.03509479628882614 0.01948051948051948
0 0.7178297700685761 0.277244494635799 0.08672851956434045 0.0220214568040655
0 0.8414683340056475 0.2776679841897233 0.1073013311819282 0.023433088650479956
0 0.16216216216216217 0.3300395256916996 0.03065752319483663 0.018633540372670808
0 0.25413473174667206 0.3265104460756635 0.08471157724889068 0.022868435911914172
0 0.3852359822509076 0.33300395256917 0.10568777732956837 0.03303218520609825
0 0.5256151674062122 0.32792207792207795 0.11617587736990723 0.022868435911914172
0 0.7408229124647036 0.334274421230943 0.24485679709560307 0.030491247882552232
0 0.18031464300121017 0.3794466403162055 0.07099636950383219 0.02258610954263128
0 0.22670431625655507 0.3877752682100508 0.003227107704719645 0.0036702428006775835
0 0.28176684146833403 0.37859966120835686 0.05687777329568374 0.02258610954263128
0 0.39572408229124645 0.38325804630152455 0.08874546187979024 0.031338226990400904
0 0.491125453812021 0.3855166572557877 0.057684550221863654 0.03190287972896669
0 0.5603065752319484 0.38226990400903443 0.023396530859217425 0.019762845849802372
0 0.6062928600242034 0.38114059853190285 0.04033884630899556 0.020327498588368152
0 0.6601452198467124 0.37224731789949184 0.00927793465106898 0.007058159232072276
0 0.7022993142396128 0.384669678147939 0.07180314643001211 0.029644268774703556
0 0.7718838241226301 0.3791643139469226 0.030254134731746672 0.021456804065499716
0 0.8311819281968535 0.3784584980237154 0.043162565550625254 0.021739130434782608
0 0.1809197256958451 0.42970073404856013 0.07220653489310205 0.021456804065499716
0 0.23497377974989916 0.4199604743083004 0.006857603872529245 0.006493506493506494
0 0.30233965308592176 0.42941840767927725 0.06494554255748286 0.020892151326933936
0 0.3797902379991932 0.43351214003387917 0.03751512706736587 0.013269339356295878
0 0.5100847115772489 0.4333709768492377 0.17386042759177087 0.033314511575381144
0 0.6857603872529245 0.4288537549407115 0.1290843081887858 0.024280067758328628
0 0.7581686163775716 0.4440993788819876 0.006857603872529245 0.012422360248447204
0 0.8132311415893505 0.43167701863354035 0.06776926179911255 0.023150762281197064
0 0.16377571601452198 0.4808018068887634 0.03791851553045583 0.020327498588368152
0 0.2400161355385236 0.47967250141163187 0.053247277127874144 0.020892151326933936
0 0.2769261799112545 0.4947769621682665 0.0060508269463493344 0.016657255787690572
0 0.31343283582089554 0.48461321287408243 0.03307785397337636 0.032467532467532464
0 0.3874546187979024 0.4805194805194805 0.04235578862444534 0.0220214568040655
0 0.46026623638563935 0.48009599096555616 0.07099636950383219 0.021174477696216828
0 0.5597014925373134 0.4815076228119706 0.07946752722872126 0.01948051948051948
0 0.6042759177087536 0.4944946357989836 0.004033884630899556 0.01101072840203275
0 0.6524808390480032 0.4841897233201581 0.06252521177894312 0.014116318464144552
0 0.7146026623638564 0.4850367024280068 0.02218636546994756 0.012987012987012988
0 0.8106091165792658 0.487012987012987 0.11980637353771682 0.032185206098249576
0 0.16256555062525213 0.5347261434217956 0.03711173860427592 0.012422360248447204
0 0.2281161758773699 0.5327498588368154 0.043969342476805166 0.019198193111236588
0 0.30899556272690604 0.5314793901750423 0.04679306171843485 0.020045172219085264
0 0.4461476401774909 0.531055900621118 0.16216216216216217 0.02258610954263128
0 0.5917708753529649 0.5319028797289667 0.08148446954417103 0.02258610954263128
0 0.6694231544977813 0.5320440429136082 0.02864058087938685 0.021739130434782608
0 0.7303348124243647 0.5327498588368154 0.03993545784590561 0.020327498588368152
0 0.8475191609519968 0.532326369282891 0.136345300524405 0.022868435911914172
0 0.1845502218636547 0.5900621118012422 0.0899556272690601 0.023150762281197064
0 0.28156514723678905 0.581733483907397 0.029043969342476807 0.021174477696216828
0 0.3929003630496168 0.5818746470920384 0.13473174667204518 0.023150762281197064
0 0.5480032271077048 0.5807453416149069 0.12141992739007665 0.025409373235460192
0 0.6192012908430818 0.5883681535855448 0.003227107704719645 0.003952569169960474
