0 0.15207745058491326 0.22727272727272727 0.050826946349334406 0.02258610954263128
0 0.24324324324324326 0.23094297007340486 0.08955223880597014 0.033314511575381144
0 0.40338846308995563 0.2236024844720497 0.18797902379991932 0.028797289666854884
0 0.5915691811214199 0.22826086956521738 0.1617587736990722 0.03585544889892716
0 0.7008874546187979 0.22543760587238848 0.027833803953206938 0.022303783173348392
0 0.7845905607099637 0.23136645962732919 0.10649455425574829 0.029644268774703556
0 0.15974183138362244 0.37789384528514963 0.06938281565147236 0.021174477696216828
0 0.20028237192416296 0.38819875776397517 0.002016942315449778 0.0016939582156973462
0 0.25574828559903184 0.37732919254658387 0.05970149253731343 0.022868435911914172
0 0.35296490520371115 0.3812817617165443 0.1145623235175474 0.03303218520609825
0 0.45663574021782977 0.38382269904009036 0.06696248487293263 0.03020892151326934
0 0.5189592577652279 0.3790231507622812 0.02944735780556676 0.0189158667419537
0 0.5760387252924566 0.3790231507622812 0.04517950786607503 0.01948051948051948
0 0.6228317870108915 0.3883399209486166 0.010488100040338847 0.005928853754940711
0 0.6684146833400565 0.38509316770186336 0.05808793868495361 0.03162055335968379
0 0.7299314239612748 0.3805759457933371 0.04235578862444534 0.025974025974025976
0 0.7700685760387252 0.3780350084697911 0.04517950786607503 0.0220214568040655
0 0.14582492940701897 0.5369847543760587 0.03428801936264623 0.010728402032749858
0 0.19786204114562322 0.5307735742518351 0.038321903993545785 0.02258610954263128
0 0.2561516740621218 0.5314793901750423 0.05808793868495361 0.0189158667419537
0 0.3864461476401775 0.532326369282891 0.17103670835014118 0.025691699604743084
0 0.526825332795482 0.5306324110671937 0.08390480032271078 0.021174477696216828
0 0.6085114965711981 0.5327498588368154 0.043969342476805166 0.025409373235460192
0 0.6589350544574425 0.5317617165443252 0.045582896329164985 0.021174477696216828
0 0.7650262202501008 0.5311970638057595 0.15691811214199275 0.021174477696216828
0 0.17789431222267044 0.5896386222473179 0.0927793465106898 0.01948051948051948
0 0.26099233561920127 0.5849802371541502 0.03791851553045583 0.024280067758328628
0 0.381807180314643 0.5808865047995483 0.18031464300121017 0.022868435911914172
0 0.5562726906010488 0.5815923207227555 0.14764017749092376 0.023150762281197064
0 0.6430012101653892 0.5934500282326369 0.0024203307785397336 0.00282326369282891
