0 0.19019766034691407 0.23221343873517786 0.07382008874546188 0.03303218520609825
0 0.2781363453005244 0.22628458498023715 0.04881000403388463 0.0189158667419537
0 0.37777329568374346 0.22684923771880294 0.11577248890681727 0.0189158667419537
0 0.5066559096409843 0.22769621682665162 0.10649455425574829 0.017786561264822136
0 0.5635336829366681 0.23927159796725014 0.01290843081887858 0.009316770186335404
0 0.6474384832593788 0.23080180688876342 0.11536910044372731 0.0251270468661773
0 0.7129891085114965 0.23842461885940147 0.01008471157724889 0.006493506493506494
0 0.7722872125857201 0.22924901185770752 0.07624041952400161 0.014116318464144552
0 0.23275514320290439 0.2837380011293055 0.17103670835014118 0.030491247882552232
0 0.37353771682129894 0.2852907961603614 0.07180314643001211 0.027950310559006212
0 0.5161355385235982 0.28402032749858835 0.16821298910851148 0.02710333145115754
0 0.6899959661153691 0.2787972896668549 0.11657926583299717 0.017221908526256352
0 0.7549415086728519 0.2847261434217956 0.0028237192416296895 0.001976284584980237
0 0.8017345703912868 0.279785431959345 0.043162565550625254 0.01693958215697346
0 0.17567567567567569 0.3287690570299266 0.0609116579265833 0.018351214003387916
0 0.21621621621621623 0.33794466403162055 0.005647438483259379 0.005081874647092038
0 0.25877369907220654 0.33145115753811405 0.043969342476805166 0.01129305477131564
0 0.33864461476401775 0.33328627893845286 0.07301331181928197 0.023433088650479956
0 0.381807180314643 0.3416149068322981 0.01008471157724889 0.00846979107848673
0 0.43929003630496166 0.33046301524562394 0.0645421540943929 0.012704686617730096
0 0.5419524001613554 0.3307453416149068 0.09963695038321904 0.017221908526256352
0 0.6367486889874949 0.32834556747600224 0.03993545784590561 0.014680971202710334
0 0.7436466317063332 0.33116883116883117 0.12706736587333603 0.023150762281197064
0 0.18354175070592982 0.3794466403162055 0.08229124647035095 0.017504234895539244
0 0.2710770471964502 0.38749294184076793 0.04437273093989512 0.031338226990400904
0 0.3444937474788221 0.3794466403162055 0.04195240016135539 0.014116318464144552
0 0.4489713594191206 0.37987012987012986 0.10568777732956837 0.017221908526256352
0 0.5415490116982654 0.38099943534726144 0.033481242436466316 0.014398644833427442
0 0.6159741831383623 0.3856578204404291 0.07180314643001211 0.02766798418972332
0 0.699273900766438 0.38283455674760025 0.031060911657926585 0.023150762281197064
0 0.7593787817668415 0.37775268210050816 0.050423557886244454 0.018068887634105024
0 0.2434449374747882 0.4363354037267081 0.21419927390076643 0.031338226990400904
0 0.4213392496974587 0.43252399774138905 0.07382008874546188 0.017504234895539244
0 0.5294473578055667 0.4311123658949746 0.09479628882613957 0.01637492941840768
0 0.6196046793061718 0.4321005081874647 0.03711173860427592 0.01383399209486166
0 0.6893908834207342 0.43040654997176736 0.06938281565147236 0.016092603049124788
0 0.8124243646631706 0.4292772444946358 0.13473174667204518 0.017221908526256352
0 0.1736587333602259 0.48094297007340486 0.07059298104074223 0.017221908526256352
0 0.21682129891085114 0.4880011293054771 0.0028237192416296895 0.001976284584980237
0 0.27148043565954016 0.48306041784302656 0.04759983864461476 0.014680971202710334
0 0.36264622831787013 0.4867306606437041 0.08955223880597014 0.025974025974025976
0 0.4683340056474385 0.4816487859966121 0.07099636950383219 0.017504234895539244
0 0.5346914078257362 0.4813664596273292 0.038321903993545785 0.014680971202710334
0 0.5897539330375151 0.4815076228119706 0.035498184751916094 0.015527950310559006
0 0.6561113352158128 0.4823546019198193 0.06010488100040339 0.015527950310559006
0 0.7525211778943123 0.48531902879728966 0.1036708350141186 0.02710333145115754
0 0.1565147236789028 0.5347261434217956 0.03953206938281565 0.011857707509881422
0 0.21480435659540137 0.5330321852060983 0.035901573215006054 0.01637492941840768
0 0.3051633723275514 0.5328910220214568 0.10609116579265833 0.015527950310559006
0 0.4136748688987495 0.5331733483907397 0.07139975796692215 0.018351214003387916
0 0.45038321903993545 0.544042913608131 0.006857603872529245 0.00564652738565782
0 0.5350947962888262 0.5319028797289667 0.1262605889471561 0.01693958215697346
0 0.6440096813231142 0.5352907961603613 0.035901573215006054 0.023150762281197064
0 0.7208551835417507 0.5328910220214568 0.08148446954417103 0.015527950310559006
0 0.8146430012101654 0.5304912478825522 0.06252521177894312 0.018068887634105024
0 0.19786204114562322 0.5835686053077357 0.10528438886647842 0.01693958215697346
0 0.2680516337232755 0.5941558441558441 0.01008471157724889 0.009316770186335404
0 0.3289632916498588 0.5897797854319593 0.07624041952400161 0.028232636928289104
0 0.4227511093182735 0.5835686053077357 0.05647438483259379 0.017504234895539244
0 0.5240016135538523 0.5885093167701864 0.10165389269866881 0.03020892151326934
0 0.6311012505042356 0.5818746470920384 0.05687777329568374 0.01637492941840768
0 0.7105687777329568 0.5818746470920384 0.051230334812424366 0.01693958215697346
0 0.8057684550221864 0.5903444381705252 0.08753529649052037 0.021456804065499716
0 0.21319080274304156 0.6414455110107284 0.14078257361839452 0.03274985883681536
0 0.3281565147236789 0.6381987577639752 0.030254134731746672 0.023997741389045736
0 0.4247680516337233 0.6369282891022021 0.13311819281968534 0.019198193111236588
0 0.5008067769261799 0.639751552795031 0.002016942315449778 0.0016939582156973462
