0 0.1373537716821299 0.2251552795031056 0.03751512706736587 0.017786561264822136
0 0.20835014118596207 0.23136645962732919 0.08350141185962082 0.036420101637492944
0 0.36062928600242034 0.2230378317334839 0.1782977006857604 0.0220214568040655
0 0.5534489713594192 0.2295313382269904 0.14925373134328357 0.02710333145115754
0 0.6706333198870512 0.2261434217955957 0.02944735780556676 0.021456804065499716
0 0.7626058894715612 0.23221343873517786 0.09883017345703912 0.034161490683229816
0 0.8939088342073417 0.23066064370412195 0.11052843888664785 0.03162055335968379
0 0.9568374344493747 0.24209486166007904 0.005647438483259379 0.012704686617730096
0 0.13432835820895522 0.4817899491812535 0.0653489310205728 0.018351214003387916
0 0.21077047196450183 0.4803783173348391 0.020572811617587738 0.014398644833427442
0 0.3215006050826946 0.48856578204404294 0.12989108511496572 0.03811405985319029
0 0.436466317063332 0.48207227555053644 0.03307785397337636 0.015527950310559006
0 0.5002016942315449 0.47882552230378317 0.04437273093989512 0.020892151326933936
0 0.573215006050827 0.4810841332580463 0.045986284792254944 0.018633540372670808
0 0.7113755546591367 0.48531902879728966 0.16821298910851148 0.03500846979107849
0 0.8590157321500606 0.4784020327498588 0.07059298104074223 0.021174477696216828
0 0.9310205728116175 0.4860248447204969 0.03146430012101654 0.03585544889892716
0 0.12101653892698669 0.5249858836815359 0.042759177087535294 0.022303783173348392
0 0.2644211375554659 0.5283738001129306 0.15127067365873337 0.022303783173348392
0 0.4156918112141993 0.5378317334839074 0.08188785800726099 0.024844720496894408
0 0.5074626865671642 0.5350084697910785 0.03227107704719645 0.034443817052512704
0 0.6337232755143203 0.5302089215132694 0.16054860830980233 0.026538678712591756
0 0.8190802743041549 0.5327498588368154 0.13594191206131503 0.019762845849802372
0 0.9003630496167809 0.5423489553924337 0.0024203307785397336 0.0016939582156973462
