0 0.16115369100443727 0.2593167701863354 0.06978620411456232 0.020045172219085264
0 0.22952803549818476 0.25945793337097683 0.03065752319483663 0.019762845849802372
0 0.2876159741831384 0.2595990965556183 0.05163372327551432 0.01948051948051948
0 0.3410649455425575 0.2632693393562959 0.022993142396127472 0.011575381140598532
0 0.40964098426784995 0.2605872388481084 0.10205728116175877 0.029361942405420668
0 0.5145219846712384 0.2648221343873518 0.0826946349334409 0.031055900621118012
0 0.553852359822509 0.2683512140033879 0.0016135538523598225 0.001411631846414455
0 0.581686163775716 0.2598814229249012 0.020976200080677694 0.018351214003387916
0 0.6401774909237595 0.26044607566346695 0.06615570794675273 0.017786561264822136
0 0.7220653489310206 0.25945793337097683 0.08229124647035095 0.019762845849802372
0 0.8245260185558693 0.26002258610954265 0.10488100040338846 0.018068887634105024
0 0.17527228721258573 0.3105590062111801 0.06333198870512304 0.017504234895539244
0 0.3217022993142396 0.3160643704121965 0.1827349737797499 0.03303218520609825
0 0.44473578055667606 0.30999435347261434 0.031060911657926585 0.018633540372670808
0 0.526825332795482 0.3102766798418972 0.10407422347720856 0.018633540372670808
0 0.6165792658329972 0.3105590062111801 0.04154901169826543 0.028232636928289104
0 0.6754739814441307 0.30957086391869 0.05203711173860428 0.020045172219085264
0 0.7730939895119 0.30957086391869 0.11738604275917709 0.020045172219085264
0 0.8392496974586526 0.3211462450592885 0.0060508269463493344 0.00818746470920384
0 0.1700282371924163 0.36151891586674195 0.0609116579265833 0.017786561264822136
0 0.26522791448164584 0.36589497459062675 0.08753529649052037 0.028232636928289104
0 0.36385639370713996 0.3620835686053077 0.06292860024203308 0.017221908526256352
0 0.4582492940701896 0.3675889328063241 0.0927793465106898 0.029361942405420668
0 0.5306575231948366 0.3606719367588933 0.024606696248487294 0.020045172219085264
0 0.5786607503025414 0.3616600790513834 0.03670835014118596 0.018633540372670808
0 0.6367486889874949 0.3608130999435347 0.05687777329568374 0.020327498588368152
0 0.72730939895119 0.3613777526821005 0.09600645421540945 0.019198193111236588
0 0.8501411859620814 0.36462450592885376 0.12706736587333603 0.028514963297571992
0 0.15288422751109318 0.4126199887069452 0.03469140782573618 0.029079616036137776
0 0.22307382008874546 0.4116318464144551 0.05486083098023396 0.019198193111236588
0 0.3170633319887051 0.4171372106154715 0.09197256958450989 0.03077357425183512
0 0.36385639370713996 0.42193675889328064 0.005647438483259379 0.005364201016374929
0 0.4114562323517547 0.41233766233766234 0.06131504638967326 0.018351214003387916
0 0.49152884227511096 0.41205533596837945 0.05526421944332392 0.0189158667419537
0 0.6105284388866479 0.4171372106154715 0.1472367890278338 0.029644268774703556
0 0.7192416296893909 0.40923207227555053 0.035498184751916094 0.023997741389045736
0 0.7833803953206938 0.4113495200451722 0.05486083098023396 0.019198193111236588
0 0.18858410649455426 0.4606154714850367 0.10770471964501815 0.021174477696216828
0 0.36062928600242034 0.4608977978543196 0.18394513916901978 0.021739130434782608
0 0.4899152884227511 0.46174477696216826 0.035901573215006054 0.020045172219085264
0 0.5526421944332393 0.4624505928853755 0.06776926179911255 0.019198193111236588
0 0.7031060911657927 0.46725014116318464 0.20492133924969747 0.030491247882552232
0 0.8126260588947156 0.4738848108413326 0.0060508269463493344 0.007622811970638058
0 0.1845502218636547 0.5117165443252399 0.09560306575231949 0.01948051948051948
0 0.29850746268656714 0.5166572557876906 0.08955223880597014 0.031055900621118012
0 0.38765631302944736 0.5119988706945229 0.05486083098023396 0.01948051948051948
0 0.4626865671641791 0.5135516657255788 0.05889471561113352 0.028232636928289104
0 0.5324727712787414 0.5160926030491247 0.04356595401371521 0.011857707509881422
0 0.6339249697458653 0.5179277244494636 0.118192819685357 0.03303218520609825
0 0.7208551835417507 0.5115753811405985 0.03630496167809601 0.020892151326933936
0 0.7751109318273497 0.5135516657255788 0.050423557886244454 0.029926595143986448
0 0.8063735377168213 0.5210333145115754 0.0024203307785397336 0.001411631846414455
0 0.8394513916901977 0.5112930547713156 0.029850746268656716 0.020892151326933936
0 0.16438079870915692 0.6647374364765669 0.0536506655909641 0.01948051948051948
0 0.25675675675675674 0.6662902315076228 0.09560306575231949 0.025974025974025976
0 0.34530052440500203 0.6655844155844156 0.03711173860427592 0.0189158667419537
0 0.43848325937878174 0.6648785996612083 0.11375554659136748 0.020892151326933936
0 0.5373134328358209 0.6647374364765669 0.05647438483259379 0.021174477696216828
0 0.6895925776522791 0.6699604743083004 0.20209762000806777 0.032185206098249576
0 0.827551432029044 0.6675607001693958 0.03670835014118596 0.03020892151326934
0 0.15409439290036306 0.7197910784867306 0.023396530859217425 0.009881422924901186
0 0.2208551835417507 0.7180971202710333 0.06978620411456232 0.03585544889892716
0 0.25776522791448164 0.7238848108413326 0.0016135538523598225 0.001129305477131564
