0 0.18132311415893507 0.27780914737436474 0.09318273497377975 0.011857707509881422
0 0.2535296490520371 0.27315076228119706 0.0060508269463493344 0.005928853754940711
0 0.27833803953206937 0.27780914737436474 0.03711173860427592 0.012987012987012988
0 0.3283582089552239 0.27752682100508186 0.03711173860427592 0.01355166572557877
0 0.37878176684146836 0.27653867871259175 0.04033884630899556 0.012140033879164314
0 0.40500201694231547 0.27315076228119706 0.004840661557079467 0.006493506493506494
0 0.4225494150867285 0.2769621682665161 0.007664380798709157 0.012987012987012988
0 0.46974586526825335 0.2795031055900621 0.07704719645018153 0.017504234895539244
0 0.5139169019766034 0.275974025974026 0.005647438483259379 0.017221908526256352
0 0.5197660346914078 0.2845849802371542 0.004437273093989512 0.004517221908526256
0 0.5314643001210165 0.28063241106719367 0.01008471157724889 0.007340485601355167
0 0.5661557079467527 0.28063241106719367 0.038321903993545785 0.01693958215697346
0 0.608914885034288 0.2847261434217956 0.030254134731746672 0.012704686617730096
0 0.6498588140379186 0.27851496329757197 0.03227107704719645 0.014398644833427442
0 0.7006857603872529 0.28176171654432525 0.0572811617587737 0.014680971202710334
0 0.7646228317870108 0.282326369282891 0.04881000403388463 0.019762845849802372
0 0.8295683743444937 0.28204404291360813 0.0609116579265833 0.019762845849802372
0 0.8650665590964098 0.28430265386787124 0.003630496167809601 0.0016939582156973462
0 0.15348931020572812 0.3791643139469226 0.040742234772085516 0.01129305477131564
0 0.21803146430012102 0.37987012987012986 0.0681726502622025 0.011575381140598532
0 0.25857200484066156 0.3855166572557877 0.004033884630899556 0.004234895539243365
0 0.28055667607906415 0.3804347826086957 0.018152480839048003 0.01101072840203275
0 0.2928600242033078 0.38608130999435347 0.003227107704719645 0.004234895539243365
0 0.31867688584106496 0.379587803500847 0.029043969342476807 0.012140033879164314
0 0.3654699475594998 0.37987012987012986 0.03711173860427592 0.011575381140598532
0 0.4017749092375958 0.3818464144551101 0.01290843081887858 0.00818746470920384
0 0.5149253731343284 0.38015245623941274 0.18031464300121017 0.013269339356295878
0 0.6115369100443727 0.38749294184076793 0.003227107704719645 0.004234895539243365
0 0.6238402581686163 0.3814229249011858 0.010891488503428802 0.009034443817052512
0 0.645018152480839 0.38283455674760025 0.01855586930213796 0.006211180124223602
0 0.7135941912061315 0.38085827216261997 0.10246066962484873 0.01355166572557877
0 0.7714804356595402 0.38721061547148505 0.002016942315449778 0.001411631846414455
