0 0.18414683340056473 0.26453980801806887 0.09479628882613957 0.026538678712591756
0 0.31040742234772084 0.264257481648786 0.09963695038321904 0.028232636928289104
0 0.41770875352964904 0.2628458498023715 0.04477611940298507 0.023715415019762844
0 0.47236789027833803 0.2701863354037267 0.016942315449778138 0.014116318464144552
0 0.5246066962484873 0.27837380011293056 0.038321903993545785 0.045736871823828344
0 0.6179911254538121 0.2732919254658385 0.08390480032271078 0.015810276679841896
0 0.6934247680516338 0.2724449463579898 0.03227107704719645 0.010163749294184076
0 0.7972972972972973 0.2689158667419537 0.12787414279951592 0.03020892151326934
0 0.145623235175474 0.3067476002258611 0.011294876966518758 0.012704686617730096
0 0.20713997579669222 0.3125352907961604 0.08834207341670028 0.026538678712591756
0 0.29487696651875756 0.31535855448898925 0.041145623235175476 0.023150762281197064
0 0.326946349334409 0.3094297007340486 0.007664380798709157 0.014116318464144552
0 0.37373941105284386 0.3132411067193676 0.06252521177894312 0.021739130434782608
0 0.4800322710770472 0.3265104460756635 0.09439290036304962 0.04827780914737437
0 0.5558693021379588 0.3232636928289102 0.03791851553045583 0.01355166572557877
0 0.6101250504235579 0.3231225296442688 0.021379588543767647 0.014963297571993224
0 0.7081484469544171 0.314652738565782 0.1036708350141186 0.025691699604743084
0 0.7779346510689794 0.32820440429136083 0.010891488503428802 0.017221908526256352
0 0.15974183138362244 0.4815076228119706 0.033884630899556276 0.04601919819311124
0 0.2880193626462283 0.46823828345567475 0.10972166196046793 0.03020892151326934
0 0.4386849536103267 0.4668266516092603 0.1319080274304155 0.026821005081874648
0 0.5191609519967729 0.48828345567476 0.008067769261799113 0.016092603049124788
0 0.5861234368697055 0.4652738565782044 0.0500201694231545 0.024280067758328628
0 0.6169826542960871 0.4816487859966121 0.0052440500201694235 0.012422360248447204
0 0.6698265429608713 0.46852060982495763 0.06655909640984267 0.027950310559006212
0 0.781363453005244 0.4786843591191417 0.11778943122226704 0.050536420101637496
0 0.32876159741831384 0.532608695652174 0.03227107704719645 0.04376058723884811
0 0.4015732150060508 0.5177865612648221 0.06252521177894312 0.025409373235460192
0 0.5151270673658733 0.5204686617730095 0.14037918515530456 0.03190287972896669
0 0.7097620008067769 0.5283738001129306 0.17789431222267044 0.03698475437605872
0 0.21137555465913674 0.573828345567476 0.15490116982654295 0.03585544889892716
0 0.35720048406615573 0.5745341614906833 0.031060911657926585 0.01129305477131564
0 0.41488503428801937 0.5673348390739695 0.04961678096006454 0.023433088650479956
0 0.5052440500201695 0.5718520609824957 0.09156918112141993 0.023997741389045736
0 0.6204114562323517 0.5714285714285714 0.07180314643001211 0.018068887634105024
0 0.7440500201694231 0.5698757763975155 0.09398951189995966 0.028514963297571992
0 0.835820895522388 0.5789102202145681 0.021782977006857603 0.015527950310559006
0 0.18051633723275515 0.6317052512704686 0.0681726502622025 0.04432523997741389
0 0.263816054860831 0.6263410502540937 0.033884630899556276 0.04376058723884811
0 0.3610326744655103 0.6173066064370413 0.08471157724889068 0.027950310559006212
0 0.4144816458249294 0.6311405985319029 0.003630496167809601 0.004234895539243365
