0 0.15893505445744252 0.22190852625635235 0.03227107704719645 0.024280067758328628
0 0.2954820492133925 0.22388481084133258 0.18838241226300928 0.020327498588368152
0 0.4429205324727713 0.22473178994918125 0.04033884630899556 0.018633540372670808
0 0.509277934651069 0.22416713721061546 0.050423557886244454 0.018633540372670808
0 0.5889471561113352 0.2300959909655562 0.0500201694231545 0.020327498588368152
0 0.6585316659943525 0.2261434217955957 0.05203711173860428 0.015245623941276116
0 0.7256958450988302 0.22656691134952003 0.05244050020169423 0.018351214003387916
0 0.7807583703106091 0.2267080745341615 0.022993142396127472 0.015810276679841896
0 0.8251311012505043 0.2274138904573687 0.04477611940298507 0.016657255787690572
0 0.8525615167406212 0.23743647656691136 0.0052440500201694235 0.004517221908526256
0 0.14521984671238403 0.33145115753811405 0.011294876966518758 0.009034443817052512
0 0.22872125857200484 0.3334274421230943 0.09842678499394918 0.018633540372670808
0 0.354780153287616 0.3287690570299266 0.09398951189995966 0.015527950310559006
0 0.4171036708350141 0.3286278938452851 0.009681323114158934 0.015810276679841896
0 0.4590560709963695 0.32834556747600224 0.0653489310205728 0.015245623941276116
0 0.5421540943929004 0.33173348390739693 0.05163372327551432 0.02258610954263128
0 0.5758370310609117 0.3277809147374365 0.007664380798709157 0.023150762281197064
0 0.6208148446954417 0.33018068887634106 0.02501008471157725 0.009316770186335404
0 0.6766841468334006 0.33455674760022586 0.04719645018152481 0.01637492941840768
0 0.7501008471157725 0.3284867306606437 0.06252521177894312 0.017221908526256352
0 0.7952803549818476 0.3352625635234331 0.0028237192416296895 0.001976284584980237
0 0.18354175070592982 0.37761151891586675 0.08632513110125051 0.018351214003387916
0 0.2952803549818475 0.38198757763975155 0.08309802339653086 0.02710333145115754
0 0.3836224283985478 0.38099943534726144 0.014521984671238403 0.012704686617730096
0 0.4279951593384429 0.3818464144551101 0.03872529245663574 0.008752117447769622
0 0.4935457845905607 0.38099943534726144 0.04961678096006454 0.01101072840203275
0 0.5425574828559904 0.3818464144551101 0.011294876966518758 0.009316770186335404
0 0.5976200080677693 0.3790231507622812 0.0463896732553449 0.020609824957651044
0 0.6617587736990722 0.3812817617165443 0.024606696248487294 0.009881422924901186
0 0.718031464300121 0.3856578204404291 0.04356595401371521 0.0220214568040655
0 0.8005244050020169 0.3839638622247318 0.07139975796692215 0.018068887634105024
0 0.16478418717224688 0.4776962168266516 0.0463896732553449 0.015810276679841896
0 0.2690601048810004 0.4823546019198193 0.08229124647035095 0.010446075663466968
0 0.35417507059298103 0.4823546019198193 0.03307785397337636 0.009316770186335404
0 0.42396127470754336 0.47939017504234893 0.05486083098023396 0.015810276679841896
0 0.4883017345703913 0.4779785431959345 0.025413473174667203 0.015810276679841896
0 0.5631302944735781 0.4837662337662338 0.07018959257765228 0.020045172219085264
0 0.6732553448971359 0.4829192546583851 0.09681323114158935 0.023997741389045736
0 0.7589753933037515 0.48207227555053644 0.03993545784590561 0.010446075663466968
0 0.8251311012505043 0.4808018068887634 0.03509479628882614 0.01637492941840768
0 0.17265026220250101 0.5287972896668549 0.055667607906413875 0.015245623941276116
0 0.24808390480032272 0.5383963862224732 0.048406615570794675 0.020892151326933936
0 0.2801532876159742 0.5359966120835686 0.0028237192416296895 0.001976284584980237
