0 0.16438079870915692 0.37577639751552794 0.07139975796692215 0.025409373235460192
0 0.25413473174667206 0.3780350084697911 0.06615570794675273 0.029926595143986448
0 0.34066155707946755 0.38297571993224166 0.04881000403388463 0.022303783173348392
0 0.45018152480839047 0.3802936194240542 0.10568777732956837 0.026538678712591756
0 0.5431625655506253 0.38114059853190285 0.022993142396127472 0.026538678712591756
0 0.6030657523194837 0.3746470920383964 0.05970149253731343 0.017504234895539244
0 0.6845502218636547 0.37450592885375494 0.04437273093989512 0.016092603049124788
0 0.7303348124243647 0.3725296442687747 0.01008471157724889 0.016092603049124788
0 0.772488906817265 0.3794466403162055 0.06212182331585317 0.028797289666854884
0 0.808995562726906 0.3769057029926595 0.008471157724889069 0.019198193111236588
0 0.8253327954820492 0.38099943534726144 0.0016135538523598225 0.001411631846414455
0 0.8824122630092779 0.3739412761151892 0.09560306575231949 0.021739130434782608
0 0.1472367890278338 0.525974025974026 0.03872529245663574 0.015810276679841896
0 0.19927390076643808 0.5278091473743648 0.028237192416296894 0.017221908526256352
0 0.290843081887858 0.5304912478825522 0.10810810810810811 0.026538678712591756
0 0.3499394917305365 0.5383963862224732 0.0028237192416296895 0.005081874647092038
0 0.40661557079467525 0.5351496329757199 0.06615570794675273 0.028514963297571992
0 0.49515933844292054 0.5252682100508187 0.05687777329568374 0.018351214003387916
0 0.5649455425574829 0.5268210050818747 0.018959257765227916 0.015810276679841896
0 0.6236385639370714 0.5276679841897233 0.06615570794675273 0.01637492941840768
0 0.691004437273094 0.5200451722190853 0.007260992335619202 0.006211180124223602
0 0.727511093182735 0.5303500846979108 0.04719645018152481 0.023997741389045736
0 0.7851956434045986 0.5245623941276115 0.038321903993545785 0.014680971202710334
0 0.8422751109318274 0.5309147374364765 0.04437273093989512 0.02456239412761152
0 0.8668818071803146 0.5191981931112366 0.00645421540943929 0.006211180124223602
0 0.9064138765631303 0.5262563523433089 0.033884630899556276 0.01355166572557877
0 0.15832997176280758 0.5769339356295878 0.07059298104074223 0.017786561264822136
0 0.2208551835417507 0.5694522868435912 0.006857603872529245 0.006775832862789385
0 0.2779346510689794 0.5787690570299266 0.08955223880597014 0.01637492941840768
0 0.3783783783783784 0.581451157538114 0.07422347720855184 0.0251270468661773
0 0.42053247277127875 0.5858272162619989 0.002016942315449778 0.003952569169960474
0 0.4298104074223477 0.567193675889328 0.0060508269463493344 0.004517221908526256
0 0.48507462686567165 0.5756634669678148 0.0609116579265833 0.018068887634105024
0 0.5443727309398951 0.5786278938452851 0.01653892698668818 0.012140033879164314
0 0.6012505042355789 0.5879446640316206 0.06333198870512304 0.028514963297571992
0 0.6774909237595804 0.5746753246753247 0.020572811617587738 0.014963297571993224
0 0.7162162162162162 0.588085827216262 0.026220250100847116 0.02766798418972332
0 0.7638160548608309 0.5787690570299266 0.0391286809197257 0.014680971202710334
0 0.8493344090359016 0.581451157538114 0.10689794271883823 0.023433088650479956
0 0.1417910447761194 0.6236589497459063 0.022993142396127472 0.01637492941840768
0 0.16296893908834206 0.6370694522868436 0.0024203307785397336 0.005928853754940711
0 0.20229931423961275 0.6307171089779785 0.043162565550625254 0.023715415019762844
0 0.2678499394917305 0.6288819875776398 0.029043969342476807 0.014398644833427442
0 0.33118192819685355 0.6379164313946922 0.05486083098023396 0.029644268774703556
0 0.4352561516740621 0.6339638622247318 0.09923356192012908 0.025691699604743084
0 0.5411456232351755 0.6302936194240542 0.04235578862444534 0.009316770186335404
0 0.5673658733360226 0.6332580463015246 0.002016942315449778 0.002258610954263128
