0 0.1661960467930617 0.326369282891022 0.041145623235175476 0.010163749294184076
0 0.27289229528035497 0.3297571993224167 0.11093182734973779 0.02258610954263128
0 0.3654699475594998 0.3296160361377753 0.02501008471157725 0.0251270468661773
0 0.41952400161355385 0.326369282891022 0.035498184751916094 0.018633540372670808
0 0.5231948366276724 0.3266516092603049 0.12020976200080678 0.01637492941840768
0 0.627067365873336 0.3287690570299266 0.02702702702702703 0.018351214003387916
0 0.7131908027430416 0.33173348390739693 0.08874546187979024 0.028232636928289104
0 0.8243243243243243 0.32792207792207795 0.08672851956434045 0.0189158667419537
0 0.16014521984671237 0.3752117447769622 0.04033884630899556 0.019198193111236588
0 0.23114158935054457 0.37450592885375494 0.05486083098023396 0.016657255787690572
0 0.33884630899556273 0.3760587238848108 0.10326744655102864 0.018633540372670808
0 0.40661557079467525 0.38354037267080743 0.0024203307785397336 0.001976284584980237
0 0.4759983864461476 0.382128740824393 0.08551835417507059 0.02456239412761152
0 0.5635336829366681 0.3781761716544325 0.041145623235175476 0.0189158667419537
0 0.654497781363453 0.3826933935629588 0.07139975796692215 0.020609824957651044
0 0.7688584106494554 0.37874082439299833 0.09197256958450989 0.018351214003387916
0 0.8221056877773296 0.39059853190287974 0.003227107704719645 0.007058159232072276
0 0.8481242436466317 0.3824110671936759 0.019766034691407825 0.012704686617730096
0 0.14582492940701897 0.4267363071710898 0.010891488503428802 0.01101072840203275
0 0.2263009277934651 0.4256070016939582 0.10972166196046793 0.020045172219085264
0 0.33642597821702297 0.42730095990965555 0.05405405405405406 0.016657255787690572
0 0.37031060911657926 0.43718238283455674 0.004033884630899556 0.005364201016374929
0 0.4253731343283582 0.4267363071710898 0.06655909640984267 0.01948051948051948
0 0.5227914481645825 0.4292772444946358 0.060508269463493344 0.016092603049124788
0 0.5770471964501815 0.4329474872953134 0.010891488503428802 0.009316770186335404
0 0.6403791851553046 0.42913608130999437 0.07462686567164178 0.018633540372670808
0 0.6897942718838241 0.4373235460191982 0.003227107704719645 0.0016939582156973462
0 0.7416296893908835 0.42871259175607 0.04477611940298507 0.017221908526256352
0 0.8204921339249698 0.43365330321852064 0.06776926179911255 0.010163749294184076
0 0.18192819685356998 0.5762281197063805 0.0935861234368697 0.021456804065499716
0 0.23840258168616377 0.5852625635234331 0.004033884630899556 0.00564652738565782
0 0.3120209762000807 0.5866741953698476 0.10286405808793868 0.020892151326933936
0 0.37152077450584914 0.5886504799548278 0.003227107704719645 0.005081874647092038
0 0.42617991125453814 0.5786278938452851 0.07220653489310205 0.018351214003387916
0 0.472569584509883 0.5892151326933935 0.0052440500201694235 0.006775832862789385
0 0.554860830980234 0.5810276679841897 0.12384025816861638 0.01637492941840768
0 0.626663977410246 0.5900621118012422 0.004437273093989512 0.004517221908526256
0 0.7107704719645018 0.5851214003387917 0.12666397741024607 0.0189158667419537
0 0.8261395724082291 0.5807453416149069 0.05405405405405406 0.019762845849802372
0 0.86385639370714 0.5862507058159232 0.013311819281968536 0.003105590062111801
0 0.15994352561516742 0.6277526821005082 0.04719645018152481 0.017786561264822136
0 0.2444534086325131 0.6273291925465838 0.0653489310205728 0.01693958215697346
0 0.3325937878176684 0.629305477131564 0.07139975796692215 0.014116318464144552
0 0.4025816861637757 0.6317052512704686 0.020976200080677694 0.009316770186335404
0 0.4891085114965712 0.6355166572557877 0.09883017345703912 0.023715415019762844
0 0.5885437676482452 0.633399209486166 0.04921339249697459 0.01383399209486166
0 0.6494554255748286 0.6338226990400904 0.022589753933037516 0.009034443817052512
0 0.7008874546187979 0.6410220214568041 0.043969342476805166 0.018351214003387916
0 0.7476805163372328 0.6381987577639752 0.013311819281968536 0.010446075663466968
0 0.8130294473578056 0.633681535855449 0.07704719645018153 0.016092603049124788
0 0.8783783783783784 0.6377752682100508 0.018959257765227916 0.015245623941276116
0 0.16054860830980233 0.6746188594014682 0.03791851553045583 0.020045172219085264
0 0.26502622025010086 0.6795595708639187 0.11940298507462686 0.03500846979107849
0 0.39854780153287617 0.682523997741389 0.09116579265832997 0.01383399209486166
0 0.4554255748285599 0.6867588932806324 0.003227107704719645 0.001976284584980237
