0 0.17305365066559097 0.21795595708639187 0.0653489310205728 0.012422360248447204
0 0.2682533279548205 0.2183794466403162 0.060508269463493344 0.013269339356295878
0 0.34530052440500203 0.2180971202710333 0.04679306171843485 0.010446075663466968
0 0.4398951189995966 0.22628458498023715 0.08753529649052037 0.03020892151326934
0 0.49515933844292054 0.22713156408808582 0.003630496167809601 0.005364201016374929
0 0.5772488906817265 0.21852060982495766 0.13392496974586526 0.023715415019762844
0 0.7170229931423961 0.2220496894409938 0.10205728116175877 0.020609824957651044
0 0.8327954820492134 0.21682665160926032 0.07785397337636143 0.015245623941276116
0 0.1853569987898346 0.269339356295878 0.09560306575231949 0.024844720496894408
0 0.28317870108914883 0.26679841897233203 0.04356595401371521 0.011857707509881422
0 0.36163775716014523 0.2662337662337662 0.06010488100040339 0.014680971202710334
0 0.4263816054860831 0.2686335403726708 0.023396530859217425 0.007622811970638058
0 0.4671238402581686 0.26538678712591757 0.016135538523598225 0.012422360248447204
0 0.518152480839048 0.2649632975719932 0.0318676885841065 0.011575381140598532
0 0.5903590157321501 0.2652456239412761 0.06897942718838242 0.014963297571993224
0 0.7113755546591367 0.265527950310559 0.11496571198063735 0.015527950310559006
0 0.8241226300927793 0.2748447204968944 0.06292860024203308 0.025691699604743084
0 0.1553045582896329 0.31945228684359117 0.016135538523598225 0.009881422924901186
0 0.1918112141992739 0.32142857142857145 0.01573215006050827 0.005928853754940711
0 0.23860427591770875 0.32142857142857145 0.035901573215006054 0.007058159232072276
0 0.3081887858007261 0.3191699604743083 0.0500201694231545 0.012140033879164314
0 0.34045986284792257 0.32382834556747603 0.0024203307785397336 0.001129305477131564
0 0.3751512706736587 0.3167701863354037 0.02581686163775716 0.014680971202710334
0 0.4691407825736184 0.32298136645962733 0.11617587736990723 0.018068887634105024
0 0.5740217829770069 0.320016939582157 0.02743041549011698 0.013269339356295878
0 0.6710367083501412 0.31804065499717676 0.11980637353771682 0.01383399209486166
0 0.7807583703106091 0.32382834556747603 0.051230334812424366 0.025974025974025976
0 0.8144413069786204 0.32241671372106157 0.004033884630899556 0.007340485601355167
0 0.14058087938684954 0.36363636363636365 0.0060508269463493344 0.007340485601355167
0 0.16216216216216217 0.36885940146809715 0.023396530859217425 0.01101072840203275
0 0.1897942718838241 0.36900056465273856 0.025413473174667203 0.011857707509881422
0 0.24808390480032272 0.3697063805759458 0.045986284792254944 0.014398644833427442
0 0.31040742234772084 0.3699887069452287 0.0326744655102864 0.010446075663466968
0 0.399959661153691 0.37267080745341613 0.09318273497377975 0.025409373235460192
0 0.4572408229124647 0.3784584980237154 0.003630496167809601 0.004799548277809147
0 0.5002016942315449 0.37634105025409376 0.04356595401371521 0.02258610954263128
0 0.5441710367083501 0.3699887069452287 0.03146430012101654 0.012704686617730096
0 0.6022589753933038 0.378317334839074 0.03872529245663574 0.020892151326933936
0 0.6609519967728923 0.370412196499153 0.031060911657926585 0.011857707509881422
0 0.7111738604275918 0.3709768492377188 0.029850746268656716 0.01129305477131564
0 0.772892295280355 0.37648221343873517 0.05244050020169423 0.025691699604743084
0 0.8210972166196047 0.37267080745341613 0.014118596208148447 0.0016939582156973462
0 0.15732150060508268 0.4203839638622247 0.03630496167809601 0.012422360248447204
0 0.23154497781363453 0.41869000564652736 0.05405405405405406 0.01693958215697346
0 0.30153287615974184 0.4203839638622247 0.02864058087938685 0.010728402032749858
0 0.3622428398547802 0.4212309429700734 0.035498184751916094 0.009599096555618294
0 0.41508672851956435 0.41967814793901753 0.01855586930213796 0.01101072840203275
0 0.4651068979427188 0.41883116883116883 0.029850746268656716 0.012140033879164314
0 0.48870512303348124 0.42292490118577075 0.0028237192416296895 0.0016939582156973462
0 0.4977813634530052 0.4116318464144551 0.007260992335619202 0.004517221908526256
