0 0.13029447357805568 0.2618577075098814 0.04356595401371521 0.032467532467532464
0 0.2200484066155708 0.2618577075098814 0.09156918112141993 0.029644268774703556
0 0.3491327148043566 0.2628458498023715 0.1254538120209762 0.032185206098249576
0 0.44352561516740624 0.2662337662337662 0.0326744655102864 0.0220214568040655
0 0.508471157724889 0.26693958215697344 0.0609116579265833 0.023433088650479956
0 0.6432029043969343 0.27300959909655564 0.15207745058491326 0.03500846979107849
0 0.7638160548608309 0.27032749858836813 0.04235578862444534 0.021739130434782608
0 0.8610326744655102 0.2649632975719932 0.12061315046389673 0.026821005081874648
0 0.16115369100443727 0.31804065499717676 0.12141992739007665 0.026256352343308864
0 0.2325534489713594 0.3266516092603049 0.0028237192416296895 0.001129305477131564
0 0.28156514723678905 0.3170525127046866 0.0645421540943929 0.020327498588368152
0 0.3894715611133522 0.31592320722755507 0.10770471964501815 0.026538678712591756
0 0.5352964905203711 0.3177583286278938 0.14037918515530456 0.022303783173348392
0 0.6581282775312626 0.3186053077357425 0.0609116579265833 0.020609824957651044
0 0.7152077450584913 0.31507622811970637 0.03146430012101654 0.020327498588368152
0 0.781968535699879 0.3201581027667984 0.06252521177894312 0.011857707509881422
0 0.845300524405002 0.3166290231507623 0.0318676885841065 0.018351214003387916
0 0.8860427591770875 0.32029926595143987 0.018152480839048003 0.009316770186335404
0 0.9427188382412263 0.3136645962732919 0.07422347720855184 0.0220214568040655
0 0.13674868898749495 0.35714285714285715 0.06615570794675273 0.024280067758328628
0 0.1845502218636547 0.3663184641445511 0.0028237192416296895 0.001976284584980237
0 0.19705526421944333 0.3505081874647092 0.012505042355788625 0.00818746470920384
0 0.27591770875352967 0.3674477696216827 0.08551835417507059 0.017786561264822136
0 0.3765631302944736 0.37125917560700167 0.058491327148043566 0.015245623941276116
0 0.5141185962081485 0.3760587238848108 0.16821298910851148 0.02710333145115754
0 0.645018152480839 0.3728119706380576 0.055667607906413875 0.010446075663466968
0 0.7109721661960468 0.37210615471485037 0.04235578862444534 0.010163749294184076
0 0.8414683340056475 0.37549407114624506 0.1791044776119403 0.04178430265386787
0 0.16518757563533684 0.4696499153020892 0.08592174263816055 0.028514963297571992
0 0.2559499798305768 0.4774138904573687 0.04961678096006454 0.040654997176736304
0 0.33057684550221866 0.47035573122529645 0.0463896732553449 0.01637492941840768
0 0.40681726502622023 0.47374364765669114 0.05687777329568374 0.02710333145115754
0 0.44574425171440096 0.4776962168266516 0.0024203307785397336 0.002258610954263128
0 0.4883017345703913 0.46922642574816487 0.07785397337636143 0.019198193111236588
0 0.5790641387656313 0.47247317899491814 0.07059298104074223 0.041501976284584984
0 0.6680112948769665 0.474025974025974 0.06292860024203308 0.012987012987012988
0 0.7355788624445341 0.47444946357989837 0.026220250100847116 0.007622811970638058
0 0.8775716014521985 0.46950875211744775 0.2198467123840258 0.032185206098249576
0 0.16680112948769665 0.5265386787125917 0.07785397337636143 0.0220214568040655
0 0.2505042355788624 0.5244212309429701 0.03711173860427592 0.008752117447769622
0 0.3898749495764421 0.5278091473743648 0.16014521984671237 0.04601919819311124
0 0.5348931020572811 0.5159514398644833 0.09035901573215006 0.026256352343308864
0 0.6484469544171036 0.5191981931112366 0.09883017345703912 0.024280067758328628
0 0.745461879790238 0.5213156408808582 0.05889471561113352 0.023433088650479956
0 0.8033481242436467 0.5249858836815359 0.026220250100847116 0.010446075663466968
0 0.890883420734167 0.5237154150197628 0.11657926583299717 0.0502540937323546
0 0.15752319483662766 0.5798983625070582 0.07462686567164178 0.01355166572557877
0 0.27732956837434447 0.5714285714285714 0.08350141185962082 0.025974025974025976
0 0.3473174667204518 0.5765104460756635 0.042759177087535294 0.037267080745341616
0 0.41226300927793463 0.5660643704121965 0.03630496167809601 0.019762845849802372
0 0.5151270673658733 0.575098814229249 0.14683340056474384 0.033314511575381144
0 0.6308995562726906 0.5772162619988707 0.04195240016135539 0.01101072840203275
0 0.6972569584509883 0.5759457933370977 0.031060911657926585 0.007905138339920948
0 0.8073820088745461 0.5715697346132129 0.13916901976603469 0.02456239412761152
0 0.8838241226300928 0.5810276679841897 0.004033884630899556 0.0016939582156973462
