0 0.18152480839048002 0.22699040090344438 0.09035901573215006 0.017504234895539244
0 0.3096006454215409 0.2326369282891022 0.10286405808793868 0.028797289666854884
0 0.3973376361436063 0.23136645962732919 0.022589753933037516 0.00818746470920384
0 0.45885437676482455 0.22755505364201017 0.0391286809197257 0.017504234895539244
0 0.5691811214199274 0.23193111236589498 0.13876563130294473 0.026256352343308864
0 0.6760790641387656 0.2289666854884246 0.03791851553045583 0.012987012987012988
0 0.7593787817668415 0.23306041784302653 0.06413876563130294 0.028514963297571992
0 0.8428801936264623 0.22769621682665162 0.058491327148043566 0.017786561264822136
0 0.14743848325937878 0.28190287972896666 0.025413473174667203 0.008752117447769622
0 0.24647035094796288 0.27752682100508186 0.0935861234368697 0.01693958215697346
0 0.3751512706736587 0.2800677583286279 0.08713190802743041 0.015810276679841896
0 0.46772892295280355 0.28204404291360813 0.051230334812424366 0.009034443817052512
0 0.5369100443727309 0.2769621682665161 0.04033884630899556 0.018068887634105024
0 0.6109318273497378 0.28077357425183513 0.052843888664784185 0.01383399209486166
0 0.7200484066155708 0.2857142857142857 0.11698265429608713 0.033314511575381144
0 0.7833803953206938 0.2852907961603614 0.0016135538523598225 0.001411631846414455
0 0.8307785397337636 0.28204404291360813 0.051230334812424366 0.0220214568040655
0 0.16559096409842677 0.32891022021456806 0.06575231948366277 0.017504234895539244
0 0.2529245663574022 0.33018068887634106 0.04517950786607503 0.014963297571993224
0 0.3083904800322711 0.3331451157538114 0.011698265429608713 0.006211180124223602
0 0.390480032271077 0.33554488989271597 0.07341670028237192 0.017786561264822136
0 0.48063735377168215 0.33540372670807456 0.05203711173860428 0.028232636928289104
0 0.5391286809197257 0.3266516092603049 0.020572811617587738 0.018068887634105024
0 0.600242033077854 0.32679277244494637 0.06212182331585317 0.01948051948051948
0 0.7071399757966922 0.32891022021456806 0.100040338846309 0.01693958215697346
0 0.7926583299717628 0.3307453416149068 0.03630496167809601 0.012704686617730096
0 0.8493344090359016 0.3296160361377753 0.0318676885841065 0.016657255787690572
0 0.15026220250100847 0.42913608130999437 0.01573215006050827 0.014116318464144552
0 0.21500605082694635 0.4329474872953134 0.03953206938281565 0.009881422924901186
0 0.3323920935861234 0.42970073404856013 0.1306978620411456 0.01637492941840768
0 0.4171036708350141 0.4322416713721062 0.009681323114158934 0.0016939582156973462
0 0.46409842678499397 0.42617165443252397 0.0052440500201694235 0.016092603049124788
0 0.5116982654296087 0.43407679277244493 0.04800322710770472 0.023433088650479956
0 0.5822912464703509 0.4311123658949746 0.035901573215006054 0.01355166572557877
0 0.6054860830980234 0.4373235460191982 0.0016135538523598225 0.0016939582156973462
0 0.6456232351754739 0.427442123094297 0.024606696248487294 0.015245623941276116
0 0.7101653892698668 0.43351214003387917 0.0463896732553449 0.01101072840203275
0 0.7525211778943123 0.4352060982495765 0.01008471157724889 0.00818746470920384
0 0.800322710770472 0.4367588932806324 0.03872529245663574 0.0220214568040655
0 0.8584106494554256 0.4318181818181818 0.029850746268656716 0.012704686617730096
0 0.1918112141992739 0.4829192546583851 0.09883017345703912 0.012140033879164314
0 0.3130294473578056 0.4815076228119706 0.07664380798709157 0.015527950310559006
0 0.37918515530455826 0.4847543760587239 0.011294876966518758 0.007905138339920948
0 0.47196450181524807 0.4880011293054771 0.10084711577248891 0.03077357425183512
0 0.5974183138362242 0.4880011293054771 0.08148446954417103 0.03190287972896669
0 0.672448567970956 0.4878599661208357 0.023396530859217425 0.014116318464144552
0 0.7212585720048407 0.4784020327498588 0.03630496167809601 0.017786561264822136
0 0.8192819685356999 0.48094297007340486 0.1145623235175474 0.020609824957651044
