0 0.20149253731343283 0.21753246753246752 0.0326744655102864 0.026821005081874648
0 0.2874142799515934 0.22374364765669114 0.05526421944332392 0.013269339356295878
0 0.36264622831787013 0.22600225861095427 0.016135538523598225 0.014398644833427442
0 0.4554255748285599 0.2285431959345003 0.10488100040338846 0.045454545454545456
0 0.6387656313029447 0.22755505364201017 0.1891891891891892 0.04686617730095991
0 0.7732956837434449 0.22444946357989837 0.02581686163775716 0.038396386222473176
0 0.8323920935861234 0.22077922077922077 0.0536506655909641 0.025409373235460192
0 0.1591367486889875 0.2811970638057595 0.04719645018152481 0.04743083003952569
0 0.19241629689390882 0.2800677583286279 0.003227107704719645 0.002258610954263128
0 0.254538120209762 0.27060982495765107 0.048406615570794675 0.028514963297571992
0 0.3380395320693828 0.2691981931112366 0.04921339249697459 0.025691699604743084
0 0.41206131504638965 0.27752682100508186 0.026220250100847116 0.04009034443817053
0 0.46409842678499397 0.2694805194805195 0.04235578862444534 0.023433088650479956
0 0.5383219039935457 0.27004517221908525 0.05203711173860428 0.027385657820440428
0 0.6153691004437273 0.2751270468661773 0.056070996369503835 0.014963297571993224
0 0.6960467930617185 0.2713156408808583 0.058491327148043566 0.025409373235460192
0 0.8011294876966518 0.27032749858836813 0.08632513110125051 0.023433088650479956
0 0.8521581282775312 0.2831733483907397 0.003630496167809601 0.00564652738565782
0 0.16417910447761194 0.3191699604743083 0.06212182331585317 0.026256352343308864
0 0.2716821298910851 0.32820440429136083 0.07301331181928197 0.04432523997741389
0 0.39128680919725695 0.31945228684359117 0.11698265429608713 0.026256352343308864
0 0.5185558693021379 0.3310276679841897 0.1036708350141186 0.042631281761716544
0 0.600443727309399 0.327639751552795 0.014118596208148447 0.014398644833427442
0 0.6607503025413474 0.326369282891022 0.0500201694231545 0.04291360813099943
0 0.72730939895119 0.33046301524562394 0.05405405405405406 0.042631281761716544
0 0.7882210568777733 0.327639751552795 0.03065752319483663 0.035290796160361376
0 0.836425978217023 0.32086391869000563 0.03670835014118596 0.02456239412761152
0 0.2035094796288826 0.3793054771315641 0.14158935054457442 0.04376058723884811
0 0.3354175070592981 0.37210615471485037 0.051230334812424366 0.025409373235460192
0 0.36587333602258976 0.3824110671936759 0.004840661557079467 0.0036702428006775835
0 0.4243646631706333 0.36914172783738003 0.06292860024203308 0.029079616036137776
0 0.553852359822509 0.3694240542066629 0.12666397741024607 0.032467532467532464
0 0.6653892698668818 0.3890457368718238 0.06655909640984267 0.033314511575381144
0 0.7654296087131908 0.37027103331451156 0.10044372730939895 0.026256352343308864
0 0.21419927390076643 0.4295595708639187 0.16377571601452198 0.04601919819311124
0 0.4070189592577652 0.4288537549407115 0.15732150060508268 0.04121964991530209
0 0.5403388463089955 0.4230660643704122 0.05687777329568374 0.025691699604743084
0 0.627672448567971 0.4292772444946358 0.08390480032271078 0.04432523997741389
0 0.7081484469544171 0.42857142857142855 0.02702702702702703 0.01355166572557877
0 0.7555465913674869 0.4295595708639187 0.016135538523598225 0.01383399209486166
0 0.19866881807180314 0.4712027103331451 0.11173860427591771 0.025974025974025976
0 0.3245260185558693 0.47247317899491814 0.08511496571198064 0.026256352343308864
0 0.4386849536103267 0.47910784867306605 0.08188785800726099 0.038396386222473176
0 0.527027027027027 0.47600225861095424 0.03751512706736587 0.018633540372670808
0 0.5966115369100444 0.47063805759457933 0.04033884630899556 0.02766798418972332
0 0.7133924969745865 0.47360248447204967 0.11496571198063735 0.02456239412761152
0 0.15328761597418314 0.5177865612648221 0.009681323114158934 0.010163749294184076
0 0.19241629689390882 0.5244212309429701 0.04517950786607503 0.025691699604743084
0 0.28701089148850345 0.525974025974026 0.06978620411456232 0.024844720496894408
0 0.3828156514723679 0.5324675324675324 0.05486083098023396 0.044607566346696784
0 0.4136748688987495 0.5374082439299831 0.004437273093989512 0.002540937323546019
0 0.4267849939491731 0.515527950310559 0.008067769261799113 0.010728402032749858
