0 0.17144009681323114 0.22628458498023715 0.0645421540943929 0.016657255787690572
0 0.24687373941105284 0.22346132128740825 0.024203307785397338 0.014963297571993224
0 0.31343283582089554 0.2354601919819311 0.04517950786607503 0.02258610954263128
0 0.3783783783783784 0.23122529644268774 0.04033884630899556 0.03162055335968379
0 0.4322307382008875 0.2285431959345003 0.024606696248487294 0.006493506493506494
0 0.517749092375958 0.22628458498023715 0.09076240419524001 0.01383399209486166
0 0.5830980233965308 0.22275550536420102 0.01008471157724889 0.018068887634105024
0 0.6417910447761194 0.22261434217955958 0.05244050020169423 0.017221908526256352
0 0.6714400968132311 0.23489553924336534 0.0028237192416296895 0.00564652738565782
0 0.7133924969745865 0.2354601919819311 0.0391286809197257 0.019198193111236588
0 0.7579669221460267 0.2248729531338227 0.03065752319483663 0.013269339356295878
0 0.8162565550625253 0.2316487859966121 0.04881000403388463 0.026256352343308864
0 0.14804356595401372 0.27442123094297005 0.021782977006857603 0.018633540372670808
0 0.23033481242436465 0.2766798418972332 0.055667607906413875 0.012987012987012988
0 0.35861234368697054 0.2816205533596838 0.12666397741024607 0.035290796160361376
0 0.517345703912868 0.27639751552795033 0.12384025816861638 0.015245623941276116
0 0.5812827753126261 0.28063241106719367 0.0016135538523598225 0.001129305477131564
0 0.6351351351351351 0.2834556747600226 0.04800322710770472 0.031055900621118012
0 0.7406212182331585 0.28274985883681536 0.09762000806776926 0.03303218520609825
0 0.8321903993545785 0.2758328627893845 0.04679306171843485 0.015810276679841896
0 0.8553852359822509 0.2831733483907397 0.0012101653892698668 0.001129305477131564
0 0.15288422751109318 0.3266516092603049 0.04195240016135539 0.019762845849802372
0 0.2252924566357402 0.32481648785996614 0.03509479628882614 0.01948051948051948
0 0.2991125453812021 0.3334274421230943 0.05526421944332392 0.024844720496894408
0 0.4136748688987495 0.338085827216262 0.09076240419524001 0.026821005081874648
0 0.5143202904396934 0.3372388481084133 0.04195240016135539 0.023997741389045736
0 0.5699878983461073 0.3296160361377753 0.01855586930213796 0.007622811970638058
0 0.6290843081887858 0.32523997741389044 0.04881000403388463 0.019198193111236588
0 0.6611536910044373 0.3337097684923772 0.0016135538523598225 0.001129305477131564
0 0.7240822912464704 0.3337097684923772 0.07341670028237192 0.030491247882552232
0 0.7872125857200484 0.33046301524562394 0.010891488503428802 0.006493506493506494
0 0.8463089955627269 0.3331451157538114 0.07503025413473174 0.031055900621118012
0 0.1946349334409036 0.38198757763975155 0.11577248890681727 0.032185206098249576
0 0.3140379185155305 0.37789384528514963 0.04235578862444534 0.014963297571993224
0 0.3898749495764421 0.384669678147939 0.0391286809197257 0.020609824957651044
0 0.41488503428801937 0.38692828910220217 0.002016942315449778 0.001411631846414455
0 0.5114965711980637 0.38283455674760025 0.14118596208148446 0.02710333145115754
0 0.5996369503832191 0.37662337662337664 0.01573215006050827 0.01355166572557877
0 0.6595401371520775 0.3761998870694523 0.04195240016135539 0.016657255787690572
0 0.7127874142799516 0.38382269904009036 0.023396530859217425 0.01383399209486166
0 0.7736990722065349 0.37761151891586675 0.05244050020169423 0.0189158667419537
0 0.8384429205324728 0.3794466403162055 0.03509479628882614 0.01637492941840768
0 0.16700282371924163 0.43351214003387917 0.06857603872529246 0.029079616036137776
0 0.25433642597821704 0.4374647092038396 0.04719645018152481 0.021739130434782608
0 0.3045582896329165 0.43280632411067194 0.01290843081887858 0.0016939582156973462
0 0.3400564743848326 0.43068887634105024 0.02016942315449778 0.009316770186335404
0 0.40439693424768053 0.4257481648785997 0.043162565550625254 0.019198193111236588
0 0.5318676885841065 0.42715979672501414 0.1383622428398548 0.017504234895539244
0 0.6672045179507866 0.427442123094297 0.0782573618394514 0.019198193111236588
0 0.754739814441307 0.43506493506493504 0.03953206938281565 0.020892151326933936
0 0.7860024203307785 0.4329474872953134 0.002016942315449778 0.001411631846414455
0 0.836829366680113 0.4289949181253529 0.0609116579265833 0.027385657820440428
0 0.16821298910851148 0.577922077922078 0.07664380798709157 0.01637492941840768
0 0.27329568374344493 0.5798983625070582 0.05526421944332392 0.017504234895539244
0 0.372730939895119 0.5879446640316206 0.08471157724889068 0.032467532467532464
0 0.45966115369100446 0.5808865047995483 0.021379588543767647 0.009316770186335404
0 0.5338846308995563 0.5832862789384529 0.07059298104074223 0.031055900621118012
0 0.6512706736587334 0.5797571993224168 0.08188785800726099 0.017221908526256352
0 0.7238805970149254 0.5821569734613213 0.02702702702702703 0.012987012987012988
0 0.7486889874949576 0.5845567476002259 0.007260992335619202 0.002540937323546019
0 0.7839854780153288 0.5803218520609825 0.04235578862444534 0.016092603049124788
0 0.8404598628479225 0.5837097684923772 0.02702702702702703 0.006493506493506494
0 0.1809197256958451 0.63085827216262 0.09237595804759983 0.015527950310559006
0 0.23598225090762404 0.6374929418407679 0.005647438483259379 0.01129305477131564
0 0.3261395724082291 0.6396103896103896 0.10528438886647842 0.022868435911914172
0 0.3882613957240823 0.6391869000564653 0.0028237192416296895 0.002258610954263128
