0 0.1718434852763211 0.25790513833992096 0.053247277127874144 0.03867871259175607
0 0.4540137152077451 0.26439864483342745 0.43848325937878174 0.05618294748729531
0 0.7083501411859621 0.2587521174477696 0.017749092375958047 0.04376058723884811
0 0.7827753126260589 0.2574816487859966 0.12464703509479629 0.034443817052512704
0 0.8539733763614361 0.2628458498023715 0.01371520774505849 0.044607566346696784
0 0.24122630092779346 0.41431394692264256 0.20250100847115773 0.04940711462450593
0 0.44050020169423154 0.4083850931677019 0.0935861234368697 0.03980801806888763
0 0.5346914078257362 0.41007905138339923 0.03670835014118596 0.036420101637492944
0 0.6254538120209762 0.4155844155844156 0.07704719645018153 0.04630152456239413
0 0.7105687777329568 0.41431394692264256 0.021379588543767647 0.023997741389045736
0 0.8073820088745461 0.4153020892151327 0.10609116579265833 0.05420666290231508
0 0.24485679709560307 0.461038961038961 0.20976200080677693 0.042348955392433656
0 0.46026623638563935 0.45835686053077357 0.08632513110125051 0.03980801806888763
0 0.581484469544171 0.4599096555618295 0.0536506655909641 0.0378317334839074
0 0.7033077853973376 0.4686617730095991 0.09237595804759983 0.05251270468661773
0 0.8559903186768858 0.4608977978543196 0.10649455425574829 0.03472614342179559
0 0.16135538523598225 0.5139751552795031 0.06212182331585317 0.026821005081874648
0 0.21742638160548608 0.5125635234330886 0.02016942315449778 0.04319593450028233
0 0.2962888261395724 0.5121400338791643 0.11012505042355789 0.04009034443817053
0 0.41427995159338443 0.5112930547713156 0.063735377168213 0.0378317334839074
0 0.5488100040338846 0.5158102766798419 0.12222670431625655 0.038396386222473176
0 0.6754739814441307 0.5187747035573123 0.08430818878580072 0.05505364201016375
0 0.7845905607099637 0.5191981931112366 0.08067769261799113 0.054771315640880856
0 0.19302137958854376 0.6144833427442123 0.1254538120209762 0.03867871259175607
0 0.36042759177087536 0.6233766233766234 0.13755546591367487 0.054771315640880856
0 0.517749092375958 0.614059853190288 0.08027430415490117 0.03387916431394692
0 0.6214199273900767 0.6149068322981367 0.05929810407422348 0.032185206098249576
0 0.7037111738604276 0.6129305477131564 0.0536506655909641 0.03613777526821005
0 0.8186768858410649 0.6136363636363636 0.118192819685357 0.03472614342179559
