0 0.14663170633319886 0.20609824957651043 0.011698265429608713 0.009599096555618294
0 0.19766034691407824 0.21583850931677018 0.07180314643001211 0.023433088650479956
0 0.2525211778943122 0.21753246753246752 0.02581686163775716 0.018351214003387916
0 0.3150463896732553 0.21950875211744778 0.06696248487293263 0.0189158667419537
0 0.37232755143202906 0.22035573122529645 0.023396530859217425 0.018351214003387916
0 0.4201290843081888 0.22684923771880294 0.06010488100040339 0.031338226990400904
0 0.5010084711577248 0.21908526256352343 0.06131504638967326 0.01693958215697346
0 0.5655506252521177 0.22007340485601354 0.03791851553045583 0.017221908526256352
0 0.6284792254941509 0.21979107848673066 0.060508269463493344 0.017786561264822136
0 0.7343686970552642 0.22134387351778656 0.11335215812827754 0.019762845849802372
0 0.7995159338442921 0.22868435911914173 0.003227107704719645 0.002258610954263128
0 0.8186768858410649 0.21541501976284586 0.011698265429608713 0.00846979107848673
0 0.1417910447761194 0.26228119706380576 0.00927793465106898 0.00846979107848673
0 0.17103670835014118 0.2689158667419537 0.03630496167809601 0.01948051948051948
0 0.20794675272287214 0.2689158667419537 0.02379991932230738 0.0189158667419537
0 0.2613957240822912 0.27540937323546016 0.055667607906413875 0.027385657820440428
0 0.32129891085114964 0.2717391304347826 0.0326744655102864 0.017221908526256352
0 0.36950383219039934 0.2717391304347826 0.04356595401371521 0.016092603049124788
0 0.43041549011698266 0.2707509881422925 0.04437273093989512 0.01693958215697346
0 0.454417103670835 0.2800677583286279 0.006857603872529245 0.01129305477131564
0 0.4737797498991529 0.26651609260304915 0.00927793465106898 0.007905138339920948
0 0.5298507462686567 0.2780914737436477 0.07866075030254134 0.024280067758328628
0 0.6448164582492941 0.27780914737436474 0.11657926583299717 0.032185206098249576
0 0.7597821702299314 0.2723037831733484 0.09237595804759983 0.020045172219085264
0 0.8140379185155304 0.2833145115753811 0.008067769261799113 0.012140033879164314
0 0.17224687373941105 0.31959345002823264 0.05405405405405406 0.018633540372670808
0 0.26300927793465106 0.32481648785996614 0.09519967728922953 0.029079616036137776
0 0.42416296893908834 0.32495765104460755 0.20774505849132716 0.025974025974025976
0 0.5655506252521177 0.3232636928289102 0.03872529245663574 0.025974025974025976
0 0.6313029447357805 0.3221343873517787 0.05808793868495361 0.019198193111236588
0 0.7609923356192013 0.3284867306606437 0.1980637353771682 0.03020892151326934
0 0.17567567567567569 0.3781761716544325 0.0899556272690601 0.027950310559006212
0 0.32553448971359417 0.37859966120835686 0.16780960064542155 0.028797289666854884
0 0.4461476401774909 0.3740824392998306 0.041145623235175476 0.014116318464144552
0 0.5195643404598629 0.3790231507622812 0.07503025413473174 0.029079616036137776
0 0.5869302137958854 0.37323546019198195 0.04195240016135539 0.01637492941840768
0 0.7055264219443323 0.3805759457933371 0.1645824929407019 0.032185206098249576
0 0.8146430012101654 0.3740824392998306 0.0326744655102864 0.017504234895539244
0 0.16417910447761194 0.4278656126482213 0.0572811617587737 0.029079616036137776
0 0.2325534489713594 0.42292490118577075 0.04477611940298507 0.017504234895539244
0 0.291246470350948 0.42617165443252397 0.03872529245663574 0.026821005081874648
0 0.34751916095199675 0.4222190852625635 0.051230334812424366 0.016657255787690572
0 0.4320290439693425 0.4244776962168266 0.07664380798709157 0.012704686617730096
0 0.4759983864461476 0.4309712027103331 0.00645421540943929 0.011575381140598532
0 0.5401371520774506 0.4246188594014681 0.09035901573215006 0.017504234895539244
0 0.6393707139975797 0.42405420666290233 0.07099636950383219 0.020327498588368152
0 0.6833400564743848 0.4298418972332016 0.004840661557079467 0.003105590062111801
0 0.7111738604275918 0.41643139469226426 0.012101653892698669 0.009034443817052512
0 0.7567567567567568 0.42405420666290233 0.07180314643001211 0.020327498588368152
0 0.1962484872932634 0.5237154150197628 0.11657926583299717 0.018633540372670808
0 0.3065752319483663 0.5252682100508187 0.05808793868495361 0.01383399209486166
0 0.3864461476401775 0.5235742518351214 0.06938281565147236 0.018351214003387916
0 0.4715611133521581 0.5239977413890458 0.05889471561113352 0.015245623941276116
0 0.5631302944735781 0.525974025974026 0.08309802339653086 0.014116318464144552
0 0.6506655909640984 0.5238565782044043 0.05405405405405406 0.018351214003387916
0 0.7333602258975394 0.5239977413890458 0.07341670028237192 0.019198193111236588
0 0.8100040338846309 0.5247035573122529 0.055667607906413875 0.016657255787690572
0 0.23315853166599435 0.5820158102766798 0.1799112545381202 0.028514963297571992
0 0.3279548204921339 0.5797571993224168 0.0024203307785397336 0.002540937323546019
