0 0.18212989108511496 0.21301524562394128 0.08188785800726099 0.026821005081874648
0 0.2573618394513917 0.2121682665160926 0.04437273093989512 0.021739130434782608
0 0.3227107704719645 0.20863918690005648 0.060508269463493344 0.02766798418972332
0 0.40782573618394513 0.21089779785431959 0.08229124647035095 0.029361942405420668
0 0.47680516337232753 0.2149915302089215 0.050826946349334406 0.03472614342179559
0 0.581887858007261 0.21188594014680973 0.13513513513513514 0.026821005081874648
0 0.6881807180314643 0.21132128740824394 0.06696248487293263 0.02456239412761152
0 0.7236789027833804 0.22092038396386224 0.003227107704719645 0.002540937323546019
0 0.7593787817668415 0.21047430830039526 0.05445744251714401 0.028514963297571992
0 0.7952803549818476 0.2124505928853755 0.03428801936264623 0.023433088650479956
0 0.845502218636547 0.2171089779785432 0.05163372327551432 0.01355166572557877
0 0.19503832190399353 0.3219932241671372 0.13594191206131503 0.03698475437605872
0 0.25756353368293666 0.32792207792207795 0.01734570391286809 0.017221908526256352
0 0.318273497377975 0.3092885375494071 0.05970149253731343 0.029079616036137776
0 0.38886647841871724 0.3277809147374365 0.08309802339653086 0.03500846979107849
0 0.4757966922146027 0.3125352907961604 0.06252521177894312 0.02766798418972332
0 0.5750302541347317 0.3136645962732919 0.12141992739007665 0.031055900621118012
0 0.6696248487293264 0.3219932241671372 0.06292860024203308 0.04319593450028233
0 0.7325534489713594 0.31620553359683795 0.048406615570794675 0.015245623941276116
0 0.827954820492134 0.3156408808582722 0.1472367890278338 0.0378317334839074
0 0.16841468334005646 0.3642010163749294 0.06010488100040339 0.0220214568040655
0 0.22791448164582492 0.36377752682100506 0.04759983864461476 0.02456239412761152
0 0.32573618394513915 0.3718238283455675 0.09883017345703912 0.04630152456239413
0 0.4193223073820089 0.3681535855448899 0.0536506655909641 0.015810276679841896
0 0.48063735377168215 0.36801242236024845 0.0754336425978217 0.03698475437605872
0 0.5300524405002017 0.37027103331451156 0.03711173860427592 0.012140033879164314
0 0.5536506655909641 0.37238848108413325 0.0028237192416296895 0.00282326369282891
0 0.6163775716014522 0.36123658949745907 0.0927793465106898 0.027385657820440428
0 0.6869705526421944 0.3620835686053077 0.05405405405405406 0.026821005081874648
0 0.7898346107301332 0.3685770750988142 0.1306978620411456 0.03698475437605872
0 0.8751512706736587 0.3619424054206663 0.030254134731746672 0.026538678712591756
0 0.16216216216216217 0.46852060982495763 0.06131504638967326 0.020609824957651044
0 0.22246873739411052 0.468944099378882 0.056070996369503835 0.02258610954263128
0 0.2932634126663977 0.47063805759457933 0.06292860024203308 0.04291360813099943
0 0.4082291246470351 0.4697910784867307 0.16780960064542155 0.04009034443817053
0 0.5286405808793868 0.46795595708639187 0.04961678096006454 0.023433088650479956
0 0.573215006050827 0.46809712027103334 0.03872529245663574 0.02766798418972332
0 0.6704316256555063 0.46485036702428006 0.10084711577248891 0.026821005081874648
0 0.7771278741427995 0.4709203839638622 0.0899556272690601 0.04178430265386787
0 0.8170633319887052 0.4827780914737436 0.018959257765227916 0.01129305477131564
0 0.19705526421944333 0.5194805194805194 0.1553045582896329 0.03557312252964427
0 0.2613957240822912 0.5314793901750423 0.01936264622831787 0.017221908526256352
0 0.3190802743041549 0.5122811970638057 0.07018959257765228 0.03190287972896669
0 0.399959661153691 0.5249858836815359 0.0899556272690601 0.0409373235460192
0 0.4671238402581686 0.5124223602484472 0.03307785397337636 0.02710333145115754
0 0.5014118596208148 0.515527950310559 0.05647438483259379 0.024844720496894408
0 0.5508269463493344 0.5201863354037267 0.051230334812424366 0.016657255787690572
0 0.6268656716417911 0.5213156408808582 0.08874546187979024 0.015527950310559006
0 0.7323517547398144 0.5207509881422925 0.1335215812827753 0.04940711462450593
0 0.7952803549818476 0.5263975155279503 0.0052440500201694235 0.005364201016374929
