0 0.14683340056474384 0.21442687747035574 0.04195240016135539 0.017221908526256352
0 0.1591367486889875 0.3126764539808018 0.050423557886244454 0.022303783173348392
0 0.24485679709560307 0.3136645962732919 0.10084711577248891 0.019762845849802372
0 0.33198870512303347 0.3135234330886505 0.04195240016135539 0.017221908526256352
0 0.4116579265832997 0.31281761716544326 0.08027430415490117 0.021456804065499716
0 0.4977813634530052 0.3116883116883117 0.05970149253731343 0.02258610954263128
0 0.5480032271077048 0.3116883116883117 0.022993142396127472 0.01693958215697346
0 0.5939895118999596 0.31592320722755507 0.04881000403388463 0.03557312252964427
0 0.6290843081887858 0.32523997741389044 0.0052440500201694235 0.012422360248447204
0 0.6702299314239613 0.31126482213438733 0.05445744251714401 0.021739130434782608
0 0.7033077853973376 0.3277809147374365 0.0052440500201694235 0.015245623941276116
0 0.7474788221056877 0.31437041219649914 0.04759983864461476 0.034161490683229816
0 0.8025413473174667 0.314652738565782 0.027833803953206938 0.01383399209486166
0 0.18596208148446955 0.3685770750988142 0.11214199273900767 0.03077357425183512
0 0.2525211778943122 0.3750705815923207 0.004840661557079467 0.012140033879164314
0 0.2874142799515934 0.3650479954827781 0.03670835014118596 0.018068887634105024
0 0.34630899556272693 0.3709768492377188 0.051230334812424366 0.0220214568040655
0 0.3945139169019766 0.36575381140598534 0.020976200080677694 0.017221908526256352
0 0.4332392093586123 0.36264822134387353 0.033884630899556276 0.021174477696216828
0 0.48628479225494153 0.36391869000564653 0.02702702702702703 0.028797289666854884
0 0.554255748285599 0.36561264822134387 0.09681323114158935 0.020892151326933936
0 0.663574021782977 0.3694240542066629 0.10810810810810811 0.032467532467532464
0 0.746268656716418 0.36589497459062675 0.029850746268656716 0.011857707509881422
0 0.7841871722468737 0.3663184641445511 0.02743041549011698 0.012704686617730096
0 0.18253327954820492 0.411914172783738 0.09640984267849939 0.021456804065499716
0 0.26845502218636547 0.4148785996612084 0.05203711173860428 0.016092603049124788
0 0.30395320693828154 0.42207792207792205 0.004437273093989512 0.003952569169960474
0 0.35175473981444133 0.4165725578769057 0.060508269463493344 0.021174477696216828
0 0.3916901976603469 0.41798418972332013 0.004840661557079467 0.008752117447769622
0 0.4213392496974587 0.4162902315076228 0.03428801936264623 0.017221908526256352
0 0.4923356192012908 0.41671372106154714 0.08108108108108109 0.01693958215697346
0 0.5711980637353772 0.4150197628458498 0.04437273093989512 0.017504234895539244
0 0.6341266639774102 0.41756070016939584 0.045986284792254944 0.028232636928289104
0 0.6958450988301734 0.4127611518915867 0.04517950786607503 0.018068887634105024
0 0.7597821702299314 0.411914172783738 0.056070996369503835 0.020892151326933936
0 0.8321903993545785 0.4129023150762281 0.04195240016135539 0.026256352343308864
0 0.19039935457845905 0.46499153020892153 0.1218233158531666 0.0220214568040655
0 0.3063735377168213 0.47374364765669114 0.08753529649052037 0.033314511575381144
0 0.4189189189189189 0.4723320158102767 0.11254538120209762 0.02710333145115754
0 0.4947559499798306 0.46612083568605306 0.007664380798709157 0.025409373235460192
0 0.5387252924566357 0.46597967250141165 0.07462686567164178 0.0189158667419537
0 0.6034691407825736 0.4655561829474873 0.033884630899556276 0.01693958215697346
0 0.6714400968132311 0.4640033879164314 0.08188785800726099 0.020609824957651044
0 0.718233158531666 0.4785431959345003 0.004437273093989512 0.012987012987012988
0 0.7434449374747882 0.4624505928853755 0.03953206938281565 0.023150762281197064
0 0.8128277531262605 0.4642857142857143 0.08713190802743041 0.03020892151326934
