0 0.15409439290036306 0.21146245059288538 0.03065752319483663 0.0220214568040655
0 0.1754739814441307 0.21075663466967814 0.02016942315449778 0.026256352343308864
0 0.24868898749495763 0.21160361377752682 0.10851149657119806 0.027950310559006212
0 0.35699878983461075 0.21174477696216826 0.0645421540943929 0.028797289666854884
0 0.41750705929810406 0.21386222473178995 0.03630496167809601 0.031338226990400904
0 0.48769665187575634 0.21964991530208922 0.07099636950383219 0.044607566346696784
0 0.5703912868091973 0.21357989836250707 0.053247277127874144 0.027385657820440428
0 0.6260588947156112 0.21259175607001693 0.020976200080677694 0.024280067758328628
0 0.6698265429608713 0.21103896103896103 0.025413473174667203 0.022303783173348392
0 0.7313432835820896 0.21202710333145117 0.07664380798709157 0.029361942405420668
0 0.7708753529649052 0.22939017504234896 0.016135538523598225 0.015527950310559006
0 0.8158531665994353 0.21428571428571427 0.05929810407422348 0.02766798418972332
0 0.8572004840661557 0.21470920383963862 0.029043969342476807 0.0189158667419537
0 0.172851956434046 0.26228119706380576 0.07220653489310205 0.028797289666854884
0 0.2561516740621218 0.26143421795595706 0.06131504638967326 0.026538678712591756
0 0.3128277531262606 0.2641163184641446 0.043162565550625254 0.027385657820440428
0 0.3600242033077854 0.269339356295878 0.043969342476805166 0.014680971202710334
0 0.4388866478418717 0.27117447769621683 0.08713190802743041 0.03867871259175607
0 0.5409439290036305 0.262987012987013 0.09600645421540945 0.025691699604743084
0 0.5947962888261396 0.2714568040654997 0.003630496167809601 0.0036702428006775835
0 0.6246470350947962 0.2658102766798419 0.040742234772085516 0.021174477696216828
0 0.6778943122226704 0.2670807453416149 0.05445744251714401 0.0378317334839074
0 0.7331585316659943 0.2632693393562959 0.02944735780556676 0.0251270468661773
0 0.7807583703106091 0.268068887634105 0.07301331181928197 0.045454545454545456
0 0.8680919725695845 0.2704686617730096 0.08067769261799113 0.03387916431394692
0 0.1498588140379185 0.3138057594579334 0.0326744655102864 0.029644268774703556
0 0.20835014118596207 0.31592320722755507 0.07704719645018153 0.0378317334839074
0 0.2876159741831384 0.3154997176736307 0.05163372327551432 0.021739130434782608
0 0.3358208955223881 0.31437041219649914 0.043162565550625254 0.023433088650479956
0 0.3761597418313836 0.31874647092038394 0.01734570391286809 0.012987012987012988
0 0.418112141992739 0.31394692264257484 0.04719645018152481 0.025974025974025976
0 0.46893908834207343 0.32058159232072275 0.033481242436466316 0.01383399209486166
0 0.508471157724889 0.31493506493506496 0.03993545784590561 0.02456239412761152
0 0.5675675675675675 0.31634669678147936 0.04195240016135539 0.035290796160361376
0 0.6367486889874949 0.31804065499717676 0.10851149657119806 0.03585544889892716
0 0.7351754739814441 0.3132411067193676 0.06897942718838242 0.025691699604743084
0 0.8336022589753933 0.3111236589497459 0.08350141185962082 0.030491247882552232
0 0.1827349737797499 0.3632128740824393 0.07745058491327148 0.027950310559006212
0 0.2400161355385236 0.365330321852061 0.028237192416296894 0.024280067758328628
0 0.2607906413876563 0.37323546019198195 0.0028237192416296895 0.003952569169960474
0 0.2874142799515934 0.3577075098814229 0.011698265429608713 0.007905138339920948
0 0.3017345703912868 0.3651891586674195 0.03953206938281565 0.023997741389045736
0 0.3483259378781767 0.36391869000564653 0.06978620411456232 0.024280067758328628
0 0.4203307785397338 0.36476566911349523 0.06857603872529246 0.025409373235460192
0 0.47317466720451795 0.3632128740824393 0.024203307785397338 0.026256352343308864
0 0.5391286809197257 0.3642010163749294 0.0681726502622025 0.029926595143986448
0 0.6095199677289229 0.3619424054206663 0.05970149253731343 0.029361942405420668
0 0.6655909640984268 0.36885940146809715 0.03227107704719645 0.01383399209486166
0 0.7216619604679306 0.36335403726708076 0.08874546187979024 0.028232636928289104
0 0.7517144009681324 0.3802936194240542 0.018959257765227916 0.018633540372670808
0 0.790439693424768 0.35220214568040653 0.014118596208148447 0.009881422924901186
0 0.8331988705123033 0.370412196499153 0.09560306575231949 0.01355166572557877
