0 0.18152480839048002 0.21202710333145117 0.048406615570794675 0.018633540372670808
0 0.2581686163775716 0.21146245059288538 0.06696248487293263 0.01693958215697346
0 0.39693424768051633 0.21174477696216826 0.15328761597418314 0.019762845849802372
0 0.5310609116579266 0.21597967250141162 0.06333198870512304 0.01129305477131564
0 0.6062928600242034 0.2127329192546584 0.04679306171843485 0.023433088650479956
0 0.6795078660750302 0.21089779785431959 0.057684550221863654 0.017504234895539244
0 0.7900363049616781 0.20765104460756634 0.12061315046389673 0.020609824957651044
0 0.1918112141992739 0.2611518915866742 0.04881000403388463 0.020892151326933936
0 0.27874142799515933 0.26143421795595706 0.07180314643001211 0.0220214568040655
0 0.3644614764017749 0.26256352343308864 0.052843888664784185 0.01693958215697346
0 0.44029850746268656 0.2598814229249012 0.05687777329568374 0.021174477696216828
0 0.5074626865671642 0.26030491247882553 0.03065752319483663 0.023715415019762844
0 0.5689794271883825 0.26256352343308864 0.02864058087938685 0.020892151326933936
0 0.6462283178701089 0.2587521174477696 0.09035901573215006 0.020045172219085264
0 0.7065348931020573 0.2670807453416149 0.003630496167809601 0.003952569169960474
0 0.7503025413473174 0.25790513833992096 0.017749092375958047 0.0189158667419537
0 0.8150463896732554 0.2584697910784867 0.06494554255748286 0.020045172219085264
0 0.2127874142799516 0.30999435347261434 0.09640984267849939 0.019198193111236588
0 0.30233965308592176 0.31084133258046304 0.03993545784590561 0.029361942405420668
0 0.36789027833803956 0.30759457933370976 0.0572811617587737 0.0189158667419537
0 0.45784590560709965 0.30844155844155846 0.07583703106091166 0.01948051948051948
0 0.5496167809600645 0.3085827216261999 0.051230334812424366 0.019198193111236588
0 0.6430012101653892 0.3104178430265387 0.08229124647035095 0.017221908526256352
0 0.7634126663977411 0.31634669678147936 0.10689794271883823 0.03020892151326934
0 0.8553852359822509 0.3094297007340486 0.026220250100847116 0.018068887634105024
0 0.20693828156514724 0.36589497459062675 0.07987091569181122 0.02766798418972332
0 0.29306171843485274 0.36645962732919257 0.0318676885841065 0.012987012987012988
0 0.3686970552642194 0.36575381140598534 0.07099636950383219 0.03303218520609825
0 0.46651875756353367 0.36462450592885376 0.06333198870512304 0.014398644833427442
0 0.5685760387252925 0.3663184641445511 0.07301331181928197 0.021174477696216828
0 0.6906010488100041 0.3629305477131564 0.1306978620411456 0.025691699604743084
0 0.817870108914885 0.364059853190288 0.07946752722872126 0.01383399209486166
0 0.8713190802743042 0.36984754376058726 0.004840661557079467 0.010728402032749858
0 0.19241629689390882 0.410643704121965 0.05647438483259379 0.017786561264822136
0 0.2309398951189996 0.42377188029361945 0.0052440500201694235 0.012987012987012988
0 0.2712787414279952 0.41544325239977414 0.04235578862444534 0.013269339356295878
0 0.35175473981444133 0.41417278373800115 0.08874546187979024 0.018633540372670808
0 0.4528035498184752 0.4192546583850932 0.07301331181928197 0.029926595143986448
0 0.5252117789431222 0.41798418972332013 0.03227107704719645 0.020609824957651044
0 0.6202097620008068 0.4212309429700734 0.10770471964501815 0.029926595143986448
0 0.7571601452198468 0.41854884246188595 0.11133521581282775 0.03303218520609825
0 0.19564340459862847 0.5173630717108978 0.0790641387656313 0.027950310559006212
0 0.24667204517950786 0.5258328627893846 0.002016942315449778 0.004234895539243365
0 0.29931423961274706 0.5201863354037267 0.08067769261799113 0.01948051948051948
0 0.37777329568374346 0.5206098249576511 0.035901573215006054 0.01355166572557877
0 0.4554255748285599 0.5180688876341051 0.08390480032271078 0.019762845849802372
0 0.5556676079064139 0.5175042348955392 0.07462686567164178 0.018633540372670808
0 0.6613553852359823 0.5176453980801807 0.08108108108108109 0.020045172219085264
0 0.7676482452601856 0.5173630717108978 0.08309802339653086 0.017221908526256352
0 0.18697055264219442 0.5718520609824957 0.058491327148043566 0.017786561264822136
0 0.2672448567970956 0.5715697346132129 0.05929810407422348 0.017786561264822136
0 0.3553852359822509 0.5734048560135516 0.063735377168213 0.014116318464144552
0 0.4080274304154901 0.5813099943534726 0.006857603872529245 0.010728402032749858
0 0.45240016135538524 0.5715697346132129 0.04881000403388463 0.012140033879164314
0 0.508874546187979 0.5690287972896668 0.012505042355788625 0.020609824957651044
0 0.5425574828559904 0.5690287972896668 0.02743041549011698 0.012704686617730096
0 0.6311012505042356 0.5660643704121965 0.10609116579265833 0.023715415019762844
0 0.7192416296893909 0.567476002258611 0.024203307785397338 0.021456804065499716
0 0.7995159338442921 0.5645115753811406 0.08229124647035095 0.020609824957651044
0 0.8594191206131505 0.5659232072275551 0.007664380798709157 0.016092603049124788
0 0.8791851553045583 0.5677583286278939 0.008471157724889069 0.028232636928289104
0 0.17164179104477612 0.6180124223602484 0.026220250100847116 0.023150762281197064
0 0.2073416700282372 0.6208356860530774 0.024203307785397338 0.017504234895539244
0 0.2646228317870109 0.6198475437605873 0.04437273093989512 0.017786561264822136
0 0.31787010891488504 0.6238001129305477 0.014521984671238403 0.009881422924901186
0 0.3870512303348124 0.6208356860530774 0.09156918112141993 0.019762845849802372
0 0.4772085518354175 0.6188594014680971 0.03469140782573618 0.020327498588368152
0 0.527632109721662 0.6184359119141728 0.041145623235175476 0.015527950310559006
0 0.6430012101653892 0.6242236024844721 0.13473174667204518 0.029361942405420668
0 0.8114158935054457 0.620412196499153 0.13513513513513514 0.027950310559006212
0 0.20209762000806777 0.669819311123659 0.08632513110125051 0.018351214003387916
0 0.2974989915288423 0.668548842461886 0.05203711173860428 0.01637492941840768
0 0.3618394513916902 0.6665725578769057 0.02501008471157725 0.021456804065499716
0 0.4267849939491731 0.6701016374929418 0.0653489310205728 0.013269339356295878
0 0.4701492537313433 0.6764539808018069 0.002016942315449778 0.0016939582156973462
