0 0.16276724485679708 0.21414455110107283 0.06252521177894312 0.01948051948051948
0 0.25433642597821704 0.2137210615471485 0.08350141185962082 0.0220214568040655
0 0.35619201290843083 0.21753246753246752 0.08471157724889068 0.03020892151326934
0 0.43949173053650664 0.21781479390175043 0.043969342476805166 0.012704686617730096
0 0.5240016135538523 0.2137210615471485 0.09762000806776926 0.023715415019762844
0 0.6688180718031465 0.2155561829474873 0.1508672851956434 0.027950310559006212
0 0.17870108914885036 0.264257481648786 0.08793868495361033 0.023715415019762844
0 0.263412666397741 0.26693958215697344 0.020976200080677694 0.018351214003387916
0 0.33521581282775315 0.2648221343873518 0.08874546187979024 0.02258610954263128
0 0.39229528035498185 0.27300959909655564 0.0028237192416296895 0.0033879164313946925
0 0.4235578862444534 0.2648221343873518 0.021782977006857603 0.020892151326933936
0 0.49394917305365066 0.2652456239412761 0.09721661960467931 0.022868435911914172
0 0.5889471561113352 0.26453980801806887 0.053247277127874144 0.024280067758328628
0 0.6436062928600242 0.2673630717108978 0.0318676885841065 0.031055900621118012
0 0.6974586526825333 0.2636928289102202 0.045986284792254944 0.02258610954263128
0 0.17668414683340056 0.32086391869000563 0.09439290036304962 0.03190287972896669
0 0.3140379185155305 0.3190287972896669 0.14158935054457442 0.026538678712591756
0 0.4227511093182735 0.31309994353472614 0.042759177087535294 0.0220214568040655
0 0.4955627269060105 0.3138057594579334 0.08188785800726099 0.025691699604743084
0 0.5675675675675675 0.31634669678147936 0.033884630899556276 0.03472614342179559
0 0.6845502218636547 0.32058159232072275 0.16942315449778136 0.03190287972896669
0 0.8118192819685357 0.31846414455110106 0.038321903993545785 0.03162055335968379
0 0.1891891891891892 0.3644833427442123 0.11940298507462686 0.025974025974025976
0 0.29265832997176283 0.365330321852061 0.04961678096006454 0.02258610954263128
0 0.3699072206534893 0.36645962732919257 0.05889471561113352 0.0220214568040655
0 0.48406615570794675 0.3685770750988142 0.13150463896732553 0.034161490683229816
0 0.5923759580475998 0.36476566911349523 0.03993545784590561 0.020892151326933936
0 0.6653892698668818 0.37422360248447206 0.07785397337636143 0.0189158667419537
0 0.7872125857200484 0.36914172783738003 0.11738604275917709 0.013269339356295878
0 0.18152480839048002 0.4199604743083004 0.10246066962484873 0.03020892151326934
0 0.2654296087131908 0.41883116883116883 0.03146430012101654 0.032467532467532464
0 0.32775312626058895 0.4162902315076228 0.06171843485276321 0.029644268774703556
0 0.41085114965711983 0.4158667419536985 0.058491327148043566 0.02258610954263128
0 0.5153287615974184 0.4137492941840768 0.11012505042355789 0.02456239412761152
0 0.6103267446551028 0.4138904573687182 0.05163372327551432 0.0220214568040655
0 0.6734570391286809 0.41360813099943533 0.0391286809197257 0.024280067758328628
0 0.7698668818071803 0.4138904573687182 0.10770471964501815 0.023150762281197064
0 0.17587736990722067 0.4618859401468097 0.07341670028237192 0.025409373235460192
0 0.2446551028640581 0.46795595708639187 0.018959257765227916 0.018351214003387916
0 0.3073820088745462 0.4665443252399774 0.0645421540943929 0.02456239412761152
0 0.400363049616781 0.4720496894409938 0.08511496571198064 0.03500846979107849
0 0.46994755949979833 0.4665443252399774 0.024203307785397338 0.01948051948051948
0 0.5342880193626462 0.4665443252399774 0.06494554255748286 0.023997741389045736
0 0.6169826542960871 0.46513269339356295 0.05929810407422348 0.020609824957651044
0 0.6918112141992739 0.46414455110107283 0.04921339249697459 0.026538678712591756
0 0.7845905607099637 0.4675324675324675 0.11375554659136748 0.03387916431394692
0 0.1918112141992739 0.5211744776962168 0.1036708350141186 0.03500846979107849
0 0.2579669221460266 0.5265386787125917 0.003630496167809601 0.002258610954263128
0 0.2898346107301331 0.5182100508187465 0.021379588543767647 0.021739130434782608
0 0.3247277127874143 0.5172219085262564 0.02501008471157725 0.019762845849802372
0 0.37152077450584914 0.5162337662337663 0.048406615570794675 0.022868435911914172
0 0.4626865671641791 0.5203274985883681 0.11698265429608713 0.03274985883681536
0 0.5588947156111336 0.5136928289102202 0.02379991932230738 0.022868435911914172
0 0.6427995159338443 0.5134105025409373 0.11415893505445744 0.027950310559006212
0 0.7523194836627672 0.5255505364201016 0.05889471561113352 0.021739130434782608
0 0.827954820492134 0.519621682665161 0.056070996369503835 0.015527950310559006
0 0.16236385639370715 0.567476002258611 0.0536506655909641 0.024844720496894408
0 0.23436869705526422 0.5657820440429137 0.05486083098023396 0.024280067758328628
0 0.3436869705526422 0.5653585544889893 0.1218233158531666 0.027385657820440428
0 0.48870512303348124 0.5684641445511011 0.14239612747075434 0.035290796160361376
0 0.572206534893102 0.577639751552795 0.0052440500201694235 0.004517221908526256
