0 0.13493344090359016 0.22769621682665162 0.022993142396127472 0.017786561264822136
0 0.19322307382008874 0.2274138904573687 0.06292860024203308 0.018351214003387916
0 0.2599838644614764 0.22769621682665162 0.04719645018152481 0.01948051948051948
0 0.3130294473578056 0.2264257481648786 0.03872529245663574 0.020892151326933936
0 0.3511496571198064 0.22995482778091475 0.021379588543767647 0.015527950310559006
0 0.4112545381202098 0.23136645962732919 0.07946752722872126 0.023997741389045736
0 0.4957644211375555 0.2248729531338227 0.05889471561113352 0.020609824957651044
0 0.5502218636546995 0.2323546019198193 0.03953206938281565 0.007340485601355167
0 0.5980233965308592 0.22628458498023715 0.03428801936264623 0.017221908526256352
0 0.6397741024606697 0.22868435911914173 0.02016942315449778 0.01693958215697346
0 0.718233158531666 0.23193111236589498 0.1044776119402985 0.01383399209486166
0 0.8011294876966518 0.22783738001129306 0.045986284792254944 0.015810276679841896
0 0.13977410246066962 0.2766798418972332 0.01734570391286809 0.019198193111236588
0 0.19927390076643808 0.28063241106719367 0.07018959257765228 0.020892151326933936
0 0.2615974183138362 0.28500846979107847 0.03509479628882614 0.004799548277809147
0 0.3071803146430012 0.2811970638057595 0.021379588543767647 0.014116318464144552
0 0.37575635336829366 0.28091473743647655 0.08350141185962082 0.025409373235460192
0 0.4628882613957241 0.27315076228119706 0.06736587333602259 0.026256352343308864
0 0.5155304558289633 0.27752682100508186 0.02016942315449778 0.025409373235460192
0 0.5621218233158531 0.28500846979107847 0.057684550221863654 0.017786561264822136
0 0.618596208148447 0.2766798418972332 0.031060911657926585 0.018068887634105024
0 0.6803146430012101 0.2802089215132693 0.06575231948366277 0.0251270468661773
0 0.727107704719645 0.2787972896668549 0.01573215006050827 0.015527950310559006
0 0.7549415086728519 0.2780914737436477 0.02218636546994756 0.015810276679841896
0 0.7934651068979427 0.2776679841897233 0.03872529245663574 0.017221908526256352
0 0.8499394917305365 0.2768210050818746 0.04679306171843485 0.0189158667419537
0 0.14320290439693426 0.3339920948616601 0.03791851553045583 0.028797289666854884
0 0.19846712384025816 0.32834556747600224 0.042759177087535294 0.018068887634105024
0 0.23578055667607906 0.33046301524562394 0.01653892698668818 0.017221908526256352
0 0.26321097216619604 0.3308865047995483 0.021379588543767647 0.01693958215697346
0 0.3293666801129488 0.32820440429136083 0.09076240419524001 0.02456239412761152
0 0.40399354578459057 0.33018068887634106 0.06171843485276321 0.03020892151326934
0 0.4608713190802743 0.32933370976849236 0.021379588543767647 0.016657255787690572
0 0.508471157724889 0.32382834556747603 0.05445744251714401 0.025974025974025976
0 0.5324727712787414 0.3362507058159232 0.00645421540943929 0.007905138339920948
0 0.5534489713594192 0.33455674760022586 0.017749092375958047 0.006775832862789385
0 0.6135538523598225 0.32820440429136083 0.07422347720855184 0.029644268774703556
0 0.6839451391690198 0.3246753246753247 0.052843888664784185 0.0220214568040655
0 0.7117789431222267 0.3370976849237719 0.007664380798709157 0.006775832862789385
0 0.7345703912868092 0.32735742518351213 0.021782977006857603 0.0189158667419537
0 0.7787414279951593 0.3255223037831734 0.051230334812424366 0.020892151326933936
0 0.8356192012908431 0.3277809147374365 0.045582896329164985 0.017504234895539244
0 0.8624445340863252 0.3370976849237719 0.004033884630899556 0.0016939582156973462
0 0.13957240822912464 0.3800112930547713 0.02743041549011698 0.015245623941276116
0 0.19140782573618395 0.37761151891586675 0.043969342476805166 0.023433088650479956
0 0.2462686567164179 0.37732919254658387 0.05203711173860428 0.02456239412761152
0 0.32977006857603874 0.37874082439299833 0.09076240419524001 0.022303783173348392
0 0.399959661153691 0.3877752682100508 0.0318676885841065 0.011575381140598532
0 0.48971359419120614 0.3794466403162055 0.1145623235175474 0.031055900621118012
0 0.599435256151674 0.37789384528514963 0.10407422347720856 0.028514963297571992
0 0.6764824526018556 0.378317334839074 0.02743041549011698 0.020327498588368152
0 0.7029043969342477 0.3784584980237154 0.018959257765227916 0.016092603049124788
0 0.7601855586930214 0.38226990400903443 0.05929810407422348 0.0220214568040655
0 0.7845905607099637 0.38749294184076793 0.0024203307785397336 0.002540937323546019
