0 0.16417910447761194 0.3911631846414455 0.05647438483259379 0.017786561264822136
0 0.20774505849132716 0.395115753811406 0.01290843081887858 0.012704686617730096
0 0.22065348931020573 0.40118577075098816 0.004033884630899556 0.00564652738565782
0 0.23699072206534894 0.3935629587803501 0.018959257765227916 0.012422360248447204
0 0.25110931827349736 0.39751552795031053 0.002016942315449778 0.0016939582156973462
0 0.25675675675675674 0.3922924901185771 0.01734570391286809 0.020045172219085264
0 0.29507866075030253 0.39271597967250144 0.04719645018152481 0.017504234895539244
0 0.37131908027430416 0.3973743647656691 0.08753529649052037 0.014963297571993224
0 0.4540137152077451 0.3945511010728402 0.040742234772085516 0.012704686617730096
0 0.5064542154094392 0.39695087521174477 0.03670835014118596 0.00846979107848673
0 0.5669624848729327 0.39398644833427443 0.06736587333602259 0.016657255787690572
0 0.6389673255344898 0.3944099378881988 0.05163372327551432 0.014680971202710334
0 0.6940298507462687 0.3965273856578204 0.03993545784590561 0.01383399209486166
0 0.7450584913271481 0.3958215697346132 0.03791851553045583 0.015810276679841896
0 0.7851956434045986 0.3966685488424619 0.018152480839048003 0.012987012987012988
0 0.18515530455828963 0.4414172783738001 0.09600645421540945 0.017786561264822136
0 0.27390076643807987 0.4440993788819876 0.041145623235175476 0.014116318464144552
0 0.33057684550221866 0.4438170525127047 0.05526421944332392 0.015810276679841896
0 0.3989511899959661 0.44960474308300397 0.060508269463493344 0.014398644833427442
0 0.47115772488906815 0.4448051948051948 0.053247277127874144 0.014398644833427442
0 0.5768455022186365 0.4459345002823264 0.1355385235982251 0.015527950310559006
0 0.6472367890278338 0.4525691699604743 0.002016942315449778 0.0016939582156973462
0 0.6764824526018556 0.44678147939017504 0.03953206938281565 0.01383399209486166
0 0.727511093182735 0.44748729531338227 0.043969342476805166 0.015245623941276116
0 0.7962888261395724 0.44664031620553357 0.06131504638967326 0.014116318464144552
0 0.17123840258168616 0.49265951439864486 0.06736587333602259 0.020327498588368152
0 0.22730939895118998 0.49421230942970074 0.01573215006050827 0.014963297571993224
0 0.2436466317063332 0.49632975719932243 0.035498184751916094 0.015245623941276116
0 0.32956837434449376 0.49421230942970074 0.12101653892698669 0.016092603049124788
0 0.4102460669624849 0.49703557312252966 0.016942315449778138 0.01383399209486166
0 0.46853569987898347 0.4967532467532468 0.07220653489310205 0.018351214003387916
0 0.5100847115772489 0.49407114624505927 0.010891488503428802 0.018068887634105024
0 0.5502218636546995 0.49632975719932243 0.04679306171843485 0.014680971202710334
0 0.6133521581282775 0.4957651044607566 0.05445744251714401 0.018633540372670808
0 0.6678096006454215 0.4978825522303783 0.02944735780556676 0.016092603049124788
0 0.7085518354175071 0.4971767363071711 0.03751512706736587 0.012987012987012988
0 0.7468737394110528 0.4968944099378882 0.006857603872529245 0.005081874647092038
0 0.7950786607503025 0.4980237154150198 0.07664380798709157 0.017504234895539244
0 0.16478418717224688 0.5417843026538679 0.05526421944332392 0.023715415019762844
0 0.20371117386042759 0.5412196499153021 0.00645421540943929 0.004517221908526256
0 0.27490923759580477 0.5470073404856014 0.10044372730939895 0.020609824957651044
0 0.3622428398547802 0.5461603613777527 0.04033884630899556 0.015527950310559006
0 0.43929003630496166 0.54785431959345 0.09035901573215006 0.01948051948051948
0 0.527632109721662 0.5475719932241672 0.0645421540943929 0.013269339356295878
0 0.5687777329568374 0.5535008469791078 0.004033884630899556 0.006493506493506494
0 0.6321097216619604 0.5496894409937888 0.10488100040338846 0.018633540372670808
0 0.718031464300121 0.5467250141163185 0.04437273093989512 0.015527950310559006
0 0.7718838241226301 0.5471485036702428 0.043969342476805166 0.018068887634105024
0 0.19281968535699878 0.5923207227555054 0.11294876966518758 0.021456804065499716
0 0.25554659136748686 0.6017786561264822 0.0028237192416296895 0.001976284584980237
