0 0.1526825332795482 0.269339356295878 0.026220250100847116 0.010163749294184076
0 0.209156918112142 0.27060982495765107 0.043162565550625254 0.010446075663466968
0 0.2654296087131908 0.27032749858836813 0.03065752319483663 0.010446075663466968
0 0.34751916095199675 0.26679841897233203 0.10609116579265833 0.01637492941840768
0 0.463493344090359 0.26665725578769056 0.08713190802743041 0.017221908526256352
0 0.5788624445340863 0.2691981931112366 0.11294876966518758 0.022303783173348392
0 0.7188382412263009 0.2745623941276115 0.12666397741024607 0.025691699604743084
0 0.7876159741831383 0.2756916996047431 0.002016942315449778 0.004234895539243365
0 0.8227107704719645 0.2694805194805195 0.0463896732553449 0.01383399209486166
0 0.8703106091165793 0.2682100508187465 0.026220250100847116 0.012987012987012988
0 0.16841468334005646 0.32086391869000563 0.05445744251714401 0.01101072840203275
0 0.24122630092779346 0.32128740824393 0.04356595401371521 0.007905138339920948
0 0.3279548204921339 0.31804065499717676 0.08793868495361033 0.016092603049124788
0 0.46430012101653895 0.32269904009034445 0.13231141589350545 0.0220214568040655
0 0.5691811214199274 0.3201581027667984 0.03307785397337636 0.010163749294184076
0 0.6512706736587334 0.3188876341050254 0.08834207341670028 0.01383399209486166
0 0.7293263412666398 0.31959345002823264 0.02581686163775716 0.01129305477131564
0 0.8055667607906414 0.32284020327498586 0.0935861234368697 0.025691699604743084
0 0.15570794675272287 0.36716544325239975 0.020976200080677694 0.015527950310559006
0 0.21520774505849133 0.36829474872953133 0.06413876563130294 0.016092603049124788
0 0.25534489713594194 0.3749294184076793 0.0024203307785397336 0.0016939582156973462
0 0.33098023396530857 0.3697063805759458 0.1262605889471561 0.021174477696216828
0 0.41972569584509883 0.3708356860530774 0.01653892698668818 0.008752117447769622
0 0.4893102057281162 0.37125917560700167 0.09439290036304962 0.020327498588368152
0 0.5748285599031868 0.36900056465273856 0.04437273093989512 0.01637492941840768
0 0.63695038321904 0.3674477696216827 0.05163372327551432 0.016092603049124788
0 0.7420330778539733 0.37012987012987014 0.11657926583299717 0.0220214568040655
0 0.8495361032674466 0.36928289102202144 0.05244050020169423 0.017504234895539244
0 0.8791851553045583 0.37874082439299833 0.002016942315449778 0.001411631846414455
0 0.21621621621621623 0.4730378317334839 0.14602662363856395 0.022868435911914172
0 0.33662767244856795 0.46908526256352345 0.038321903993545785 0.017786561264822136
0 0.4336425978217023 0.4696499153020892 0.11778943122226704 0.0189158667419537
0 0.5393303751512707 0.4697910784867307 0.053247277127874144 0.017504234895539244
0 0.5954013715207745 0.4707792207792208 0.01936264622831787 0.01383399209486166
0 0.6599435256151674 0.46950875211744775 0.0790641387656313 0.017504234895539244
0 0.7688584106494554 0.4767080745341615 0.10165389269866881 0.03190287972896669
0 0.8469140782573619 0.47247317899491814 0.026220250100847116 0.01101072840203275
0 0.8632513110125051 0.47571993224167136 0.0016135538523598225 0.001129305477131564
0 0.17244856797095603 0.5708639186900056 0.051230334812424366 0.014680971202710334
0 0.2509076240419524 0.5702992659514399 0.05889471561113352 0.01693958215697346
0 0.33682936668011293 0.5702992659514399 0.0572811617587737 0.015810276679841896
0 0.43404598628479224 0.5714285714285714 0.09519967728922953 0.018068887634105024
0 0.5473981444130698 0.5726990400903444 0.08632513110125051 0.014398644833427442
0 0.6183945139169019 0.5759457933370977 0.026623638563937072 0.01129305477131564
0 0.6383622428398548 0.5793337097684924 0.002016942315449778 0.001129305477131564
