0 0.17224687373941105 0.2723037831733484 0.07099636950383219 0.026256352343308864
0 0.23073820088745461 0.27117447769621683 0.005647438483259379 0.003105590062111801
0 0.2573618394513917 0.2662337662337662 0.008067769261799113 0.018633540372670808
0 0.2690601048810004 0.2686335403726708 0.008874546187979023 0.009881422924901186
0 0.27773295683743443 0.2651044607566347 0.006857603872529245 0.018068887634105024
0 0.3217022993142396 0.2649632975719932 0.0060508269463493344 0.014963297571993224
0 0.38019362646228316 0.26877470355731226 0.04881000403388463 0.017504234895539244
0 0.46046793061718433 0.2714568040654997 0.07059298104074223 0.034161490683229816
0 0.5288422751109318 0.27428006775832864 0.035498184751916094 0.02456239412761152
0 0.5923759580475998 0.2658102766798419 0.03509479628882614 0.015527950310559006
0 0.6674062121823315 0.26453980801806887 0.0536506655909641 0.02258610954263128
0 0.7470754336425979 0.264257481648786 0.05808793868495361 0.0220214568040655
0 0.8249294070189592 0.2672219085262564 0.041145623235175476 0.014963297571993224
0 0.1865671641791045 0.3138057594579334 0.09076240419524001 0.020609824957651044
0 0.26764824526018555 0.320016939582157 0.020572811617587738 0.023997741389045736
0 0.3348124243646632 0.3232636928289102 0.06131504638967326 0.029361942405420668
0 0.3743444937474788 0.3243929983060418 0.004840661557079467 0.00282326369282891
0 0.4146833400564744 0.31804065499717676 0.04679306171843485 0.018351214003387916
0 0.49294070189592576 0.31874647092038394 0.04356595401371521 0.01129305477131564
0 0.5471964501815249 0.3181818181818182 0.01573215006050827 0.014680971202710334
0 0.600242033077854 0.31733483907396953 0.04679306171843485 0.019198193111236588
0 0.6968535699878984 0.31437041219649914 0.07462686567164178 0.0189158667419537
0 0.7771278741427995 0.31846414455110106 0.04235578862444534 0.010163749294184076
0 0.1946349334409036 0.37422360248447206 0.11012505042355789 0.032467532467532464
0 0.2918515530455829 0.3675889328063241 0.03751512706736587 0.017504234895539244
0 0.36264622831787013 0.3694240542066629 0.05244050020169423 0.023433088650479956
0 0.4465510286405809 0.36617730095990964 0.06776926179911255 0.020892151326933936
0 0.5235982250907624 0.3654714850367024 0.03953206938281565 0.020045172219085264
0 0.6103267446551028 0.36702428006775834 0.09681323114158935 0.020892151326933936
0 0.7033077853973376 0.3663184641445511 0.02379991932230738 0.021739130434782608
0 0.7714804356595402 0.3738001129305477 0.06897942718838242 0.029926595143986448
0 0.8239209358612344 0.3674477696216827 0.011698265429608713 0.016657255787690572
0 0.19342476805163372 0.4191134952004517 0.10851149657119806 0.017786561264822136
0 0.2702702702702703 0.42913608130999437 0.008874546187979023 0.007905138339920948
0 0.30919725695845096 0.422360248447205 0.06655909640984267 0.033314511575381144
0 0.37938684953610324 0.42165443252399776 0.05445744251714401 0.020609824957651044
0 0.44574425171440096 0.41967814793901753 0.042759177087535294 0.017221908526256352
0 0.5407422347720855 0.4199604743083004 0.11173860427591771 0.016657255787690572
0 0.6405808793868495 0.4193958215697346 0.04195240016135539 0.01948051948051948
0 0.7049213392496975 0.422360248447205 0.0463896732553449 0.033314511575381144
0 0.780960064542154 0.42080745341614906 0.05970149253731343 0.011575381140598532
0 0.18576038725292457 0.4767080745341615 0.09479628882613957 0.028514963297571992
0 0.29810407422347723 0.46823828345567475 0.09762000806776926 0.018351214003387916
0 0.37252924566357404 0.46513269339356295 0.025413473174667203 0.01948051948051948
0 0.4560306575231948 0.4743083003952569 0.07139975796692215 0.024280067758328628
0 0.5308592174263816 0.4666854884246189 0.04195240016135539 0.023715415019762844
0 0.5897539330375151 0.4678147939017504 0.03469140782573618 0.01637492941840768
0 0.6300927793465106 0.4642857142857143 0.015328761597418314 0.00818746470920384
0 0.6952400161355385 0.46795595708639187 0.08027430415490117 0.021739130434782608
0 0.7755143202904397 0.4697910784867307 0.030254134731746672 0.02258610954263128
0 0.8448971359419121 0.4668266516092603 0.07220653489310205 0.020609824957651044
0 0.8846308995562727 0.4623094297007341 0.010488100040338847 0.00818746470920384
0 0.16135538523598225 0.5211744776962168 0.048406615570794675 0.010728402032749858
0 0.2644211375554659 0.5232919254658385 0.07866075030254134 0.012704686617730096
0 0.36405808793868494 0.5223037831733484 0.050423557886244454 0.010728402032749858
0 0.43142396127470756 0.5170807453416149 0.027833803953206938 0.017221908526256352
0 0.5302541347317467 0.5194805194805194 0.11496571198063735 0.020327498588368152
0 0.6329164985881404 0.5184923771880293 0.03630496167809601 0.01948051948051948
0 0.6895925776522791 0.5190570299265952 0.03670835014118596 0.021174477696216828
0 0.7220653489310206 0.5265386787125917 0.0024203307785397336 0.0016939582156973462
