0 0.17164179104477612 0.21725014116318464 0.03993545784590561 0.025691699604743084
0 0.2779346510689794 0.22529644268774704 0.11617587736990723 0.03500846979107849
0 0.39955627269060107 0.22600225861095427 0.07059298104074223 0.0471485036702428
0 0.5060508269463493 0.21725014116318464 0.04154901169826543 0.026256352343308864
0 0.5875352964905204 0.21823828345567475 0.07301331181928197 0.024844720496894408
0 0.672045179507866 0.21583850931677018 0.03953206938281565 0.023997741389045736
0 0.782371924162969 0.22402597402597402 0.1335215812827753 0.041501976284584984
0 0.8469140782573619 0.23193111236589498 0.007664380798709157 0.005928853754940711
0 0.17325534489713595 0.2683512140033879 0.06413876563130294 0.0251270468661773
0 0.25211778943122226 0.27103331451157536 0.01936264622831787 0.017504234895539244
0 0.34227511093182733 0.27216261998870694 0.0899556272690601 0.04517221908526256
0 0.44776119402985076 0.27865612648221344 0.026623638563937072 0.0220214568040655
0 0.5058491327148044 0.265527950310559 0.04517950786607503 0.026256352343308864
0 0.5895522388059702 0.2701863354037267 0.08027430415490117 0.039525691699604744
0 0.627269060104881 0.2834556747600226 0.008874546187979023 0.00846979107848673
0 0.6742638160548609 0.26778656126482214 0.043162565550625254 0.029079616036137776
0 0.7519160951996773 0.2689158667419537 0.06131504638967326 0.023433088650479956
0 0.8319887051230335 0.26566911349520045 0.06575231948366277 0.029926595143986448
0 0.15570794675272287 0.42617165443252397 0.015328761597418314 0.013269339356295878
0 0.21782977006857604 0.4268774703557312 0.045986284792254944 0.044042913608131
0 0.3293666801129488 0.43125352907961606 0.1327148043565954 0.042631281761716544
0 0.4417103670835014 0.4311123658949746 0.024203307785397338 0.025974025974025976
0 0.5082694634933441 0.42715979672501414 0.04195240016135539 0.01355166572557877
0 0.6105284388866479 0.42857142857142855 0.10286405808793868 0.042348955392433656
0 0.7172246873739411 0.4230660643704122 0.048406615570794675 0.03472614342179559
0 0.8057684550221864 0.43054771315640883 0.07382008874546188 0.024280067758328628
0 0.8479225494150867 0.435347261434218 0.003227107704719645 0.0033879164313946925
0 0.17204517950786608 0.47939017504234893 0.06575231948366277 0.050818746470920384
0 0.2682533279548205 0.47699040090344436 0.08067769261799113 0.032467532467532464
0 0.35498184751916095 0.47699040090344436 0.02743041549011698 0.014398644833427442
0 0.41064945542557485 0.47162619988706944 0.04437273093989512 0.026821005081874648
0 0.5006050826946349 0.4696499153020892 0.08067769261799113 0.031338226990400904
0 0.5941912061315047 0.4710615471485037 0.03630496167809601 0.0251270468661773
0 0.6613553852359823 0.4697910784867307 0.04881000403388463 0.025409373235460192
0 0.7240822912464704 0.472755505364201 0.02581686163775716 0.025691699604743084
0 0.800322710770472 0.47600225861095424 0.063735377168213 0.029361942405420668
0 0.16559096409842677 0.5194805194805194 0.03993545784590561 0.029361942405420668
0 0.25231948366276724 0.5311970638057595 0.0754336425978217 0.035290796160361376
0 0.3676885841064946 0.521880293619424 0.08592174263816055 0.023433088650479956
0 0.46127470754336425 0.532608695652174 0.043969342476805166 0.025691699604743084
0 0.5205728116175877 0.5232919254658385 0.02864058087938685 0.022868435911914172
0 0.5980233965308592 0.5210333145115754 0.06333198870512304 0.02456239412761152
0 0.6754739814441307 0.531055900621118 0.02218636546994756 0.028232636928289104
0 0.7581686163775716 0.5343026538678712 0.06333198870512304 0.03077357425183512
0 0.20673658733360226 0.5793337097684924 0.1254538120209762 0.04743083003952569
0 0.27833803953206937 0.5834274421230943 0.003227107704719645 0.002540937323546019
0 0.327349737797499 0.5717108977978543 0.051230334812424366 0.023715415019762844
0 0.44130697862041146 0.5790513833992095 0.10649455425574829 0.029926595143986448
0 0.5413473174667205 0.573828345567476 0.02016942315449778 0.018351214003387916
0 0.6062928600242034 0.5734048560135516 0.042759177087535294 0.026538678712591756
0 0.6585316659943525 0.5654997176736307 0.011698265429608713 0.007340485601355167
0 0.699677289229528 0.5772162619988707 0.08108108108108109 0.03811405985319029
0 0.745663574021783 0.564935064935065 0.00927793465106898 0.007905138339920948
0 0.8015328761597418 0.5736871823828346 0.055667607906413875 0.04009034443817053
0 0.17507059298104075 0.6274703557312253 0.063735377168213 0.03867871259175607
0 0.31787010891488504 0.6287408243929983 0.12343686970552642 0.04743083003952569
0 0.4772085518354175 0.6197063805759458 0.10407422347720856 0.03274985883681536
0 0.5387252924566357 0.6352343308865048 0.006857603872529245 0.006775832862789385
0 0.582089552238806 0.620412196499153 0.05808793868495361 0.026821005081874648
0 0.6625655506252521 0.6274703557312253 0.05203711173860428 0.01383399209486166
0 0.7648245260185559 0.6181535855448899 0.09519967728922953 0.028514963297571992
0 0.8517547398144413 0.6319875776397516 0.02379991932230738 0.02456239412761152
0 0.19322307382008874 0.7210615471485037 0.12424364663170634 0.026538678712591756
0 0.26321097216619604 0.7343308865047995 0.0052440500201694235 0.006775832862789385
0 0.30334812424364666 0.7226143421795596 0.045986284792254944 0.022868435911914172
0 0.381605486083098 0.7347543760587238 0.063735377168213 0.027385657820440428
0 0.45139169019766034 0.724308300395257 0.02743041549011698 0.026821005081874648
0 0.4987898346107301 0.7216261998870694 0.040742234772085516 0.025409373235460192
0 0.5740217829770069 0.7216261998870694 0.07099636950383219 0.02766798418972332
0 0.6805163372327552 0.7216261998870694 0.08551835417507059 0.029361942405420668
0 0.7333602258975394 0.7347543760587238 0.003227107704719645 0.002540937323546019
