0 0.17668414683340056 0.25451722190852627 0.0645421540943929 0.023997741389045736
0 0.3027430415490117 0.2593167701863354 0.16337232755143202 0.03190287972896669
0 0.4471561113352158 0.25479954827780915 0.11093182734973779 0.021174477696216828
0 0.5302541347317467 0.25903444381705254 0.10286405808793868 0.031338226990400904
0 0.5974183138362242 0.25663466967814796 0.0572811617587737 0.031055900621118012
0 0.6442113755546591 0.2619988706945229 0.07664380798709157 0.03500846979107849
0 0.7154094392900363 0.2519762845849802 0.057684550221863654 0.0251270468661773
0 0.7944735780556677 0.25790513833992096 0.09640984267849939 0.037549407114624504
0 0.1645824929407019 0.31084133258046304 0.045986284792254944 0.02766798418972332
0 0.2099636950383219 0.3049124788255223 0.057684550221863654 0.025409373235460192
0 0.28317870108914883 0.305759457933371 0.09519967728922953 0.020892151326933936
0 0.33985478015328763 0.30999435347261434 0.022993142396127472 0.01129305477131564
0 0.4005647438483259 0.3050536420101638 0.0790641387656313 0.0251270468661773
0 0.418112141992739 0.31945228684359117 0.021379588543767647 0.012704686617730096
0 0.5175473981444131 0.31070016939582157 0.17587736990722067 0.037549407114624504
0 0.6077047196450182 0.308300395256917 0.025413473174667203 0.012987012987012988
0 0.6867688584106495 0.30448898927159795 0.12384025816861638 0.023997741389045736
0 0.7779346510689794 0.3105590062111801 0.05445744251714401 0.03162055335968379
0 0.8382412263009278 0.30124223602484473 0.09439290036304962 0.028232636928289104
0 0.18414683340056473 0.3533314511575381 0.09398951189995966 0.027950310559006212
0 0.28378378378378377 0.3551665725578769 0.08430818878580072 0.025409373235460192
0 0.39229528035498185 0.36053077357425184 0.13432835820895522 0.039525691699604744
0 0.5034288019362646 0.3629305477131564 0.09842678499394918 0.03077357425183512
0 0.5891488503428802 0.35813099943534726 0.06171843485276321 0.014963297571993224
0 0.6694231544977813 0.35827216261998873 0.09560306575231949 0.042348955392433656
0 0.7426381605486083 0.3520609824957651 0.04033884630899556 0.024844720496894408
0 0.790843081887858 0.3512140033879164 0.05203711173860428 0.025974025974025976
0 0.8523598225090763 0.3543195934500282 0.08148446954417103 0.024280067758328628
0 0.8735377168212989 0.36391869000564653 0.003630496167809601 0.002258610954263128
0 0.17426381605486083 0.40739695087521177 0.06615570794675273 0.02766798418972332
0 0.27934651068979427 0.40330321852060985 0.1335215812827753 0.029079616036137776
0 0.3850342880193626 0.4114906832298137 0.07624041952400161 0.014398644833427442
0 0.48628479225494153 0.40584415584415584 0.11980637353771682 0.02456239412761152
0 0.5772488906817265 0.41120835686053075 0.1073013311819282 0.03303218520609825
0 0.6676079064138766 0.40400903444381703 0.0935861234368697 0.02766798418972332
0 0.7234772085518354 0.4020327498588368 0.0463896732553449 0.02766798418972332
0 0.8132311415893505 0.4023150762281197 0.14360629286002422 0.028232636928289104
0 0.17265026220250101 0.4535573122529644 0.05808793868495361 0.027950310559006212
0 0.2434449374747882 0.4577922077922078 0.08511496571198064 0.023997741389045736
0 0.3007260992335619 0.4634387351778656 0.05687777329568374 0.029079616036137776
0 0.3563937071399758 0.453416149068323 0.06010488100040339 0.02710333145115754
0 0.4223477208551835 0.46047430830039526 0.08067769261799113 0.031055900621118012
0 0.5165389269866881 0.45313382269904007 0.09802339653085922 0.029926595143986448
0 0.5885437676482452 0.4631564088085827 0.08229124647035095 0.03585544889892716
0 0.663574021782977 0.4544042913608131 0.063735377168213 0.026821005081874648
0 0.754336425978217 0.45299265951439865 0.09681323114158935 0.027385657820440428
0 0.8305768455022187 0.461038961038961 0.05808793868495361 0.032185206098249576
0 0.16377571601452198 0.5050818746470921 0.045986284792254944 0.02766798418972332
0 0.22287212585720048 0.5108695652173914 0.07139975796692215 0.016657255787690572
0 0.2747075433642598 0.5118577075098815 0.02581686163775716 0.012987012987012988
0 0.33662767244856795 0.5053642010163749 0.08753529649052037 0.028232636928289104
0 0.4225494150867285 0.5108695652173914 0.08834207341670028 0.017786561264822136
0 0.5705929810407422 0.5086109542631282 0.18354175070592982 0.032467532467532464
0 0.654699475594998 0.5156691134952005 0.003227107704719645 0.002540937323546019
0 0.7049213392496975 0.5070581592320723 0.050423557886244454 0.023715415019762844
0 0.7882210568777733 0.5111518915866742 0.10165389269866881 0.036420101637492944
0 0.2208551835417507 0.5602766798418972 0.1674062121823316 0.034161490683229816
0 0.3701089148850343 0.5625352907961604 0.1036708350141186 0.036420101637492944
0 0.4481645824929407 0.5580180688876341 0.035498184751916094 0.023433088650479956
0 0.5147236789027834 0.5614059853190287 0.08793868495361033 0.020045172219085264
0 0.6373537716821299 0.5650762281197064 0.15974183138362244 0.035290796160361376
0 0.7599838644614764 0.5540654997176736 0.08713190802743041 0.03020892151326934
0 0.8485276321097217 0.567193675889328 0.0891488503428802 0.023150762281197064
0 0.19160951996772893 0.6129305477131564 0.09439290036304962 0.042348955392433656
0 0.27974989915288423 0.6064370412196499 0.06494554255748286 0.028232636928289104
0 0.3043565954013715 0.6177300959909655 0.0028237192416296895 0.0016939582156973462
0 0.3628479225494151 0.6143421795595708 0.05445744251714401 0.03613777526821005
0 0.40661557079467525 0.611518915866742 0.0500201694231545 0.015245623941276116
0 0.5046389673255345 0.6075663466967814 0.1371520774505849 0.025974025974025976
0 0.6048810004033884 0.6092603049124788 0.09479628882613957 0.03162055335968379
0 0.6938281565147236 0.6081309994353472 0.07099636950383219 0.028797289666854884
0 0.7712787414279951 0.6067193675889329 0.09842678499394918 0.024280067758328628
0 0.8672851956434046 0.6098249576510446 0.09035901573215006 0.021456804065499716
0 0.18898749495764422 0.6576792772444946 0.09237595804759983 0.029644268774703556
0 0.28297700685760385 0.6586674195369847 0.08592174263816055 0.02710333145115754
0 0.3533682936668011 0.6582439299830605 0.07987091569181122 0.026821005081874648
0 0.40641387656313027 0.655561829474873 0.06010488100040339 0.029926595143986448
0 0.5284388866478419 0.6671372106154715 0.18233158531665994 0.025409373235460192
0 0.663170633319887 0.663184641445511 0.10084711577248891 0.04517221908526256
0 0.7847922549415087 0.6643139469226426 0.13755546591367487 0.039525691699604744
0 0.8759580475998386 0.6566911349520045 0.03993545784590561 0.024844720496894408
0 0.1619604679306172 0.7090626764539808 0.043162565550625254 0.025691699604743084
0 0.22730939895118998 0.7080745341614907 0.08511496571198064 0.02710333145115754
0 0.32311415893505446 0.7107566346696782 0.09035901573215006 0.021174477696216828
0 0.39693424768051633 0.705957086391869 0.0782573618394514 0.028514963297571992
0 0.49052037111738606 0.7068040654997176 0.10810810810810811 0.03020892151326934
0 0.590964098426785 0.7121682665160926 0.1371520774505849 0.03698475437605872
0 0.7430415490116983 0.7134387351778656 0.15167406212182333 0.040654997176736304
0 0.8563937071399758 0.7063805759457933 0.08713190802743041 0.029361942405420668
0 0.8951189995966116 0.7195087521174478 0.01290843081887858 0.010446075663466968
0 0.16700282371924163 0.7648221343873518 0.05405405405405406 0.01693958215697346
0 0.25655506252521176 0.7593167701863354 0.12263009277934651 0.026256352343308864
0 0.3489310205728116 0.769339356295878 0.1218233158531666 0.04121964991530209
0 0.4308188785800726 0.7631281761716544 0.063735377168213 0.03613777526821005
0 0.5764421137555465 0.7600225861095427 0.22428398547801534 0.037267080745341616
0 0.7281161758773699 0.7550818746470921 0.06212182331585317 0.03020892151326934
0 0.8491327148043566 0.7611518915866742 0.17507059298104075 0.043478260869565216
