0 0.1563130294473578 0.22924901185770752 0.02702702702702703 0.018068887634105024
0 0.2559499798305768 0.22882552230378317 0.11254538120209762 0.0189158667419537
0 0.3781766841468334 0.22981366459627328 0.0826946349334409 0.01693958215697346
0 0.4848729326341267 0.2341897233201581 0.06615570794675273 0.023997741389045736
0 0.5923759580475998 0.23475437605872387 0.11496571198063735 0.023433088650479956
0 0.7101653892698668 0.22699040090344438 0.08027430415490117 0.019762845849802372
0 0.8299717628075837 0.23150762281197063 0.12222670431625655 0.023150762281197064
0 0.16780960064542155 0.2800677583286279 0.06212182331585317 0.01693958215697346
0 0.31585316659943524 0.27992659514398643 0.16861637757160144 0.020045172219085264
0 0.4080274304154901 0.29150197628458496 0.01008471157724889 0.010446075663466968
0 0.45562726906010487 0.2811970638057595 0.031060911657926585 0.014116318464144552
0 0.536506655909641 0.2789384528514963 0.06696248487293263 0.018068887634105024
0 0.6244453408632513 0.2852907961603614 0.0645421540943929 0.029644268774703556
0 0.7355788624445341 0.27964426877470355 0.10851149657119806 0.017786561264822136
0 0.19039935457845905 0.3298983625070582 0.100040338846309 0.0189158667419537
0 0.28055667607906415 0.32933370976849236 0.027833803953206938 0.0189158667419537
0 0.3628479225494151 0.3331451157538114 0.08753529649052037 0.023150762281197064
0 0.4893102057281162 0.3294748729531338 0.09197256958450989 0.020327498588368152
0 0.5784590560709963 0.33032185206098247 0.02581686163775716 0.018633540372670808
0 0.6222267043162566 0.33130999435347264 0.0318676885841065 0.017221908526256352
0 0.7371924162968939 0.3346979107848673 0.1383622428398548 0.03077357425183512
0 0.8582089552238806 0.33173348390739693 0.06333198870512304 0.017504234895539244
0 0.16518757563533684 0.3802936194240542 0.05203711173860428 0.018633540372670808
0 0.24747882210568778 0.3825522303783173 0.08511496571198064 0.019198193111236588
0 0.33521581282775315 0.3812817617165443 0.03630496167809601 0.020609824957651044
0 0.40197660346914077 0.3883399209486166 0.056070996369503835 0.02456239412761152
0 0.526825332795482 0.382128740824393 0.1306978620411456 0.016657255787690572
0 0.6375554659136748 0.3845285149632976 0.03509479628882614 0.0220214568040655
0 0.7238805970149254 0.38071710897797856 0.11173860427591771 0.01948051948051948
0 0.8259378781766842 0.3825522303783173 0.045582896329164985 0.011857707509881422
0 0.8985478015328762 0.38311688311688313 0.07382008874546188 0.014680971202710334
0 0.9394917305365067 0.3934217955957086 0.01371520774505849 0.013269339356295878
0 0.16014521984671237 0.43054771315640883 0.04921339249697459 0.019198193111236588
0 0.2882210568777733 0.4311123658949746 0.1189995966115369 0.020327498588368152
0 0.38886647841871724 0.43591191417278374 0.03791851553045583 0.02258610954263128
0 0.4649052037111739 0.4321005081874647 0.08753529649052037 0.0189158667419537
0 0.5903590157321501 0.4376058723884811 0.07624041952400161 0.020892151326933936
0 0.6839451391690198 0.4313946922642575 0.058491327148043566 0.019762845849802372
0 0.7523194836627672 0.43125352907961606 0.03711173860427592 0.018351214003387916
0 0.8338039532069382 0.4363354037267081 0.08229124647035095 0.029644268774703556
0 0.19604679306171843 0.4867306606437041 0.12101653892698669 0.024280067758328628
0 0.29709560306575233 0.48433088650479955 0.03670835014118596 0.017786561264822136
0 0.3709156918112142 0.48560135516657255 0.07382008874546188 0.025409373235460192
0 0.4386849536103267 0.485742518351214 0.031060911657926585 0.009881422924901186
0 0.5147236789027834 0.4881422924901186 0.07664380798709157 0.028797289666854884
0 0.5665590964098427 0.48870694522868435 0.003630496167809601 0.0033879164313946925
0 0.627470754336426 0.4836250705815923 0.05929810407422348 0.017504234895539244
0 0.719039935457846 0.4826369282891022 0.07946752722872126 0.0189158667419537
0 0.7936668011294877 0.4815076228119706 0.0318676885841065 0.017221908526256352
0 0.17930617184348527 0.540231507622812 0.08350141185962082 0.01948051948051948
0 0.290843081887858 0.534867306606437 0.07099636950383219 0.017786561264822136
0 0.35619201290843083 0.5383963862224732 0.016942315449778138 0.009599096555618294
0 0.4290036304961678 0.532608695652174 0.08027430415490117 0.021174477696216828
0 0.5332795482049213 0.5330321852060983 0.0790641387656313 0.019762845849802372
0 0.6165792658329972 0.5374082439299831 0.018152480839048003 0.010446075663466968
0 0.7218636546994756 0.5375494071146245 0.1690197660346914 0.02766798418972332
0 0.20371117386042759 0.5834274421230943 0.136345300524405 0.020045172219085264
0 0.31766841468334006 0.5851214003387917 0.026220250100847116 0.016092603049124788
0 0.445139169019766 0.5882269904009034 0.17870108914885036 0.03190287972896669
0 0.5413473174667205 0.597261434217956 0.01290843081887858 0.012140033879164314
0 0.6135538523598225 0.5830039525691699 0.07422347720855184 0.020327498588368152
0 0.7089552238805971 0.5841332580463016 0.07382008874546188 0.021456804065499716
0 0.7835820895522388 0.5838509316770186 0.02864058087938685 0.01637492941840768
0 0.8408632513110125 0.5859683794466403 0.06655909640984267 0.023433088650479956
0 0.14400968132311415 0.6331168831168831 0.020976200080677694 0.021174477696216828
0 0.24707543364259782 0.6369282891022021 0.14320290439693426 0.028232636928289104
0 0.38866478418717226 0.6348108413325805 0.08027430415490117 0.01948051948051948
0 0.4770068576038725 0.6335403726708074 0.051230334812424366 0.0220214568040655
0 0.5709963695038321 0.6339638622247318 0.0826946349334409 0.01948051948051948
0 0.664179104477612 0.6379164313946922 0.0536506655909641 0.011575381140598532
0 0.7414279951593384 0.635940146809712 0.048406615570794675 0.01383399209486166
0 0.8309802339653086 0.6329757199322417 0.0645421540943929 0.021456804065499716
0 0.24304154901169828 0.6914172783738001 0.1972569584509883 0.023150762281197064
0 0.3892698668818072 0.6847826086956522 0.035498184751916094 0.021174477696216828
0 0.4598628479225494 0.687888198757764 0.0782573618394514 0.0251270468661773
0 0.5540540540540541 0.6888763410502541 0.07382008874546188 0.012422360248447204
0 0.6038725292456636 0.6938170525127046 0.005647438483259379 0.004234895539243365
