0 0.17970956030657523 0.31959345002823264 0.06494554255748286 0.023715415019762844
0 0.26321097216619604 0.31945228684359117 0.07220653489310205 0.022868435911914172
0 0.31665994352561516 0.3231225296442688 0.00645421540943929 0.013269339356295878
0 0.390883420734167 0.31804065499717676 0.07583703106091166 0.026821005081874648
0 0.445139169019766 0.3221343873517787 0.025413473174667203 0.018068887634105024
0 0.5274304154901169 0.31719367588932806 0.10770471964501815 0.025691699604743084
0 0.6139572408229125 0.3219932241671372 0.08874546187979024 0.03303218520609825
0 0.7022993142396128 0.31804065499717676 0.03469140782573618 0.02456239412761152
0 0.7736990722065349 0.31747600225861095 0.07260992335619201 0.027385657820440428
0 0.8551835417507059 0.3186053077357425 0.041145623235175476 0.026256352343308864
0 0.21782977006857604 0.4199604743083004 0.13876563130294473 0.029079616036137776
0 0.33844292053247277 0.4256070016939582 0.041145623235175476 0.03811405985319029
0 0.39975796692214605 0.4201016374929418 0.045986284792254944 0.024844720496894408
0 0.4868898749495764 0.42476002258610956 0.10165389269866881 0.035290796160361376
0 0.6030657523194837 0.4192546583850932 0.08229124647035095 0.025974025974025976
0 0.6845502218636547 0.43125352907961606 0.09116579265832997 0.04319593450028233
0 0.7341670028237193 0.4361942405420666 0.004840661557079467 0.006211180124223602
0 0.8152480839048003 0.4213721061547149 0.0927793465106898 0.023433088650479956
0 0.22307382008874546 0.46922642574816487 0.136345300524405 0.026538678712591756
0 0.34187172246873737 0.47063805759457933 0.0318676885841065 0.026538678712591756
0 0.40641387656313027 0.4829192546583851 0.0536506655909641 0.032467532467532464
0 0.5056474384832593 0.4688029361942405 0.10205728116175877 0.026821005081874648
0 0.5590964098426785 0.4839073969508752 0.008874546187979023 0.009599096555618294
0 0.6708350141185963 0.47261434217955955 0.136345300524405 0.02258610954263128
0 0.8013311819281969 0.46908526256352345 0.07220653489310205 0.02456239412761152
0 0.21601452198467125 0.5199040090344438 0.11254538120209762 0.0251270468661773
0 0.3261395724082291 0.5252682100508187 0.09560306575231949 0.03303218520609825
0 0.37938684953610324 0.5354319593450029 0.006857603872529245 0.008752117447769622
0 0.4483662767244857 0.5261151891586674 0.04719645018152481 0.03698475437605872
0 0.5008067769261799 0.519621682665161 0.045582896329164985 0.027950310559006212
0 0.6020572811617588 0.529785431959345 0.11254538120209762 0.04488989271597967
0 0.7006857603872529 0.5241389045736872 0.04517950786607503 0.025691699604743084
0 0.7888261395724082 0.5184923771880293 0.09560306575231949 0.027950310559006212
0 0.17849939491730538 0.5690287972896668 0.051230334812424366 0.026256352343308864
0 0.25776522791448164 0.5773574251835122 0.06131504638967326 0.03896103896103896
0 0.32855990318676886 0.5695934500282326 0.04881000403388463 0.027385657820440428
0 0.4409035901573215 0.5722755505364201 0.11859620814844696 0.023715415019762844
0 0.5780556676079064 0.5828627893845285 0.10084711577248891 0.04319593450028233
0 0.6756756756756757 0.5832862789384529 0.053247277127874144 0.03274985883681536
0 0.781565147236789 0.5694522868435912 0.11173860427591771 0.026538678712591756
0 0.8394513916901977 0.5825804630152456 0.003227107704719645 0.001976284584980237
