0 0.2668414683340056 0.2689158667419537 0.21661960467930616 0.028514963297571992
0 0.4300121016538927 0.26792772444946356 0.05970149253731343 0.025409373235460192
0 0.5504235578862444 0.26976284584980237 0.1327148043565954 0.025691699604743084
0 0.6651875756353368 0.27216261998870694 0.04759983864461476 0.014680971202710334
0 0.791246470350948 0.275974025974026 0.16256555062525213 0.034161490683229816
0 0.19402985074626866 0.31733483907396953 0.07260992335619201 0.030491247882552232
0 0.2626058894715611 0.31747600225861095 0.03791851553045583 0.026821005081874648
0 0.35135135135135137 0.3188876341050254 0.0935861234368697 0.027950310559006212
0 0.45562726906010487 0.32029926595143987 0.05445744251714401 0.028514963297571992
0 0.5653489310205728 0.31719367588932806 0.13110125050423557 0.028514963297571992
0 0.6411859620814845 0.3245341614906832 0.004437273093989512 0.004234895539243365
0 0.7119806373537717 0.3201581027667984 0.08551835417507059 0.025409373235460192
0 0.8711173860427591 0.31634669678147936 0.18596208148446955 0.029644268774703556
0 0.19443323920935862 0.4776962168266516 0.08874546187979024 0.03670242800677583
0 0.2519160951996773 0.4839073969508752 0.003630496167809601 0.003952569169960474
0 0.3382412263009278 0.475296442687747 0.09318273497377975 0.020609824957651044
0 0.4138765631302945 0.4761434217955957 0.02581686163775716 0.016657255787690572
0 0.49213392496974584 0.47557876905702995 0.08632513110125051 0.017786561264822136
0 0.5929810407422348 0.4880011293054771 0.07745058491327148 0.039243365330321855
0 0.6926179911254539 0.4717673630717109 0.07260992335619201 0.023150762281197064
0 0.8245260185558693 0.48404856013551667 0.1355385235982251 0.04940711462450593
0 0.9015732150060508 0.4906832298136646 0.01290843081887858 0.009599096555618294
0 0.20935861234368697 0.5313382269904009 0.10972166196046793 0.05307735742518351
0 0.34409035901573215 0.5263975155279503 0.08632513110125051 0.017786561264822136
0 0.4584509883017346 0.5327498588368154 0.08350141185962082 0.04743083003952569
0 0.5849132714804357 0.5248447204968945 0.10972166196046793 0.023715415019762844
0 0.7043162565550625 0.5244212309429701 0.09600645421540945 0.04376058723884811
0 0.8162565550625253 0.5228684359119141 0.06978620411456232 0.024844720496894408
0 0.1952400161355385 0.5736871823828346 0.09923356192012908 0.023715415019762844
0 0.2571601452198467 0.5804630152456239 0.0028237192416296895 0.0033879164313946925
0 0.32311415893505446 0.5704404291360813 0.05889471561113352 0.02456239412761152
0 0.4136748688987495 0.5837097684923772 0.08511496571198064 0.042631281761716544
0 0.5804759983864461 0.577922077922078 0.1952400161355385 0.0220214568040655
0 0.7144009681323115 0.5772162619988707 0.02743041549011698 0.020609824957651044
0 0.7662363856393707 0.5728402032749859 0.0463896732553449 0.02258610954263128
0 0.22226704316256554 0.6291643139469226 0.15732150060508268 0.03698475437605872
0 0.3410649455425575 0.6294466403162056 0.03751512706736587 0.037549407114624504
0 0.3894715611133522 0.6239412761151891 0.0463896732553449 0.023715415019762844
0 0.49717628075837034 0.6352343308865048 0.14400968132311415 0.04912478825522304
0 0.6175877369907221 0.6290231507622812 0.04517950786607503 0.014680971202710334
0 0.7317466720451795 0.6245059288537549 0.11859620814844696 0.026538678712591756
0 0.8414683340056475 0.6357989836250706 0.07583703106091166 0.04686617730095991
0 0.20673658733360226 0.674901185770751 0.12061315046389673 0.026821005081874648
0 0.3106091165792658 0.6869000564652739 0.07341670028237192 0.043478260869565216
0 0.39552238805970147 0.6846414455110107 0.045582896329164985 0.04743083003952569
0 0.47317466720451795 0.6874647092038396 0.06776926179911255 0.04799548277809147
0 0.518354175070593 0.6873235460191982 0.004033884630899556 0.002540937323546019
