0 0.14945542557482855 0.26976284584980237 0.014118596208148447 0.009881422924901186
0 0.2208551835417507 0.26778656126482214 0.10851149657119806 0.022303783173348392
0 0.3108108108108108 0.2691981931112366 0.025413473174667203 0.027385657820440428
0 0.3805970149253731 0.2684923771880294 0.0609116579265833 0.02258610954263128
0 0.4989915288422751 0.2676453980801807 0.13150463896732553 0.026538678712591756
0 0.6321097216619604 0.27188029361942406 0.06131504638967326 0.012422360248447204
0 0.7222670431625655 0.27032749858836813 0.07462686567164178 0.023433088650479956
0 0.8412666397741024 0.2694805194805195 0.11415893505445744 0.029644268774703556
0 0.9011698265429609 0.274703557312253 0.003227107704719645 0.002258610954263128
0 0.17265026220250101 0.3232636928289102 0.05889471561113352 0.032185206098249576
0 0.28418717224687373 0.31846414455110106 0.13432835820895522 0.021456804065499716
0 0.445340863251311 0.31959345002823264 0.15328761597418314 0.024844720496894408
0 0.5806776926179911 0.32241671372106157 0.06252521177894312 0.010163749294184076
0 0.6843485276321097 0.3256634669678148 0.0891488503428802 0.012704686617730096
0 0.7807583703106091 0.32284020327498586 0.058491327148043566 0.022303783173348392
0 0.8737394110528439 0.3234048560135517 0.06292860024203308 0.012704686617730096
0 0.1672045179507866 0.3651891586674195 0.035901573215006054 0.027385657820440428
0 0.22932634126663978 0.3651891586674195 0.06171843485276321 0.021739130434782608
0 0.30354981847519164 0.37662337662337664 0.05203711173860428 0.025974025974025976
0 0.36587333602258976 0.37140033879164314 0.03630496167809601 0.014963297571993224
0 0.47761194029850745 0.3818464144551101 0.15893505445744252 0.035290796160361376
0 0.5927793465106898 0.3706945228684359 0.025413473174667203 0.020892151326933936
0 0.6770875352964906 0.3695652173913043 0.06413876563130294 0.021456804065499716
0 0.7936668011294877 0.3728119706380576 0.11335215812827754 0.014963297571993224
0 0.8626462283178701 0.37761151891586675 0.003630496167809601 0.001976284584980237
0 0.16256555062525213 0.41770186335403725 0.029850746268656716 0.017786561264822136
0 0.20875352964905203 0.42377188029361945 0.03670835014118596 0.012987012987012988
0 0.2682533279548205 0.42603049124788256 0.04437273093989512 0.010728402032749858
0 0.3743444937474788 0.4213721061547149 0.13231141589350545 0.020045172219085264
0 0.4889068172650262 0.4246188594014681 0.028237192416296894 0.02258610954263128
0 0.5635336829366681 0.42701863354037267 0.07018959257765228 0.011575381140598532
0 0.6480435659540137 0.4257481648785997 0.057684550221863654 0.012422360248447204
0 0.7347720855183542 0.42518351214003386 0.0681726502622025 0.01355166572557877
0 0.8382412263009278 0.42715979672501414 0.12020976200080678 0.023150762281197064
0 0.16377571601452198 0.4665443252399774 0.03953206938281565 0.03077357425183512
0 0.218233158531666 0.4652738565782044 0.03630496167809601 0.0220214568040655
0 0.3126260588947156 0.47261434217955955 0.09035901573215006 0.01355166572557877
0 0.40096813231141587 0.474025974025974 0.041145623235175476 0.023150762281197064
0 0.4574425171440097 0.4803783173348391 0.050826946349334406 0.01383399209486166
0 0.5342880193626462 0.4872953133822699 0.09318273497377975 0.031055900621118012
0 0.6331181928196854 0.47600225861095424 0.031060911657926585 0.01637492941840768
0 0.6972569584509883 0.4723320158102767 0.043162565550625254 0.024844720496894408
0 0.7805566760790641 0.4808018068887634 0.07987091569181122 0.023715415019762844
0 0.8816054860830981 0.474025974025974 0.09076240419524001 0.018068887634105024
0 0.9160951996772893 0.4847543760587239 0.01290843081887858 0.009034443817052512
0 0.15832997176280758 0.5228684359119141 0.02864058087938685 0.01129305477131564
0 0.21863654699475596 0.5213156408808582 0.03872529245663574 0.014963297571993224
0 0.28680919725695847 0.5223037831733484 0.050826946349334406 0.012987012987012988
0 0.3854376764824526 0.5221626199887069 0.13110125050423557 0.020609824957651044
0 0.4935457845905607 0.5189158667419537 0.026220250100847116 0.021456804065499716
0 0.5605082694634933 0.5230095990965556 0.06655909640984267 0.012140033879164314
0 0.6472367890278338 0.5247035573122529 0.05526421944332392 0.014398644833427442
0 0.7228721258572005 0.5244212309429701 0.07341670028237192 0.015527950310559006
0 0.8416700282371924 0.5239977413890458 0.12303348124243646 0.014116318464144552
0 0.9033884630899556 0.5306324110671937 0.010891488503428802 0.005364201016374929
0 0.21077047196450183 0.6297289666854884 0.1617587736990722 0.04488989271597967
0 0.3882613957240823 0.6216826651609261 0.1319080274304155 0.029926595143986448
0 0.5147236789027834 0.6266233766233766 0.06938281565147236 0.01383399209486166
0 0.6335215812827754 0.6298701298701299 0.14158935054457442 0.04009034443817053
0 0.8120209762000806 0.6260587238848109 0.1653892698668818 0.029079616036137776
0 0.8852359822509076 0.6342461885940147 0.0052440500201694235 0.003105590062111801
