0 0.18414683340056473 0.2251552795031056 0.06575231948366277 0.050536420101637496
0 0.2745058491327148 0.22586109542631283 0.07059298104074223 0.045736871823828344
0 0.4072206534893102 0.21894409937888198 0.1399757966922146 0.026821005081874648
0 0.4772085518354175 0.23404856013551667 0.007260992335619202 0.009599096555618294
0 0.5143202904396934 0.22190852625635235 0.04033884630899556 0.037267080745341616
0 0.6117386042759178 0.2217673630717109 0.13674868898749495 0.0189158667419537
0 0.6801129487696652 0.23433088650479955 0.004840661557079467 0.006775832862789385
0 0.7174263816054861 0.22261434217955958 0.02864058087938685 0.01948051948051948
0 0.7936668011294877 0.22402597402597402 0.1189995966115369 0.039243365330321855
0 0.17769261799112546 0.27936194240542067 0.06494554255748286 0.05223037831733484
0 0.27773295683743443 0.26665725578769056 0.08834207341670028 0.026821005081874648
0 0.37252924566357404 0.2689158667419537 0.043969342476805166 0.017221908526256352
0 0.4417103670835014 0.2670807453416149 0.07664380798709157 0.02766798418972332
0 0.5250100847115773 0.26679841897233203 0.031060911657926585 0.02710333145115754
0 0.5879386849536103 0.2686335403726708 0.052843888664784185 0.027950310559006212
0 0.6797095603065753 0.27498588368153587 0.1073013311819282 0.04121964991530209
0 0.7983057684550222 0.27004517221908525 0.1073013311819282 0.023433088650479956
0 0.22246873739411052 0.3300395256916996 0.15046389673255345 0.050818746470920384
0 0.34045986284792257 0.31733483907396953 0.041145623235175476 0.025409373235460192
0 0.45421540943929006 0.33046301524562394 0.11052843888664785 0.047713156408808584
0 0.5867285195643405 0.32495765104460755 0.09156918112141993 0.015810276679841896
0 0.7049213392496975 0.3349802371541502 0.10770471964501815 0.046583850931677016
0 0.827349737797499 0.3277809147374365 0.0653489310205728 0.015245623941276116
0 0.1607503025413473 0.3674477696216827 0.03751512706736587 0.026821005081874648
0 0.21581282775312627 0.3699887069452287 0.0790641387656313 0.03867871259175607
0 0.3045582896329165 0.37295313382269907 0.04437273093989512 0.0378317334839074
0 0.36062928600242034 0.36716544325239975 0.050826946349334406 0.029644268774703556
0 0.48850342880193626 0.3663184641445511 0.18313836224283986 0.029644268774703556
0 0.5802743041549012 0.38608130999435347 0.0060508269463493344 0.007622811970638058
0 0.6383622428398548 0.36984754376058726 0.051230334812424366 0.026538678712591756
0 0.7910447761194029 0.3805759457933371 0.20814844695441712 0.055900621118012424
0 0.20713997579669222 0.43068887634105024 0.1383622428398548 0.052795031055900624
0 0.34207341670028235 0.4243365330321852 0.06857603872529246 0.018068887634105024
0 0.4312222670431626 0.4342179559570864 0.07664380798709157 0.04630152456239413
0 0.5348931020572811 0.42320722755505363 0.063735377168213 0.024280067758328628
0 0.6329164985881404 0.424901185770751 0.09116579265832997 0.019762845849802372
0 0.7837837837837838 0.43478260869565216 0.1565147236789028 0.054771315640880856
0 0.21298910851149658 0.46908526256352345 0.14521984671238403 0.03077357425183512
0 0.34630899556272693 0.4848955392433653 0.08108108108108109 0.04997176736307171
0 0.44594594594594594 0.47571993224167136 0.056070996369503835 0.01693958215697346
0 0.5578862444534086 0.4841897233201581 0.12505042355788623 0.0502540937323546
0 0.6853569987898346 0.4738848108413326 0.08551835417507059 0.022303783173348392
0 0.7718838241226301 0.47939017504234893 0.050423557886244454 0.015810276679841896
0 0.8422751109318274 0.47882552230378317 0.05647438483259379 0.017504234895539244
0 0.8801936264622832 0.485742518351214 0.004033884630899556 0.002540937323546019
0 0.16760790641387657 0.5275268210050819 0.04477611940298507 0.046583850931677016
0 0.24384832593787817 0.5194805194805194 0.06655909640984267 0.02766798418972332
0 0.3751512706736587 0.5271033314511575 0.13876563130294473 0.0220214568040655
0 0.5024203307785398 0.5335968379446641 0.06897942718838242 0.04517221908526256
0 0.645824929407019 0.5252682100508187 0.18071803146430013 0.023997741389045736
0 0.8225090762404196 0.5262563523433089 0.09762000806776926 0.023715415019762844
0 0.190802743041549 0.5688876341050254 0.09842678499394918 0.02710333145115754
0 0.3170633319887051 0.5825804630152456 0.09439290036304962 0.05505364201016375
0 0.42315449778136344 0.5690287972896668 0.045986284792254944 0.027950310559006212
0 0.5123033481242436 0.5766516092603049 0.10165389269866881 0.0189158667419537
0 0.6333198870512303 0.5756634669678148 0.08551835417507059 0.025974025974025976
0 0.7154094392900363 0.5763692828910221 0.02944735780556676 0.018351214003387916
0 0.8164582492940702 0.5811688311688312 0.1355385235982251 0.03980801806888763
0 0.218233158531666 0.6317052512704686 0.15974183138362244 0.057876905702992656
0 0.39209358612343687 0.6332580463015246 0.14118596208148446 0.05194805194805195
0 0.5540540540540541 0.6214003387916431 0.118192819685357 0.031055900621118012
0 0.6512706736587334 0.6238001129305477 0.05445744251714401 0.025691699604743084
0 0.7989108511496571 0.6349520045172219 0.16579265832997175 0.04743083003952569
0 0.20028237192416296 0.6729249011857708 0.1254538120209762 0.027385657820440428
0 0.2977006857603873 0.6712309429700734 0.03791851553045583 0.025691699604743084
0 0.354376764824526 0.6756070016939583 0.04800322710770472 0.017504234895539244
0 0.46248487293263413 0.6859119141727837 0.12061315046389673 0.050536420101637496
0 0.653892698668818 0.6797007340485601 0.19604679306171843 0.04376058723884811
0 0.8148446954417103 0.6737718802936195 0.06292860024203308 0.027385657820440428
0 0.16317063331988704 0.7216261998870694 0.02379991932230738 0.023150762281197064
0 0.22569584509883017 0.7317899491812535 0.08108108108108109 0.028797289666854884
0 0.27490923759580477 0.7327780914737436 0.003630496167809601 0.001976284584980237
