0 0.14683340056474384 0.217673630717109 0.03630496167809601 0.018633540372670808
0 0.20270270270270271 0.22106154714850368 0.045582896329164985 0.011857707509881422
0 0.2488906817265026 0.21725014116318464 0.011294876966518758 0.016657255787690572
0 0.27934651068979427 0.2161208356860531 0.014925373134328358 0.017786561264822136
0 0.32654296087131907 0.22374364765669114 0.03670835014118596 0.03698475437605872
0 0.35155304558289635 0.22402597402597402 0.0028237192416296895 0.001976284584980237
0 0.4243646631706333 0.21696781479390176 0.09681323114158935 0.020045172219085264
0 0.5316659943525616 0.22473178994918125 0.06857603872529246 0.03500846979107849
0 0.6030657523194837 0.2261434217955957 0.028237192416296894 0.015810276679841896
0 0.6432029043969343 0.2183794466403162 0.01734570391286809 0.017221908526256352
0 0.6865671641791045 0.21682665160926032 0.03953206938281565 0.020327498588368152
0 0.7329568374344494 0.21696781479390176 0.016135538523598225 0.018351214003387916
0 0.7658329971762807 0.2230378317334839 0.010891488503428802 0.007905138339920948
0 0.8210972166196047 0.21739130434782608 0.043969342476805166 0.019762845849802372
0 0.13977410246066962 0.27992659514398643 0.014925373134328358 0.04488989271597967
0 0.21581282775312627 0.27780914737436474 0.06776926179911255 0.044042913608131
0 0.28580072609923357 0.26792772444946356 0.022993142396127472 0.015245623941276116
0 0.33864461476401775 0.2683512140033879 0.04800322710770472 0.018351214003387916
0 0.3971359419120613 0.27216261998870694 0.0318676885841065 0.010163749294184076
0 0.4507866075030254 0.28091473743647655 0.02944735780556676 0.030491247882552232
0 0.5034288019362646 0.2672219085262564 0.03469140782573618 0.017221908526256352
0 0.563735377168213 0.27117447769621683 0.043162565550625254 0.03020892151326934
0 0.5899556272690601 0.275974025974026 0.003630496167809601 0.001976284584980237
0 0.6244453408632513 0.26679841897233203 0.022589753933037516 0.019762845849802372
0 0.6831383622428399 0.2673630717108978 0.05687777329568374 0.021456804065499716
0 0.7117789431222267 0.2790796160361378 0.006857603872529245 0.009316770186335404
0 0.7444534086325131 0.2713156408808583 0.024606696248487294 0.009599096555618294
0 0.7979023799919323 0.26778656126482214 0.041145623235175476 0.018351214003387916
0 0.14703509479628882 0.3167701863354037 0.043969342476805166 0.019198193111236588
0 0.21419927390076643 0.3176171654432524 0.042759177087535294 0.018068887634105024
0 0.282170229931424 0.3204404291360813 0.045582896329164985 0.030491247882552232
0 0.33985478015328763 0.3219932241671372 0.027833803953206938 0.009316770186335404
0 0.41629689390883423 0.32523997741389044 0.09035901573215006 0.03670242800677583
0 0.4594594594594595 0.32834556747600224 0.00645421540943929 0.010728402032749858
0 0.5207745058491328 0.3177583286278938 0.06212182331585317 0.01948051948051948
0 0.5711980637353772 0.31804065499717676 0.014521984671238403 0.016092603049124788
0 0.6040742234772085 0.32241671372106157 0.019766034691407825 0.00846979107848673
0 0.6565147236789027 0.3272162619988707 0.0318676885841065 0.03670242800677583
0 0.7258975393303752 0.3310276679841897 0.05687777329568374 0.02456239412761152
0 0.8164582492940702 0.32594579333709767 0.07745058491327148 0.040372670807453416
0 0.8567970956030657 0.3315923207227555 0.007260992335619202 0.007622811970638058
0 0.14501815248083905 0.367871259175607 0.031060911657926585 0.018068887634105024
0 0.190802743041549 0.3684359119141728 0.012101653892698669 0.015245623941276116
0 0.22146026623638565 0.37238848108413325 0.008874546187979023 0.007905138339920948
0 0.2708753529649052 0.3673066064370412 0.04477611940298507 0.019762845849802372
0 0.33763614360629285 0.3780350084697911 0.03227107704719645 0.0378317334839074
0 0.3937071399757967 0.37295313382269907 0.029043969342476807 0.00846979107848673
0 0.4443323920935861 0.38354037267080743 0.031060911657926585 0.029079616036137776
0 0.5014118596208148 0.36885940146809715 0.03469140782573618 0.017221908526256352
0 0.5193626462283178 0.37634105025409376 0.0028237192416296895 0.002258610954263128
0 0.5693828156514724 0.367871259175607 0.03428801936264623 0.020892151326933936
0 0.6321097216619604 0.3695652173913043 0.041145623235175476 0.019198193111236588
0 0.68192819685357 0.3706945228684359 0.011698265429608713 0.018633540372670808
0 0.709560306575232 0.3747882552230378 0.021782977006857603 0.008752117447769622
0 0.7942718838241226 0.3794466403162055 0.08471157724889068 0.0378317334839074
0 0.14844695441710368 0.4178430265386787 0.04033884630899556 0.019762845849802372
0 0.22831787010891488 0.4178430265386787 0.0653489310205728 0.019762845849802372
0 0.32674465510286405 0.4189723320158103 0.05889471561113352 0.017504234895539244
0 0.3916901976603469 0.4202428006775833 0.020976200080677694 0.017221908526256352
0 0.4923356192012908 0.4258893280632411 0.13674868898749495 0.03585544889892716
0 0.5869302137958854 0.4201016374929418 0.015328761597418314 0.002258610954263128
0 0.6381605486083098 0.43054771315640883 0.035498184751916094 0.042348955392433656
0 0.7049213392496975 0.4189723320158103 0.0463896732553449 0.018068887634105024
0 0.7575635336829367 0.4189723320158103 0.01936264622831787 0.018633540372670808
0 0.8110125050423558 0.41953698475437606 0.04961678096006454 0.018068887634105024
0 0.13856393707139975 0.4678147939017504 0.014118596208148447 0.01637492941840768
0 0.18858410649455426 0.47600225861095424 0.04719645018152481 0.03670242800677583
0 0.2688584106494554 0.46950875211744775 0.04154901169826543 0.019198193111236588
0 0.3317870108914885 0.47134387351778656 0.040742234772085516 0.027385657820440428
0 0.35215812827753123 0.4803783173348391 0.005647438483259379 0.009316770186335404
0 0.3880597014925373 0.4688029361942405 0.016135538523598225 0.016657255787690572
0 0.427390076643808 0.47459062676453984 0.02702702702702703 0.010163749294184076
0 0.4933440903590157 0.4785431959345003 0.05970149253731343 0.038396386222473176
0 0.5705929810407422 0.4697910784867307 0.038321903993545785 0.019198193111236588
0 0.6308995562726906 0.46936758893280633 0.03791851553045583 0.01948051948051948
0 0.6871722468737395 0.47571993224167136 0.038321903993545785 0.009599096555618294
0 0.745461879790238 0.4704968944099379 0.03630496167809601 0.018351214003387916
0 0.790641387656313 0.4754376058723885 0.016942315449778138 0.00846979107848673
0 0.8418717224687374 0.4699322416713721 0.026623638563937072 0.0189158667419537
0 0.14844695441710368 0.5201863354037267 0.042759177087535294 0.01948051948051948
0 0.22065348931020573 0.5208921513269339 0.03791851553045583 0.017504234895539244
0 0.27833803953206937 0.5241389045736872 0.017749092375958047 0.00818746470920384
0 0.34207341670028235 0.5208921513269339 0.05808793868495361 0.018068887634105024
0 0.3753529649052037 0.5300677583286278 0.0028237192416296895 0.001976284584980237
