0 0.17849939491730538 0.2155561829474873 0.05526421944332392 0.0251270468661773
0 0.21581282775312627 0.22656691134952003 0.0024203307785397336 0.001976284584980237
0 0.2753126260588947 0.2155561829474873 0.06494554255748286 0.0251270468661773
0 0.345703912868092 0.21964991530208922 0.0653489310205728 0.029361942405420668
0 0.43263412666397744 0.2171089779785432 0.06897942718838242 0.018633540372670808
0 0.5248083904800322 0.2224731789949181 0.10326744655102864 0.03896103896103896
0 0.6308995562726906 0.22840203274985885 0.0790641387656313 0.033314511575381144
0 0.736385639370714 0.21753246753246752 0.11173860427591771 0.022868435911914172
0 0.8204921339249698 0.22233201581027667 0.029043969342476807 0.008752117447769622
0 0.8598225090762405 0.2224731789949181 0.014925373134328358 0.010728402032749858
0 0.18737394110528438 0.2728684359119142 0.08108108108108109 0.03190287972896669
0 0.30133118192819686 0.27315076228119706 0.10407422347720856 0.03472614342179559
0 0.39653085921742637 0.2735742518351214 0.04517950786607503 0.03557312252964427
0 0.43061718434852764 0.275974025974026 0.002016942315449778 0.001411631846414455
0 0.46591367486889873 0.2663749294184077 0.03469140782573618 0.021174477696216828
0 0.5217829770068576 0.27188029361942406 0.04154901169826543 0.010728402032749858
0 0.5776522791448164 0.27526821005081875 0.03469140782573618 0.034443817052512704
0 0.6373537716821299 0.26792772444946356 0.05889471561113352 0.020892151326933936
0 0.6936264622831787 0.2717391304347826 0.011698265429608713 0.015527950310559006
0 0.7430415490116983 0.27103331451157536 0.05486083098023396 0.024844720496894408
0 0.7785397337636144 0.27498588368153587 0.0024203307785397336 0.0016939582156973462
0 0.8176684146833401 0.268068887634105 0.03711173860427592 0.02456239412761152
0 0.8569987898346108 0.274703557312253 0.012505042355788625 0.012987012987012988
0 0.9009681323114159 0.2756916996047431 0.04154901169826543 0.03077357425183512
0 0.18596208148446955 0.3221343873517787 0.07583703106091166 0.03162055335968379
0 0.2628075837031061 0.3201581027667984 0.040742234772085516 0.020892151326933936
0 0.29245663574021785 0.3256634669678148 0.0024203307785397336 0.001411631846414455
0 0.3509479628882614 0.32269904009034445 0.05889471561113352 0.03274985883681536
0 0.42617991125453814 0.3222755505364201 0.06575231948366277 0.026821005081874648
0 0.5022186365469947 0.3190287972896669 0.04679306171843485 0.017504234895539244
0 0.553852359822509 0.32792207792207795 0.03146430012101654 0.01948051948051948
0 0.6040742234772085 0.32029926595143987 0.056070996369503835 0.020609824957651044
0 0.6571198063735377 0.3221343873517787 0.023396530859217425 0.03162055335968379
0 0.6809197256958451 0.3241106719367589 0.01290843081887858 0.010728402032749858
0 0.7496974586526826 0.3294748729531338 0.07866075030254134 0.033314511575381144
0 0.8325937878176685 0.32128740824393 0.04921339249697459 0.019762845849802372
0 0.8828156514723678 0.32707509881422925 0.026220250100847116 0.01101072840203275
0 0.18959257765227913 0.367871259175607 0.08471157724889068 0.02258610954263128
0 0.2601855586930214 0.37125917560700167 0.023396530859217425 0.03500846979107849
0 0.299919322307382 0.36773009599096557 0.038321903993545785 0.026256352343308864
0 0.3622428398547802 0.3725296442687747 0.06292860024203308 0.014963297571993224
0 0.42617991125453814 0.37140033879164314 0.02218636546994756 0.022303783173348392
0 0.47983057684550223 0.3706945228684359 0.051230334812424366 0.020892151326933936
0 0.5467930617184349 0.3793054771315641 0.04881000403388463 0.022868435911914172
0 0.6385639370713998 0.37351778656126483 0.10810810810810811 0.03500846979107849
0 0.7031060911657927 0.378317334839074 0.0024203307785397336 0.0016939582156973462
0 0.7490923759580476 0.37140033879164314 0.0572811617587737 0.028514963297571992
0 0.7829770068576039 0.38325804630152455 0.007260992335619202 0.011575381140598532
0 0.8098023396530859 0.3749294184076793 0.02218636546994756 0.019198193111236588
0 0.8444937474788221 0.3728119706380576 0.020572811617587738 0.018351214003387916
0 0.19503832190399353 0.42419536984754375 0.08834207341670028 0.035290796160361376
0 0.24203307785397338 0.43167701863354035 0.008067769261799113 0.01129305477131564
0 0.2952803549818475 0.4203839638622247 0.0572811617587737 0.019762845849802372
0 0.3469140782573618 0.42108977978543194 0.021782977006857603 0.0189158667419537
0 0.3884630899556273 0.42207792207792205 0.02581686163775716 0.031055900621118012
0 0.4302137958854377 0.4191134952004517 0.043162565550625254 0.023997741389045736
0 0.5286405808793868 0.4191134952004517 0.11093182734973779 0.0251270468661773
0 0.6536910044372731 0.42701863354037267 0.09721661960467931 0.031338226990400904
0 0.7581686163775716 0.42066629023150764 0.06413876563130294 0.021456804065499716
0 0.8392496974586526 0.42631281761716544 0.0609116579265833 0.010163749294184076
