0 0.18959257765227913 0.24110671936758893 0.09600645421540945 0.017504234895539244
0 0.30354981847519164 0.24760022586109542 0.07462686567164178 0.018068887634105024
0 0.38866478418717226 0.2425183512140034 0.0463896732553449 0.015245623941276116
0 0.48628479225494153 0.2440711462450593 0.09479628882613957 0.012140033879164314
0 0.5893505445744252 0.2425183512140034 0.06131504638967326 0.014116318464144552
0 0.6595401371520775 0.2409655561829475 0.03872529245663574 0.015527950310559006
0 0.7557482855990318 0.24858836815358554 0.09721661960467931 0.022868435911914172
0 0.8505445744251714 0.24011857707509882 0.06333198870512304 0.014963297571993224
0 0.20169423154497781 0.292772444946358 0.11375554659136748 0.01693958215697346
0 0.36345300524405 0.29573687182382835 0.1444130697862041 0.0189158667419537
0 0.48870512303348124 0.2924901185770751 0.052843888664784185 0.015810276679841896
0 0.5802743041549012 0.2941840767927724 0.06736587333602259 0.01355166572557877
0 0.6224283985478015 0.29587803500846976 0.003227107704719645 0.002258610954263128
0 0.664179104477612 0.2912196499153021 0.01573215006050827 0.01383399209486166
0 0.7063331988705123 0.29107848673066067 0.02501008471157725 0.015245623941276116
0 0.7533279548204921 0.2933370976849238 0.03670835014118596 0.011857707509881422
0 0.8307785397337636 0.2955957086391869 0.0826946349334409 0.015810276679841896
0 0.8785800726099233 0.3005364201016375 0.00645421540943929 0.007622811970638058
0 0.17607906413876562 0.34599096555618297 0.0681726502622025 0.022303783173348392
0 0.28398547801532875 0.34839073969508755 0.060508269463493344 0.018068887634105024
0 0.32412263009277936 0.3512140033879164 0.004437273093989512 0.007905138339920948
0 0.3795885437676482 0.34189723320158105 0.033884630899556276 0.014116318464144552
0 0.44473578055667606 0.34782608695652173 0.05687777329568374 0.025409373235460192
0 0.5403388463089955 0.3427442123094297 0.05687777329568374 0.015810276679841896
0 0.5972166196046793 0.3450028232636928 0.018959257765227916 0.010163749294184076
0 0.653892698668818 0.34288537549407117 0.045986284792254944 0.014398644833427442
0 0.6883824122630092 0.3471202710333145 0.002016942315449778 0.001411631846414455
0 0.754336425978217 0.3430265386787126 0.0790641387656313 0.014680971202710334
0 0.8394513916901977 0.34415584415584416 0.03791851553045583 0.01129305477131564
0 0.18253327954820492 0.3956804065499718 0.0754336425978217 0.020045172219085264
0 0.2763210972166196 0.39271597967250144 0.05970149253731343 0.01637492941840768
0 0.399959661153691 0.3944099378881988 0.10770471964501815 0.015245623941276116
0 0.5853166599435257 0.39313946922642573 0.1791044776119403 0.014963297571993224
0 0.7313432835820896 0.3944099378881988 0.06131504638967326 0.011857707509881422
0 0.8194836627672448 0.3944099378881988 0.0754336425978217 0.011857707509881422
0 0.190802743041549 0.4463579898362507 0.08309802339653086 0.011857707509881422
0 0.2880193626462283 0.44438170525127046 0.05970149253731343 0.014680971202710334
0 0.400363049616781 0.44565217391304346 0.10689794271883823 0.014963297571993224
0 0.5482049213392497 0.4470638057594579 0.11536910044372731 0.020609824957651044
0 0.7014925373134329 0.4479107848673066 0.13231141589350545 0.021174477696216828
0 0.8144413069786204 0.4457933370976849 0.04195240016135539 0.020327498588368152
0 0.19322307382008874 0.49548277809147373 0.0935861234368697 0.015245623941276116
0 0.3537716821298911 0.4980237154150198 0.1645824929407019 0.019198193111236588
0 0.5123033481242436 0.4959062676453981 0.09681323114158935 0.014398644833427442
0 0.6865671641791045 0.4968944099378882 0.1920129084308189 0.018068887634105024
0 0.19887051230334812 0.549407114624506 0.10972166196046793 0.020327498588368152
0 0.32755143202904397 0.5464426877470355 0.07745058491327148 0.01383399209486166
0 0.3795885437676482 0.5540654997176736 0.003227107704719645 0.007622811970638058
0 0.4396934247680516 0.5467250141163185 0.03630496167809601 0.009316770186335404
0 0.5197660346914078 0.5506775832862789 0.05526421944332392 0.017221908526256352
0 0.627672448567971 0.5508187464709203 0.08793868495361033 0.024280067758328628
0 0.72730939895119 0.5498306041784302 0.05889471561113352 0.017786561264822136
0 0.7944735780556677 0.5479954827780915 0.031060911657926585 0.019198193111236588
0 0.8557886244453409 0.5467250141163185 0.051230334812424366 0.013269339356295878
0 0.18334005647438484 0.5959909655561829 0.07704719645018153 0.014680971202710334
0 0.23477208551835418 0.6038961038961039 0.004033884630899556 0.007340485601355167
0 0.3011294876966519 0.5975437605872389 0.0681726502622025 0.01948051948051948
0 0.40338846308995563 0.5968379446640316 0.05486083098023396 0.010728402032749858
0 0.49515933844292054 0.6009316770186336 0.08753529649052037 0.023433088650479956
0 0.5760387252924566 0.5968379446640316 0.03146430012101654 0.01355166572557877
0 0.6468334005647438 0.5968379446640316 0.07866075030254134 0.01355166572557877
0 0.700080677692618 0.6019198193111237 0.002016942315449778 0.0016939582156973462
0 0.7390076643807987 0.5990965556182948 0.01936264622831787 0.019762845849802372
0 0.7730939895119 0.5958498023715415 0.011698265429608713 0.001976284584980237
0 0.8392496974586526 0.5971202710333146 0.08027430415490117 0.012422360248447204
0 0.15328761597418314 0.6479390175042349 0.017749092375958047 0.010163749294184076
0 0.23033481242436465 0.6468097120271034 0.07987091569181122 0.01637492941840768
0 0.34066155707946755 0.6524562394127611 0.07139975796692215 0.01693958215697346
0 0.44917305365066557 0.6516092603049125 0.05929810407422348 0.017504234895539244
0 0.5135135135135135 0.6456804065499717 0.011294876966518758 0.0016939582156973462
0 0.572609923356192 0.6513269339356296 0.0609116579265833 0.017504234895539244
0 0.6668011294876967 0.6490683229813664 0.05647438483259379 0.010728402032749858
0 0.772085518354175 0.6513269339356296 0.09519967728922953 0.0220214568040655
0 0.1617587736990722 0.6984754376058724 0.03469140782573618 0.01129305477131564
0 0.2156111335215813 0.6974872953133823 0.0318676885841065 0.013269339356295878
0 0.36042759177087536 0.6967814793901751 0.16982654296087132 0.012987012987012988
0 0.4552238805970149 0.7042631281761716 0.0028237192416296895 0.005928853754940711
0 0.5022186365469947 0.6988989271597967 0.04033884630899556 0.012140033879164314
0 0.5689794271883825 0.6974872953133823 0.050423557886244454 0.01383399209486166
0 0.6829366680112948 0.7022868435911914 0.1355385235982251 0.022868435911914172
0 0.7872125857200484 0.6990400903444381 0.03509479628882614 0.011857707509881422
0 0.871924162968939 0.7007340485601355 0.09318273497377975 0.019198193111236588
