0 0.17022993142396128 0.21626199887069453 0.050826946349334406 0.025409373235460192
0 0.2529245663574022 0.220214568040655 0.08148446954417103 0.019762845849802372
0 0.3301734570391287 0.22063805759457933 0.018959257765227916 0.014398644833427442
0 0.40500201694231547 0.21442687747035574 0.08713190802743041 0.029644268774703556
0 0.5939895118999596 0.21979107848673066 0.254538120209762 0.040372670807453416
0 0.7474788221056877 0.21470920383963862 0.048406615570794675 0.026821005081874648
0 0.8374344493747479 0.21725014116318464 0.10165389269866881 0.023433088650479956
0 0.8755546591367487 0.22910784867306608 0.012505042355788625 0.009316770186335404
0 0.19705526421944333 0.3160643704121965 0.11577248890681727 0.03303218520609825
0 0.30919725695845096 0.31733483907396953 0.057684550221863654 0.029926595143986448
0 0.3860427591770875 0.31437041219649914 0.06615570794675273 0.027950310559006212
0 0.517345703912868 0.3154997176736307 0.16821298910851148 0.028514963297571992
0 0.6879790237999194 0.3243929983060418 0.1327148043565954 0.0502540937323546
0 0.8303751512706736 0.3176171654432524 0.11093182734973779 0.028232636928289104
0 0.18051633723275515 0.37365894974590624 0.07866075030254134 0.051665725578769056
0 0.27773295683743443 0.37295313382269907 0.04800322710770472 0.03557312252964427
0 0.372730939895119 0.3634952004517222 0.07422347720855184 0.031338226990400904
0 0.5520371117386043 0.36674195369847545 0.18596208148446955 0.031055900621118012
0 0.6934247680516338 0.36885940146809715 0.05889471561113352 0.026256352343308864
0 0.7736990722065349 0.37012987012987014 0.08874546187979024 0.019198193111236588
0 0.8350141185962081 0.3709768492377188 0.01371520774505849 0.0033879164313946925
0 0.8904800322710771 0.36377752682100506 0.07382008874546188 0.027950310559006212
0 0.18334005647438484 0.4668266516092603 0.09640984267849939 0.029644268774703556
0 0.291246470350948 0.47063805759457933 0.08632513110125051 0.0378317334839074
0 0.4396934247680516 0.4774138904573687 0.18878580072609924 0.04009034443817053
0 0.5895522388059702 0.47247317899491814 0.04800322710770472 0.014963297571993224
0 0.6789027833803953 0.4678147939017504 0.09519967728922953 0.026538678712591756
0 0.7922549415086728 0.46852060982495763 0.07664380798709157 0.027950310559006212
0 0.845300524405002 0.48094297007340486 0.0028237192416296895 0.003105590062111801
0 0.16478418717224688 0.5183512140033879 0.033481242436466316 0.02710333145115754
0 0.24848729326341268 0.5186335403726708 0.0935861234368697 0.028232636928289104
0 0.3592174263816055 0.5189158667419537 0.09318273497377975 0.02766798418972332
0 0.45784590560709965 0.5194805194805194 0.0782573618394514 0.024280067758328628
0 0.5518354175070593 0.5190570299265952 0.07503025413473174 0.0251270468661773
0 0.6696248487293264 0.5228684359119141 0.1145623235175474 0.019762845849802372
0 0.7991125453812021 0.5273856578204404 0.12505042355788623 0.048560135516657256
0 0.17870108914885036 0.5678994918125353 0.08793868495361033 0.031338226990400904
0 0.25978217022993144 0.5745341614906833 0.021782977006857603 0.01693958215697346
0 0.32311415893505446 0.5683229813664596 0.08713190802743041 0.02766798418972332
0 0.45118999596611536 0.5705815923207228 0.1472367890278338 0.02766798418972332
0 0.536506655909641 0.5854037267080745 0.008874546187979023 0.003105590062111801
0 0.5780556676079064 0.5677583286278939 0.015328761597418314 0.023150762281197064
0 0.6351351351351351 0.5670525127046866 0.08672851956434045 0.028514963297571992
0 0.754538120209762 0.5815923207227555 0.10770471964501815 0.04743083003952569
0 0.2418313836224284 0.6297289666854884 0.19967728922952804 0.04997176736307171
0 0.4265832997176281 0.6205533596837944 0.10205728116175877 0.029926595143986448
0 0.5219846712384025 0.6202710333145116 0.0500201694231545 0.028232636928289104
0 0.6421944332392093 0.6343873517786561 0.13392496974586526 0.033314511575381144
0 0.7860024203307785 0.6160361377752682 0.09640984267849939 0.03896103896103896
0 0.16760790641387657 0.6654432523997741 0.07704719645018153 0.032185206098249576
0 0.25958047599838646 0.6695369847543761 0.08108108108108109 0.03359683794466403
0 0.3644614764017749 0.6708074534161491 0.08672851956434045 0.030491247882552232
0 0.4901169826542961 0.6743365330321852 0.13473174667204518 0.045454545454545456
0 0.6260588947156112 0.6695369847543761 0.10568777732956837 0.0251270468661773
0 0.7135941912061315 0.6693958215697347 0.04679306171843485 0.029361942405420668
0 0.7696651875756353 0.668266516092603 0.04437273093989512 0.028232636928289104
