0 0.14501815248083905 0.21527385657820441 0.007664380798709157 0.023997741389045736
0 0.21863654699475596 0.2186617730095991 0.12827753126260588 0.03190287972896669
0 0.300121016538927 0.2279785431959345 0.008874546187979023 0.008752117447769622
0 0.33884630899556273 0.2137210615471485 0.05163372327551432 0.0220214568040655
0 0.4417103670835014 0.21188594014680973 0.1355385235982251 0.027950310559006212
0 0.5703912868091973 0.22416713721061546 0.08793868495361033 0.03670242800677583
0 0.6565147236789027 0.21583850931677018 0.051230334812424366 0.023997741389045736
0 0.7505042355788625 0.220214568040655 0.09560306575231949 0.03500846979107849
0 0.8467123840258168 0.2224731789949181 0.060508269463493344 0.03162055335968379
0 0.17567567567567569 0.26453980801806887 0.06494554255748286 0.024280067758328628
0 0.2571601452198467 0.26453980801806887 0.07462686567164178 0.024280067758328628
0 0.3348124243646632 0.26538678712591757 0.045986284792254944 0.023715415019762844
0 0.44493747478822104 0.2673630717108978 0.1306978620411456 0.020892151326933936
0 0.6034691407825736 0.27089215132693395 0.14844695441710368 0.03359683794466403
0 0.727511093182735 0.275974025974026 0.0609116579265833 0.039243365330321855
0 0.8192819685356999 0.26693958215697344 0.07583703106091166 0.022868435911914172
0 0.8574021782977007 0.279785431959345 0.00927793465106898 0.010163749294184076
0 0.15994352561516742 0.3142292490118577 0.03509479628882614 0.020892151326933936
0 0.18394513916901978 0.3290513833992095 0.004840661557079467 0.008752117447769622
0 0.22751109318273496 0.31846414455110106 0.06131504638967326 0.010728402032749858
0 0.354376764824526 0.32523997741389044 0.15853166599435256 0.0220214568040655
0 0.445542557482856 0.32933370976849236 0.004437273093989512 0.005928853754940711
0 0.4854780153287616 0.3154997176736307 0.06010488100040339 0.022303783173348392
0 0.5385235982250908 0.3241106719367589 0.020976200080677694 0.011857707509881422
0 0.6306978620411456 0.32058159232072275 0.12141992739007665 0.03359683794466403
0 0.8098023396530859 0.3190287972896669 0.20371117386042759 0.023150762281197064
0 0.15147236789027835 0.36801242236024845 0.031060911657926585 0.03077357425183512
0 0.21198063735377168 0.36575381140598534 0.06333198870512304 0.021739130434782608
0 0.32674465510286405 0.38099943534726144 0.1290843081887858 0.031338226990400904
0 0.44695441710367084 0.36801242236024845 0.09197256958450989 0.021739130434782608
0 0.5219846712384025 0.3654714850367024 0.016942315449778138 0.025691699604743084
0 0.5907624041952401 0.366600790513834 0.08834207341670028 0.026256352343308864
0 0.682129891085115 0.36674195369847545 0.05244050020169423 0.025409373235460192
0 0.7688584106494554 0.36688311688311687 0.07987091569181122 0.0251270468661773
0 0.8513513513513513 0.3739412761151892 0.051230334812424366 0.013269339356295878
0 0.16014521984671237 0.4168548842461886 0.04759983864461476 0.025691699604743084
0 0.25655506252521176 0.42377188029361945 0.11617587736990723 0.04178430265386787
0 0.36486486486486486 0.41756070016939584 0.06736587333602259 0.019762845849802372
0 0.5014118596208148 0.4178430265386787 0.16377571601452198 0.028797289666854884
0 0.6284792254941509 0.42419536984754375 0.053247277127874144 0.034161490683229816
0 0.7008874546187979 0.42377188029361945 0.05526421944332392 0.012987012987012988
0 0.7714804356595402 0.41741953698475437 0.04961678096006454 0.025691699604743084
0 0.21621621621621623 0.47699040090344436 0.16377571601452198 0.027950310559006212
0 0.3291649858814038 0.4678147939017504 0.026623638563937072 0.019762845849802372
0 0.4035901573215006 0.47967250141163187 0.09318273497377975 0.024844720496894408
0 0.4935457845905607 0.4697910784867307 0.058491327148043566 0.024280067758328628
0 0.5800726099233562 0.47501411631846413 0.08874546187979024 0.03811405985319029
0 0.6845502218636547 0.4686617730095991 0.0927793465106898 0.02710333145115754
0 0.7654296087131908 0.4741671372106155 0.04477611940298507 0.03077357425183512
0 0.1472367890278338 0.5180688876341051 0.022589753933037516 0.021456804065499716
0 0.24324324324324326 0.5197628458498024 0.13795885437676483 0.02258610954263128
0 0.34308188785800725 0.5190570299265952 0.024606696248487294 0.021174477696216828
0 0.3993545784590561 0.5200451722190853 0.0645421540943929 0.02258610954263128
0 0.43949173053650664 0.5292207792207793 0.0028237192416296895 0.001411631846414455
0 0.45018152480839047 0.5183512140033879 0.01290843081887858 0.02710333145115754
0 0.5419524001613554 0.5266798418972332 0.12222670431625655 0.03585544889892716
0 0.6147640177490924 0.5359966120835686 0.008874546187979023 0.009316770186335404
0 0.6559096409842678 0.5254093732354602 0.05163372327551432 0.01129305477131564
0 0.7303348124243647 0.5211744776962168 0.06897942718838242 0.025409373235460192
0 0.8150463896732554 0.5206098249576511 0.06010488100040339 0.023715415019762844
0 0.16417910447761194 0.5663466967814794 0.042759177087535294 0.02258610954263128
0 0.27289229528035497 0.5698757763975155 0.14804356595401372 0.021739130434782608
0 0.3785800726099234 0.5752399774138904 0.02864058087938685 0.031338226990400904
0 0.4530052440500202 0.5698757763975155 0.07664380798709157 0.025691699604743084
0 0.5425574828559904 0.5714285714285714 0.060508269463493344 0.0220214568040655
0 0.635538523598225 0.5729813664596274 0.0899556272690601 0.021739130434782608
0 0.7099636950383219 0.5714285714285714 0.021782977006857603 0.020892151326933936
0 0.782371924162969 0.5808865047995483 0.09237595804759983 0.034161490683229816
0 0.2117789431222267 0.6188594014680971 0.16216216216216217 0.023715415019762844
0 0.3043565954013715 0.6278938452851497 0.006857603872529245 0.0033879164313946925
