0 0.1526825332795482 0.2096273291925466 0.013311819281968536 0.0189158667419537
0 0.17043162565550626 0.21696781479390176 0.0028237192416296895 0.002540937323546019
0 0.2408229124647035 0.21174477696216826 0.08390480032271078 0.025409373235460192
0 0.3592174263816055 0.20680406549971767 0.09156918112141993 0.021739130434782608
0 0.46430012101653895 0.21019198193111235 0.05486083098023396 0.012140033879164314
0 0.5383219039935457 0.20609824957651043 0.050423557886244454 0.019198193111236588
0 0.6488503428801936 0.20539243365330323 0.10931827349737798 0.022868435911914172
0 0.7732956837434449 0.20539243365330323 0.08390480032271078 0.022868435911914172
0 0.17587736990722067 0.2587521174477696 0.055667607906413875 0.018351214003387916
0 0.31141589350544574 0.26143421795595706 0.1508672851956434 0.030491247882552232
0 0.3926986688180718 0.2662337662337662 0.0028237192416296895 0.0033879164313946925
0 0.43787817668414686 0.26016374929418407 0.01573215006050827 0.0189158667419537
0 0.4552238805970149 0.2663749294184077 0.0028237192416296895 0.001976284584980237
0 0.5110931827349737 0.2576228119706381 0.06615570794675273 0.01948051948051948
0 0.5788624445340863 0.2619988706945229 0.015328761597418314 0.011857707509881422
0 0.6434045986284792 0.26171654432524 0.06212182331585317 0.02710333145115754
0 0.7208551835417507 0.2627046866177301 0.04033884630899556 0.025691699604743084
0 0.20693828156514724 0.31493506493506496 0.11133521581282775 0.029079616036137776
0 0.3348124243646632 0.3138057594579334 0.06776926179911255 0.03077357425183512
0 0.4497781363453005 0.30957086391869 0.09842678499394918 0.022303783173348392
0 0.5554659136748689 0.3114059853190288 0.05808793868495361 0.012422360248447204
0 0.6494554255748286 0.30745341614906835 0.08632513110125051 0.020327498588368152
0 0.7664380798709157 0.30886504799548276 0.10165389269866881 0.019198193111236588
0 0.8299717628075837 0.3170525127046866 0.003630496167809601 0.002258610954263128
0 0.15691811214199275 0.35728402032749856 0.016135538523598225 0.020609824957651044
0 0.17406212182331585 0.3673066064370412 0.002016942315449778 0.002258610954263128
0 0.2462686567164179 0.3588368153585545 0.08027430415490117 0.019762845849802372
0 0.3491327148043566 0.3622247317899492 0.06252521177894312 0.025409373235460192
0 0.4209358612343687 0.358695652173913 0.02379991932230738 0.020045172219085264
0 0.49213392496974584 0.36250705815923207 0.08471157724889068 0.028232636928289104
0 0.6296893908834207 0.35714285714285715 0.1218233158531666 0.024844720496894408
0 0.7615974183138362 0.3551665725578769 0.09035901573215006 0.023715415019762844
0 0.1809197256958451 0.40810276679841895 0.06010488100040339 0.01948051948051948
0 0.32855990318676886 0.4124788255223038 0.16579265832997175 0.038396386222473176
0 0.44695441710367084 0.4083850931677019 0.01371520774505849 0.021174477696216828
0 0.4848729326341267 0.4105025409373235 0.05486083098023396 0.02766798418972332
0 0.5310609116579266 0.4082439299830604 0.013311819281968536 0.014116318464144552
0 0.5471964501815249 0.4096555618294749 0.00927793465106898 0.025409373235460192
0 0.5625252117789431 0.41643139469226426 0.003630496167809601 0.0033879164313946925
0 0.6115369100443727 0.4096555618294749 0.020976200080677694 0.018633540372670808
0 0.6306978620411456 0.41826651609260307 0.0028237192416296895 0.0036702428006775835
0 0.6928196853569988 0.410643704121965 0.06413876563130294 0.01948051948051948
0 0.7880193626462283 0.40894974590626765 0.07301331181928197 0.01948051948051948
0 0.17123840258168616 0.4600508187464709 0.033481242436466316 0.02456239412761152
0 0.2662363856393707 0.4600508187464709 0.08713190802743041 0.018351214003387916
0 0.3644614764017749 0.4611801242236025 0.04881000403388463 0.01948051948051948
0 0.4352561516740621 0.4618859401468097 0.03146430012101654 0.021456804065499716
0 0.5020169423154498 0.45920383963862227 0.0609116579265833 0.022303783173348392
0 0.5764421137555465 0.4640033879164314 0.03065752319483663 0.01101072840203275
0 0.6502622025010085 0.46597967250141165 0.05405405405405406 0.018351214003387916
0 0.7503025413473174 0.45849802371541504 0.09600645421540945 0.018633540372670808
0 0.8352158128277531 0.46075663466967814 0.019766034691407825 0.01129305477131564
0 0.1964501815248084 0.5110107284020328 0.08955223880597014 0.029361942405420668
0 0.25413473174667206 0.5159514398644833 0.004033884630899556 0.003105590062111801
0 0.3261395724082291 0.5105872388481084 0.07624041952400161 0.03077357425183512
0 0.4509883017345704 0.5060700169395822 0.10568777732956837 0.022303783173348392
0 0.5857200484066156 0.5114342179559571 0.10649455425574829 0.03303218520609825
0 0.7269060104881 0.5121400338791643 0.12343686970552642 0.028797289666854884
0 0.8259378781766842 0.5098814229249012 0.024606696248487294 0.017504234895539244
0 0.18313836224283986 0.5592885375494071 0.050826946349334406 0.023150762281197064
0 0.2755143202904397 0.5630999435347261 0.0653489310205728 0.012140033879164314
0 0.3565954013715208 0.5619706380575946 0.045986284792254944 0.029644268774703556
0 0.4247680516337233 0.5611236589497459 0.033884630899556276 0.026821005081874648
0 0.5108914885034288 0.5573122529644269 0.07059298104074223 0.024280067758328628
0 0.5570794675272287 0.5686053077357425 0.0024203307785397336 0.002258610954263128
