0 0.17688584106494554 0.21287408243929984 0.038321903993545785 0.015245623941276116
0 0.27047196450181527 0.2137210615471485 0.07301331181928197 0.01355166572557877
0 0.3511496571198064 0.21795595708639187 0.02864058087938685 0.005081874647092038
0 0.38967325534489716 0.21513269339356295 0.015328761597418314 0.01129305477131564
0 0.43162565550625254 0.21442687747035574 0.035498184751916094 0.012140033879164314
0 0.4923356192012908 0.2127329192546584 0.01573215006050827 0.012704686617730096
0 0.5292456635740218 0.21922642574816487 0.03146430012101654 0.015527950310559006
0 0.5832997176280759 0.21442687747035574 0.026623638563937072 0.013269339356295878
0 0.6516740621218233 0.2134387351778656 0.06413876563130294 0.014680971202710334
0 0.7123840258168617 0.2127329192546584 0.016135538523598225 0.01383399209486166
0 0.7511093182734974 0.21357989836250707 0.029043969342476807 0.014963297571993224
0 0.7958854376764825 0.21329757199322416 0.033884630899556276 0.01383399209486166
0 0.8204921339249698 0.21753246753246752 0.0024203307785397336 0.005364201016374929
0 0.20149253731343283 0.31408808582721626 0.027833803953206938 0.01383399209486166
0 0.2678499394917305 0.31281761716544326 0.07099636950383219 0.019198193111236588
0 0.3588140379185155 0.31804065499717676 0.04719645018152481 0.0251270468661773
0 0.418313836224284 0.3191699604743083 0.020976200080677694 0.03585544889892716
0 0.4645018152480839 0.31493506493506496 0.024606696248487294 0.013269339356295878
0 0.5264219443323921 0.3132411067193676 0.05889471561113352 0.014963297571993224
0 0.6101250504235579 0.31309994353472614 0.06010488100040339 0.020892151326933936
0 0.6944332392093586 0.31804065499717676 0.07301331181928197 0.029644268774703556
0 0.7557482855990318 0.3170525127046866 0.01653892698668818 0.00564652738565782
0 0.8073820088745461 0.3125352907961604 0.04719645018152481 0.014680971202710334
0 0.2226704316256555 0.364059853190288 0.0782573618394514 0.016092603049124788
0 0.30879386849536106 0.37027103331451156 0.04961678096006454 0.020609824957651044
0 0.34288019362646227 0.37111801242236025 0.003227107704719645 0.001976284584980237
0 0.4356595401371521 0.36377752682100506 0.09439290036304962 0.016657255787690572
0 0.5486083098023397 0.36307171089779783 0.07664380798709157 0.019198193111236588
0 0.6264622831787011 0.3629305477131564 0.022589753933037516 0.0189158667419537
0 0.6887858007260992 0.36391869000564653 0.06413876563130294 0.019198193111236588
0 0.7751109318273497 0.3620835686053077 0.07704719645018153 0.022303783173348392
0 0.8231141589350545 0.3699887069452287 0.0060508269463493344 0.001411631846414455
