0 0.2099636950383219 0.22557876905702992 0.13110125050423557 0.020327498588368152
0 0.32008874546187976 0.22656691134952003 0.0536506655909641 0.016092603049124788
0 0.4112545381202098 0.2261434217955957 0.09560306575231949 0.018633540372670808
0 0.5076643807987091 0.2295313382269904 0.06897942718838242 0.025409373235460192
0 0.5742234772085518 0.2279785431959345 0.030254134731746672 0.012704686617730096
0 0.6682129891085115 0.22811970638057594 0.13513513513513514 0.023150762281197064
0 0.7801532876159741 0.22868435911914173 0.05244050020169423 0.02258610954263128
0 0.8392496974586526 0.22557876905702992 0.024606696248487294 0.020892151326933936
0 0.16155707946752723 0.27428006775832864 0.03670835014118596 0.01948051948051948
0 0.24505849132714805 0.27936194240542067 0.09076240419524001 0.0251270468661773
0 0.32230738200887454 0.27865612648221344 0.026623638563937072 0.02258610954263128
0 0.38886647841871724 0.27653867871259175 0.08632513110125051 0.018351214003387916
0 0.44251714400968134 0.28303218520609824 0.003227107704719645 0.003105590062111801
0 0.48083904800322713 0.27555053642010163 0.042759177087535294 0.018633540372670808
0 0.545582896329165 0.2768210050818746 0.05929810407422348 0.01948051948051948
0 0.663170633319887 0.2780914737436477 0.14764017749092376 0.018068887634105024
0 0.8087938684953611 0.27710333145115756 0.10084711577248891 0.020609824957651044
0 0.16337232755143202 0.3294748729531338 0.04195240016135539 0.012987012987012988
0 0.23336022589753933 0.3298983625070582 0.05929810407422348 0.012704686617730096
0 0.33219039935457845 0.32834556747600224 0.10770471964501815 0.020327498588368152
0 0.41851553045582895 0.32735742518351213 0.03509479628882614 0.020045172219085264
0 0.463493344090359 0.3272162619988707 0.03469140782573618 0.017504234895539244
0 0.5461879790237999 0.3272162619988707 0.10568777732956837 0.018068887634105024
0 0.6569181121419927 0.3297571993224167 0.09640984267849939 0.023715415019762844
0 0.7496974586526826 0.32622811970638055 0.056070996369503835 0.017786561264822136
0 0.81807180314643 0.32523997741389044 0.03469140782573618 0.018633540372670808
0 0.21117386042759176 0.3784584980237154 0.13432835820895522 0.0189158667419537
0 0.2878176684146833 0.3893280632411067 0.004437273093989512 0.012987012987012988
0 0.3525615167406212 0.3784584980237154 0.08551835417507059 0.017786561264822136
0 0.40439693424768053 0.39073969508752115 0.0028237192416296895 0.01129305477131564
0 0.46752722872125857 0.3818464144551101 0.09600645421540945 0.022868435911914172
0 0.5615167406212183 0.3791643139469226 0.04759983864461476 0.01637492941840768
0 0.6770875352964906 0.3784584980237154 0.14885034288019364 0.018351214003387916
0 0.7607906413876563 0.3877752682100508 0.0024203307785397336 0.011575381140598532
0 0.8116175877369908 0.37761151891586675 0.07503025413473174 0.018351214003387916
0 0.15732150060508268 0.4298418972332016 0.033884630899556276 0.017786561264822136
0 0.2291246470350948 0.43054771315640883 0.08955223880597014 0.019198193111236588
0 0.34590560709963697 0.4292772444946358 0.1044776119402985 0.0189158667419537
0 0.43949173053650664 0.4313946922642575 0.04235578862444534 0.012422360248447204
0 0.5116982654296087 0.4289949181253529 0.06171843485276321 0.017786561264822136
0 0.5786607503025414 0.4298418972332016 0.03509479628882614 0.020045172219085264
0 0.6853569987898346 0.43266516092603047 0.1444130697862041 0.025691699604743084
0 0.7624041952400161 0.43873517786561267 0.003227107704719645 0.010728402032749858
0 0.20835014118596207 0.4798136645962733 0.1383622428398548 0.0189158667419537
0 0.28317870108914883 0.4904009034443817 0.003227107704719645 0.010163749294184076
0 0.3664784187172247 0.4795313382269904 0.12706736587333603 0.020045172219085264
0 0.4889068172650262 0.4803783173348391 0.07099636950383219 0.016657255787690572
0 0.5312626058894716 0.4912478825522304 0.003227107704719645 0.011857707509881422
0 0.581887858007261 0.4816487859966121 0.04800322710770472 0.019198193111236588
0 0.6803146430012101 0.4786843591191417 0.10044372730939895 0.01948051948051948
0 0.7882210568777733 0.4767080745341615 0.0782573618394514 0.020045172219085264
0 0.15792658329971762 0.532326369282891 0.04154901169826543 0.013269339356295878
0 0.23477208551835418 0.5289384528514963 0.07503025413473174 0.016657255787690572
0 0.30475998386446146 0.5303500846979108 0.02379991932230738 0.018351214003387916
0 0.36304961678096004 0.5300677583286278 0.06212182331585317 0.017221908526256352
0 0.4100443727309399 0.5392433653303218 0.003630496167809601 0.010163749294184076
0 0.5062525211778943 0.5327498588368154 0.1565147236789028 0.021456804065499716
0 0.6143606292860024 0.532608695652174 0.02501008471157725 0.012140033879164314
0 0.6744655102864058 0.5321852060982496 0.063735377168213 0.015810276679841896
0 0.7230738200887454 0.5385375494071146 0.0028237192416296895 0.003105590062111801
0 0.7811617587736991 0.5290796160361377 0.06494554255748286 0.017504234895539244
0 0.1853569987898346 0.5791925465838509 0.09156918112141993 0.016657255787690572
0 0.28620411456232353 0.580180688876341 0.07139975796692215 0.018068887634105024
0 0.3880597014925373 0.5854037267080745 0.08067769261799113 0.01948051948051948
0 0.4606696248487293 0.5803218520609825 0.021782977006857603 0.017786561264822136
0 0.517749092375958 0.5815923207227555 0.05445744251714401 0.01637492941840768
0 0.5976200080677693 0.5821569734613213 0.058491327148043566 0.020327498588368152
0 0.700080677692618 0.5807453416149069 0.10931827349737798 0.015810276679841896
0 0.7983057684550222 0.5813099943534726 0.04759983864461476 0.02710333145115754
0 0.8293666801129488 0.5894974590626765 0.003227107704719645 0.015245623941276116
0 0.15974183138362244 0.6294466403162056 0.03630496167809601 0.017221908526256352
0 0.23840258168616377 0.6345285149632975 0.08713190802743041 0.027950310559006212
0 0.29144816458249295 0.6410220214568041 0.0028237192416296895 0.009316770186335404
0 0.3279548204921339 0.6294466403162056 0.021782977006857603 0.017221908526256352
0 0.40762404195240015 0.6304347826086957 0.10770471964501815 0.018068887634105024
0 0.48507462686567165 0.6300112930547713 0.014118596208148447 0.0189158667419537
0 0.5060508269463493 0.6413043478260869 0.0028237192416296895 0.012704686617730096
0 0.5528438886647842 0.6305759457933371 0.038321903993545785 0.020045172219085264
0 0.6488503428801936 0.63085827216262 0.12222670431625655 0.01948051948051948
0 0.7198467123840259 0.6383399209486166 0.0028237192416296895 0.003952569169960474
