0 0.14965711980637353 0.21357989836250707 0.024203307785397338 0.017786561264822136
0 0.23315853166599435 0.21823828345567475 0.100040338846309 0.03274985883681536
0 0.3293666801129488 0.21174477696216826 0.0326744655102864 0.0220214568040655
0 0.39007664380798707 0.2124505928853755 0.04759983864461476 0.023433088650479956
0 0.4864864864864865 0.2220496894409938 0.08713190802743041 0.026256352343308864
0 0.6085114965711981 0.21442687747035574 0.09398951189995966 0.020609824957651044
0 0.699878983461073 0.2124505928853755 0.03307785397337636 0.020609824957651044
0 0.7769261799112546 0.21329757199322416 0.04679306171843485 0.020609824957651044
0 0.8777732956837434 0.21583850931677018 0.10407422347720856 0.022303783173348392
0 0.16417910447761194 0.2658102766798419 0.06857603872529246 0.017786561264822136
0 0.2920532472771279 0.2636928289102202 0.1145623235175474 0.019198193111236588
0 0.4290036304961678 0.2628458498023715 0.08350141185962082 0.019762845849802372
0 0.5318676885841065 0.2632693393562959 0.05203711173860428 0.01948051948051948
0 0.6530859217426381 0.26792772444946356 0.1306978620411456 0.025974025974025976
0 0.8170633319887052 0.2639751552795031 0.12141992739007665 0.020327498588368152
0 0.16014521984671237 0.3147939017504235 0.05889471561113352 0.023715415019762844
0 0.26058894715611136 0.31507622811970637 0.07422347720855184 0.017504234895539244
0 0.4005647438483259 0.31493506493506496 0.13473174667204518 0.018351214003387916
0 0.4889068172650262 0.3253811405985319 0.004033884630899556 0.01101072840203275
0 0.5413473174667205 0.3156408808582722 0.063735377168213 0.019198193111236588
0 0.6157724889068172 0.31592320722755507 0.02379991932230738 0.025974025974025976
0 0.6865671641791045 0.3170525127046866 0.063735377168213 0.014680971202710334
0 0.754336425978217 0.3167701863354037 0.023396530859217425 0.01693958215697346
0 0.8374344493747479 0.31507622811970637 0.10568777732956837 0.020327498588368152
0 0.14501815248083905 0.3632128740824393 0.035901573215006054 0.017786561264822136
0 0.22388059701492538 0.36928289102202144 0.06615570794675273 0.028797289666854884
0 0.3237192416296894 0.36377752682100506 0.05203711173860428 0.01948051948051948
0 0.4372730939895119 0.36716544325239975 0.09035901573215006 0.029079616036137776
0 0.5665590964098427 0.3650479954827781 0.08592174263816055 0.018633540372670808
0 0.6706333198870512 0.36885940146809715 0.03509479628882614 0.035290796160361376
0 0.7472771278741428 0.3632128740824393 0.05526421944332392 0.020045172219085264
0 0.8701089148850343 0.3715415019762846 0.12505042355788623 0.029361942405420668
0 0.18757563533682936 0.4153020892151327 0.10568777732956837 0.026538678712591756
0 0.30233965308592176 0.41445511010728403 0.07220653489310205 0.023715415019762844
0 0.3840258168616378 0.4129023150762281 0.03307785397337636 0.022303783173348392
0 0.4628882613957241 0.4127611518915867 0.05929810407422348 0.020892151326933936
0 0.5486083098023397 0.41798418972332013 0.04356595401371521 0.029079616036137776
0 0.5875352964905204 0.4265951439864483 0.002016942315449778 0.009034443817052512
0 0.6381605486083098 0.41318464144551104 0.05163372327551432 0.021174477696216828
0 0.7283178701089149 0.41417278373800115 0.07382008874546188 0.021456804065499716
0 0.8285599031867689 0.41741953698475437 0.0645421540943929 0.021174477696216828
0 0.8975393303751513 0.4178430265386787 0.03065752319483663 0.018068887634105024
0 0.20814844695441712 0.4632975719932242 0.16054860830980233 0.023715415019762844
0 0.30798709156918114 0.4730378317334839 0.004437273093989512 0.002540937323546019
0 0.3686970552642194 0.4631564088085827 0.055667607906413875 0.023433088650479956
0 0.5395320693828156 0.4712027103331451 0.24405002016942315 0.03500846979107849
0 0.7281161758773699 0.46950875211744775 0.0572811617587737 0.015245623941276116
0 0.7977006857603872 0.46922642574816487 0.033481242436466316 0.018068887634105024
0 0.8753529649052038 0.4666854884246189 0.07260992335619201 0.02258610954263128
0 0.1383622428398548 0.51270468661773 0.029043969342476807 0.020327498588368152
0 0.218233158531666 0.5146809712027103 0.07341670028237192 0.021456804065499716
0 0.3098023396530859 0.5145398080180689 0.04921339249697459 0.021739130434782608
0 0.48507462686567165 0.5208921513269339 0.2392093586123437 0.03162055335968379
0 0.6508672851956434 0.5215979672501412 0.033481242436466316 0.0409373235460192
0 0.7220653489310206 0.5180688876341051 0.05486083098023396 0.020327498588368152
0 0.8376361436062929 0.5180688876341051 0.09398951189995966 0.020892151326933936
0 0.9136748688987495 0.5304912478825522 0.004033884630899556 0.002258610954263128
