0 0.1799112545381202 0.2224731789949181 0.07099636950383219 0.024844720496894408
0 0.2626058894715611 0.21823828345567475 0.03711173860427592 0.010163749294184076
0 0.3138362242839855 0.2171089779785432 0.014521984671238403 0.01355166572557877
0 0.3523598225090762 0.21739130434782608 0.027833803953206938 0.014680971202710334
0 0.42295280354981846 0.217673630717109 0.058491327148043566 0.012987012987012988
0 0.5036304961678096 0.21823828345567475 0.04477611940298507 0.014116318464144552
0 0.5657523194836628 0.21852060982495766 0.0391286809197257 0.012987012987012988
0 0.6222267043162566 0.21852060982495766 0.0391286809197257 0.01355166572557877
0 0.6809197256958451 0.21922642574816487 0.03630496167809601 0.012704686617730096
0 0.7004840661557079 0.22783738001129306 0.0052440500201694235 0.00564652738565782
0 0.7303348124243647 0.21922642574816487 0.02379991932230738 0.010446075663466968
0 0.7781363453005244 0.22233201581027667 0.04921339249697459 0.020609824957651044
0 0.16377571601452198 0.26651609260304915 0.03791851553045583 0.014680971202710334
0 0.23235175473981445 0.26595143986448333 0.04356595401371521 0.01355166572557877
0 0.28963291649858813 0.2689158667419537 0.023396530859217425 0.01101072840203275
0 0.34489713594191207 0.26750423489553926 0.03953206938281565 0.01383399209486166
0 0.42214602662363854 0.2673630717108978 0.0536506655909641 0.014116318464144552
0 0.47115772488906815 0.2689158667419537 0.011294876966518758 0.007058159232072276
0 0.5213795885437676 0.26877470355731226 0.03670835014118596 0.014680971202710334
0 0.6107301331181928 0.2682100508187465 0.08632513110125051 0.01355166572557877
0 0.6875756353368294 0.26750423489553926 0.02379991932230738 0.013269339356295878
0 0.7025010084711577 0.2728684359119142 0.0028237192416296895 0.001411631846414455
0 0.7650262202501008 0.27060982495765107 0.08350141185962082 0.021174477696216828
0 0.1645824929407019 0.3177583286278938 0.03872529245663574 0.012140033879164314
0 0.22751109318273496 0.3190287972896669 0.033884630899556276 0.011857707509881422
0 0.29164985881403793 0.3176171654432524 0.03953206938281565 0.01355166572557877
0 0.36163775716014523 0.3204404291360813 0.043162565550625254 0.011857707509881422
0 0.4237595804759984 0.3198757763975155 0.018959257765227916 0.015810276679841896
0 0.4572408229124647 0.31832298136645965 0.025413473174667203 0.014398644833427442
0 0.5231948366276724 0.31874647092038394 0.042759177087535294 0.012422360248447204
0 0.6113352158128278 0.3221343873517787 0.07382008874546188 0.02258610954263128
0 0.6557079467527229 0.32284020327498586 0.003630496167809601 0.001411631846414455
0 0.6871722468737395 0.31832298136645965 0.014118596208148447 0.01383399209486166
0 0.7305365066559096 0.31832298136645965 0.03227107704719645 0.014963297571993224
0 0.8005244050020169 0.3188876341050254 0.06252521177894312 0.01383399209486166
0 0.1510689794271884 0.3708356860530774 0.014118596208148447 0.010446075663466968
0 0.20855183541750705 0.3687182382834557 0.04437273093989512 0.011857707509881422
0 0.2702702702702703 0.36829474872953133 0.01290843081887858 0.014398644833427442
0 0.3323920935861234 0.36914172783738003 0.05163372327551432 0.01383399209486166
0 0.41064945542557485 0.371682665160926 0.05970149253731343 0.021174477696216828
0 0.4441306978620411 0.37761151891586675 0.003227107704719645 0.005364201016374929
0 0.5566760790641387 0.3719649915302089 0.17265026220250101 0.022868435911914172
0 0.6924162968939088 0.3719649915302089 0.05445744251714401 0.022303783173348392
0 0.7258975393303752 0.3769057029926595 0.0028237192416296895 0.00564652738565782
0 0.763210972166196 0.36801242236024845 0.041145623235175476 0.014963297571993224
0 0.799919322307382 0.367871259175607 0.014521984671238403 0.01355166572557877
0 0.1607503025413473 0.4243365330321852 0.035901573215006054 0.018068887634105024
0 0.23961274707543365 0.4199604743083004 0.04195240016135539 0.010446075663466968
0 0.3083904800322711 0.4243365330321852 0.04235578862444534 0.018633540372670808
0 0.3580072609923356 0.4181253529079616 0.018959257765227916 0.012987012987012988
0 0.4443323920935861 0.4225014116318464 0.0899556272690601 0.022868435911914172
0 0.5298507462686567 0.4205251270468662 0.021379588543767647 0.009316770186335404
0 0.5697862041145624 0.4213721061547149 0.011698265429608713 0.007622811970638058
0 0.6149657119806373 0.4213721061547149 0.050423557886244454 0.020609824957651044
0 0.7103670835014119 0.4234895539243365 0.09197256958450989 0.024844720496894408
0 0.7791448164582493 0.4212309429700734 0.018152480839048003 0.012987012987012988
0 0.16498588140379186 0.4678147939017504 0.0500201694231545 0.015810276679841896
0 0.24243646631706334 0.4683794466403162 0.041145623235175476 0.01355166572557877
0 0.31807180314643 0.46908526256352345 0.03993545784590561 0.015527950310559006
0 0.3830173457039129 0.47035573122529645 0.03428801936264623 0.011857707509881422
0 0.4489713594191206 0.4696499153020892 0.01936264622831787 0.015527950310559006
0 0.5201694231544978 0.46922642574816487 0.06897942718838242 0.015245623941276116
0 0.5954013715207745 0.4712027103331451 0.022589753933037516 0.009034443817052512
0 0.6296893908834207 0.47007340485601357 0.02501008471157725 0.014680971202710334
0 0.6972569584509883 0.47063805759457933 0.045582896329164985 0.01355166572557877
0 0.7712787414279951 0.4710615471485037 0.05808793868495361 0.01383399209486166
0 0.8047599838644615 0.4748729531338227 0.0024203307785397336 0.0016939582156973462
0 0.8382412263009278 0.46936758893280633 0.029850746268656716 0.017221908526256352
0 0.17244856797095603 0.5182100508187465 0.05929810407422348 0.014963297571993224
0 0.24606696248487292 0.5191981931112366 0.023396530859217425 0.01693958215697346
0 0.2928600242033078 0.5184923771880293 0.02743041549011698 0.015527950310559006
0 0.3527632109721662 0.5190570299265952 0.04235578862444534 0.014398644833427442
0 0.4235578862444534 0.5187747035573123 0.03227107704719645 0.01383399209486166
0 0.5040338846308996 0.5230095990965556 0.08430818878580072 0.022303783173348392
0 0.6113352158128278 0.5200451722190853 0.0681726502622025 0.015245623941276116
0 0.6912061315046389 0.5210333145115754 0.027833803953206938 0.014963297571993224
0 0.7716821298910851 0.5207509881422925 0.08793868495361033 0.014963297571993224
0 0.1510689794271884 0.5688876341050254 0.014118596208148447 0.01355166572557877
0 0.18878580072609924 0.5694522868435912 0.01855586930213796 0.014116318464144552
0 0.25413473174667206 0.5695934500282326 0.05405405405405406 0.014398644833427442
0 0.2845905607099637 0.5784867306606437 0.004437273093989512 0.003952569169960474
0 0.3261395724082291 0.5700169395821569 0.030254134731746672 0.012987012987012988
0 0.3810004033884631 0.5708639186900056 0.025413473174667203 0.009599096555618294
0 0.418112141992739 0.5728402032749859 0.012505042355788625 0.009034443817052512
0 0.4709560306575232 0.5745341614906833 0.05445744251714401 0.02258610954263128
0 0.5385235982250908 0.5715697346132129 0.020976200080677694 0.011575381140598532
0 0.5962081484469545 0.5704404291360813 0.045986284792254944 0.014963297571993224
0 0.6686163775716014 0.575098814229249 0.0463896732553449 0.0220214568040655
0 0.7228721258572005 0.5736871823828346 0.014521984671238403 0.00846979107848673
0 0.7624041952400161 0.5745341614906833 0.04679306171843485 0.018633540372670808
0 0.8186768858410649 0.571005081874647 0.024606696248487294 0.017786561264822136
0 0.16922146026623638 0.6182947487295314 0.04881000403388463 0.015810276679841896
0 0.281968535699879 0.6205533596837944 0.08713190802743041 0.012422360248447204
0 0.3805970149253731 0.620694522868436 0.025413473174667203 0.01383399209486166
0 0.44796288826139574 0.6254940711462451 0.052843888664784185 0.016657255787690572
0 0.5171440096813231 0.623235460191982 0.01936264622831787 0.018351214003387916
0 0.5822912464703509 0.6253529079616036 0.05445744251714401 0.02258610954263128
0 0.663574021782977 0.6221061547148503 0.03953206938281565 0.014398644833427442
0 0.7287212585720049 0.6242236024844721 0.0326744655102864 0.010728402032749858
0 0.7757160145219847 0.6212591756070017 0.022589753933037516 0.013269339356295878
0 0.1700282371924163 0.6701016374929418 0.050423557886244454 0.013269339356295878
0 0.29931423961274706 0.6736307171089779 0.10891488503428802 0.020327498588368152
0 0.3565954013715208 0.6741953698475438 0.003227107704719645 0.00282326369282891
