0 0.15671641791044777 0.21103896103896103 0.05526421944332392 0.032467532467532464
0 0.24425171440096813 0.2090626764539808 0.04961678096006454 0.0251270468661773
0 0.3263412666397741 0.2217673630717109 0.07422347720855184 0.04376058723884811
0 0.390480032271077 0.21979107848673066 0.024203307785397338 0.011575381140598532
0 0.4810407422347721 0.2217673630717109 0.11093182734973779 0.046583850931677016
0 0.6337232755143203 0.22134387351778656 0.12827753126260588 0.04799548277809147
0 0.7662363856393707 0.21103896103896103 0.08108108108108109 0.027385657820440428
0 0.8759580475998386 0.21230942970073405 0.07866075030254134 0.026538678712591756
0 0.1446147640177491 0.31931112365894976 0.03993545784590561 0.010728402032749858
0 0.20310609116579265 0.3136645962732919 0.040742234772085516 0.023715415019762844
0 0.2757160145219847 0.3197346132128741 0.05203711173860428 0.040372670807453416
0 0.3414683340056474 0.31804065499717676 0.030254134731746672 0.007622811970638058
0 0.45663574021782977 0.3186053077357425 0.11859620814844696 0.013269339356295878
0 0.608713190802743 0.32142857142857145 0.09762000806776926 0.03867871259175607
0 0.6871722468737395 0.3256634669678148 0.006857603872529245 0.010446075663466968
0 0.7212585720048407 0.3126764539808018 0.04356595401371521 0.026256352343308864
0 0.7862041145623235 0.3116883116883117 0.05405405405405406 0.024280067758328628
0 0.8442920532472771 0.320016939582157 0.02743041549011698 0.009881422924901186
0 0.181726502622025 0.3739412761151892 0.08834207341670028 0.0533596837944664
0 0.2779346510689794 0.36236589497459065 0.0500201694231545 0.026256352343308864
0 0.33965308592174265 0.371682665160926 0.020976200080677694 0.048842461885940144
0 0.43263412666397744 0.3746470920383964 0.10609116579265833 0.04630152456239413
0 0.5316659943525616 0.37125917560700167 0.03953206938281565 0.01129305477131564
0 0.5812827753126261 0.3642010163749294 0.03065752319483663 0.030491247882552232
0 0.663372327551432 0.36575381140598534 0.09479628882613957 0.023997741389045736
0 0.7474788221056877 0.3709768492377188 0.024203307785397338 0.043478260869565216
0 0.7958854376764825 0.36307171089779783 0.041145623235175476 0.03162055335968379
0 0.16841468334005646 0.5338791643139469 0.08834207341670028 0.04743083003952569
0 0.2736990722065349 0.5138339920948617 0.051230334812424366 0.024844720496894408
0 0.3580072609923356 0.5223037831733484 0.07139975796692215 0.045736871823828344
0 0.4707543364259782 0.519339356295878 0.06696248487293263 0.04206662902315076
0 0.5988301734570391 0.512987012987013 0.11496571198063735 0.029361942405420668
0 0.6843485276321097 0.5232919254658385 0.003630496167809601 0.002540937323546019
0 0.736385639370714 0.5143986448334275 0.05687777329568374 0.028797289666854884
0 0.8142396127470755 0.5206098249576511 0.07139975796692215 0.012987012987012988
0 0.20976200080677693 0.5667701863354038 0.08632513110125051 0.027385657820440428
0 0.40439693424768053 0.5774985883681536 0.18838241226300928 0.06239412761151891
0 0.5461879790237999 0.5722755505364201 0.045986284792254944 0.012987012987012988
0 0.6056877773295684 0.5707227555053642 0.021379588543767647 0.010446075663466968
0 0.7162162162162162 0.5615471485036703 0.13674868898749495 0.030491247882552232
0 0.81807180314643 0.5722755505364201 0.02016942315449778 0.04799548277809147
0 0.8612343686970553 0.5611236589497459 0.033884630899556276 0.026256352343308864
