0 0.19382815651472368 0.1691134952004517 0.051230334812424366 0.015245623941276116
0 0.2529245663574022 0.16939582156973462 0.045986284792254944 0.012987012987012988
0 0.3225090762404195 0.1686900056465274 0.051230334812424366 0.014398644833427442
0 0.3755546591367487 0.16897233201581027 0.01855586930213796 0.012140033879164314
0 0.4281968535699879 0.1702428006775833 0.04881000403388463 0.012987012987012988
0 0.4844695441710367 0.17165443252399773 0.03307785397337636 0.010163749294184076
0 0.5599031867688584 0.17207792207792208 0.09197256958450989 0.013269339356295878
0 0.6425978217022993 0.17320722755505363 0.029850746268656716 0.018351214003387916
0 0.663574021782977 0.17786561264822134 0.009681323114158934 0.00846979107848673
0 0.709156918112142 0.17137210615471485 0.04921339249697459 0.01129305477131564
0 0.7777329568374345 0.17447769621682666 0.07987091569181122 0.019198193111236588
0 0.16135538523598225 0.21936758893280633 0.02016942315449778 0.01637492941840768
0 0.22831787010891488 0.2245906267645398 0.06857603872529246 0.023997741389045736
0 0.3075837031060912 0.2224731789949181 0.0326744655102864 0.010163749294184076
0 0.3810004033884631 0.22332015810276679 0.07139975796692215 0.021456804065499716
0 0.4489713594191206 0.22007340485601354 0.04759983864461476 0.01383399209486166
0 0.5314643001210165 0.22134387351778656 0.0826946349334409 0.012422360248447204
0 0.6577248890681726 0.2236024844720497 0.1189995966115369 0.018633540372670808
0 0.7214602662363856 0.22571993224167136 0.002016942315449778 0.001976284584980237
0 0.744856797095603 0.22106154714850368 0.01734570391286809 0.012422360248447204
0 0.7710770471964502 0.2230378317334839 0.01573215006050827 0.010163749294184076
0 0.8233158531665994 0.22416713721061546 0.04759983864461476 0.018633540372670808
0 0.1762807583703106 0.2694805194805195 0.06938281565147236 0.01383399209486166
0 0.23517547398144414 0.2691981931112366 0.01936264622831787 0.013269339356295878
0 0.28156514723678905 0.27625635234330886 0.048406615570794675 0.016657255787690572
0 0.34953610326744655 0.2696216826651609 0.03428801936264623 0.014116318464144552
0 0.40923759580476 0.2715979672501412 0.04477611940298507 0.01693958215697346
0 0.4780153287615974 0.2732919254658385 0.06131504638967326 0.019198193111236588
0 0.5465913674868899 0.2737154150197628 0.03872529245663574 0.021174477696216828
0 0.5891488503428802 0.2735742518351214 0.014925373134328358 0.009034443817052512
0 0.63654699475595 0.2704686617730096 0.04517950786607503 0.014116318464144552
0 0.6980637353771683 0.2737154150197628 0.033481242436466316 0.018351214003387916
0 0.7484872932634127 0.2768210050818746 0.06978620411456232 0.021739130434782608
0 0.15893505445744252 0.37012987012987014 0.022589753933037516 0.015245623941276116
0 0.20149253731343283 0.37549407114624506 0.03751512706736587 0.019762845849802372
0 0.2373941105284389 0.36984754376058726 0.01573215006050827 0.014680971202710334
0 0.27148043565954016 0.3694240542066629 0.016942315449778138 0.012704686617730096
0 0.30798709156918114 0.37224731789949184 0.01653892698668818 0.009881422924901186
0 0.37797498991528844 0.37549407114624506 0.08793868495361033 0.0220214568040655
0 0.4987898346107301 0.37351778656126483 0.11738604275917709 0.018633540372670808
0 0.6101250504235579 0.37577639751552794 0.056070996369503835 0.01693958215697346
0 0.6432029043969343 0.3815640880858272 0.007664380798709157 0.007058159232072276
0 0.6831383622428399 0.37210615471485037 0.0326744655102864 0.015245623941276116
0 0.7335619201290843 0.3730942970073405 0.03993545784590561 0.014398644833427442
0 0.7962888261395724 0.371682665160926 0.060508269463493344 0.014398644833427442
0 0.18878580072609924 0.42518351214003386 0.10326744655102864 0.020892151326933936
0 0.26099233561920127 0.4225014116318464 0.017749092375958047 0.012704686617730096
0 0.3317870108914885 0.4230660643704122 0.08108108108108109 0.015527950310559006
0 0.41589350544574427 0.42165443252399776 0.03227107704719645 0.012704686617730096
0 0.4747882210568778 0.42108977978543194 0.0500201694231545 0.014963297571993224
0 0.5568777732956838 0.42207792207792205 0.06575231948366277 0.014116318464144552
0 0.6313029447357805 0.42193675889328064 0.02743041549011698 0.01383399209486166
0 0.6780960064542154 0.4264539808018069 0.033884630899556276 0.020609824957651044
0 0.7519160951996773 0.42264257481648787 0.0653489310205728 0.015245623941276116
0 0.15308592174263816 0.4733201581027668 0.03751512706736587 0.017221908526256352
0 0.20956030657523195 0.47219085262563526 0.0463896732553449 0.014963297571993224
0 0.2779346510689794 0.4720496894409938 0.03791851553045583 0.014680971202710334
0 0.34953610326744655 0.47586109542631283 0.06413876563130294 0.022303783173348392
0 0.44029850746268656 0.47811970638057594 0.058491327148043566 0.0251270468661773
0 0.4838644614764018 0.47247317899491814 0.008471157724889069 0.015527950310559006
