0 0.17164179104477612 0.21513269339356295 0.057684550221863654 0.023150762281197064
0 0.24747882210568778 0.22557876905702992 0.06736587333602259 0.026538678712591756
0 0.36587333602258976 0.21456804065499718 0.14764017749092376 0.0220214568040655
0 0.47882210568777733 0.22035573122529645 0.06615570794675273 0.023997741389045736
0 0.5298507462686567 0.22035573122529645 0.024606696248487294 0.01101072840203275
0 0.5665590964098427 0.21640316205533597 0.03670835014118596 0.018351214003387916
0 0.6262605889471561 0.2165443252399774 0.0609116579265833 0.019198193111236588
0 0.6986688180718031 0.2236024844720497 0.07503025413473174 0.018633540372670808
0 0.8057684550221864 0.22219085262563523 0.12141992739007665 0.02258610954263128
0 0.15389269866881808 0.26976284584980237 0.02864058087938685 0.03190287972896669
0 0.21298910851149658 0.2713156408808583 0.08955223880597014 0.032185206098249576
0 0.31040742234772084 0.2662337662337662 0.08430818878580072 0.020327498588368152
0 0.37898346107301334 0.26651609260304915 0.024606696248487294 0.020327498588368152
0 0.4290036304961678 0.2652456239412761 0.0609116579265833 0.021174477696216828
0 0.4937474788221057 0.2651044607566347 0.04033884630899556 0.019198193111236588
0 0.5594997983057685 0.26750423489553926 0.05808793868495361 0.0189158667419537
0 0.5970149253731343 0.2758328627893845 0.004033884630899556 0.001129305477131564
0 0.6593384429205325 0.2725861095426313 0.09398951189995966 0.036420101637492944
0 0.7113755546591367 0.2792207792207792 0.008471157724889069 0.010163749294184076
0 0.7402178297700686 0.26651609260304915 0.028237192416296894 0.020892151326933936
0 0.7753126260588947 0.26693958215697344 0.016942315449778138 0.017786561264822136
0 0.8217022993142397 0.269339356295878 0.02501008471157725 0.012987012987012988
0 0.8688987494957644 0.26595143986448333 0.05244050020169423 0.023150762281197064
0 0.14844695441710368 0.3135234330886505 0.020976200080677694 0.018351214003387916
0 0.19987898346107302 0.3204404291360813 0.06333198870512304 0.01355166572557877
0 0.2708753529649052 0.31648785996612083 0.0391286809197257 0.018068887634105024
0 0.35417507059298103 0.32128740824393 0.12263009277934651 0.03387916431394692
0 0.4509883017345704 0.31620553359683795 0.05486083098023396 0.019762845849802372
0 0.5437676482452601 0.31719367588932806 0.09197256958450989 0.022303783173348392
0 0.6252521177894312 0.32128740824393 0.03065752319483663 0.011857707509881422
0 0.6768858410649455 0.3266516092603049 0.03953206938281565 0.023150762281197064
0 0.7351754739814441 0.3186053077357425 0.058491327148043566 0.021739130434782608
0 0.8259378781766842 0.3201581027667984 0.10044372730939895 0.023715415019762844
0 0.19887051230334812 0.36702428006775834 0.11294876966518758 0.019762845849802372
0 0.2972972972972973 0.3673066064370412 0.055667607906413875 0.020327498588368152
0 0.3709156918112142 0.3725296442687747 0.07785397337636143 0.029644268774703556
0 0.4376764824526019 0.36688311688311687 0.029850746268656716 0.01948051948051948
0 0.5352964905203711 0.36773009599096557 0.13311819281968534 0.020045172219085264
0 0.6304961678096006 0.3730942970073405 0.02581686163775716 0.011575381140598532
0 0.7305365066559096 0.36885940146809715 0.1444130697862041 0.0189158667419537
0 0.8463089955627269 0.3674477696216827 0.04517950786607503 0.020045172219085264
0 0.1762807583703106 0.42080745341614906 0.07503025413473174 0.026821005081874648
0 0.2692617991125454 0.41727837380011296 0.07624041952400161 0.018633540372670808
0 0.33319887051230335 0.42193675889328064 0.04679306171843485 0.010446075663466968
0 0.3939088342073417 0.41741953698475437 0.027833803953206938 0.020045172219085264
0 0.48426784993949173 0.41967814793901753 0.14320290439693426 0.021739130434782608
0 0.5867285195643405 0.4256070016939582 0.052843888664784185 0.029079616036137776
0 0.6077047196450182 0.42405420666290233 0.002016942315449778 0.001129305477131564
0 0.20774505849132716 0.5254093732354602 0.13231141589350545 0.0378317334839074
0 0.31766841468334006 0.5183512140033879 0.0536506655909641 0.02258610954263128
0 0.4356595401371521 0.5190570299265952 0.1427995159338443 0.0251270468661773
0 0.5709963695038321 0.5238565782044043 0.10286405808793868 0.027385657820440428
0 0.6230334812424365 0.5282326369282891 0.007664380798709157 0.0016939582156973462
