0 0.19281968535699878 0.22713156408808582 0.08229124647035095 0.03077357425183512
0 0.30879386849536106 0.22910784867306608 0.07301331181928197 0.01383399209486166
0 0.400161355385236 0.22840203274985885 0.041145623235175476 0.014680971202710334
0 0.4703509479628883 0.22261434217955958 0.042759177087535294 0.0251270468661773
0 0.5522388059701493 0.22656691134952003 0.07341670028237192 0.034161490683229816
0 0.6329164985881404 0.22684923771880294 0.02016942315449778 0.015527950310559006
0 0.6795078660750302 0.22699040090344438 0.038321903993545785 0.017504234895539244
0 0.7555465913674869 0.22600225861095427 0.0572811617587737 0.020045172219085264
0 0.8390480032271077 0.2267080745341615 0.053247277127874144 0.018633540372670808
0 0.1871722468737394 0.27936194240542067 0.07745058491327148 0.016092603049124788
0 0.28963291649858813 0.2776679841897233 0.06696248487293263 0.021174477696216828
0 0.3773699072206535 0.2745623941276115 0.050423557886244454 0.022868435911914172
0 0.4475594997983058 0.2769621682665161 0.03670835014118596 0.015810276679841896
0 0.5381202097620008 0.27428006775832864 0.07422347720855184 0.021739130434782608
0 0.5760387252924566 0.2841614906832298 0.0024203307785397336 0.001411631846414455
0 0.6254538120209762 0.27442123094297005 0.052843888664784185 0.023150762281197064
0 0.7379991932230738 0.26905702992659514 0.07624041952400161 0.03274985883681536
0 0.8186768858410649 0.27498588368153587 0.02218636546994756 0.017504234895539244
0 0.8507462686567164 0.28077357425183513 0.01371520774505849 0.008752117447769622
0 0.15570794675272287 0.38099943534726144 0.024203307785397338 0.03303218520609825
0 0.20411456232351755 0.379587803500847 0.014521984671238403 0.025691699604743084
0 0.236385639370714 0.38114059853190285 0.029043969342476807 0.01355166572557877
0 0.3190802743041549 0.37648221343873517 0.10972166196046793 0.023997741389045736
0 0.4211375554659137 0.3780350084697911 0.017749092375958047 0.01637492941840768
0 0.4717628075837031 0.3784584980237154 0.040742234772085516 0.015527950310559006
0 0.5649455425574829 0.3730942970073405 0.056070996369503835 0.028514963297571992
0 0.653892698668818 0.38749294184076793 0.0572811617587737 0.03585544889892716
0 0.7440500201694231 0.37761151891586675 0.056070996369503835 0.016092603049124788
0 0.8041549011698266 0.3802936194240542 0.01573215006050827 0.010163749294184076
0 0.8483259378781767 0.385940146809712 0.055667607906413875 0.028797289666854884
0 0.1526825332795482 0.4257481648785997 0.024606696248487294 0.023715415019762844
0 0.22488906817265025 0.4397233201581028 0.07220653489310205 0.03698475437605872
0 0.3204921339249697 0.4295595708639187 0.05526421944332392 0.014963297571993224
0 0.39108511496571197 0.4339356295878035 0.025413473174667203 0.01129305477131564
0 0.4762000806776926 0.43068887634105024 0.07704719645018153 0.015527950310559006
0 0.5395320693828156 0.4288537549407115 0.02379991932230738 0.01355166572557877
0 0.6034691407825736 0.4342179559570864 0.053247277127874144 0.033314511575381144
0 0.6504638967325534 0.4329474872953134 0.010891488503428802 0.01101072840203275
0 0.6613553852359823 0.4361942405420666 0.0028237192416296895 0.0016939582156973462
0 0.7099636950383219 0.42715979672501414 0.05889471561113352 0.023715415019762844
0 0.8434852763210973 0.4321005081874647 0.1371520774505849 0.03585544889892716
