0 0.15994352561516742 0.22769621682665162 0.06575231948366277 0.017786561264822136
0 0.21520774505849133 0.22826086956521738 0.022993142396127472 0.017221908526256352
0 0.26321097216619604 0.2289666854884246 0.051230334812424366 0.015810276679841896
0 0.36143606292860025 0.23066064370412195 0.13795885437676483 0.02258610954263128
0 0.46551028640580877 0.22924901185770752 0.053247277127874144 0.014116318464144552
0 0.5397337636143607 0.22755505364201017 0.07987091569181122 0.017504234895539244
0 0.6502622025010085 0.22713156408808582 0.10972166196046793 0.016657255787690572
0 0.7263009277934651 0.22924901185770752 0.03751512706736587 0.014680971202710334
0 0.8098023396530859 0.2300959909655562 0.11657926583299717 0.014680971202710334
0 0.13210972166196047 0.28049124788255225 0.025413473174667203 0.008752117447769622
0 0.2591770875352965 0.2845849802371542 0.21742638160548608 0.024280067758328628
0 0.4237595804759984 0.2800677583286279 0.09156918112141993 0.01129305477131564
0 0.5161355385235982 0.28303218520609824 0.0826946349334409 0.020045172219085264
0 0.6062928600242034 0.2847261434217956 0.07583703106091166 0.026256352343308864
0 0.6805163372327552 0.27710333145115756 0.05808793868495361 0.01948051948051948
0 0.7166196046793062 0.2844438170525127 0.0028237192416296895 0.003105590062111801
0 0.7394110528438886 0.2780914737436477 0.04356595401371521 0.015245623941276116
0 0.8083904800322711 0.2792207792207792 0.0790641387656313 0.014116318464144552
0 0.8682936668011295 0.27992659514398643 0.033481242436466316 0.012140033879164314
0 0.19887051230334812 0.5878035008469791 0.18313836224283986 0.02710333145115754
0 0.3523598225090762 0.5831451157538114 0.10286405808793868 0.014963297571993224
0 0.4717628075837031 0.5811688311688312 0.10931827349737798 0.022868435911914172
0 0.5405405405405406 0.5821569734613213 0.03307785397337636 0.015245623941276116
0 0.6202097620008068 0.580180688876341 0.1036708350141186 0.020892151326933936
0 0.6978620411456232 0.58399209486166 0.035498184751916094 0.012140033879164314
0 0.7432432432432432 0.5866741953698476 0.025413473174667203 0.009599096555618294
0 0.7991125453812021 0.5862507058159232 0.0653489310205728 0.017221908526256352
0 0.8686970552642195 0.5872388481084133 0.05687777329568374 0.017504234895539244
0 0.9354578459056071 0.5926030491247882 0.055667607906413875 0.01355166572557877
0 0.17426381605486083 0.6356578204404292 0.1355385235982251 0.034161490683229816
0 0.2527228721258572 0.6398927159796725 0.0028237192416296895 0.005928853754940711
