0 0.18334005647438484 0.21682665160926032 0.06413876563130294 0.023150762281197064
0 0.2753126260588947 0.21583850931677018 0.0681726502622025 0.021739130434782608
0 0.36708350141185964 0.22840203274985885 0.05970149253731343 0.02710333145115754
0 0.4770068576038725 0.22388481084133258 0.11980637353771682 0.034443817052512704
0 0.5762404195240016 0.21583850931677018 0.035901573215006054 0.017221908526256352
0 0.6407825736183945 0.21852060982495766 0.06010488100040339 0.014116318464144552
0 0.7168212989108511 0.21739130434782608 0.03791851553045583 0.015810276679841896
0 0.7686567164179104 0.22430830039525693 0.018959257765227916 0.005364201016374929
0 0.8327954820492134 0.2279785431959345 0.07139975796692215 0.034161490683229816
0 0.16034691407825735 0.27315076228119706 0.0318676885841065 0.039243365330321855
0 0.245461879790238 0.2735742518351214 0.08834207341670028 0.033314511575381144
0 0.33985478015328763 0.268068887634105 0.03751512706736587 0.014398644833427442
0 0.4427188382412263 0.27300959909655564 0.10125050423557887 0.03274985883681536
0 0.527632109721662 0.2717391304347826 0.024203307785397338 0.007058159232072276
0 0.5796692214602662 0.27216261998870694 0.02016942315449778 0.007340485601355167
0 0.6288826139572409 0.2673630717108978 0.04679306171843485 0.018633540372670808
0 0.663574021782977 0.27837380011293056 0.008067769261799113 0.010728402032749858
0 0.7202501008471158 0.2713156408808583 0.06413876563130294 0.028232636928289104
0 0.8061718434852764 0.27865612648221344 0.05445744251714401 0.023150762281197064
0 0.1811214199273901 0.3176171654432524 0.05647438483259379 0.017504234895539244
0 0.26865671641791045 0.31804065499717676 0.035498184751916094 0.018351214003387916
0 0.37131908027430416 0.32608695652173914 0.10205728116175877 0.023150762281197064
0 0.4747882210568778 0.3188876341050254 0.045986284792254944 0.016657255787690572
0 0.5409439290036305 0.3231225296442688 0.02016942315449778 0.005928853754940711
0 0.6278741427995159 0.3243929983060418 0.0891488503428802 0.02710333145115754
0 0.6863654699475595 0.3298983625070582 0.0052440500201694235 0.010446075663466968
0 0.7254941508672852 0.31719367588932806 0.03993545784590561 0.015527950310559006
0 0.7874142799515934 0.3201581027667984 0.050826946349334406 0.01693958215697346
0 0.18697055264219442 0.3730942970073405 0.10931827349737798 0.027385657820440428
0 0.3031464300121017 0.3746470920383964 0.06333198870512304 0.028232636928289104
0 0.41528842275110933 0.37704686617730093 0.10125050423557887 0.034161490683229816
0 0.5125050423557886 0.3695652173913043 0.040742234772085516 0.028232636928289104
0 0.6214199273900767 0.3738001129305477 0.12868091972569584 0.025409373235460192
0 0.7162162162162162 0.37295313382269907 0.019766034691407825 0.007340485601355167
0 0.7801532876159741 0.37365894974590624 0.07018959257765228 0.023433088650479956
0 0.18697055264219442 0.41981931112365894 0.07946752722872126 0.01693958215697346
0 0.24203307785397338 0.42518351214003386 0.0024203307785397336 0.002258610954263128
