0 0.17204517950786608 0.275974025974026 0.07059298104074223 0.029079616036137776
0 0.2525211778943122 0.2782326369282891 0.045986284792254944 0.01101072840203275
0 0.2944735780556676 0.27300959909655564 0.015328761597418314 0.018633540372670808
0 0.363654699475595 0.27851496329757197 0.08350141185962082 0.03585544889892716
0 0.44231544977813636 0.27442123094297005 0.030254134731746672 0.019198193111236588
0 0.4947559499798306 0.27399774138904576 0.05203711173860428 0.020609824957651044
0 0.5568777732956838 0.28049124788255225 0.026220250100847116 0.036420101637492944
0 0.5907624041952401 0.2737154150197628 0.030254134731746672 0.0189158667419537
0 0.663372327551432 0.279785431959345 0.07866075030254134 0.02710333145115754
0 0.7283178701089149 0.2738565782044043 0.0326744655102864 0.017504234895539244
0 0.7674465510286406 0.2707509881422925 0.022993142396127472 0.0220214568040655
0 0.8194836627672448 0.2728684359119142 0.052843888664784185 0.020045172219085264
0 0.14764017749092376 0.3234048560135517 0.04517950786607503 0.022868435911914172
0 0.22730939895118998 0.32156973461321287 0.08834207341670028 0.020892151326933936
0 0.3299717628075837 0.3242518351214003 0.08067769261799113 0.018351214003387916
0 0.4080274304154901 0.3277809147374365 0.030254134731746672 0.010728402032749858
0 0.4747882210568778 0.3210050818746471 0.0653489310205728 0.024844720496894408
0 0.5377168212989109 0.32891022021456806 0.021782977006857603 0.011857707509881422
0 0.5778539733763615 0.32086391869000563 0.02944735780556676 0.022303783173348392
0 0.6313029447357805 0.3265104460756635 0.06212182331585317 0.02456239412761152
0 0.6752722872125857 0.33046301524562394 0.0024203307785397336 0.001411631846414455
0 0.7343686970552642 0.3197346132128741 0.06655909640984267 0.02456239412761152
0 0.7916498588140379 0.32241671372106157 0.02944735780556676 0.021456804065499716
0 0.16417910447761194 0.4292772444946358 0.07018959257765228 0.03698475437605872
0 0.2747075433642598 0.4308300395256917 0.08067769261799113 0.030491247882552232
0 0.35619201290843083 0.4295595708639187 0.022589753933037516 0.009881422924901186
0 0.3926986688180718 0.4227837380011293 0.02702702702702703 0.01948051948051948
0 0.4824526018555869 0.43407679277244493 0.10810810810810811 0.035290796160361376
0 0.5742234772085518 0.4295595708639187 0.018959257765227916 0.012704686617730096
0 0.6264622831787011 0.42476002258610956 0.0500201694231545 0.023997741389045736
0 0.6906010488100041 0.4352060982495765 0.03791851553045583 0.021739130434782608
0 0.7277127874142799 0.42476002258610956 0.028237192416296894 0.020045172219085264
0 0.7779346510689794 0.42193675889328064 0.03993545784590561 0.020609824957651044
0 0.8194836627672448 0.4298418972332016 0.051230334812424366 0.027950310559006212
0 0.1536910044372731 0.5290796160361377 0.033884630899556276 0.01355166572557877
0 0.19866881807180314 0.5244212309429701 0.01734570391286809 0.016657255787690572
0 0.2490923759580476 0.5295031055900621 0.03993545784590561 0.0409373235460192
0 0.30576845502218636 0.5223037831733484 0.02501008471157725 0.02258610954263128
0 0.37575635336829366 0.5223037831733484 0.06897942718838242 0.021456804065499716
0 0.41407825736183945 0.5293619424054207 0.002016942315449778 0.00282326369282891
