0 0.163574021782977 0.21964991530208922 0.04154901169826543 0.02766798418972332
0 0.24243646631706334 0.2251552795031056 0.05244050020169423 0.035290796160361376
0 0.2977006857603873 0.21964991530208922 0.015328761597418314 0.0220214568040655
0 0.31323114158935056 0.2316487859966121 0.002016942315449778 0.001411631846414455
0 0.3741427995159338 0.2199322416713721 0.08511496571198064 0.0220214568040655
0 0.47781363453005243 0.22684923771880294 0.052843888664784185 0.016092603049124788
0 0.5760387252924566 0.22190852625635235 0.07099636950383219 0.024844720496894408
0 0.6793061718434853 0.22981366459627328 0.07664380798709157 0.03557312252964427
0 0.781766841468334 0.22317899491812535 0.05405405405405406 0.023433088650479956
0 0.19604679306171843 0.275974025974026 0.10084711577248891 0.0251270468661773
0 0.31484469544171034 0.27089215132693395 0.06010488100040339 0.020045172219085264
0 0.41226300927793463 0.275974025974026 0.07341670028237192 0.028514963297571992
0 0.4570391286809197 0.28063241106719367 0.005647438483259379 0.0033879164313946925
0 0.4838644614764018 0.2683512140033879 0.01653892698668818 0.026256352343308864
0 0.5716014521984671 0.2707509881422925 0.10326744655102864 0.024280067758328628
0 0.6887858007260992 0.2776679841897233 0.07382008874546188 0.025691699604743084
0 0.7759177087535296 0.2715979672501412 0.0318676885841065 0.0220214568040655
0 0.8309802339653086 0.2717391304347826 0.01371520774505849 0.02456239412761152
0 0.872529245663574 0.2768210050818746 0.03146430012101654 0.017221908526256352
0 0.15792658329971762 0.3232636928289102 0.02944735780556676 0.032185206098249576
0 0.2198467123840258 0.3207227555053642 0.01371520774505849 0.024844720496894408
0 0.27611940298507465 0.31719367588932806 0.035901573215006054 0.023997741389045736
0 0.3259378781766841 0.3245341614906832 0.033884630899556276 0.017221908526256352
0 0.3765631302944736 0.32735742518351213 0.024606696248487294 0.028514963297571992
0 0.44130697862041146 0.3204404291360813 0.021782977006857603 0.020892151326933936
0 0.4955627269060105 0.3266516092603049 0.0326744655102864 0.01693958215697346
0 0.5663574021782977 0.32171089779785433 0.09035901573215006 0.022303783173348392
0 0.655304558289633 0.3246753246753247 0.01734570391286809 0.015245623941276116
0 0.7400161355385236 0.31959345002823264 0.08027430415490117 0.028232636928289104
0 0.8406615570794675 0.3274985883681536 0.07503025413473174 0.01637492941840768
0 0.16417910447761194 0.36702428006775834 0.04679306171843485 0.028797289666854884
0 0.24929407018959257 0.37210615471485037 0.04759983864461476 0.02258610954263128
0 0.32412263009277936 0.3699887069452287 0.027833803953206938 0.022868435911914172
0 0.3892698668818072 0.3708356860530774 0.04679306171843485 0.023433088650479956
0 0.4955627269060105 0.37874082439299833 0.10609116579265833 0.04206662902315076
0 0.6135538523598225 0.37422360248447206 0.05970149253731343 0.03077357425183512
0 0.691407825736184 0.37761151891586675 0.029850746268656716 0.01383399209486166
0 0.7686567164179104 0.37761151891586675 0.057684550221863654 0.015527950310559006
0 0.8392496974586526 0.3747882552230378 0.026220250100847116 0.020045172219085264
0 0.1718434852763211 0.4258893280632411 0.06131504638967326 0.037549407114624504
0 0.22730939895118998 0.4205251270468662 0.014925373134328358 0.0251270468661773
0 0.30899556272690604 0.42264257481648787 0.07341670028237192 0.02766798418972332
0 0.4112545381202098 0.4213721061547149 0.06010488100040339 0.025691699604743084
0 0.5223880597014925 0.42377188029361945 0.08148446954417103 0.023715415019762844
0 0.6232351754739814 0.4222190852625635 0.053247277127874144 0.0251270468661773
0 0.6893908834207342 0.4309712027103331 0.017749092375958047 0.013269339356295878
0 0.7628075837031061 0.43125352907961606 0.07745058491327148 0.026256352343308864
0 0.8436869705526422 0.42518351214003386 0.035901573215006054 0.0220214568040655
0 0.22307382008874546 0.4720496894409938 0.16377571601452198 0.02710333145115754
0 0.3622428398547802 0.4784020327498588 0.017749092375958047 0.016092603049124788
0 0.46551028640580877 0.4741671372106155 0.10326744655102864 0.023433088650479956
0 0.5901573215006051 0.47148503670242803 0.07260992335619201 0.025974025974025976
0 0.718233158531666 0.47684923771880294 0.11173860427591771 0.02710333145115754
0 0.8642597821702299 0.47247317899491814 0.12787414279951592 0.026821005081874648
0 0.15570794675272287 0.5175042348955392 0.04759983864461476 0.03500846979107849
0 0.24969745865268253 0.531055900621118 0.060508269463493344 0.021456804065499716
0 0.3761597418313836 0.5300677583286278 0.11657926583299717 0.04206662902315076
0 0.4893102057281162 0.5241389045736872 0.05244050020169423 0.023997741389045736
0 0.5875352964905204 0.5231507622811971 0.07462686567164178 0.0220214568040655
0 0.7033077853973376 0.5227272727272727 0.0826946349334409 0.027950310559006212
0 0.8483259378781767 0.5242800677583286 0.1581282775312626 0.02766798418972332
0 0.16216216216216217 0.5711462450592886 0.050826946349334406 0.028232636928289104
0 0.28055667607906415 0.5748164878599661 0.09318273497377975 0.03162055335968379
0 0.3945139169019766 0.5722755505364201 0.06212182331585317 0.029926595143986448
0 0.5008067769261799 0.577922077922078 0.08108108108108109 0.029926595143986448
0 0.6204114562323517 0.5782044042913608 0.06857603872529246 0.029361942405420668
0 0.7107704719645018 0.5748164878599661 0.041145623235175476 0.024280067758328628
0 0.8334005647438483 0.5796160361377752 0.1355385235982251 0.029926595143986448
0 0.16417910447761194 0.6222473178994918 0.055667607906413875 0.033314511575381144
0 0.29790237999193225 0.6260587238848109 0.11657926583299717 0.04601919819311124
0 0.43041549011698266 0.6274703557312253 0.07422347720855184 0.03359683794466403
0 0.47519160951996775 0.6367871259175607 0.004840661557079467 0.003105590062111801
