0 0.209156918112142 0.22388481084133258 0.14078257361839452 0.05194805194805195
0 0.3743444937474788 0.21329757199322416 0.13311819281968534 0.023997741389045736
0 0.454417103670835 0.2248729531338227 0.010891488503428802 0.012140033879164314
0 0.5042355788624445 0.21753246753246752 0.04517950786607503 0.014963297571993224
0 0.5784590560709963 0.2121682665160926 0.06938281565147236 0.027385657820440428
0 0.6922146026623639 0.21160361377752682 0.10568777732956837 0.027950310559006212
0 0.8122226704316257 0.2124505928853755 0.10528438886647842 0.025691699604743084
0 0.8489310205728117 0.22388481084133258 0.014118596208148447 0.009034443817052512
0 0.19786204114562322 0.31493506493506496 0.13029447357805568 0.026821005081874648
0 0.32029043969342474 0.3307453416149068 0.09923356192012908 0.03698475437605872
0 0.4388866478418717 0.3167701863354037 0.08471157724889068 0.029361942405420668
0 0.5532472771278741 0.314652738565782 0.11173860427591771 0.026256352343308864
0 0.6224283985478015 0.32269904009034445 0.003227107704719645 0.00282326369282891
0 0.6595401371520775 0.31493506493506496 0.02581686163775716 0.022303783173348392
0 0.7773295683743445 0.31747600225861095 0.16377571601452198 0.021739130434782608
0 0.14501815248083905 0.3725296442687747 0.04800322710770472 0.036420101637492944
0 0.24687373941105284 0.36829474872953133 0.1306978620411456 0.027385657820440428
0 0.3567970956030658 0.36928289102202144 0.040742234772085516 0.02258610954263128
0 0.46127470754336425 0.365330321852061 0.13916901976603469 0.031055900621118012
0 0.5691811214199274 0.3684359119141728 0.05808793868495361 0.034443817052512704
0 0.6526825332795482 0.3643421795595709 0.07422347720855184 0.029644268774703556
0 0.7539330375151271 0.36900056465273856 0.10810810810810811 0.03500846979107849
0 0.8307785397337636 0.3715415019762846 0.052843888664784185 0.03613777526821005
0 0.20028237192416296 0.4227837380011293 0.12787414279951592 0.020045172219085264
0 0.29487696651875756 0.42207792207792205 0.016135538523598225 0.003952569169960474
0 0.34045986284792257 0.42391304347826086 0.06131504638967326 0.014963297571993224
0 0.4628882613957241 0.4280067758328628 0.11415893505445744 0.04743083003952569
0 0.5962081484469545 0.4158667419536985 0.0935861234368697 0.025974025974025976
0 0.6799112545381202 0.4158667419536985 0.07624041952400161 0.024844720496894408
0 0.7408229124647036 0.41516092603049126 0.04800322710770472 0.03077357425183512
0 0.8011294876966518 0.41360813099943533 0.053247277127874144 0.02766798418972332
0 0.8164582492940702 0.4302653867871259 0.01371520774505849 0.015810276679841896
0 0.17527228721258573 0.567193675889328 0.0899556272690601 0.030491247882552232
0 0.2757160145219847 0.5791925465838509 0.10286405808793868 0.053924336533032184
0 0.40520371117386045 0.5731225296442688 0.11012505042355789 0.032185206098249576
0 0.5169423154497781 0.5739695087521175 0.09560306575231949 0.034443817052512704
0 0.6200080677692618 0.5670525127046866 0.07180314643001211 0.026821005081874648
0 0.7371924162968939 0.5666290231507622 0.12787414279951592 0.028232636928289104
0 0.8489310205728117 0.5721343873517787 0.1044776119402985 0.036420101637492944
0 0.18898749495764422 0.6156126482213439 0.09560306575231949 0.032467532467532464
0 0.27874142799515933 0.6226708074534162 0.03872529245663574 0.0189158667419537
0 0.3323920935861234 0.6260587238848109 0.05486083098023396 0.015527950310559006
0 0.45865268253327957 0.6269057029926595 0.14925373134328357 0.04376058723884811
0 0.6030657523194837 0.6198475437605873 0.10810810810810811 0.0409373235460192
0 0.7450584913271481 0.6249294184076792 0.13311819281968534 0.03811405985319029
0 0.16518757563533684 0.6679841897233202 0.045582896329164985 0.029926595143986448
0 0.24747882210568778 0.6692546583850931 0.07301331181928197 0.026821005081874648
0 0.35962081484469544 0.6794184076792772 0.09560306575231949 0.03190287972896669
0 0.45038321903993545 0.6744776962168266 0.043969342476805166 0.03387916431394692
0 0.5417507059298104 0.6703839638622248 0.14360629286002422 0.026256352343308864
0 0.609318273497378 0.685064935064935 0.014118596208148447 0.016092603049124788
0 0.7018959257765228 0.6713721061547149 0.13473174667204518 0.028232636928289104
0 0.8079870915691811 0.6764539808018069 0.04921339249697459 0.044042913608131
