0 0.17930617184348527 0.3160643704121965 0.08592174263816055 0.027385657820440428
0 0.2966922146026624 0.3269339356295878 0.12303348124243646 0.05251270468661773
0 0.43707139975796694 0.3339920948616601 0.08753529649052037 0.039525691699604744
0 0.5613150463896732 0.31620553359683795 0.11254538120209762 0.025974025974025976
0 0.6518757563533683 0.31437041219649914 0.03630496167809601 0.022868435911914172
0 0.7063331988705123 0.32142857142857145 0.04759983864461476 0.017786561264822136
0 0.8126260588947156 0.3197346132128741 0.13432835820895522 0.021739130434782608
0 0.21661960467930616 0.37238848108413325 0.14521984671238403 0.05307735742518351
0 0.41508672851956435 0.36829474872953133 0.208955223880597 0.023997741389045736
0 0.5832997176280759 0.36335403726708076 0.07422347720855184 0.03500846979107849
0 0.7008874546187979 0.37140033879164314 0.14158935054457442 0.039243365330321855
0 0.7797498991528842 0.379587803500847 0.003227107704719645 0.001976284584980237
0 0.1708350141185962 0.41544325239977414 0.05687777329568374 0.027950310559006212
0 0.2874142799515934 0.4201016374929418 0.12787414279951592 0.02710333145115754
0 0.40116982654296085 0.4230660643704122 0.06413876563130294 0.017221908526256352
0 0.5235982250907624 0.4168548842461886 0.12020976200080678 0.03077357425183512
0 0.6460266236385639 0.41741953698475437 0.09560306575231949 0.031338226990400904
0 0.7307382008874547 0.4171372106154715 0.056070996369503835 0.026256352343308864
0 0.7960871319080274 0.4199604743083004 0.07059298104074223 0.017786561264822136
0 0.8350141185962081 0.4277244494635799 0.0024203307785397336 0.00282326369282891
0 0.18676885841064947 0.5175042348955392 0.12424364663170634 0.029361942405420668
0 0.3172650262202501 0.5175042348955392 0.09721661960467931 0.02710333145115754
0 0.43828156514723676 0.5303500846979108 0.13513513513513514 0.051665725578769056
0 0.5502218636546995 0.5179277244494636 0.05244050020169423 0.025691699604743084
0 0.6175877369907221 0.5186335403726708 0.06292860024203308 0.024844720496894408
0 0.7303348124243647 0.5184923771880293 0.12464703509479629 0.026821005081874648
0 0.8217022993142397 0.5252682100508187 0.03791851553045583 0.015527950310559006
0 0.18898749495764422 0.5659232072275551 0.10689794271883823 0.031338226990400904
0 0.32977006857603874 0.5691699604743083 0.11980637353771682 0.02710333145115754
0 0.4411052843888665 0.5742518351214003 0.06655909640984267 0.01637492941840768
0 0.5461879790237999 0.5722755505364201 0.10972166196046793 0.025409373235460192
0 0.6500605082694635 0.5690287972896668 0.0536506655909641 0.03020892151326934
0 0.7414279951593384 0.5686053077357425 0.10407422347720856 0.02766798418972332
0 0.2073416700282372 0.6284584980237155 0.11698265429608713 0.04630152456239413
0 0.3206938281565147 0.6187182382834556 0.04437273093989512 0.0251270468661773
0 0.42698668818071805 0.6202710333145116 0.13513513513513514 0.02710333145115754
0 0.5310609116579266 0.6239412761151891 0.018152480839048003 0.017504234895539244
0 0.6740621218233158 0.61914172783738 0.19281968535699878 0.033314511575381144
0 0.18414683340056473 0.6713721061547149 0.1044776119402985 0.029361942405420668
0 0.33864461476401775 0.6722190852625636 0.14885034288019364 0.03500846979107849
0 0.49152884227511096 0.6713721061547149 0.11012505042355789 0.02710333145115754
0 0.6240419524001614 0.672360248447205 0.11375554659136748 0.03472614342179559
0 0.7628075837031061 0.6788537549407114 0.10488100040338846 0.04432523997741389
0 0.20270270270270271 0.7312252964426877 0.12787414279951592 0.028232636928289104
0 0.27934651068979427 0.7317899491812535 0.00927793465106898 0.005081874647092038
0 0.36385639370713996 0.7207792207792207 0.10407422347720856 0.025974025974025976
0 0.4977813634530052 0.7182382834556748 0.1073013311819282 0.028797289666854884
0 0.6252521177894312 0.7282608695652174 0.1427995159338443 0.026821005081874648
0 0.7567567567567568 0.7210615471485037 0.07422347720855184 0.029926595143986448
0 0.8325937878176685 0.7196499153020892 0.05889471561113352 0.024280067758328628
