0 0.1772892295280355 0.2140033879164314 0.08108108108108109 0.02710333145115754
0 0.2603872529245664 0.21753246753246752 0.08188785800726099 0.03585544889892716
0 0.3436869705526422 0.21668548842461885 0.07422347720855184 0.034161490683229816
0 0.47317466720451795 0.2217673630717109 0.17022993142396128 0.03698475437605872
0 0.600040338846309 0.21597967250141162 0.08108108108108109 0.018633540372670808
0 0.6573215006050827 0.2171089779785432 0.051230334812424366 0.01355166572557877
0 0.7519160951996773 0.21823828345567475 0.13231141589350545 0.037267080745341616
0 0.8023396530859217 0.2220496894409938 0.003227107704719645 0.001976284584980237
0 0.835820895522388 0.2140033879164314 0.041145623235175476 0.0220214568040655
0 0.1680112948769665 0.2619988706945229 0.052843888664784185 0.026538678712591756
0 0.28075837031060913 0.265527950310559 0.17426381605486083 0.026256352343308864
0 0.38422751109318276 0.2707509881422925 0.09721661960467931 0.03670242800677583
0 0.4707543364259782 0.2627046866177301 0.06615570794675273 0.026821005081874648
0 0.5695845098830173 0.26778656126482214 0.13150463896732553 0.03303218520609825
0 0.7049213392496975 0.2672219085262564 0.1262605889471561 0.021739130434782608
0 0.7807583703106091 0.2621400338791643 0.043969342476805166 0.026256352343308864
0 0.1972569584509883 0.32029926595143987 0.11859620814844696 0.039243365330321855
0 0.29790237999193225 0.31931112365894976 0.10689794271883823 0.03500846979107849
0 0.38584106494554254 0.320016939582157 0.0891488503428802 0.039243365330321855
0 0.4707543364259782 0.31281761716544326 0.06938281565147236 0.02710333145115754
0 0.5379185155304558 0.31846414455110106 0.10286405808793868 0.04121964991530209
0 0.6288826139572409 0.31408808582721626 0.0935861234368697 0.026256352343308864
0 0.7051230334812424 0.3147939017504235 0.08713190802743041 0.023715415019762844
0 0.7960871319080274 0.3125352907961604 0.09318273497377975 0.02710333145115754
0 0.16337232755143202 0.36391869000564653 0.05405405405405406 0.028232636928289104
0 0.2569584509883017 0.370412196499153 0.1565147236789028 0.0378317334839074
0 0.3293666801129488 0.37648221343873517 0.019766034691407825 0.012140033879164314
0 0.39511899959661156 0.3663184641445511 0.08188785800726099 0.021174477696216828
0 0.5163372327551432 0.37012987012987014 0.22186365469947558 0.038396386222473176
0 0.6758773699072207 0.3642010163749294 0.08108108108108109 0.02710333145115754
0 0.7307382008874547 0.37238848108413325 0.058491327148043566 0.031055900621118012
0 0.7831787010891489 0.36363636363636365 0.07139975796692215 0.028797289666854884
0 0.17789431222267044 0.4243365330321852 0.11536910044372731 0.042348955392433656
0 0.2593787817668415 0.42391304347826086 0.053247277127874144 0.031338226990400904
0 0.3771682129891085 0.41332580463015245 0.19281968535699878 0.029926595143986448
0 0.47135941912061313 0.42419536984754375 0.020572811617587738 0.012140033879164314
0 0.5078660750302542 0.42066629023150764 0.035498184751916094 0.012987012987012988
0 0.5669624848729327 0.41360813099943533 0.0754336425978217 0.026538678712591756
0 0.6480435659540137 0.41883116883116883 0.0891488503428802 0.018351214003387916
0 0.6829366680112948 0.42377188029361945 0.003227107704719645 0.0016939582156973462
0 0.7382008874546188 0.41304347826086957 0.0782573618394514 0.032185206098249576
0 0.8410649455425575 0.42080745341614906 0.127470754336426 0.03472614342179559
0 0.18515530455828963 0.4632975719932242 0.08793868495361033 0.02766798418972332
0 0.2505042355788624 0.4632975719932242 0.0572811617587737 0.02710333145115754
0 0.3289632916498588 0.4696499153020892 0.08672851956434045 0.016657255787690572
0 0.43606292860024204 0.47063805759457933 0.127470754336426 0.040654997176736304
0 0.5143202904396934 0.46357989836250707 0.04437273093989512 0.02710333145115754
0 0.6381605486083098 0.46259175607001696 0.20411456232351755 0.028514963297571992
0 0.7527228721258572 0.4665443252399774 0.045986284792254944 0.03698475437605872
0 0.8114158935054457 0.46160361377752684 0.057684550221863654 0.029361942405420668
0 0.2154094392900363 0.5146809712027103 0.14925373134328357 0.029361942405420668
0 0.27289229528035497 0.5276679841897233 0.01653892698668818 0.010163749294184076
0 0.37797498991528844 0.5213156408808582 0.14764017749092376 0.041501976284584984
0 0.48124243646631704 0.5132693393562959 0.0572811617587737 0.028797289666854884
0 0.5835014118596208 0.5232919254658385 0.17950786607503025 0.03472614342179559
0 0.7008874546187979 0.5179277244494636 0.043162565550625254 0.022303783173348392
0 0.7559499798305769 0.5143986448334275 0.07180314643001211 0.028232636928289104
0 0.8311819281968535 0.5230095990965556 0.0754336425978217 0.017221908526256352
0 0.1708350141185962 0.5700169395821569 0.06897942718838242 0.017504234895539244
0 0.28398547801532875 0.5700169395821569 0.14602662363856395 0.034443817052512704
0 0.40419524001613555 0.5700169395821569 0.10407422347720856 0.038396386222473176
0 0.4709560306575232 0.5755223037831734 0.056070996369503835 0.03359683794466403
0 0.5231948366276724 0.5632411067193676 0.05808793868495361 0.029926595143986448
0 0.6070996369503833 0.5643704121964992 0.12020976200080678 0.032185206098249576
0 0.7188382412263009 0.5664878599661208 0.0935861234368697 0.023433088650479956
0 0.7878176684146834 0.5705815923207228 0.07503025413473174 0.015245623941276116
0 0.20592981040742234 0.6175889328063241 0.13674868898749495 0.02456239412761152
0 0.3307785397337636 0.6259175607001694 0.15570794675272287 0.03557312252964427
0 0.45139169019766034 0.6208356860530774 0.07099636950383219 0.015810276679841896
0 0.5286405808793868 0.6222473178994918 0.08350141185962082 0.015810276679841896
0 0.6117386042759178 0.6209768492377188 0.10689794271883823 0.04376058723884811
0 0.6492537313432836 0.6257763975155279 0.003630496167809601 0.001976284584980237
