0 0.20229931423961275 0.22430830039525693 0.11577248890681727 0.04206662902315076
0 0.35316659943525613 0.21852060982495766 0.1617587736990722 0.03613777526821005
0 0.48043565954013717 0.21668548842461885 0.07987091569181122 0.026821005081874648
0 0.5607099636950383 0.21682665160926032 0.06776926179911255 0.024844720496894408
0 0.6050826946349335 0.2090626764539808 0.00645421540943929 0.007622811970638058
0 0.6389673255344898 0.217673630717109 0.06131504638967326 0.026538678712591756
0 0.736385639370714 0.21950875211744778 0.12061315046389673 0.025691699604743084
0 0.8073820088745461 0.20863918690005648 0.018152480839048003 0.010728402032749858
0 0.8051633723275514 0.22727272727272727 0.003227107704719645 0.002258610954263128
0 0.8340056474384833 0.21682665160926032 0.025413473174667203 0.024844720496894408
0 0.15469947559499797 0.2663749294184077 0.0318676885841065 0.023997741389045736
0 0.26321097216619604 0.27216261998870694 0.16498588140379186 0.0378317334839074
0 0.37394110528438884 0.26750423489553926 0.04356595401371521 0.0251270468661773
0 0.4564340459862848 0.2748447204968944 0.10609116579265833 0.03811405985319029
0 0.5627269060104881 0.26792772444946356 0.09116579265832997 0.024280067758328628
0 0.6137555465913674 0.2787972896668549 0.004437273093989512 0.009881422924901186
0 0.6708350141185963 0.2672219085262564 0.10488100040338846 0.023997741389045736
0 0.8047599838644615 0.2676453980801807 0.14360629286002422 0.025974025974025976
0 0.17870108914885036 0.3176171654432524 0.08874546187979024 0.026538678712591756
0 0.2644211375554659 0.32735742518351213 0.07139975796692215 0.027385657820440428
0 0.33118192819685355 0.3191699604743083 0.05889471561113352 0.02456239412761152
0 0.3691004437273094 0.3094297007340486 0.008874546187979023 0.009599096555618294
0 0.40237999193223073 0.3210050818746471 0.05526421944332392 0.026538678712591756
0 0.436264622831787 0.3104178430265387 0.013311819281968536 0.007058159232072276
0 0.47962888261395725 0.3188876341050254 0.07018959257765228 0.022868435911914172
0 0.5250100847115773 0.31959345002823264 0.012505042355788625 0.002258610954263128
0 0.5546591367486889 0.3222755505364201 0.03872529245663574 0.016092603049124788
0 0.6179911254538121 0.32128740824393 0.06776926179911255 0.03670242800677583
0 0.6780960064542154 0.31804065499717676 0.03791851553045583 0.022303783173348392
0 0.7353771682129892 0.31832298136645965 0.06938281565147236 0.020609824957651044
0 0.8325937878176685 0.3181818181818182 0.10972166196046793 0.025409373235460192
0 0.18293666801129488 0.3695652173913043 0.10286405808793868 0.02258610954263128
0 0.2408229124647035 0.3800112930547713 0.007260992335619202 0.012987012987012988
0 0.27934651068979427 0.3697063805759458 0.07139975796692215 0.026256352343308864
0 0.3771682129891085 0.3759175607001694 0.12343686970552642 0.03811405985319029
0 0.46853569987898347 0.3708356860530774 0.03509479628882614 0.03190287972896669
0 0.5324727712787414 0.370412196499153 0.07745058491327148 0.039525691699604744
0 0.5964098426784994 0.3738001129305477 0.0391286809197257 0.01693958215697346
0 0.6516740621218233 0.37012987012987014 0.08350141185962082 0.034443817052512704
0 0.7160145219846712 0.37111801242236025 0.033884630899556276 0.036420101637492944
0 0.7847922549415087 0.36928289102202144 0.08027430415490117 0.023715415019762844
0 0.8384429205324728 0.3684359119141728 0.013311819281968536 0.0033879164313946925
0 0.19120613150463897 0.41967814793901753 0.11698265429608713 0.032467532467532464
0 0.27773295683743443 0.4230660643704122 0.03670835014118596 0.017786561264822136
0 0.33743444937474787 0.4212309429700734 0.08027430415490117 0.02258610954263128
0 0.41528842275110933 0.4246188594014681 0.0536506655909641 0.018633540372670808
0 0.4878983461073013 0.42758328627893843 0.08672851956434045 0.027385657820440428
0 0.5782573618394514 0.42080745341614906 0.08108108108108109 0.0251270468661773
0 0.6462283178701089 0.4191134952004517 0.03711173860427592 0.02456239412761152
0 0.6990722065348931 0.41967814793901753 0.063735377168213 0.022868435911914172
0 0.7985074626865671 0.4212309429700734 0.13110125050423557 0.026538678712591756
0 0.18051633723275515 0.4697910784867307 0.08672851956434045 0.028232636928289104
0 0.22952803549818476 0.47684923771880294 0.003227107704719645 0.002258610954263128
0 0.31222267043162566 0.47035573122529645 0.14844695441710368 0.026538678712591756
0 0.42154094392900365 0.47444946357989837 0.045986284792254944 0.017786561264822136
0 0.5641387656313029 0.4748729531338227 0.21581282775312627 0.03557312252964427
0 0.6988705123033482 0.47346132128740825 0.03993545784590561 0.03274985883681536
0 0.7656313029447358 0.47289666854884244 0.08148446954417103 0.024280067758328628
0 0.826946349334409 0.47247317899491814 0.02743041549011698 0.023997741389045736
0 0.15288422751109318 0.5700169395821569 0.035498184751916094 0.025409373235460192
0 0.20855183541750705 0.5728402032749859 0.060508269463493344 0.023150762281197064
0 0.3019362646228318 0.573828345567476 0.11335215812827754 0.02456239412761152
0 0.3892698668818072 0.5732636928289102 0.035498184751916094 0.036420101637492944
0 0.436466317063332 0.5753811405985318 0.03630496167809601 0.015810276679841896
0 0.5046389673255345 0.577922077922078 0.09116579265832997 0.0378317334839074
0 0.626663977410246 0.573828345567476 0.13432835820895522 0.023997741389045736
0 0.7450584913271481 0.5742518351214003 0.07583703106091166 0.023150762281197064
0 0.7882210568777733 0.5858272162619989 0.003227107704719645 0.009599096555618294
0 0.8245260185558693 0.5741106719367589 0.07260992335619201 0.021739130434782608
0 0.1845502218636547 0.6235177865612648 0.08511496571198064 0.02456239412761152
0 0.2672448567970956 0.6235177865612648 0.06333198870512304 0.022868435911914172
0 0.3674868898749496 0.6298701298701299 0.12827753126260588 0.040654997176736304
0 0.49616780960064544 0.622953133822699 0.10891488503428802 0.039243365330321855
0 0.609721661960468 0.6301524562394127 0.1044776119402985 0.0378317334839074
0 0.7061315046389673 0.6243647656691135 0.06736587333602259 0.022868435911914172
0 0.7958854376764825 0.6332580463015246 0.08632513110125051 0.029926595143986448
0 0.15348931020572812 0.6709486166007905 0.030254134731746672 0.023997741389045736
0 0.20956030657523195 0.6717955957086392 0.06171843485276321 0.0251270468661773
0 0.33662767244856795 0.6757481648785997 0.17950786607503025 0.03359683794466403
0 0.45038321903993545 0.6751835121400339 0.03670835014118596 0.034161490683229816
0 0.5125050423557886 0.6722190852625636 0.06897942718838242 0.024844720496894408
0 0.6052843888664784 0.67871259175607 0.09560306575231949 0.04121964991530209
0 0.7174263816054861 0.6801242236024845 0.11738604275917709 0.0378317334839074
0 0.8309802339653086 0.6781479390175043 0.09519967728922953 0.04009034443817053
0 0.8860427591770875 0.6805477131564088 0.003630496167809601 0.002540937323546019
