0 0.18757563533682936 0.21287408243929984 0.05808793868495361 0.01637492941840768
0 0.3007260992335619 0.21964991530208922 0.13513513513513514 0.03387916431394692
0 0.43142396127470756 0.21442687747035574 0.09479628882613957 0.016092603049124788
0 0.5125050423557886 0.21979107848673066 0.031060911657926585 0.029079616036137776
0 0.5752319483662768 0.22233201581027667 0.08067769261799113 0.027950310559006212
0 0.6559096409842678 0.2124505928853755 0.04195240016135539 0.01948051948051948
0 0.7170229931423961 0.21428571428571427 0.05203711173860428 0.015245623941276116
0 0.808592174263816 0.22035573122529645 0.09883017345703912 0.03020892151326934
0 0.1708350141185962 0.265527950310559 0.02702702702702703 0.020609824957651044
0 0.2390076643807987 0.26693958215697344 0.0463896732553449 0.016657255787690572
0 0.3096006454215409 0.2694805194805195 0.057684550221863654 0.011575381140598532
0 0.3741427995159338 0.26679841897233203 0.04235578862444534 0.015810276679841896
0 0.4322307382008875 0.265527950310559 0.05203711173860428 0.016092603049124788
0 0.5391286809197257 0.2648221343873518 0.13594191206131503 0.023150762281197064
0 0.6714400968132311 0.2735742518351214 0.1254538120209762 0.03162055335968379
0 0.7321500605082695 0.2735742518351214 0.004033884630899556 0.0033879164313946925
0 0.8013311819281969 0.2727272727272727 0.08592174263816055 0.033314511575381144
0 0.19342476805163372 0.3154997176736307 0.07624041952400161 0.0189158667419537
0 0.2942718838241226 0.32368718238283456 0.08672851956434045 0.03472614342179559
0 0.372932634126664 0.3147939017504235 0.04154901169826543 0.023150762281197064
0 0.445139169019766 0.327639751552795 0.06736587333602259 0.023433088650479956
0 0.5941912061315047 0.3167701863354037 0.2008874546187979 0.019762845849802372
0 0.7069382815651473 0.3255223037831734 0.007664380798709157 0.010728402032749858
0 0.7648245260185559 0.31281761716544326 0.07422347720855184 0.020327498588368152
0 0.18253327954820492 0.367871259175607 0.04961678096006454 0.021456804065499716
0 0.2654296087131908 0.37323546019198195 0.06615570794675273 0.038396386222473176
0 0.33844292053247277 0.3730942970073405 0.03630496167809601 0.036420101637492944
0 0.390480032271077 0.3660361377752682 0.0500201694231545 0.017786561264822136
0 0.46571198063735375 0.3747882552230378 0.08672851956434045 0.035290796160361376
0 0.5244050020169423 0.37422360248447206 0.003227107704719645 0.002540937323546019
0 0.5865268253327954 0.3728119706380576 0.10246066962484873 0.03698475437605872
0 0.7033077853973376 0.36363636363636365 0.09237595804759983 0.019198193111236588
0 0.7829770068576039 0.36589497459062675 0.016135538523598225 0.026538678712591756
0 0.8251311012505043 0.3632128740824393 0.08027430415490117 0.021174477696216828
0 0.21056877773295685 0.4234895539243365 0.11375554659136748 0.03670242800677583
0 0.28055667607906415 0.4184076792772445 0.011698265429608713 0.028232636928289104
0 0.2983057684550222 0.4318181818181818 0.006857603872529245 0.010446075663466968
0 0.354376764824526 0.41756070016939584 0.057684550221863654 0.0220214568040655
0 0.43828156514723676 0.41445511010728403 0.0754336425978217 0.020892151326933936
0 0.5169423154497781 0.4134669678147939 0.05445744251714401 0.01948051948051948
0 0.5798709156918113 0.4096555618294749 0.010891488503428802 0.007905138339920948
0 0.6599435256151674 0.41981931112365894 0.15490116982654295 0.039525691699604744
0 0.7515127067365873 0.4041501976284585 0.011294876966518758 0.008752117447769622
0 0.8156514723678903 0.4124788255223038 0.10084711577248891 0.020892151326933936
0 0.8737394110528439 0.4258893280632411 0.008067769261799113 0.009881422924901186
0 0.18071803146430013 0.47134387351778656 0.035498184751916094 0.014963297571993224
0 0.24949576442113755 0.4683794466403162 0.06252521177894312 0.021456804065499716
0 0.3081887858007261 0.4764257481648786 0.028237192416296894 0.039243365330321855
0 0.4007664380798709 0.475296442687747 0.11980637353771682 0.03472614342179559
0 0.4955627269060105 0.4678147939017504 0.03509479628882614 0.0220214568040655
0 0.5510286405808794 0.4673913043478261 0.03711173860427592 0.022303783173348392
0 0.6216216216216216 0.47360248447204967 0.06615570794675273 0.035290796160361376
0 0.6857603872529245 0.4717673630717109 0.03146430012101654 0.03557312252964427
0 0.7329568374344494 0.4662619988706945 0.03953206938281565 0.020609824957651044
0 0.8120209762000806 0.4658385093167702 0.0935861234368697 0.02766798418972332
0 0.19665187575635337 0.5176453980801807 0.07059298104074223 0.02456239412761152
0 0.24405002016942315 0.528514963297572 0.004840661557079467 0.0033879164313946925
0 0.36708350141185964 0.5186335403726708 0.1871722468737394 0.02710333145115754
0 0.5129084308188786 0.5237154150197628 0.06010488100040339 0.03896103896103896
0 0.5893505445744252 0.5296442687747036 0.05808793868495361 0.02766798418972332
0 0.6504638967325534 0.5228684359119141 0.027833803953206938 0.03500846979107849
0 0.7410246066962485 0.5242800677583286 0.13231141589350545 0.029361942405420668
0 0.8188785800726099 0.531055900621118 0.01371520774505849 0.01129305477131564
0 0.2156111335215813 0.5670525127046866 0.09076240419524001 0.03020892151326934
0 0.30153287615974184 0.5741106719367589 0.030254134731746672 0.015527950310559006
0 0.37696651875756354 0.5688876341050254 0.07301331181928197 0.023150762281197064
0 0.4772085518354175 0.5763692828910221 0.08148446954417103 0.036420101637492944
0 0.5520371117386043 0.5731225296442688 0.02864058087938685 0.038396386222473176
0 0.6319080274304155 0.5684641445511011 0.0891488503428802 0.027950310559006212
0 0.6837434449374747 0.5793337097684924 0.003227107704719645 0.002258610954263128
