0 0.1801129487696652 0.22092038396386224 0.04477611940298507 0.012704686617730096
0 0.2444534086325131 0.22374364765669114 0.03469140782573618 0.021174477696216828
0 0.3618394513916902 0.22388481084133258 0.1500605082694635 0.024280067758328628
0 0.481444130697862 0.22162619988706944 0.025413473174667203 0.020327498588368152
0 0.5411456232351755 0.21936758893280633 0.051230334812424366 0.018633540372670808
0 0.617789431222267 0.21922642574816487 0.05929810407422348 0.018351214003387916
0 0.6768858410649455 0.22035573122529645 0.015328761597418314 0.012704686617730096
0 0.7117789431222267 0.22219085262563523 0.02944735780556676 0.009034443817052512
0 0.7944735780556677 0.2186617730095991 0.09237595804759983 0.016092603049124788
0 0.1744655102864058 0.2735742518351214 0.040742234772085516 0.010728402032749858
0 0.2127874142799516 0.2728684359119142 0.0028237192416296895 0.005928853754940711
0 0.2599838644614764 0.2713156408808583 0.03509479628882614 0.014680971202710334
0 0.32513110125050426 0.2717391304347826 0.045986284792254944 0.017786561264822136
0 0.3880597014925373 0.2720214568040655 0.02501008471157725 0.020045172219085264
0 0.4257765227914482 0.2737154150197628 0.014118596208148447 0.008752117447769622
0 0.47539330375151273 0.2738565782044043 0.03993545784590561 0.0220214568040655
0 0.5304558289632917 0.2694805194805195 0.01936264622831787 0.017786561264822136
0 0.5828963291649859 0.27625635234330886 0.04356595401371521 0.017221908526256352
0 0.6916095199677289 0.2701863354037267 0.13755546591367487 0.019198193111236588
0 0.7860024203307785 0.2696216826651609 0.013311819281968536 0.014680971202710334
0 0.8352158128277531 0.2696216826651609 0.06978620411456232 0.015810276679841896
0 0.2200484066155708 0.32580463015245625 0.1335215812827753 0.024844720496894408
0 0.29931423961274706 0.3300395256916996 0.0024203307785397336 0.002258610954263128
0 0.42517144009681324 0.3231225296442688 0.19766034691407824 0.022303783173348392
0 0.5671641791044776 0.3198757763975155 0.03711173860427592 0.015810276679841896
0 0.627672448567971 0.32086391869000563 0.05647438483259379 0.014963297571993224
0 0.7022993142396128 0.3201581027667984 0.042759177087535294 0.012987012987012988
0 0.7890278338039532 0.32284020327498586 0.11052843888664785 0.021739130434782608
0 0.1653892698668818 0.3715415019762846 0.017749092375958047 0.015810276679841896
0 0.20673658733360226 0.37267080745341613 0.010891488503428802 0.01129305477131564
0 0.25958047599838646 0.37859966120835686 0.05203711173860428 0.018068887634105024
0 0.33743444937474787 0.3694240542066629 0.050423557886244454 0.017786561264822136
0 0.4102460669624849 0.37337662337662336 0.05647438483259379 0.009316770186335404
0 0.5 0.36984754376058726 0.08027430415490117 0.01693958215697346
0 0.5881403791851553 0.3697063805759458 0.05405405405405406 0.014963297571993224
0 0.6752722872125857 0.3687182382834557 0.08067769261799113 0.015245623941276116
0 0.7747075433642597 0.37140033879164314 0.07624041952400161 0.0251270468661773
0 0.8259378781766842 0.3781761716544325 0.003630496167809601 0.00818746470920384
0 0.18576038725292457 0.4227837380011293 0.0536506655909641 0.014398644833427442
0 0.2382008874546188 0.4277244494635799 0.021379588543767647 0.007340485601355167
0 0.32331585316659944 0.42758328627893843 0.1036708350141186 0.022303783173348392
0 0.42860024203307784 0.42631281761716544 0.06494554255748286 0.020892151326933936
0 0.46853569987898347 0.4308300395256917 0.0052440500201694235 0.006775832862789385
0 0.5308592174263816 0.42165443252399776 0.06857603872529246 0.014963297571993224
0 0.6682129891085115 0.42504234895539245 0.14481645824929407 0.021739130434782608
0 0.7972972972972973 0.42377188029361945 0.06736587333602259 0.009599096555618294
0 0.19826542960871318 0.47444946357989837 0.07866075030254134 0.021739130434782608
0 0.25877369907220654 0.47995482778091475 0.004437273093989512 0.006211180124223602
0 0.28862444534086323 0.4733201581027668 0.01573215006050827 0.014398644833427442
0 0.3918918918918919 0.47586109542631283 0.12868091972569584 0.01948051948051948
0 0.4647035094796289 0.4784020327498588 0.0024203307785397336 0.001976284584980237
0 0.5042355788624445 0.47247317899491814 0.04356595401371521 0.01948051948051948
0 0.5986284792254941 0.4696499153020892 0.100040338846309 0.020045172219085264
0 0.7402178297700686 0.470214568040655 0.1306978620411456 0.016092603049124788
0 0.8386446147640177 0.46908526256352345 0.03469140782573618 0.017786561264822136
0 0.16982654296087132 0.5244212309429701 0.014521984671238403 0.014398644833427442
0 0.23033481242436465 0.5223037831733484 0.05244050020169423 0.01637492941840768
0 0.30939895118999594 0.5228684359119141 0.0500201694231545 0.019198193111236588
0 0.39592577652279143 0.5207509881422925 0.06897942718838242 0.018351214003387916
0 0.4755949979830577 0.525974025974026 0.042759177087535294 0.01129305477131564
0 0.5478015328761597 0.5248447204968945 0.0500201694231545 0.018633540372670808
0 0.6060911657926583 0.5220214568040655 0.026220250100847116 0.014116318464144552
0 0.6651875756353368 0.521880293619424 0.063735377168213 0.015527950310559006
0 0.7390076643807987 0.5235742518351214 0.041145623235175476 0.020045172219085264
0 0.24062121823315852 0.5774985883681536 0.16337232755143202 0.023433088650479956
0 0.3424768051633723 0.5786278938452851 0.004033884630899556 0.01383399209486166
0 0.3953206938281565 0.5749576510446076 0.05970149253731343 0.015527950310559006
0 0.4745865268253328 0.5772162619988707 0.0463896732553449 0.010446075663466968
0 0.5359015732150061 0.5741106719367589 0.022993142396127472 0.014963297571993224
0 0.5855183541750706 0.5774985883681536 0.02944735780556676 0.00818746470920384
0 0.6897942718838241 0.5783455674760023 0.14118596208148446 0.022303783173348392
0 0.7938684953610327 0.5714285714285714 0.02016942315449778 0.014680971202710334
0 0.827551432029044 0.5753811405985318 0.020572811617587738 0.009599096555618294
0 0.1936264622831787 0.6283173348390739 0.07018959257765228 0.0251270468661773
0 0.28136345300524407 0.622953133822699 0.06010488100040339 0.017221908526256352
0 0.36789027833803956 0.6252117447769622 0.05486083098023396 0.017786561264822136
0 0.4318273497377975 0.6256352343308865 0.033481242436466316 0.012987012987012988
0 0.5018152480839048 0.6288819875776398 0.06776926179911255 0.022303783173348392
0 0.5697862041145624 0.6283173348390739 0.024606696248487294 0.008752117447769622
0 0.6528842275110932 0.6273291925465838 0.09963695038321904 0.025974025974025976
0 0.7347720855183542 0.6235177865612648 0.01653892698668818 0.01383399209486166
0 0.800121016538927 0.6263410502540937 0.07866075030254134 0.0189158667419537
0 0.17809600645421542 0.6737718802936195 0.02379991932230738 0.014963297571993224
0 0.2210568777732957 0.6753246753246753 0.01936264622831787 0.014680971202710334
0 0.3055667607906414 0.6758893280632411 0.09076240419524001 0.014116318464144552
0 0.36163775716014523 0.681253529079616 0.010891488503428802 0.014680971202710334
0 0.4035901573215006 0.6739130434782609 0.01653892698668818 0.015810276679841896
0 0.4671238402581686 0.6758893280632411 0.05889471561113352 0.015810276679841896
0 0.535699878983461 0.6743365330321852 0.024203307785397338 0.016092603049124788
0 0.626663977410246 0.6778656126482213 0.11173860427591771 0.0220214568040655
0 0.7285195643404598 0.6743365330321852 0.04195240016135539 0.015527950310559006
0 0.7847922549415087 0.6770186335403726 0.02864058087938685 0.009599096555618294
0 0.21258572004840662 0.7288255223037832 0.08148446954417103 0.0251270468661773
0 0.26099233561920127 0.7329192546583851 0.0024203307785397336 0.0016939582156973462
