0 0.16760790641387657 0.27625635234330886 0.058491327148043566 0.018351214003387916
0 0.23840258168616377 0.2779503105590062 0.03953206938281565 0.015527950310559006
0 0.336224283985478 0.27653867871259175 0.11173860427591771 0.017786561264822136
0 0.4247680516337233 0.27752682100508186 0.02581686163775716 0.023150762281197064
0 0.5056474384832593 0.2745623941276115 0.09076240419524001 0.017786561264822136
0 0.5837031060911658 0.27992659514398643 0.021782977006857603 0.022868435911914172
0 0.6619604679306171 0.2782326369282891 0.0935861234368697 0.027950310559006212
0 0.754336425978217 0.27216261998870694 0.0572811617587737 0.017504234895539244
0 0.8267446551028641 0.27738565782044045 0.058491327148043566 0.0251270468661773
0 0.16881807180314642 0.3277809147374365 0.05929810407422348 0.01637492941840768
0 0.2771278741427995 0.33130999435347264 0.12666397741024607 0.026256352343308864
0 0.3491327148043566 0.33540372670807456 0.004437273093989512 0.007340485601355167
0 0.37575635336829366 0.3296160361377753 0.024606696248487294 0.016657255787690572
0 0.46046793061718433 0.3272162619988707 0.09156918112141993 0.015810276679841896
0 0.5661557079467527 0.3256634669678148 0.06575231948366277 0.017786561264822136
0 0.6706333198870512 0.32792207792207795 0.10286405808793868 0.011575381140598532
0 0.7599838644614764 0.33032185206098247 0.03469140782573618 0.024844720496894408
0 0.7942718838241226 0.325098814229249 0.015328761597418314 0.011575381140598532
0 0.19604679306171843 0.3780350084697911 0.1145623235175474 0.018633540372670808
0 0.28035498184751917 0.379587803500847 0.026623638563937072 0.022868435911914172
0 0.3840258168616378 0.378317334839074 0.1290843081887858 0.01693958215697346
0 0.5024203307785398 0.3761998870694523 0.07059298104074223 0.020609824957651044
0 0.6137555465913674 0.3747882552230378 0.11738604275917709 0.018351214003387916
0 0.7430415490116983 0.3750705815923207 0.11133521581282775 0.01948051948051948
0 0.8083904800322711 0.3815640880858272 0.0024203307785397336 0.002540937323546019
0 0.836829366680113 0.37422360248447206 0.03751512706736587 0.017786561264822136
0 0.1936264622831787 0.42941840767927725 0.11052843888664785 0.018633540372670808
0 0.30133118192819686 0.42941840767927725 0.05889471561113352 0.017504234895539244
0 0.4017749092375958 0.43280632411067194 0.10568777732956837 0.029926595143986448
0 0.5475998386446148 0.42758328627893843 0.1262605889471561 0.020045172219085264
0 0.6423961274707544 0.43040654997176736 0.03428801936264623 0.01101072840203275
0 0.6978620411456232 0.4268774703557312 0.04679306171843485 0.01637492941840768
0 0.7888261395724082 0.42970073404856013 0.10931827349737798 0.02710333145115754
0 0.17648245260185558 0.532326369282891 0.06978620411456232 0.013269339356295878
0 0.2866075030254135 0.5293619424054207 0.11093182734973779 0.02258610954263128
0 0.38483259378781765 0.532326369282891 0.048406615570794675 0.011575381140598532
0 0.47297297297297297 0.5355731225296443 0.1036708350141186 0.026538678712591756
0 0.5681726502622025 0.5282326369282891 0.04477611940298507 0.01637492941840768
0 0.6498588140379186 0.5279503105590062 0.08551835417507059 0.020327498588368152
0 0.7716821298910851 0.5283738001129306 0.11294876966518758 0.016657255787690572
0 0.8588140379185155 0.532326369282891 0.033884630899556276 0.013269339356295878
0 0.16841468334005646 0.5831451157538114 0.04719645018152481 0.02456239412761152
0 0.263816054860831 0.5820158102766798 0.09681323114158935 0.01948051948051948
0 0.34530052440500203 0.584274421230943 0.02581686163775716 0.023997741389045736
0 0.43263412666397744 0.5835686053077357 0.12141992739007665 0.024280067758328628
0 0.5530455828963292 0.5820158102766798 0.08955223880597014 0.01101072840203275
0 0.6042759177087536 0.5863918690005646 0.0024203307785397336 0.0033879164313946925
0 0.6512706736587334 0.5780632411067194 0.057684550221863654 0.018351214003387916
0 0.7331585316659943 0.5773574251835122 0.08027430415490117 0.01693958215697346
0 0.8166599435256152 0.5770750988142292 0.0609116579265833 0.01637492941840768
0 0.20028237192416296 0.6332580463015246 0.11496571198063735 0.02710333145115754
0 0.33783783783783783 0.6343873517786561 0.1254538120209762 0.026538678712591756
0 0.472569584509883 0.6294466403162056 0.10125050423557887 0.020609824957651044
0 0.5752319483662768 0.629305477131564 0.055667607906413875 0.01693958215697346
0 0.6613553852359823 0.6284584980237155 0.07301331181928197 0.018633540372670808
0 0.7769261799112546 0.6339638622247318 0.12343686970552642 0.029079616036137776
