0 0.15711980637353773 0.21922642574816487 0.02864058087938685 0.020609824957651044
0 0.2712787414279952 0.21922642574816487 0.15853166599435256 0.022303783173348392
0 0.44937474788221055 0.21527385657820441 0.14844695441710368 0.021739130434782608
0 0.6052843888664784 0.21781479390175043 0.10205728116175877 0.018351214003387916
0 0.7327551432029044 0.21852060982495766 0.11254538120209762 0.023715415019762844
0 0.8219039935457846 0.2155561829474873 0.031060911657926585 0.013269339356295878
0 0.23416700282371924 0.26905702992659514 0.17386042759177087 0.020892151326933936
0 0.3414683340056474 0.2800677583286279 0.0060508269463493344 0.00846979107848673
0 0.4045986284792255 0.2676453980801807 0.08713190802743041 0.021456804065499716
0 0.4584509883017346 0.27964426877470355 0.0052440500201694235 0.00818746470920384
0 0.5350947962888262 0.2725861095426313 0.10851149657119806 0.029644268774703556
0 0.6716417910447762 0.27103331451157536 0.10488100040338846 0.026538678712591756
0 0.7575635336829367 0.26693958215697344 0.02581686163775716 0.013269339356295878
0 0.2244856797095603 0.32481648785996614 0.15449778136345302 0.029644268774703556
0 0.3646631706333199 0.3181818181818182 0.07341670028237192 0.019198193111236588
0 0.45018152480839047 0.32382834556747603 0.04437273093989512 0.009599096555618294
0 0.5110931827349737 0.3190287972896669 0.024203307785397338 0.014680971202710334
0 0.6258572004840661 0.32029926595143987 0.15691811214199275 0.028514963297571992
0 0.7884227511093183 0.3234048560135517 0.13594191206131503 0.02456239412761152
0 0.20108914885034287 0.37140033879164314 0.10689794271883823 0.016092603049124788
0 0.30798709156918114 0.37351778656126483 0.03670835014118596 0.009599096555618294
0 0.3533682936668011 0.37450592885375494 0.01855586930213796 0.007622811970638058
0 0.4211375554659137 0.3750705815923207 0.06857603872529246 0.03077357425183512
0 0.5322710770471965 0.3675889328063241 0.11254538120209762 0.019762845849802372
0 0.6242436466317063 0.3697063805759458 0.027833803953206938 0.014963297571993224
0 0.6891891891891891 0.36914172783738003 0.0463896732553449 0.018351214003387916
0 0.7779346510689794 0.36674195369847545 0.07382008874546188 0.017504234895539244
0 0.2390076643807987 0.42476002258610956 0.17950786607503025 0.029079616036137776
0 0.34308188785800725 0.429983060417843 0.0028237192416296895 0.001129305477131564
0 0.3953206938281565 0.42504234895539245 0.03146430012101654 0.02456239412761152
0 0.4572408229124647 0.4203839638622247 0.04800322710770472 0.021456804065499716
0 0.5576845502218637 0.41953698475437606 0.08672851956434045 0.01637492941840768
0 0.6809197256958451 0.42377188029361945 0.11214199273900767 0.029361942405420668
0 0.8188785800726099 0.4184076792772445 0.10891488503428802 0.018633540372670808
0 0.18132311415893507 0.47374364765669114 0.06575231948366277 0.01693958215697346
0 0.2615974183138362 0.47289666854884244 0.05929810407422348 0.015245623941276116
0 0.33098023396530857 0.47684923771880294 0.027833803953206938 0.024280067758328628
0 0.3882613957240823 0.4784020327498588 0.06171843485276321 0.023997741389045736
0 0.45038321903993545 0.4785431959345003 0.026220250100847116 0.007905138339920948
0 0.5278338039532069 0.47939017504234893 0.07704719645018153 0.0220214568040655
0 0.6054860830980234 0.47261434217955955 0.03227107704719645 0.01637492941840768
0 0.6387656313029447 0.48094297007340486 0.004437273093989512 0.005364201016374929
0 0.6889874949576442 0.47684923771880294 0.0645421540943929 0.02258610954263128
0 0.7743041549011698 0.4733201581027668 0.06333198870512304 0.017786561264822136
0 0.8436869705526422 0.4767080745341615 0.030254134731746672 0.00818746470920384
0 0.18515530455828963 0.5223037831733484 0.07341670028237192 0.019762845849802372
0 0.3291649858814038 0.5245623941276115 0.14521984671238403 0.015245623941276116
0 0.4473578055667608 0.5232919254658385 0.048406615570794675 0.01948051948051948
0 0.5580879386849537 0.5282326369282891 0.11980637353771682 0.029926595143986448
0 0.6393707139975797 0.5279503105590062 0.011294876966518758 0.01637492941840768
0 0.6863654699475595 0.5266798418972332 0.0536506655909641 0.009316770186335404
0 0.800121016538927 0.5224449463579899 0.12464703509479629 0.01948051948051948
0 0.18354175070592982 0.5760869565217391 0.06696248487293263 0.016092603049124788
0 0.27410246066962485 0.5741106719367589 0.043969342476805166 0.01948051948051948
0 0.3741427995159338 0.5721343873517787 0.0891488503428802 0.020609824957651044
0 0.491125453812021 0.5784867306606437 0.10044372730939895 0.02710333145115754
0 0.5742234772085518 0.5763692828910221 0.014925373134328358 0.020045172219085264
0 0.6256555062525212 0.5755223037831734 0.07018959257765228 0.020045172219085264
0 0.7063331988705123 0.5745341614906833 0.02501008471157725 0.017504234895539244
0 0.7870108914885035 0.5717108977978543 0.08551835417507059 0.0220214568040655
0 0.18031464300121017 0.6211180124223602 0.053247277127874144 0.020892151326933936
0 0.2972972972972973 0.6250705815923208 0.12585720048406615 0.018068887634105024
0 0.40863251311012505 0.6252117447769622 0.02016942315449778 0.012704686617730096
0 0.4810407422347721 0.6238001129305477 0.08108108108108109 0.018351214003387916
0 0.5782573618394514 0.622953133822699 0.07785397337636143 0.018351214003387916
0 0.6311012505042356 0.6326933935629587 0.0052440500201694235 0.002258610954263128
