0 0.1972569584509883 0.2639751552795031 0.09197256958450989 0.028797289666854884
0 0.2944735780556676 0.2587521174477696 0.053247277127874144 0.023433088650479956
0 0.36405808793868494 0.25903444381705254 0.04800322710770472 0.01948051948051948
0 0.42496974586526826 0.2583286278938453 0.03670835014118596 0.017504234895539244
0 0.509479628882614 0.2562111801242236 0.09439290036304962 0.021739130434782608
0 0.6282775312626059 0.2648221343873518 0.10125050423557887 0.0220214568040655
0 0.7063331988705123 0.26383399209486164 0.023396530859217425 0.02456239412761152
0 0.7878176684146834 0.26171654432524 0.100040338846309 0.01693958215697346
0 0.19342476805163372 0.31719367588932806 0.07624041952400161 0.023433088650479956
0 0.27511093182734975 0.31493506493506496 0.05163372327551432 0.027385657820440428
0 0.3598225090762404 0.3090062111801242 0.08390480032271078 0.0189158667419537
0 0.4429205324727713 0.3098531902879729 0.03469140782573618 0.017786561264822136
0 0.5038321903993546 0.3104178430265387 0.07099636950383219 0.0189158667419537
0 0.6183945139169019 0.30745341614906835 0.10810810810810811 0.020892151326933936
0 0.7152077450584913 0.3101355166572558 0.04679306171843485 0.015527950310559006
0 0.7841871722468737 0.3098531902879729 0.05808793868495361 0.017221908526256352
0 0.836425978217023 0.31281761716544326 0.0318676885841065 0.025974025974025976
0 0.16438079870915692 0.3606719367588933 0.024606696248487294 0.018351214003387916
0 0.2208551835417507 0.3675889328063241 0.040742234772085516 0.028232636928289104
0 0.3140379185155305 0.3598249576510446 0.11980637353771682 0.020609824957651044
0 0.4794271883824123 0.36335403726708076 0.16579265832997175 0.028232636928289104
0 0.5919725695845098 0.36335403726708076 0.024606696248487294 0.028232636928289104
0 0.6440096813231142 0.36038961038961037 0.06575231948366277 0.016092603049124788
0 0.709560306575232 0.3595426312817617 0.03872529245663574 0.022303783173348392
0 0.7845905607099637 0.35827216261998873 0.09035901573215006 0.021456804065499716
0 0.1663977410246067 0.41106719367588934 0.04800322710770472 0.018633540372670808
0 0.2753126260588947 0.41106719367588934 0.12303348124243646 0.019198193111236588
0 0.3424768051633723 0.4191134952004517 0.0024203307785397336 0.001976284584980237
0 0.38483259378781765 0.4096555618294749 0.05244050020169423 0.0220214568040655
0 0.43807987091569184 0.41120835686053075 0.01371520774505849 0.017786561264822136
0 0.47236789027833803 0.4138904573687182 0.02743041549011698 0.009599096555618294
0 0.5310609116579266 0.4137492941840768 0.06010488100040339 0.012704686617730096
0 0.6153691004437273 0.41854884246188595 0.06333198870512304 0.022868435911914172
0 0.6912061315046389 0.4113495200451722 0.06010488100040339 0.018068887634105024
0 0.7593787817668415 0.4114906832298137 0.03993545784590561 0.017221908526256352
0 0.836425978217023 0.4117730095990966 0.0891488503428802 0.020045172219085264
0 0.1565147236789028 0.4642857142857143 0.023396530859217425 0.02456239412761152
0 0.1964501815248084 0.4621682665160926 0.03872529245663574 0.01637492941840768
0 0.2757160145219847 0.4623094297007341 0.08511496571198064 0.017786561264822136
0 0.36405808793868494 0.4631564088085827 0.043162565550625254 0.015527950310559006
0 0.4489713594191206 0.4599096555618295 0.09035901573215006 0.018633540372670808
0 0.5381202097620008 0.4688029361942405 0.04921339249697459 0.027950310559006212
0 0.5665590964098427 0.47261434217955955 0.003630496167809601 0.009034443817052512
0 0.609116579265833 0.46047430830039526 0.045986284792254944 0.015245623941276116
0 0.6875756353368294 0.46075663466967814 0.07785397337636143 0.018633540372670808
0 0.7964905203711173 0.4673913043478261 0.10931827349737798 0.029079616036137776
0 0.8529649052037112 0.472755505364201 0.0060508269463493344 0.010446075663466968
0 0.172851956434046 0.512987012987013 0.05203711173860428 0.015810276679841896
0 0.28035498184751917 0.519339356295878 0.1218233158531666 0.031338226990400904
0 0.37777329568374346 0.5111518915866742 0.03670835014118596 0.016092603049124788
0 0.4552238805970149 0.5117165443252399 0.07139975796692215 0.020045172219085264
0 0.5437676482452601 0.5115753811405985 0.07341670028237192 0.020892151326933936
0 0.6625655506252521 0.5177865612648221 0.12222670431625655 0.029361942405420668
0 0.7628075837031061 0.5165160926030491 0.03953206938281565 0.03077357425183512
0 0.8243243243243243 0.5108695652173914 0.06494554255748286 0.018351214003387916
0 0.8652682533279549 0.5194805194805194 0.0024203307785397336 0.00282326369282891
