0 0.17426381605486083 0.2134387351778656 0.04356595401371521 0.02258610954263128
0 0.23215006050826947 0.21386222473178995 0.01734570391286809 0.016657255787690572
0 0.2936668011294877 0.21230942970073405 0.04759983864461476 0.019762845849802372
0 0.34933440903590157 0.2137210615471485 0.012101653892698669 0.019762845849802372
0 0.39693424768051633 0.2155561829474873 0.0500201694231545 0.01101072840203275
0 0.4528035498184752 0.2199322416713721 0.022993142396127472 0.03387916431394692
0 0.49314239612747074 0.2111801242236025 0.007664380798709157 0.0033879164313946925
0 0.5346914078257362 0.2186617730095991 0.06736587333602259 0.023997741389045736
0 0.6145623235175474 0.21725014116318464 0.05526421944332392 0.029079616036137776
0 0.6799112545381202 0.21442687747035574 0.02864058087938685 0.016092603049124788
0 0.7484872932634127 0.21936758893280633 0.06252521177894312 0.015810276679841896
0 0.826946349334409 0.22233201581027667 0.04759983864461476 0.026256352343308864
0 0.1619604679306172 0.31648785996612083 0.03509479628882614 0.020327498588368152
0 0.23053650665590963 0.3211462450592885 0.043162565550625254 0.009881422924901186
0 0.30677692617991126 0.31733483907396953 0.057684550221863654 0.019762845849802372
0 0.3973376361436063 0.31846414455110106 0.063735377168213 0.020327498588368152
0 0.4701492537313433 0.32396950875211744 0.022993142396127472 0.035290796160361376
0 0.5439693424768052 0.32481648785996614 0.06978620411456232 0.034161490683229816
0 0.608713190802743 0.32086391869000563 0.024203307785397338 0.014398644833427442
0 0.6784993949173054 0.3190287972896669 0.063735377168213 0.01693958215697346
0 0.7779346510689794 0.32820440429136083 0.09640984267849939 0.029644268774703556
0 0.8309802339653086 0.32622811970638055 0.004033884630899556 0.003105590062111801
0 0.16942315449778136 0.3699887069452287 0.03791851553045583 0.026821005081874648
0 0.2736990722065349 0.371682665160926 0.11012505042355789 0.03020892151326934
0 0.3961274707543364 0.3730942970073405 0.08390480032271078 0.026821005081874648
0 0.5082694634933441 0.3697063805759458 0.08632513110125051 0.017221908526256352
0 0.5923759580475998 0.3687182382834557 0.018959257765227916 0.019762845849802372
0 0.6151674062121824 0.37224731789949184 0.03146430012101654 0.01101072840203275
0 0.6514723678902783 0.3651891586674195 0.008874546187979023 0.006493506493506494
0 0.7398144413069786 0.3728119706380576 0.14118596208148446 0.03020892151326934
0 0.8301734570391287 0.365330321852061 0.008874546187979023 0.004517221908526256
0 0.15994352561516742 0.4205251270468662 0.022993142396127472 0.012140033879164314
0 0.21198063735377168 0.41770186335403725 0.020572811617587738 0.013269339356295878
0 0.25514320290439696 0.41756070016939584 0.01573215006050827 0.014680971202710334
0 0.327349737797499 0.4193958215697346 0.06252521177894312 0.020609824957651044
0 0.38483259378781765 0.4212309429700734 0.007260992335619202 0.018633540372670808
0 0.4035901573215006 0.43040654997176736 0.0052440500201694235 0.004799548277809147
0 0.4485679709560307 0.41854884246188595 0.016942315449778138 0.014398644833427442
0 0.5034288019362646 0.42080745341614906 0.03791851553045583 0.013269339356295878
0 0.590964098426785 0.422360248447205 0.08874546187979024 0.03274985883681536
0 0.6885841064945543 0.4189723320158103 0.05647438483259379 0.02258610954263128
0 0.7559499798305769 0.42165443252399776 0.04356595401371521 0.017221908526256352
0 0.7779346510689794 0.4333709768492377 0.00927793465106898 0.010163749294184076
0 0.1962484872932634 0.4712027103331451 0.09237595804759983 0.02766798418972332
0 0.29810407422347723 0.47148503670242803 0.05244050020169423 0.014680971202710334
0 0.4245663574021783 0.4762845849802372 0.13513513513513514 0.028232636928289104
0 0.5540540540540541 0.47501411631846413 0.06171843485276321 0.01948051948051948
0 0.6436062928600242 0.4810841332580463 0.05929810407422348 0.021456804065499716
0 0.72650262202501 0.47247317899491814 0.0572811617587737 0.017221908526256352
0 0.7888261395724082 0.4723320158102767 0.022993142396127472 0.017504234895539244
0 0.8334005647438483 0.47063805759457933 0.016135538523598225 0.017504234895539244
0 0.17204517950786608 0.5224449463579899 0.03751512706736587 0.011575381140598532
0 0.23779749899152886 0.5237154150197628 0.025413473174667203 0.026538678712591756
0 0.2966922146026624 0.5197628458498024 0.040742234772085516 0.018633540372670808
0 0.36849536103267444 0.5228684359119141 0.052843888664784185 0.01693958215697346
0 0.463695038321904 0.521880293619424 0.10609116579265833 0.022868435911914172
0 0.5951996772892295 0.5210333145115754 0.08672851956434045 0.021174477696216828
0 0.6811214199273901 0.5304912478825522 0.02702702702702703 0.02766798418972332
0 0.7575635336829367 0.5278091473743648 0.0790641387656313 0.026821005081874648
0 0.17466720451795079 0.5767927724449463 0.03953206938281565 0.0220214568040655
0 0.2656313029447358 0.5767927724449463 0.0754336425978217 0.028232636928289104
0 0.39431222267043164 0.5745341614906833 0.12464703509479629 0.028797289666854884
0 0.4693424768051634 0.58399209486166 0.003630496167809601 0.003105590062111801
