0 0.254739814441307 0.2696216826651609 0.1536910044372731 0.03162055335968379
0 0.37938684953610324 0.26355166572557875 0.025413473174667203 0.0189158667419537
0 0.46147640177490923 0.2651044607566347 0.07180314643001211 0.019762845849802372
0 0.536103267446551 0.2689158667419537 0.035498184751916094 0.00818746470920384
0 0.6058894715611134 0.26355166572557875 0.045986284792254944 0.020045172219085264
0 0.7018959257765228 0.26976284584980237 0.10810810810810811 0.035290796160361376
0 0.8217022993142397 0.26439864483342745 0.0782573618394514 0.020609824957651044
0 0.18878580072609924 0.31804065499717676 0.03065752319483663 0.009881422924901186
0 0.2535296490520371 0.31874647092038394 0.033481242436466316 0.00846979107848673
0 0.30677692617991126 0.31281761716544326 0.019766034691407825 0.018633540372670808
0 0.3864461476401775 0.3166290231507623 0.07018959257765228 0.017786561264822136
0 0.4661153691004437 0.31309994353472614 0.027833803953206938 0.020892151326933936
0 0.5488100040338846 0.32622811970638055 0.07059298104074223 0.022868435911914172
0 0.5976200080677693 0.32142857142857145 0.002016942315449778 0.001411631846414455
0 0.654296087131908 0.31309994353472614 0.029043969342476807 0.018068887634105024
0 0.7148043565954014 0.31620553359683795 0.05889471561113352 0.018068887634105024
0 0.800121016538927 0.31620553359683795 0.056070996369503835 0.014116318464144552
0 0.20068576038725291 0.4137492941840768 0.03993545784590561 0.020045172219085264
0 0.31565147236789026 0.4205251270468662 0.11415893505445744 0.03472614342179559
0 0.45482049213392495 0.41205533596837945 0.10125050423557887 0.018351214003387916
0 0.5528438886647842 0.41233766233766234 0.0391286809197257 0.021739130434782608
0 0.6139572408229125 0.41318464144551104 0.016135538523598225 0.017221908526256352
0 0.6827349737797499 0.4158667419536985 0.06978620411456232 0.037267080745341616
0 0.7787414279951593 0.4165725578769057 0.058491327148043566 0.014963297571993224
0 0.2008874546187979 0.4644268774703557 0.04195240016135539 0.017504234895539244
0 0.2698668818071803 0.46357989836250707 0.017749092375958047 0.018633540372670808
0 0.32775312626058895 0.4640033879164314 0.024606696248487294 0.020045172219085264
0 0.4082291246470351 0.46485036702428006 0.04195240016135539 0.01948051948051948
0 0.4715611133521581 0.4683794466403162 0.035498184751916094 0.03670242800677583
0 0.5673658733360226 0.4678147939017504 0.10125050423557887 0.0378317334839074
0 0.6331181928196854 0.47699040090344436 0.0052440500201694235 0.007622811970638058
0 0.6855586930213796 0.4642857142857143 0.056070996369503835 0.026821005081874648
0 0.7613957240822913 0.46569734613212876 0.04477611940298507 0.020609824957651044
0 0.8356192012908431 0.4668266516092603 0.051230334812424366 0.032467532467532464
0 0.190802743041549 0.5187747035573123 0.023396530859217425 0.03811405985319029
0 0.2753126260588947 0.5132693393562959 0.07462686567164178 0.023150762281197064
0 0.3235175473981444 0.5214568040654998 0.0024203307785397336 0.0016939582156973462
0 0.39310205728116177 0.5162337662337663 0.031060911657926585 0.021174477696216828
0 0.4626865671641791 0.5217391304347826 0.060508269463493344 0.011857707509881422
0 0.5463896732553449 0.5143986448334275 0.035901573215006054 0.020892151326933936
0 0.6799112545381202 0.5207509881422925 0.1674062121823316 0.026821005081874648
0 0.8081887858007261 0.5143986448334275 0.021379588543767647 0.020327498588368152
0 0.19967728922952804 0.5660643704121965 0.03711173860427592 0.023150762281197064
0 0.3247277127874143 0.5732636928289102 0.13473174667204518 0.040372670807453416
0 0.4475594997983058 0.5677583286278939 0.04235578862444534 0.015810276679841896
0 0.5342880193626462 0.5734048560135516 0.051230334812424366 0.007905138339920948
0 0.6218233158531666 0.5650762281197064 0.045582896329164985 0.020045172219085264
0 0.719039935457846 0.5642292490118577 0.07785397337636143 0.021739130434782608
0 0.8204921339249698 0.5666290231507622 0.016942315449778138 0.020327498588368152
