0 0.16317063331988704 0.21626199887069453 0.043969342476805166 0.015810276679841896
0 0.25231948366276724 0.22120271033314512 0.1044776119402985 0.025691699604743084
0 0.36607503025413474 0.21781479390175043 0.08834207341670028 0.01383399209486166
0 0.45038321903993545 0.22007340485601354 0.04477611940298507 0.009316770186335404
0 0.5336829366680113 0.22120271033314512 0.09600645421540945 0.021739130434782608
0 0.6046793061718435 0.2171089779785432 0.023396530859217425 0.014680971202710334
0 0.6764824526018556 0.2217673630717109 0.09519967728922953 0.021739130434782608
0 0.7688584106494554 0.21682665160926032 0.06131504638967326 0.015810276679841896
0 0.8311819281968535 0.22077922077922077 0.03509479628882614 0.010728402032749858
0 0.18293666801129488 0.27117447769621683 0.06978620411456232 0.022868435911914172
0 0.28297700685760385 0.2707509881422925 0.09398951189995966 0.009034443817052512
0 0.36163775716014523 0.26792772444946356 0.025413473174667203 0.014116318464144552
0 0.40318676885841065 0.2682100508187465 0.038321903993545785 0.014116318464144552
0 0.48426784993949173 0.27526821005081875 0.05526421944332392 0.019762845849802372
0 0.5385235982250908 0.2707509881422925 0.01936264622831787 0.023715415019762844
0 0.6256555062525212 0.2728684359119142 0.11375554659136748 0.027385657820440428
0 0.7254941508672852 0.268068887634105 0.04961678096006454 0.014398644833427442
0 0.7914481645824929 0.27498588368153587 0.05486083098023396 0.028797289666854884
0 0.827954820492134 0.2724449463579898 0.0052440500201694235 0.007340485601355167
0 0.19584509883017345 0.42391304347826086 0.09560306575231949 0.027950310559006212
0 0.28519564340459863 0.4202428006775833 0.045986284792254944 0.015527950310559006
0 0.345703912868092 0.41967814793901753 0.03791851553045583 0.017221908526256352
0 0.41609519967728925 0.41883116883116883 0.06333198870512304 0.0189158667419537
0 0.4584509883017346 0.4309712027103331 0.002016942315449778 0.00818746470920384
0 0.5135135135135135 0.4202428006775833 0.07018959257765228 0.014963297571993224
0 0.6111335215812828 0.4268774703557312 0.10568777732956837 0.029926595143986448
0 0.6968535699878984 0.4213721061547149 0.043162565550625254 0.014963297571993224
0 0.799919322307382 0.42758328627893843 0.1306978620411456 0.032467532467532464
0 0.209156918112142 0.4743083003952569 0.12948769665187576 0.020892151326933936
0 0.36829366680112946 0.47346132128740825 0.15974183138362244 0.025409373235460192
0 0.48124243646631704 0.4754376058723885 0.026623638563937072 0.007340485601355167
0 0.5280354981847519 0.47699040090344436 0.028237192416296894 0.026256352343308864
0 0.5798709156918113 0.4754376058723885 0.0318676885841065 0.009034443817052512
0 0.6766841468334006 0.47656691134952006 0.11093182734973779 0.0220214568040655
0 0.7700685760387252 0.4733201581027668 0.033884630899556276 0.016092603049124788
0 0.19947559499798306 0.5204686617730095 0.11012505042355789 0.016657255787690572
0 0.28963291649858813 0.5221626199887069 0.02581686163775716 0.022868435911914172
0 0.3382412263009278 0.5214568040654998 0.043969342476805166 0.015810276679841896
0 0.41871722468737393 0.525974025974026 0.09116579265832997 0.023715415019762844
0 0.5524405002016942 0.5238565782044043 0.14239612747075434 0.026256352343308864
0 0.6575231948366277 0.5248447204968945 0.03630496167809601 0.024280067758328628
0 0.7089552238805971 0.5208921513269339 0.03751512706736587 0.017504234895539244
0 0.7952803549818476 0.5214568040654998 0.09560306575231949 0.019198193111236588
0 0.8590157321500606 0.5299265951439864 0.0052440500201694235 0.002258610954263128
