0 0.1708350141185962 0.21456804065499718 0.0463896732553449 0.02766798418972332
0 0.2591770875352965 0.21950875211744778 0.06897942718838242 0.022868435911914172
0 0.3344090359015732 0.22120271033314512 0.03711173860427592 0.01383399209486166
0 0.3961274707543364 0.22077922077922077 0.042759177087535294 0.015810276679841896
0 0.4747882210568778 0.23066064370412195 0.09116579265832997 0.02710333145115754
0 0.6290843081887858 0.21908526256352343 0.15046389673255345 0.025409373235460192
0 0.755143202904397 0.22444946357989837 0.029850746268656716 0.01129305477131564
0 0.8422751109318274 0.2264257481648786 0.08632513110125051 0.028797289666854884
0 0.1980637353771682 0.27343308865047994 0.11052843888664785 0.010446075663466968
0 0.2668414683340056 0.28303218520609824 0.006857603872529245 0.007058159232072276
0 0.30798709156918114 0.2684923771880294 0.050423557886244454 0.020892151326933936
0 0.3711173860427592 0.27216261998870694 0.04033884630899556 0.009034443817052512
0 0.4606696248487293 0.283596837944664 0.136345300524405 0.027950310559006212
0 0.5830980233965308 0.2728684359119142 0.024606696248487294 0.027385657820440428
0 0.6520774505849133 0.2701863354037267 0.0681726502622025 0.015245623941276116
0 0.7377974989915288 0.27300959909655564 0.05244050020169423 0.018068887634105024
0 0.8126260588947156 0.2684923771880294 0.043969342476805166 0.021456804065499716
0 0.22468737394110527 0.32622811970638055 0.15490116982654295 0.027950310559006212
0 0.37353771682129894 0.32382834556747603 0.07987091569181122 0.010163749294184076
0 0.4485679709560307 0.3297571993224167 0.029043969342476807 0.023715415019762844
0 0.5562726906010488 0.32298136645962733 0.16296893908834206 0.0378317334839074
0 0.6811214199273901 0.32368718238283456 0.0318676885841065 0.00818746470920384
0 0.7611940298507462 0.32368718238283456 0.09116579265832997 0.012704686617730096
0 0.8239209358612344 0.3297571993224167 0.0052440500201694235 0.002258610954263128
0 0.20572811617587736 0.36250705815923207 0.12263009277934651 0.03387916431394692
0 0.3174667204517951 0.3675889328063241 0.04517950786607503 0.028232636928289104
0 0.3961274707543364 0.3708356860530774 0.053247277127874144 0.014398644833427442
0 0.4628882613957241 0.371682665160926 0.04961678096006454 0.03077357425183512
0 0.5580879386849537 0.36801242236024845 0.07866075030254134 0.021739130434782608
0 0.6034691407825736 0.38325804630152455 0.008874546187979023 0.011575381140598532
0 0.6502622025010085 0.3705533596837945 0.05808793868495361 0.021739130434782608
0 0.7402178297700686 0.36773009599096557 0.11778943122226704 0.026256352343308864
0 0.8539733763614361 0.38170525127046867 0.10488100040338846 0.048560135516657256
0 0.9068172650262203 0.3848108413325805 0.011294876966518758 0.01355166572557877
0 0.1555062525211779 0.42165443252399776 0.03509479628882614 0.01383399209486166
0 0.27773295683743443 0.42814793901750425 0.16579265832997175 0.04376058723884811
0 0.48769665187575634 0.41459627329192544 0.1863654699475595 0.045454545454545456
0 0.6655909640984268 0.42080745341614906 0.12666397741024607 0.04827780914737437
0 0.77269060104881 0.4256070016939582 0.0463896732553449 0.03359683794466403
0 0.23860427591770875 0.4719085262563523 0.21339249697458654 0.052795031055900624
0 0.4037918515530456 0.4782608695652174 0.08229124647035095 0.040654997176736304
0 0.4937474788221057 0.474025974025974 0.05647438483259379 0.012987012987012988
0 0.5514320290439694 0.4748729531338227 0.01936264622831787 0.011857707509881422
0 0.6393707139975797 0.46908526256352345 0.11214199273900767 0.02456239412761152
0 0.7476805163372328 0.47939017504234893 0.04719645018152481 0.04291360813099943
0 0.8295683743444937 0.46908526256352345 0.051230334812424366 0.029079616036137776
0 0.14905203711173862 0.5700169395821569 0.02864058087938685 0.02710333145115754
0 0.21399757966922145 0.5697346132128741 0.05203711173860428 0.03162055335968379
0 0.2972972972972973 0.5719932241671372 0.06938281565147236 0.0220214568040655
0 0.4191206131504639 0.5656408808582721 0.12424364663170634 0.032467532467532464
0 0.518354175070593 0.5753811405985318 0.04921339249697459 0.04178430265386787
0 0.6379588543767648 0.5861095426312818 0.1536910044372731 0.04630152456239413
0 0.7260992335619201 0.5837097684923772 0.014521984671238403 0.010446075663466968
0 0.7690601048810004 0.5732636928289102 0.05445744251714401 0.023433088650479956
0 0.8563937071399758 0.5763692828910221 0.10649455425574829 0.03020892151326934
0 0.15671641791044777 0.6732072275550537 0.033481242436466316 0.023433088650479956
0 0.24041952400161357 0.6715132693393563 0.06857603872529246 0.023433088650479956
0 0.3370310609116579 0.6760304912478825 0.08672851956434045 0.018351214003387916
0 0.4374747882210569 0.6725014116318464 0.058491327148043566 0.032185206098249576
0 0.5217829770068576 0.6712309429700734 0.052843888664784185 0.029644268774703556
0 0.6425978217022993 0.681253529079616 0.18152480839048002 0.040654997176736304
0 0.7970956030657523 0.672077922077922 0.06938281565147236 0.03077357425183512
0 0.8894715611133521 0.6708074534161491 0.10084711577248891 0.0220214568040655
0 0.1782977006857604 0.7231789949181253 0.08390480032271078 0.018351214003387916
0 0.31323114158935056 0.7238848108413326 0.1319080274304155 0.018633540372670808
0 0.43041549011698266 0.72656691134952 0.05647438483259379 0.01383399209486166
0 0.5002016942315449 0.7196499153020892 0.04679306171843485 0.03387916431394692
0 0.5937878176684147 0.7286843591191418 0.11052843888664785 0.03387916431394692
0 0.699677289229528 0.7288255223037832 0.043969342476805166 0.03472614342179559
0 0.8247277127874143 0.7219085262563524 0.18676885841064947 0.025409373235460192
