0 0.1498588140379185 0.2155561829474873 0.012505042355788625 0.012704686617730096
0 0.21036708350141187 0.21696781479390176 0.07624041952400161 0.011575381140598532
0 0.2983057684550222 0.21894409937888198 0.07462686567164178 0.017221908526256352
0 0.3785800726099234 0.21964991530208922 0.05687777329568374 0.007340485601355167
0 0.4774102460669625 0.21696781479390176 0.09721661960467931 0.014398644833427442
0 0.5369100443727309 0.22388481084133258 0.003227107704719645 0.005081874647092038
0 0.5707946752722872 0.21739130434782608 0.03953206938281565 0.01355166572557877
0 0.6183945139169019 0.22035573122529645 0.029043969342476807 0.007058159232072276
0 0.6528842275110932 0.2204968944099379 0.01573215006050827 0.007340485601355167
0 0.7256958450988302 0.22219085262563523 0.09600645421540945 0.020892151326933936
0 0.8652682533279549 0.221485036702428 0.1444130697862041 0.020609824957651044
0 0.17305365066559097 0.2663749294184077 0.06615570794675273 0.012140033879164314
0 0.24788221056877774 0.2673630717108978 0.040742234772085516 0.012987012987012988
0 0.3215006050826946 0.2684923771880294 0.06292860024203308 0.01355166572557877
0 0.3850342880193626 0.26990400903444384 0.026220250100847116 0.012987012987012988
0 0.463896732553449 0.27060982495765107 0.1073013311819282 0.017786561264822136
0 0.5611133521581283 0.26778656126482214 0.04921339249697459 0.011575381140598532
0 0.6657926583299718 0.2682100508187465 0.1319080274304155 0.012987012987012988
0 0.81847519160952 0.2701863354037267 0.13957240822912464 0.015810276679841896
0 0.8993545784590561 0.2779503105590062 0.004437273093989512 0.004234895539243365
0 0.1708350141185962 0.3170525127046866 0.05929810407422348 0.010728402032749858
0 0.28035498184751917 0.31931112365894976 0.11294876966518758 0.012987012987012988
0 0.3947156111335216 0.3186053077357425 0.06978620411456232 0.01383399209486166
0 0.4584509883017346 0.3181818181818182 0.018152480839048003 0.012987012987012988
0 0.4963695038321904 0.3181818181818182 0.031060911657926585 0.012987012987012988
0 0.5631302944735781 0.3188876341050254 0.05163372327551432 0.014398644833427442
0 0.6018555869302138 0.32269904009034445 0.0024203307785397336 0.0016939582156973462
0 0.6387656313029447 0.32029926595143987 0.021379588543767647 0.01101072840203275
0 0.6920129084308189 0.31832298136645965 0.052843888664784185 0.013269339356295878
0 0.7900363049616781 0.32269904009034445 0.09963695038321904 0.00846979107848673
0 0.15954013715207746 0.367871259175607 0.0391286809197257 0.011857707509881422
0 0.2400161355385236 0.370412196499153 0.07745058491327148 0.015245623941276116
0 0.35397337636143605 0.3687182382834557 0.10851149657119806 0.01355166572557877
0 0.4407018959257765 0.36928289102202144 0.025413473174667203 0.011857707509881422
0 0.5060508269463493 0.36928289102202144 0.06171843485276321 0.014116318464144552
0 0.6032674465510286 0.36928289102202144 0.08753529649052037 0.012422360248447204
0 0.7039128680919726 0.37295313382269907 0.07745058491327148 0.0220214568040655
0 0.7851956434045986 0.3706945228684359 0.0463896732553449 0.015245623941276116
0 0.8505445744251714 0.370412196499153 0.04154901169826543 0.014116318464144552
0 0.190802743041549 0.42080745341614906 0.11375554659136748 0.016657255787690572
0 0.3130294473578056 0.4193958215697346 0.07987091569181122 0.01383399209486166
0 0.3937071399757967 0.42405420666290233 0.03307785397337636 0.021456804065499716
0 0.46672045179507865 0.4201016374929418 0.07503025413473174 0.012422360248447204
0 0.5895522388059702 0.4209486166007905 0.12141992739007665 0.015245623941276116
0 0.6676079064138766 0.42843026538678713 0.004840661557079467 0.005928853754940711
0 0.7103670835014119 0.4209486166007905 0.0500201694231545 0.01355166572557877
0 0.8245260185558693 0.4244776962168266 0.14037918515530456 0.023433088650479956
0 0.16841468334005646 0.467673630717109 0.06575231948366277 0.014963297571993224
0 0.2769261799112545 0.4720496894409938 0.10689794271883823 0.020327498588368152
0 0.38967325534489716 0.47586109542631283 0.06696248487293263 0.014398644833427442
0 0.4618797902379992 0.4709203839638622 0.028237192416296894 0.012987012987012988
0 0.5141185962081485 0.47600225861095424 0.045582896329164985 0.014680971202710334
0 0.5744251714400969 0.4741671372106155 0.026623638563937072 0.007058159232072276
0 0.645018152480839 0.4704968944099379 0.07503025413473174 0.01383399209486166
0 0.6952400161355385 0.4761434217955957 0.006857603872529245 0.0036702428006775835
