0 0.16377571601452198 0.23122529644268774 0.042759177087535294 0.014680971202710334
0 0.24425171440096813 0.23588368153585546 0.0754336425978217 0.03020892151326934
0 0.3392496974586527 0.2406832298136646 0.07422347720855184 0.03303218520609825
0 0.4100443727309399 0.23997741389045738 0.01734570391286809 0.009599096555618294
0 0.5157321500605083 0.24181253529079616 0.14158935054457442 0.021174477696216828
0 0.6488503428801936 0.2381422924901186 0.0754336425978217 0.0189158667419537
0 0.7224687373941105 0.23616600790513834 0.02743041549011698 0.023997741389045736
0 0.7706736587333602 0.2404009034443817 0.03670835014118596 0.01948051948051948
0 0.8428801936264623 0.2406832298136646 0.050423557886244454 0.021174477696216828
0 0.8795885437676483 0.2450592885375494 0.01008471157724889 0.00282326369282891
0 0.15046389673255345 0.28712591756070016 0.02743041549011698 0.010728402032749858
0 0.21319080274304156 0.29263128176171654 0.052843888664784185 0.025691699604743084
0 0.28035498184751917 0.28924336533032186 0.050826946349334406 0.014398644833427442
0 0.3130294473578056 0.30110107284020327 0.007260992335619202 0.008752117447769622
0 0.34409035901573215 0.2854319593450028 0.04356595401371521 0.020327498588368152
0 0.4045986284792255 0.2909373235460192 0.042759177087535294 0.012140033879164314
0 0.4574425171440097 0.2868435911914173 0.024203307785397338 0.019762845849802372
0 0.518757563533683 0.28712591756070016 0.0653489310205728 0.021456804065499716
0 0.6268656716417911 0.295313382269904 0.09762000806776926 0.028232636928289104
0 0.7144009681323115 0.2885375494071146 0.045986284792254944 0.024280067758328628
0 0.8031464300121016 0.2906549971767363 0.08955223880597014 0.023997741389045736
0 0.15933844292053248 0.391304347826087 0.08067769261799113 0.026538678712591756
0 0.245461879790238 0.38692828910220217 0.04961678096006454 0.020045172219085264
0 0.3612343686970553 0.3883399209486166 0.15772488906817264 0.022868435911914172
0 0.4937474788221057 0.39384528514963296 0.05486083098023396 0.028797289666854884
0 0.5782573618394514 0.3911631846414455 0.07704719645018153 0.022868435911914172
0 0.6504638967325534 0.39695087521174477 0.020572811617587738 0.011857707509881422
0 0.7650262202501008 0.3922924901185771 0.17144009681323114 0.02456239412761152
0 0.16115369100443727 0.4394409937888199 0.08108108108108109 0.026256352343308864
0 0.2573618394513917 0.4394409937888199 0.05244050020169423 0.017786561264822136
0 0.3344090359015732 0.4408526256352343 0.033884630899556276 0.01383399209486166
0 0.4298104074223477 0.4407114624505929 0.11254538120209762 0.019198193111236588
0 0.5246066962484873 0.4438170525127047 0.03751512706736587 0.011857707509881422
0 0.5558693021379588 0.45454545454545453 0.00645421540943929 0.006211180124223602
0 0.5996369503832191 0.4408526256352343 0.07301331181928197 0.022868435911914172
0 0.6873739411052844 0.4453698475437606 0.05647438483259379 0.012140033879164314
0 0.7827753126260589 0.4450875211744777 0.06736587333602259 0.020045172219085264
0 0.15429608713190804 0.5022586109542632 0.10851149657119806 0.0378317334839074
0 0.2317466720451795 0.5 0.025413473174667203 0.012987012987012988
0 0.2781363453005244 0.4956239412761152 0.024606696248487294 0.020609824957651044
0 0.2974989915288423 0.5040937323546019 0.0028237192416296895 0.001411631846414455
0 0.3235175473981444 0.4937888198757764 0.050826946349334406 0.017504234895539244
0 0.4171036708350141 0.4944946357989836 0.09762000806776926 0.020609824957651044
0 0.5316659943525616 0.5067758328627894 0.0935861234368697 0.024280067758328628
0 0.5883420734167003 0.510446075663467 0.00927793465106898 0.00846979107848673
0 0.6284792254941509 0.5004234895539243 0.060508269463493344 0.011575381140598532
0 0.6988705123033482 0.49604743083003955 0.051230334812424366 0.020327498588368152
0 0.7839854780153288 0.5002823263692829 0.0754336425978217 0.03387916431394692
0 0.8289632916498588 0.5098814229249012 0.00645421540943929 0.007905138339920948
0 0.12343686970552642 0.5451722190852626 0.0500201694231545 0.021456804065499716
0 0.21682129891085114 0.5513833992094862 0.09963695038321904 0.031055900621118012
0 0.3489310205728116 0.5450310559006211 0.10972166196046793 0.022868435911914172
0 0.47418313836224285 0.5585827216261999 0.0899556272690601 0.037549407114624504
0 0.554255748285599 0.5518068887634106 0.021782977006857603 0.01383399209486166
0 0.6123436869705526 0.5488424618859401 0.06212182331585317 0.01693958215697346
0 0.7107704719645018 0.5584415584415584 0.10649455425574829 0.038396386222473176
0 0.7989108511496571 0.5511010728402033 0.019766034691407825 0.012422360248447204
