0 0.1617587736990722 0.2406832298136646 0.017749092375958047 0.016657255787690572
0 0.22226704316256554 0.24364765669113495 0.07341670028237192 0.03162055335968379
0 0.3491327148043566 0.24237718802936195 0.11980637353771682 0.027385657820440428
0 0.4651068979427188 0.23800112930547712 0.06615570794675273 0.019762845849802372
0 0.5405405405405406 0.23955392433653303 0.03791851553045583 0.018351214003387916
0 0.6147640177490924 0.24054206662902314 0.06292860024203308 0.019762845849802372
0 0.7240822912464704 0.24435347261434218 0.12424364663170634 0.026256352343308864
0 0.18475191609519967 0.29164313946922643 0.045986284792254944 0.018633540372670808
0 0.2589753933037515 0.29107848673066067 0.0572811617587737 0.020327498588368152
0 0.33783783783783783 0.29460756634669677 0.06575231948366277 0.013269339356295878
0 0.43807987091569184 0.2900903444381705 0.08793868495361033 0.020609824957651044
0 0.5225897539330375 0.29573687182382835 0.051230334812424366 0.012704686617730096
0 0.6413876563130294 0.29390175042348954 0.1290843081887858 0.025409373235460192
0 0.745865268253328 0.296583850931677 0.03872529245663574 0.012704686617730096
0 0.8005244050020169 0.29023150762281197 0.043162565550625254 0.018633540372670808
0 0.20592981040742234 0.3447204968944099 0.0826946349334409 0.014680971202710334
0 0.3279548204921339 0.3451439864483343 0.11536910044372731 0.032467532467532464
0 0.4519967728922953 0.3476849237718803 0.09398951189995966 0.034161490683229816
0 0.5601048810004033 0.3417560700169396 0.07866075030254134 0.020609824957651044
0 0.6936264622831787 0.34542631281761715 0.13110125050423557 0.03303218520609825
0 0.7977006857603872 0.34345002823263693 0.02944735780556676 0.017221908526256352
0 0.16841468334005646 0.3965273856578204 0.01734570391286809 0.01101072840203275
0 0.28297700685760385 0.3911631846414455 0.17063331988705124 0.021739130434782608
0 0.5121016538926987 0.39469226425748166 0.22952803549818476 0.028797289666854884
0 0.672045179507866 0.39384528514963296 0.042759177087535294 0.024280067758328628
0 0.7325534489713594 0.3929983060417843 0.04679306171843485 0.019762845849802372
0 0.2063331988705123 0.4418407679277245 0.08592174263816055 0.023715415019762844
0 0.32230738200887454 0.4439582156973461 0.07583703106091166 0.022868435911914172
0 0.4388866478418717 0.44339356295878035 0.12020976200080678 0.023433088650479956
0 0.5832997176280759 0.4479107848673066 0.10972166196046793 0.034161490683229816
0 0.6805163372327552 0.4438170525127047 0.03630496167809601 0.023715415019762844
0 0.7690601048810004 0.44226425748164877 0.09398951189995966 0.020045172219085264
0 0.1920129084308189 0.49265951439864486 0.045986284792254944 0.017504234895539244
0 0.2561516740621218 0.4971767363071711 0.0572811617587737 0.01355166572557877
0 0.3370310609116579 0.4916713721061547 0.0463896732553449 0.023997741389045736
0 0.43686970552642196 0.4966120835686053 0.1145623235175474 0.03387916431394692
0 0.5096813231141589 0.5007058159232072 0.0052440500201694235 0.001411631846414455
0 0.5651472367890278 0.49520045172219085 0.07422347720855184 0.023715415019762844
0 0.6510689794271883 0.49491812535290797 0.06212182331585317 0.02258610954263128
0 0.7517144009681324 0.49520045172219085 0.09963695038321904 0.020892151326933936
0 0.20673658733360226 0.5429136081309994 0.08430818878580072 0.021456804065499716
0 0.327148043565954 0.5472896668548842 0.10972166196046793 0.031338226990400904
0 0.4390883420734167 0.5446075663466968 0.06252521177894312 0.025974025974025976
0 0.5425574828559904 0.5434782608695652 0.09439290036304962 0.020327498588368152
0 0.6254538120209762 0.5499717673630717 0.0326744655102864 0.029361942405420668
0 0.7327551432029044 0.5484189723320159 0.11093182734973779 0.031338226990400904
0 0.19786204114562322 0.5979672501411631 0.06413876563130294 0.011857707509881422
0 0.29386849536103266 0.5935911914172783 0.08027430415490117 0.022303783173348392
0 0.4298104074223477 0.5885093167701864 0.1327148043565954 0.03303218520609825
0 0.5496167809600645 0.5955674760022586 0.056070996369503835 0.020609824957651044
0 0.672448567970956 0.6017786561264822 0.15570794675272287 0.03811405985319029
0 0.18212989108511496 0.6424336533032186 0.04154901169826543 0.022303783173348392
0 0.2736990722065349 0.6445511010728402 0.07624041952400161 0.024280067758328628
0 0.4126663977410246 0.6473743647656691 0.1508672851956434 0.029926595143986448
0 0.5008067769261799 0.653020892151327 0.0060508269463493344 0.00282326369282891
0 0.5381202097620008 0.6458215697346132 0.04921339249697459 0.02456239412761152
0 0.6119402985074627 0.6445511010728402 0.07260992335619201 0.018633540372670808
0 0.745260185558693 0.6442687747035574 0.13916901976603469 0.02710333145115754
0 0.20754336425978218 0.6922642574816488 0.08027430415490117 0.0220214568040655
0 0.30052440500201694 0.6981931112365894 0.05970149253731343 0.029926595143986448
0 0.3783783783783784 0.6933935629587803 0.0645421540943929 0.020327498588368152
0 0.4616780960064542 0.6921230942970074 0.07462686567164178 0.022868435911914172
0 0.5504235578862444 0.6959345002823264 0.06736587333602259 0.019198193111236588
0 0.6752722872125857 0.70214568040655 0.1290843081887858 0.037267080745341616
0 0.7827753126260589 0.6952286843591191 0.045582896329164985 0.021739130434782608
0 0.20653489310205728 0.7453416149068323 0.10326744655102864 0.025974025974025976
0 0.36688180718031466 0.7502823263692829 0.14078257361839452 0.028514963297571992
0 0.45683743444937475 0.7580463015245624 0.006857603872529245 0.010163749294184076
0 0.5044372730939896 0.7488706945228685 0.06575231948366277 0.018351214003387916
0 0.5873336022589754 0.747459062676454 0.03953206938281565 0.0189158667419537
0 0.7222670431625655 0.7454827780914738 0.1980637353771682 0.021739130434782608
