0 0.15893505445744252 0.26679841897233203 0.045986284792254944 0.020892151326933936
0 0.21782977006857604 0.269339356295878 0.026623638563937072 0.01637492941840768
0 0.28580072609923357 0.2707509881422925 0.06655909640984267 0.018633540372670808
0 0.32855990318676886 0.28500846979107847 0.0060508269463493344 0.007622811970638058
0 0.36809197256958454 0.27089215132693395 0.05687777329568374 0.022303783173348392
0 0.40318676885841065 0.2724449463579898 0.004437273093989512 0.02258610954263128
0 0.45219846712384026 0.2761151891586674 0.07018959257765228 0.01693958215697346
0 0.5354981847519161 0.27992659514398643 0.043162565550625254 0.011575381140598532
0 0.5970149253731343 0.28190287972896666 0.029850746268656716 0.008752117447769622
0 0.7202501008471158 0.28726708074534163 0.1690197660346914 0.03472614342179559
0 0.8612343686970553 0.2841614906832298 0.08713190802743041 0.018351214003387916
0 0.9084308188785801 0.2974308300395257 0.007260992335619202 0.007058159232072276
0 0.13977410246066962 0.3204404291360813 0.030254134731746672 0.010163749294184076
0 0.22710770471964503 0.32735742518351213 0.100040338846309 0.022303783173348392
0 0.3110125050423558 0.32368718238283456 0.023396530859217425 0.009316770186335404
0 0.3721258572004841 0.32185206098249575 0.06494554255748286 0.020892151326933936
0 0.4485679709560307 0.3222755505364201 0.04921339249697459 0.020609824957651044
0 0.5709963695038321 0.33540372670807456 0.14400968132311415 0.038396386222473176
0 0.6950383219039935 0.33667419536984755 0.04437273093989512 0.021739130434782608
0 0.7373941105284388 0.3221343873517787 0.010488100040338847 0.006775832862789385
0 0.7807583703106091 0.32919254658385094 0.058491327148043566 0.025409373235460192
0 0.8158531665994353 0.32523997741389044 0.008471157724889069 0.007905138339920948
0 0.8527632109721662 0.33032185206098247 0.023396530859217425 0.019762845849802372
0 0.1674062121823316 0.41741953698475437 0.0782573618394514 0.020609824957651044
0 0.21924162968939087 0.4323828345567476 0.007664380798709157 0.00818746470920384
0 0.2628075837031061 0.41727837380011296 0.05526421944332392 0.021456804065499716
0 0.43686970552642196 0.4256070016939582 0.22831787010891488 0.036420101637492944
0 0.6419927390076644 0.42758328627893843 0.11335215812827754 0.021174477696216828
0 0.7097620008067769 0.44240542066629024 0.0052440500201694235 0.009034443817052512
0 0.7394110528438886 0.42814793901750425 0.029043969342476807 0.021174477696216828
0 0.7922549415086728 0.4309712027103331 0.03711173860427592 0.0189158667419537
0 0.8656716417910447 0.43351214003387917 0.09035901573215006 0.020045172219085264
0 0.163574021782977 0.4652738565782044 0.07139975796692215 0.020892151326933936
0 0.21036708350141187 0.4805194805194805 0.008471157724889069 0.006211180124223602
0 0.254739814441307 0.46823828345567475 0.05687777329568374 0.020045172219085264
0 0.34328358208955223 0.4707792207792208 0.0782573618394514 0.022868435911914172
0 0.47862041145623235 0.4774138904573687 0.1262605889471561 0.029926595143986448
0 0.6192012908430818 0.47459062676453984 0.12020976200080678 0.023150762281197064
0 0.691407825736184 0.48955392433653305 0.00645421540943929 0.00846979107848673
0 0.718233158531666 0.4774138904573687 0.030254134731746672 0.021456804065499716
0 0.8160548608309802 0.47967250141163187 0.11778943122226704 0.0220214568040655
0 0.19443323920935862 0.567476002258611 0.13311819281968534 0.03613777526821005
0 0.30778539733763616 0.5628176171654432 0.045986284792254944 0.0189158667419537
0 0.42718838241226303 0.5630999435347261 0.1444130697862041 0.027385657820440428
0 0.5623235175473982 0.5684641445511011 0.063735377168213 0.020609824957651044
0 0.6448164582492941 0.5708639186900056 0.0609116579265833 0.019762845849802372
0 0.72730939895119 0.5772162619988707 0.06615570794675273 0.031338226990400904
0 0.8065752319483662 0.5724167137210615 0.04961678096006454 0.021739130434782608
0 0.8717224687373941 0.5732636928289102 0.050826946349334406 0.021739130434782608
0 0.19443323920935862 0.6084133258046301 0.127470754336426 0.02258610954263128
0 0.31040742234772084 0.610248447204969 0.04477611940298507 0.022868435911914172
0 0.37232755143202906 0.6122247317899492 0.03953206938281565 0.017786561264822136
0 0.43505445744251714 0.6173066064370413 0.058491327148043566 0.012704686617730096
0 0.50040338846309 0.6151891586674195 0.025413473174667203 0.020892151326933936
0 0.581686163775716 0.6239412761151891 0.09600645421540945 0.03162055335968379
0 0.6482452601855587 0.6360813099943535 0.008874546187979023 0.010163749294184076
0 0.6916095199677289 0.6278938452851497 0.0609116579265833 0.026538678712591756
0 0.764017749092376 0.6202710333145116 0.041145623235175476 0.025409373235460192
0 0.835820895522388 0.6274703557312253 0.05405405405405406 0.014963297571993224
0 0.18233158531665994 0.6569734613212874 0.12343686970552642 0.026538678712591756
0 0.290843081887858 0.6630434782608695 0.03953206938281565 0.018351214003387916
0 0.3963291649858814 0.6705251270468662 0.12706736587333603 0.040654997176736304
0 0.5185558693021379 0.6684076792772445 0.06413876563130294 0.01948051948051948
0 0.5935861234368697 0.6730660643704122 0.04961678096006454 0.020327498588368152
0 0.6748688987494957 0.6823828345567476 0.08067769261799113 0.04178430265386787
0 0.7656313029447358 0.6746188594014682 0.06131504638967326 0.018351214003387916
0 0.19342476805163372 0.7165443252399775 0.13755546591367487 0.04009034443817053
0 0.34187172246873737 0.7149915302089215 0.11657926583299717 0.017786561264822136
0 0.4673255344897136 0.7172501411631846 0.09156918112141993 0.01948051948051948
0 0.5201694231544978 0.7320722755505364 0.010891488503428802 0.00846979107848673
0 0.5615167406212183 0.7182382834556748 0.053247277127874144 0.0220214568040655
0 0.6147640177490924 0.7248729531338227 0.01855586930213796 0.00818746470920384
0 0.7139975796692215 0.7339073969508753 0.12666397741024607 0.03867871259175607
0 0.8386446147640177 0.7291078486730661 0.06938281565147236 0.017786561264822136
