0 0.1607503025413473 0.20920383963862224 0.03751512706736587 0.024280067758328628
0 0.22206534893102056 0.20863918690005648 0.045582896329164985 0.02766798418972332
0 0.32129891085114964 0.20878035008469792 0.08350141185962082 0.03190287972896669
0 0.445542557482856 0.21301524562394128 0.09479628882613957 0.0409373235460192
0 0.5663574021782977 0.2111801242236025 0.09519967728922953 0.024844720496894408
0 0.6575231948366277 0.21456804065499718 0.048406615570794675 0.039525691699604744
0 0.7313432835820896 0.2217673630717109 0.05405405405405406 0.026256352343308864
0 0.8144413069786204 0.21019198193111235 0.063735377168213 0.027950310559006212
0 0.8408632513110125 0.22600225861095427 0.004437273093989512 0.004799548277809147
0 0.1672045179507866 0.2639751552795031 0.035901573215006054 0.03274985883681536
0 0.21944332392093585 0.26468097120271034 0.020976200080677694 0.012140033879164314
0 0.3051633723275514 0.2651044607566347 0.08753529649052037 0.03613777526821005
0 0.4035901573215006 0.26665725578769056 0.052843888664784185 0.013269339356295878
0 0.4691407825736184 0.26016374929418407 0.03791851553045583 0.0251270468661773
0 0.5937878176684147 0.2621400338791643 0.16942315449778136 0.0251270468661773
0 0.7293263412666398 0.2605872388481084 0.04356595401371521 0.028232636928289104
0 0.7934651068979427 0.26256352343308864 0.017749092375958047 0.024844720496894408
0 0.8416700282371924 0.2683512140033879 0.0326744655102864 0.018351214003387916
0 0.15348931020572812 0.31620553359683795 0.014925373134328358 0.01129305477131564
0 0.2392093586123437 0.30999435347261434 0.08955223880597014 0.025974025974025976
0 0.3408632513110125 0.31493506493506496 0.06131504638967326 0.011575381140598532
0 0.43243243243243246 0.32396950875211744 0.0653489310205728 0.025691699604743084
0 0.535699878983461 0.31281761716544326 0.07341670028237192 0.023150762281197064
0 0.6296893908834207 0.3188876341050254 0.05405405405405406 0.01383399209486166
0 0.6889874949576442 0.31874647092038394 0.01371520774505849 0.007905138339920948
0 0.745461879790238 0.31719367588932806 0.0572811617587737 0.034161490683229816
0 0.8124243646631706 0.3156408808582722 0.02743041549011698 0.021456804065499716
0 0.8487293263412666 0.31945228684359117 0.010488100040338847 0.009881422924901186
0 0.19402985074626866 0.36053077357425184 0.09762000806776926 0.025409373235460192
0 0.3291649858814038 0.36773009599096557 0.10891488503428802 0.035290796160361376
0 0.3880597014925373 0.3738001129305477 0.003227107704719645 0.00282326369282891
0 0.43243243243243246 0.36151891586674195 0.05244050020169423 0.022303783173348392
0 0.5066559096409843 0.3642010163749294 0.03065752319483663 0.023715415019762844
0 0.6034691407825736 0.36928289102202144 0.09035901573215006 0.039525691699604744
0 0.7055264219443323 0.3651891586674195 0.04679306171843485 0.021174477696216828
0 0.8069786204114562 0.3694240542066629 0.09640984267849939 0.03303218520609825
0 0.18697055264219442 0.41120835686053075 0.07785397337636143 0.023997741389045736
0 0.2688584106494554 0.4147374364765669 0.018959257765227916 0.014116318464144552
0 0.3346107301331182 0.41205533596837945 0.033481242436466316 0.026256352343308864
0 0.40318676885841065 0.4124788255223038 0.040742234772085516 0.025974025974025976
0 0.46974586526825335 0.4148785996612084 0.027833803953206938 0.023433088650479956
0 0.5607099636950383 0.4147374364765669 0.08874546187979024 0.024844720496894408
0 0.6117386042759178 0.4233483907396951 0.003630496167809601 0.002540937323546019
0 0.6446147640177491 0.4153020892151327 0.035498184751916094 0.018633540372670808
0 0.7361839451391691 0.4191134952004517 0.0935861234368697 0.03303218520609825
0 0.8235175473981444 0.41233766233766234 0.02702702702702703 0.02456239412761152
0 0.1801129487696652 0.46174477696216826 0.05445744251714401 0.023433088650479956
0 0.26603469140782576 0.470214568040655 0.03993545784590561 0.014398644833427442
0 0.34590560709963697 0.470214568040655 0.04154901169826543 0.012140033879164314
0 0.4118596208148447 0.4637210615471485 0.02501008471157725 0.023433088650479956
0 0.4715611133521581 0.46499153020892153 0.03711173860427592 0.020892151326933936
0 0.5437676482452601 0.46202710333145114 0.0500201694231545 0.027950310559006212
0 0.6585316659943525 0.47148503670242803 0.10528438886647842 0.031055900621118012
0 0.7656313029447358 0.4699322416713721 0.048406615570794675 0.031338226990400904
0 0.8346107301331182 0.46922642574816487 0.04679306171843485 0.01129305477131564
0 0.191004437273094 0.5111518915866742 0.0826946349334409 0.026821005081874648
0 0.2983057684550222 0.512987012987013 0.04477611940298507 0.026538678712591756
0 0.40237999193223073 0.5201863354037267 0.08430818878580072 0.03867871259175607
0 0.5528438886647842 0.5139751552795031 0.1472367890278338 0.026821005081874648
0 0.6351351351351351 0.5231507622811971 0.0060508269463493344 0.01693958215697346
0 0.6766841468334006 0.5162337662337663 0.040742234772085516 0.022303783173348392
0 0.764017749092376 0.5173630717108978 0.05647438483259379 0.021739130434782608
0 0.1744655102864058 0.5695934500282326 0.052843888664784185 0.01383399209486166
0 0.2646228317870109 0.5773574251835122 0.055667607906413875 0.024844720496894408
0 0.3620411456232352 0.5686053077357425 0.0681726502622025 0.033314511575381144
0 0.4536103267446551 0.5630999435347261 0.04235578862444534 0.025691699604743084
0 0.5625252117789431 0.564652738565782 0.11012505042355789 0.026538678712591756
0 0.6732553448971359 0.5659232072275551 0.04679306171843485 0.028514963297571992
0 0.7382008874546188 0.5669113495200452 0.02016942315449778 0.023150762281197064
0 0.8120209762000806 0.5656408808582721 0.07664380798709157 0.025691699604743084
0 0.19281968535699878 0.61914172783738 0.08793868495361033 0.03500846979107849
0 0.3261395724082291 0.6147656691134952 0.09560306575231949 0.025691699604743084
0 0.445542557482856 0.6147656691134952 0.06736587333602259 0.0251270468661773
0 0.5262202501008472 0.617871259175607 0.024606696248487294 0.0189158667419537
0 0.5917708753529649 0.6223884810841332 0.026623638563937072 0.012704686617730096
0 0.6869705526421944 0.623235460191982 0.09762000806776926 0.03811405985319029
0 0.2117789431222267 0.6638904573687182 0.12343686970552642 0.026256352343308864
0 0.36829366680112946 0.6665725578769057 0.10649455425574829 0.024844720496894408
0 0.42940701895925776 0.6756070016939583 0.0028237192416296895 0.002258610954263128
