0 0.1607503025413473 0.21470920383963862 0.03993545784590561 0.023433088650479956
0 0.22892295280354982 0.21979107848673066 0.04961678096006454 0.03077357425183512
0 0.3110125050423558 0.21696781479390176 0.04759983864461476 0.021174477696216828
0 0.42214602662363854 0.21682665160926032 0.11577248890681727 0.0220214568040655
0 0.481444130697862 0.22967250141163184 0.007664380798709157 0.007058159232072276
0 0.5463896732553449 0.21583850931677018 0.056070996369503835 0.022868435911914172
0 0.6030657523194837 0.2127329192546584 0.021782977006857603 0.022303783173348392
0 0.6478418717224688 0.2155561829474873 0.04195240016135539 0.021174477696216828
0 0.7690601048810004 0.21936758893280633 0.13674868898749495 0.03557312252964427
0 0.2208551835417507 0.25903444381705254 0.15611133521581283 0.03585544889892716
0 0.3523598225090762 0.25804630152456237 0.06575231948366277 0.037267080745341616
0 0.4209358612343687 0.26990400903444384 0.025413473174667203 0.012422360248447204
0 0.5060508269463493 0.2611518915866742 0.09560306575231949 0.031055900621118012
0 0.6313029447357805 0.2608695652173913 0.100040338846309 0.030491247882552232
0 0.7252924566357403 0.2628458498023715 0.0500201694231545 0.030491247882552232
0 0.7864058087938685 0.2583286278938453 0.056070996369503835 0.03613777526821005
0 0.8537716821298911 0.2689158667419537 0.056070996369503835 0.05110107284020327
0 0.8878580072609923 0.27540937323546016 0.0024203307785397336 0.001976284584980237
0 0.15691811214199275 0.3135234330886505 0.03307785397337636 0.0251270468661773
0 0.2505042355788624 0.31507622811970637 0.08955223880597014 0.023715415019762844
0 0.37494957644211374 0.3160643704121965 0.09883017345703912 0.04940711462450593
0 0.4782170229931424 0.3114059853190288 0.051230334812424366 0.03500846979107849
0 0.5415490116982654 0.3081592320722755 0.031060911657926585 0.03359683794466403
0 0.6246470350947962 0.3114059853190288 0.0826946349334409 0.03162055335968379
0 0.7204517950786608 0.3101355166572558 0.048406615570794675 0.03303218520609825
0 0.781565147236789 0.3126764539808018 0.051230334812424366 0.028514963297571992
0 0.18576038725292457 0.36617730095990964 0.09156918112141993 0.04009034443817053
0 0.24526018555869303 0.3814229249011858 0.009681323114158934 0.010163749294184076
0 0.31847519160952 0.36589497459062675 0.05929810407422348 0.025409373235460192
0 0.39774102460669625 0.36038961038961037 0.04679306171843485 0.032467532467532464
0 0.4681323114158935 0.36773009599096557 0.04719645018152481 0.02456239412761152
0 0.5510286405808794 0.3632128740824393 0.08309802339653086 0.046583850931677016
0 0.6827349737797499 0.366600790513834 0.1335215812827753 0.04601919819311124
0 0.7894312222670432 0.3619424054206663 0.053247277127874144 0.03162055335968379
0 0.8517547398144413 0.37140033879164314 0.02218636546994756 0.01101072840203275
0 0.17507059298104075 0.41106719367588934 0.07422347720855184 0.037267080745341616
0 0.26663977410246065 0.4161490683229814 0.05244050020169423 0.024844720496894408
0 0.3481242436466317 0.4138904573687182 0.07745058491327148 0.029361942405420668
0 0.43142396127470756 0.411914172783738 0.06010488100040339 0.034443817052512704
0 0.49939491730536506 0.41120835686053075 0.033884630899556276 0.03472614342179559
0 0.599435256151674 0.4138904573687182 0.11375554659136748 0.032185206098249576
0 0.7295280354981848 0.411914172783738 0.09237595804759983 0.03613777526821005
0 0.8158531665994353 0.41854884246188595 0.025413473174667203 0.0189158667419537
0 0.19665187575635337 0.4599096555618295 0.12141992739007665 0.03896103896103896
0 0.2654296087131908 0.47656691134952006 0.003227107704719645 0.0016939582156973462
0 0.31686163775716014 0.46386222473178995 0.057684550221863654 0.028797289666854884
0 0.4116579265832997 0.4748729531338227 0.06252521177894312 0.049689440993788817
0 0.48951189995966116 0.46597967250141165 0.05203711173860428 0.026821005081874648
0 0.5528438886647842 0.4654150197628458 0.04961678096006454 0.027950310559006212
0 0.6151674062121824 0.4618859401468097 0.03227107704719645 0.034443817052512704
0 0.7188382412263009 0.46809712027103334 0.1290843081887858 0.04799548277809147
0 0.8122226704316257 0.4632975719932242 0.0326744655102864 0.029926595143986448
0 0.8553852359822509 0.46075663466967814 0.0326744655102864 0.034443817052512704
0 0.17809600645421542 0.5159514398644833 0.06736587333602259 0.027950310559006212
0 0.27067365873336025 0.5141163184641445 0.10246066962484873 0.029361942405420668
0 0.3150463896732553 0.532608695652174 0.009681323114158934 0.007622811970638058
0 0.3612343686970553 0.5227272727272727 0.01734570391286809 0.01383399209486166
0 0.46248487293263413 0.5203274985883681 0.1553045582896329 0.04799548277809147
0 0.5762404195240016 0.5190570299265952 0.019766034691407825 0.020045172219085264
0 0.6809197256958451 0.5136928289102202 0.1145623235175474 0.03472614342179559
0 0.7521177894312223 0.5282326369282891 0.003630496167809601 0.0016939582156973462
0 0.7962888261395724 0.5125635234330886 0.04033884630899556 0.029079616036137776
0 0.8473174667204518 0.5173630717108978 0.04477611940298507 0.032467532467532464
0 0.1708350141185962 0.5708639186900056 0.05445744251714401 0.05251270468661773
0 0.22710770471964503 0.5688876341050254 0.04759983864461476 0.0220214568040655
0 0.33642597821702297 0.5688876341050254 0.10810810810810811 0.044607566346696784
0 0.4118596208148447 0.5827216261998871 0.00645421540943929 0.009034443817052512
0 0.4717628075837031 0.5660643704121965 0.058491327148043566 0.02766798418972332
0 0.5613150463896732 0.5659232072275551 0.0754336425978217 0.05505364201016375
0 0.6647841871722469 0.5774985883681536 0.08148446954417103 0.03077357425183512
0 0.7384025816861638 0.581451157538114 0.024606696248487294 0.029079616036137776
0 0.7839854780153288 0.5652173913043478 0.02379991932230738 0.029361942405420668
0 0.8535699878983461 0.5662055335968379 0.0790641387656313 0.03077357425183512
0 0.1438079870915692 0.6185770750988142 0.014925373134328358 0.020892151326933936
0 0.19846712384025816 0.609966120835686 0.04437273093989512 0.037549407114624504
0 0.28862444534086323 0.6257763975155279 0.0899556272690601 0.034161490683229816
0 0.3924969745865268 0.6150479954827781 0.041145623235175476 0.03077357425183512
0 0.4735780556676079 0.6129305477131564 0.050826946349334406 0.034443817052512704
0 0.5667607906413876 0.6096837944664032 0.08874546187979024 0.0409373235460192
0 0.6353368293666801 0.6228119706380576 0.03065752319483663 0.01355166572557877
0 0.6976603469140783 0.6156126482213439 0.03993545784590561 0.029644268774703556
0 0.7626058894715612 0.6171654432523997 0.04235578862444534 0.02710333145115754
0 0.8378378378378378 0.6136363636363636 0.06857603872529246 0.034161490683229816
0 0.8838241226300928 0.6314229249011858 0.007260992335619202 0.007622811970638058
0 0.15853166599435256 0.6740542066629023 0.04437273093989512 0.014398644833427442
0 0.22730939895118998 0.668548842461886 0.057684550221863654 0.04630152456239413
0 0.28317870108914883 0.6626199887069453 0.07180314643001211 0.03613777526821005
0 0.39411052843888666 0.6662902315076228 0.060508269463493344 0.02766798418972332
0 0.46873739411052845 0.6629023150762281 0.03146430012101654 0.03557312252964427
0 0.6077047196450182 0.6638904573687182 0.1899959661153691 0.037549407114624504
0 0.7644211375554659 0.6662902315076228 0.0653489310205728 0.03162055335968379
0 0.8289632916498588 0.6613495200451722 0.03630496167809601 0.03585544889892716
