0 0.21157724889068172 0.2595990965556183 0.11738604275917709 0.026256352343308864
0 0.31141589350544574 0.25945793337097683 0.03307785397337636 0.007340485601355167
0 0.3785800726099234 0.2587521174477696 0.045582896329164985 0.015527950310559006
0 0.46974586526825335 0.25804630152456237 0.08350141185962082 0.01693958215697346
0 0.5471964501815249 0.25705815923207226 0.02944735780556676 0.016092603049124788
0 0.628075837031061 0.2621400338791643 0.05889471561113352 0.009881422924901186
0 0.7164179104477612 0.2632693393562959 0.08713190802743041 0.0251270468661773
0 0.8063735377168213 0.2608695652173913 0.06696248487293263 0.014680971202710334
0 0.8864461476401775 0.2660926030491248 0.06736587333602259 0.011575381140598532
0 0.15469947559499797 0.3071710897797854 0.021379588543767647 0.007340485601355167
0 0.23315853166599435 0.30237154150197626 0.08874546187979024 0.018068887634105024
0 0.32029043969342474 0.30971202710333146 0.053247277127874144 0.01129305477131564
0 0.3838241226300928 0.30886504799548276 0.035901573215006054 0.01129305477131564
0 0.4707543364259782 0.314652738565782 0.08632513110125051 0.00818746470920384
0 0.554860830980234 0.3105590062111801 0.03993545784590561 0.014680971202710334
0 0.6262605889471561 0.3098531902879729 0.05929810407422348 0.017786561264822136
0 0.7099636950383219 0.3147939017504235 0.045986284792254944 0.011857707509881422
0 0.7948769665187576 0.3123941276115189 0.0891488503428802 0.012704686617730096
0 0.16417910447761194 0.4096555618294749 0.04517950786607503 0.009599096555618294
0 0.2392093586123437 0.4117730095990966 0.041145623235175476 0.008752117447769622
0 0.3686970552642194 0.4097967250141163 0.1500605082694635 0.014963297571993224
0 0.5282371924162969 0.41205533596837945 0.1262605889471561 0.014398644833427442
0 0.6325131101250504 0.41727837380011296 0.03065752319483663 0.009034443817052512
0 0.7115772488906817 0.41332580463015245 0.063735377168213 0.012987012987012988
0 0.836425978217023 0.41233766233766234 0.12061315046389673 0.014963297571993224
0 0.16700282371924163 0.6122247317899492 0.05486083098023396 0.01383399209486166
0 0.2573618394513917 0.6126482213438735 0.06857603872529246 0.012987012987012988
0 0.3519564340459863 0.6132128740824393 0.058491327148043566 0.014680971202710334
0 0.4584509883017346 0.6149068322981367 0.08592174263816055 0.017504234895539244
0 0.600242033077854 0.61914172783738 0.14037918515530456 0.020892151326933936
0 0.7146026623638564 0.6212591756070017 0.03428801936264623 0.006493506493506494
0 0.827753126260589 0.6180124223602484 0.14602662363856395 0.021456804065499716
0 0.15933844292053248 0.6613495200451722 0.03307785397337636 0.011575381140598532
0 0.1865671641791045 0.6689723320158103 0.002016942315449778 0.0036702428006775835
0 0.23336022589753933 0.6647374364765669 0.05203711173860428 0.013269339356295878
0 0.26946349334409037 0.6747600225861096 0.0024203307785397336 0.0033879164313946925
0 0.30496167809600644 0.6651609260304913 0.01855586930213796 0.007340485601355167
0 0.38785800726099234 0.6636081309994354 0.09560306575231949 0.016657255787690572
0 0.45038321903993545 0.6743365330321852 0.004437273093989512 0.004234895539243365
0 0.5800726099233562 0.6675607001693958 0.20411456232351755 0.020045172219085264
0 0.7599838644614764 0.6677018633540373 0.0935861234368697 0.015245623941276116
0 0.8152480839048003 0.6780067758328628 0.003227107704719645 0.003105590062111801
0 0.8505445744251714 0.6669960474308301 0.030254134731746672 0.014398644833427442
