0 0.17386042759177087 0.21583850931677018 0.07018959257765228 0.0189158667419537
0 0.2823719241629689 0.22106154714850368 0.09519967728922953 0.023150762281197064
0 0.3961274707543364 0.21513269339356295 0.06212182331585317 0.012987012987012988
0 0.4755949979830577 0.21597967250141162 0.04033884630899556 0.01355166572557877
0 0.5661557079467527 0.21640316205533597 0.07624041952400161 0.016657255787690572
0 0.6756756756756757 0.21569734613212874 0.07503025413473174 0.017504234895539244
0 0.7561516740621218 0.217673630717109 0.025413473174667203 0.014680971202710334
0 0.8255344897135942 0.2161208356860531 0.04961678096006454 0.014963297571993224
0 0.16821298910851148 0.2691981931112366 0.06696248487293263 0.017786561264822136
0 0.24848729326341268 0.2694805194805195 0.029043969342476807 0.020609824957651044
0 0.34288019362646227 0.26679841897233203 0.100040338846309 0.018633540372670808
0 0.48951189995966116 0.2694805194805195 0.12141992739007665 0.020609824957651044
0 0.6254538120209762 0.2715979672501412 0.09076240419524001 0.02258610954263128
0 0.7162162162162162 0.2713156408808583 0.02702702702702703 0.01355166572557877
0 0.7666397741024606 0.269339356295878 0.025413473174667203 0.019762845849802372
0 0.8257361839451391 0.2670807453416149 0.04921339249697459 0.01129305477131564
0 0.18898749495764422 0.3170525127046866 0.10609116579265833 0.02258610954263128
0 0.33763614360629285 0.31719367588932806 0.14521984671238403 0.01948051948051948
0 0.41508672851956435 0.32029926595143987 0.003227107704719645 0.001976284584980237
0 0.43707139975796694 0.30787690570299264 0.014925373134328358 0.00818746470920384
0 0.47236789027833803 0.3154997176736307 0.05163372327551432 0.015527950310559006
0 0.6022589753933038 0.3178994918125353 0.16296893908834206 0.015810276679841896
0 0.7321500605082695 0.31747600225861095 0.04195240016135539 0.012704686617730096
0 0.8221056877773296 0.31747600225861095 0.08471157724889068 0.016092603049124788
0 0.15611133521581283 0.3708356860530774 0.024203307785397338 0.023997741389045736
0 0.2029043969342477 0.36589497459062675 0.022589753933037516 0.015245623941276116
0 0.26845502218636547 0.365330321852061 0.052843888664784185 0.014680971202710334
0 0.327349737797499 0.3654714850367024 0.022993142396127472 0.012704686617730096
0 0.3763614360629286 0.36914172783738003 0.029043969342476807 0.01383399209486166
0 0.46046793061718433 0.36885940146809715 0.10205728116175877 0.022303783173348392
0 0.5623235175473982 0.36914172783738003 0.0653489310205728 0.0189158667419537
0 0.5956030657523195 0.3746470920383964 0.007664380798709157 0.00846979107848673
0 0.6506655909640984 0.3673066064370412 0.06857603872529246 0.011857707509881422
0 0.7422347720855184 0.367871259175607 0.05647438483259379 0.014680971202710334
0 0.8257361839451391 0.36928289102202144 0.042759177087535294 0.014116318464144552
0 0.16155707946752723 0.41883116883116883 0.0609116579265833 0.023997741389045736
0 0.24263816054860832 0.41741953698475437 0.0463896732553449 0.014398644833427442
0 0.2708753529649052 0.42292490118577075 0.0060508269463493344 0.00846979107848673
0 0.3338039532069383 0.41967814793901753 0.09318273497377975 0.017221908526256352
0 0.43586123436869706 0.41727837380011296 0.052843888664784185 0.023150762281197064
0 0.5340863251311012 0.41869000564652736 0.10488100040338846 0.020327498588368152
0 0.5966115369100444 0.424901185770751 0.00645421540943929 0.006775832862789385
0 0.6434045986284792 0.41756070016939584 0.06696248487293263 0.012422360248447204
0 0.7139975796692215 0.41798418972332013 0.04195240016135539 0.012704686617730096
0 0.81807180314643 0.42207792207792205 0.10649455425574829 0.021456804065499716
0 0.1809197256958451 0.5186335403726708 0.07785397337636143 0.012422360248447204
0 0.26099233561920127 0.5227272727272727 0.028237192416296894 0.014963297571993224
0 0.3898749495764421 0.5213156408808582 0.1762807583703106 0.03077357425183512
0 0.5937878176684147 0.5197628458498024 0.1661960467930617 0.020892151326933936
0 0.7365873336022589 0.5207509881422925 0.0653489310205728 0.016657255787690572
0 0.8031464300121016 0.5175042348955392 0.01855586930213796 0.015245623941276116
0 0.8495361032674466 0.5220214568040655 0.03630496167809601 0.018068887634105024
0 0.2008874546187979 0.5647939017504235 0.11375554659136748 0.025691699604743084
0 0.29588543767648245 0.564652738565782 0.02702702702702703 0.012422360248447204
0 0.3741427995159338 0.560841332580463 0.06575231948366277 0.01948051948051948
0 0.4582492940701896 0.5638057594579333 0.045986284792254944 0.01355166572557877
0 0.5330778539733764 0.5628176171654432 0.035901573215006054 0.016657255787690572
0 0.6286809197256958 0.5653585544889893 0.09721661960467931 0.020045172219085264
0 0.68192819685357 0.5684641445511011 0.0060508269463493344 0.003105590062111801
