0 0.18293666801129488 0.1966403162055336 0.11738604275917709 0.014963297571993224
0 0.3208955223880597 0.19268774703557312 0.12384025816861638 0.016657255787690572
0 0.46772892295280355 0.1901468097120271 0.1335215812827753 0.016657255787690572
0 0.5887454618797903 0.19028797289666854 0.06413876563130294 0.014116318464144552
0 0.7004840661557079 0.19184076792772445 0.11415893505445744 0.020045172219085264
0 0.8406615570794675 0.1907114624505929 0.10649455425574829 0.014398644833427442
0 0.14743848325937878 0.24647092038396387 0.026220250100847116 0.014680971202710334
0 0.2200484066155708 0.24618859401468096 0.07382008874546188 0.019198193111236588
0 0.2680516337232755 0.24872953133822698 0.0060508269463493344 0.00282326369282891
0 0.31040742234772084 0.24322416713721062 0.0391286809197257 0.018351214003387916
0 0.382008874546188 0.24703557312252963 0.06212182331585317 0.010728402032749858
0 0.49697458652682536 0.2440711462450593 0.12101653892698669 0.015527950310559006
0 0.6036708350141186 0.24280067758328627 0.0463896732553449 0.01355166572557877
0 0.6661960467930618 0.24167137210615472 0.0318676885841065 0.012987012987012988
0 0.7398144413069786 0.2419536984754376 0.07583703106091166 0.015810276679841896
0 0.8170633319887052 0.2422360248447205 0.038321903993545785 0.014116318464144552
0 0.8939088342073417 0.24265951439864483 0.07745058491327148 0.01383399209486166
0 0.1863654699475595 0.2974308300395257 0.09519967728922953 0.013269339356295878
0 0.30899556272690604 0.2931959345002823 0.08713190802743041 0.017786561264822136
0 0.40197660346914077 0.29150197628458496 0.04235578862444534 0.014398644833427442
0 0.47761194029850745 0.2931959345002823 0.06212182331585317 0.017786561264822136
0 0.5951996772892295 0.2941840767927724 0.1319080274304155 0.015810276679841896
0 0.7075433642597821 0.29686617730095993 0.03711173860427592 0.017221908526256352
0 0.8023396530859217 0.294042913608131 0.10810810810810811 0.017786561264822136
0 0.8987494957644211 0.2964426877470356 0.053247277127874144 0.017504234895539244
0 0.15167406212182333 0.3490965556182947 0.03711173860427592 0.015527950310559006
0 0.24667204517950786 0.34655561829474874 0.09721661960467931 0.016657255787690572
0 0.3890681726502622 0.3468379446640316 0.10689794271883823 0.014963297571993224
0 0.5207745058491328 0.34853190287972896 0.09519967728922953 0.015527950310559006
0 0.6405808793868495 0.34937888198757766 0.09116579265832997 0.009316770186335404
0 0.8293666801129488 0.34443817052512704 0.20572811617587736 0.017504234895539244
0 0.1553045582896329 0.4020327498588368 0.03146430012101654 0.014680971202710334
0 0.23436869705526422 0.39808018068887635 0.06857603872529246 0.017504234895539244
0 0.3390480032271077 0.3961038961038961 0.08350141185962082 0.01637492941840768
0 0.42496974586526826 0.39836250705815923 0.03509479628882614 0.01355166572557877
0 0.5244050020169423 0.3961038961038961 0.10972166196046793 0.019198193111236588
0 0.6234368697055265 0.39695087521174477 0.030254134731746672 0.017504234895539244
0 0.6948366276724486 0.39779785431959347 0.06978620411456232 0.011857707509881422
0 0.8204921339249698 0.396386222473179 0.1306978620411456 0.015810276679841896
0 0.8985478015328762 0.40160926030491245 0.006857603872529245 0.001976284584980237
0 0.935659540137152 0.39412761151891584 0.04961678096006454 0.019198193111236588
0 0.20048406615570794 0.44988706945228685 0.12666397741024607 0.017221908526256352
0 0.31020572811617586 0.44889892715979673 0.029043969342476807 0.015245623941276116
0 0.3989511899959661 0.45398080180688877 0.08955223880597014 0.01129305477131564
0 0.49737797498991526 0.4535573122529644 0.041145623235175476 0.01101072840203275
0 0.572206534893102 0.4507340485601355 0.06494554255748286 0.016092603049124788
0 0.6784993949173054 0.44748729531338227 0.09519967728922953 0.01693958215697346
0 0.8031464300121016 0.4470638057594579 0.09842678499394918 0.016657255787690572
0 0.8892698668818072 0.4479107848673066 0.038321903993545785 0.013269339356295878
0 0.21298910851149658 0.5014116318464145 0.16780960064542155 0.015810276679841896
0 0.3666801129487697 0.4977413890457369 0.0653489310205728 0.019198193111236588
0 0.49394917305365066 0.4981648785996612 0.12061315046389673 0.017221908526256352
0 0.609318273497378 0.5026821005081875 0.04881000403388463 0.010446075663466968
0 0.7043162565550625 0.4978825522303783 0.07099636950383219 0.016092603049124788
0 0.8158531665994353 0.4953416149068323 0.10286405808793868 0.017786561264822136
0 0.20471964501815249 0.5508187464709203 0.1472367890278338 0.018068887634105024
0 0.37777329568374346 0.5551948051948052 0.10125050423557887 0.022868435911914172
0 0.5328761597418313 0.5526538678712591 0.14683340056474384 0.023997741389045736
0 0.6754739814441307 0.5485601355166573 0.07301331181928197 0.018068887634105024
0 0.8267446551028641 0.5499717673630717 0.1609519967728923 0.025409373235460192
0 0.15469947559499797 0.6062958780350085 0.040742234772085516 0.01948051948051948
0 0.27410246066962485 0.604884246188594 0.12141992739007665 0.02456239412761152
0 0.39229528035498185 0.6038961038961039 0.05526421944332392 0.01693958215697346
0 0.5076643807987091 0.6033314511575382 0.11496571198063735 0.01693958215697346
0 0.6960467930617185 0.6038961038961039 0.18676885841064947 0.01637492941840768
0 0.8582089552238806 0.6057312252964426 0.08672851956434045 0.02456239412761152
0 0.9106494554255748 0.6079898362507058 0.0052440500201694235 0.003105590062111801
