0 0.18313836224283986 0.2660926030491248 0.11778943122226704 0.027950310559006212
0 0.29689390883420735 0.27300959909655564 0.06857603872529246 0.024280067758328628
0 0.40137152077450583 0.27498588368153587 0.09035901573215006 0.029926595143986448
0 0.4872932634126664 0.26905702992659514 0.033884630899556276 0.039525691699604744
0 0.5937878176684147 0.26905702992659514 0.14118596208148446 0.039525691699604744
0 0.7289229528035498 0.26439864483342745 0.08551835417507059 0.025691699604743084
0 0.17749092375958048 0.3232636928289102 0.1073013311819282 0.031055900621118012
0 0.27309398951189995 0.3234048560135517 0.04033884630899556 0.03077357425183512
0 0.400363049616781 0.320016939582157 0.16982654296087132 0.03980801806888763
0 0.5389269866881807 0.3147939017504235 0.07664380798709157 0.025409373235460192
0 0.6668011294876967 0.3201581027667984 0.1355385235982251 0.039525691699604744
0 0.7464703509479629 0.3274985883681536 0.003630496167809601 0.005081874647092038
0 0.8176684146833401 0.314652738565782 0.10326744655102864 0.022868435911914172
0 0.19604679306171843 0.3673066064370412 0.1500605082694635 0.025409373235460192
0 0.3344090359015732 0.3771880293619424 0.0790641387656313 0.028797289666854884
0 0.4058087938684954 0.3674477696216827 0.01371520774505849 0.012140033879164314
0 0.48769665187575634 0.3725296442687747 0.10891488503428802 0.03190287972896669
0 0.6127470754336426 0.36645962732919257 0.08874546187979024 0.0378317334839074
0 0.699273900766438 0.36278938452851495 0.058491327148043566 0.029361942405420668
0 0.8291649858814037 0.3728119706380576 0.16256555062525213 0.03303218520609825
0 0.16397741024606696 0.4155844155844156 0.07785397337636143 0.029361942405420668
0 0.26321097216619604 0.41953698475437606 0.06978620411456232 0.015810276679841896
0 0.32876159741831384 0.4193958215697346 0.020976200080677694 0.01383399209486166
0 0.4062121823315853 0.42193675889328064 0.10084711577248891 0.03867871259175607
0 0.4598628479225494 0.43054771315640883 0.003227107704719645 0.007340485601355167
0 0.5377168212989109 0.41883116883116883 0.09842678499394918 0.023433088650479956
0 0.6339249697458653 0.4181253529079616 0.04235578862444534 0.019762845849802372
0 0.7418313836224284 0.4155844155844156 0.1073013311819282 0.0220214568040655
0 0.8642597821702299 0.4189723320158103 0.10770471964501815 0.03613777526821005
0 0.9239612747075434 0.4313946922642575 0.0052440500201694235 0.012422360248447204
0 0.200080677692618 0.5667701863354038 0.14360629286002422 0.03077357425183512
0 0.31686163775716014 0.5717108977978543 0.021379588543767647 0.011857707509881422
0 0.3672851956434046 0.5676171654432524 0.06413876563130294 0.02456239412761152
0 0.44050020169423154 0.5700169395821569 0.03065752319483663 0.037267080745341616
0 0.5429608713190803 0.5735460191981931 0.14764017749092376 0.03811405985319029
0 0.6988705123033482 0.5660643704121965 0.11335215812827754 0.023715415019762844
0 0.8223073820088745 0.5666290231507622 0.0826946349334409 0.023715415019762844
0 0.8751512706736587 0.5772162619988707 0.007664380798709157 0.026821005081874648
0 0.18676885841064947 0.6112365894974591 0.09519967728922953 0.028232636928289104
0 0.28479225494150867 0.6173066064370413 0.0653489310205728 0.021739130434782608
0 0.3916901976603469 0.6187182382834556 0.09762000806776926 0.025691699604743084
0 0.4899152884227511 0.6181535855448899 0.058491327148043566 0.0251270468661773
0 0.6292860024203307 0.6239412761151891 0.16377571601452198 0.04630152456239413
0 0.8059701492537313 0.6221061547148503 0.14360629286002422 0.04376058723884811
0 0.19604679306171843 0.6737718802936195 0.11294876966518758 0.027950310559006212
0 0.2656313029447358 0.6846414455110107 0.006857603872529245 0.010728402032749858
0 0.33642597821702297 0.6689723320158103 0.0782573618394514 0.025691699604743084
0 0.5044372730939896 0.6764539808018069 0.18676885841064947 0.04009034443817053
0 0.691004437273094 0.6691134952004517 0.1218233158531666 0.026538678712591756
0 0.8217022993142397 0.6661490683229814 0.08229124647035095 0.029644268774703556
0 0.18495361032674465 0.7267080745341615 0.0826946349334409 0.04178430265386787
0 0.31444130697862044 0.7257199322416714 0.11657926583299717 0.039243365330321855
0 0.4483662767244857 0.7272727272727273 0.09237595804759983 0.014116318464144552
0 0.5100847115772489 0.7327780914737436 0.0028237192416296895 0.0008469791078486731
