0 0.20471964501815249 0.21753246753246752 0.1536910044372731 0.039243365330321855
0 0.3436869705526422 0.21470920383963862 0.06776926179911255 0.0251270468661773
0 0.491125453812021 0.22120271033314512 0.1899959661153691 0.03359683794466403
0 0.5960064542154094 0.2295313382269904 0.004437273093989512 0.010163749294184076
0 0.6589350544574425 0.2140033879164314 0.09076240419524001 0.025974025974025976
0 0.7464703509479629 0.2183794466403162 0.043969342476805166 0.03020892151326934
0 0.8098023396530859 0.2140033879164314 0.058491327148043566 0.023150762281197064
0 0.2281161758773699 0.2717391304347826 0.19887051230334812 0.0409373235460192
0 0.44251714400968134 0.2735742518351214 0.19281968535699878 0.023715415019762844
0 0.5883420734167003 0.26990400903444384 0.031060911657926585 0.03896103896103896
0 0.6684146833400565 0.264257481648786 0.10246066962484873 0.024280067758328628
0 0.7718838241226301 0.26905702992659514 0.06252521177894312 0.037267080745341616
0 0.8539733763614361 0.2660926030491248 0.07745058491327148 0.026256352343308864
0 0.20976200080677693 0.31832298136645965 0.14521984671238403 0.026821005081874648
0 0.3795885437676482 0.3135234330886505 0.13795885437676483 0.0251270468661773
0 0.4893102057281162 0.322557876905703 0.029850746268656716 0.03585544889892716
0 0.5528438886647842 0.3154997176736307 0.051230334812424366 0.0251270468661773
0 0.6432029043969343 0.31620553359683795 0.07704719645018153 0.0220214568040655
0 0.7801532876159741 0.32128740824393 0.14521984671238403 0.03500846979107849
0 0.8743444937474788 0.3198757763975155 0.013311819281968536 0.0016939582156973462
0 0.1661960467930617 0.3681535855448899 0.07745058491327148 0.033314511575381144
0 0.31343283582089554 0.37422360248447206 0.16861637757160144 0.03303218520609825
0 0.47519160951996775 0.3738001129305477 0.09600645421540945 0.03274985883681536
0 0.5705929810407422 0.3706945228684359 0.0318676885841065 0.03387916431394692
0 0.6940298507462687 0.3760587238848108 0.18031464300121017 0.026538678712591756
0 0.8414683340056475 0.3644833427442123 0.07422347720855184 0.025974025974025976
0 0.21319080274304156 0.4222190852625635 0.16417910447761194 0.03585544889892716
0 0.3150463896732553 0.4193958215697346 0.010488100040338847 0.001411631846414455
0 0.40641387656313027 0.422360248447205 0.11496571198063735 0.03557312252964427
0 0.5885437676482452 0.4209486166007905 0.19927390076643808 0.03557312252964427
0 0.72730939895119 0.41643139469226426 0.03227107704719645 0.023715415019762844
0 0.7934651068979427 0.41643139469226426 0.06292860024203308 0.024844720496894408
0 0.872327551432029 0.4199604743083004 0.07220653489310205 0.03020892151326934
0 0.15147236789027835 0.4673913043478261 0.05203711173860428 0.023997741389045736
0 0.2589753933037515 0.46725014116318464 0.10488100040338846 0.025974025974025976
0 0.35841064945542556 0.47219085262563526 0.027833803953206938 0.036420101637492944
0 0.41226300927793463 0.46852060982495763 0.050826946349334406 0.027950310559006212
0 0.5324727712787414 0.47459062676453984 0.14118596208148446 0.034443817052512704
0 0.6149657119806373 0.4878599661208357 0.004437273093989512 0.01129305477131564
0 0.6680112948769665 0.4688029361942405 0.07180314643001211 0.02456239412761152
0 0.7148043565954014 0.48433088650479955 0.004033884630899556 0.009316770186335404
0 0.8005244050020169 0.4686617730095991 0.13594191206131503 0.026538678712591756
0 0.16216216216216217 0.521880293619424 0.029043969342476807 0.034161490683229816
0 0.2825736183945139 0.5290796160361377 0.1383622428398548 0.03162055335968379
0 0.38120209762000806 0.5182100508187465 0.050826946349334406 0.021739130434782608
0 0.4572408229124647 0.5293619424054207 0.05203711173860428 0.032185206098249576
0 0.5488100040338846 0.519339356295878 0.08592174263816055 0.023433088650479956
0 0.7289229528035498 0.5241389045736872 0.22186365469947558 0.035290796160361376
0 0.8424768051633723 0.5314793901750423 0.003630496167809601 0.011575381140598532
0 0.19060104881000403 0.5736871823828346 0.09318273497377975 0.0378317334839074
0 0.27390076643807987 0.567476002258611 0.04033884630899556 0.026538678712591756
0 0.4308188785800726 0.5691699604743083 0.22509076240419523 0.02766798418972332
0 0.5968132311415894 0.5688876341050254 0.05929810407422348 0.02710333145115754
0 0.6988705123033482 0.5677583286278939 0.09640984267849939 0.02710333145115754
0 0.7968939088342073 0.5681818181818182 0.05203711173860428 0.03980801806888763
0 0.2154094392900363 0.6242236024844721 0.1863654699475595 0.03670242800677583
0 0.4255748285599032 0.616600790513834 0.16216216216216217 0.025974025974025976
0 0.5665590964098427 0.6192828910220215 0.07462686567164178 0.022868435911914172
0 0.7488906817265026 0.623235460191982 0.24969745865268253 0.03698475437605872
0 0.23114158935054457 0.6770186335403726 0.19846712384025816 0.03613777526821005
0 0.35296490520371115 0.6894409937888198 0.003227107704719645 0.009034443817052512
0 0.4308188785800726 0.6741953698475438 0.13795885437676483 0.03557312252964427
0 0.6268656716417911 0.677442123094297 0.20653489310205728 0.034161490683229816
0 0.8019362646228317 0.665725578769057 0.10246066962484873 0.02766798418972332
0 0.2408229124647035 0.7261434217955957 0.21379588543767647 0.038396386222473176
0 0.4199273900766438 0.7230378317334839 0.10649455425574829 0.02258610954263128
0 0.5582896329164986 0.718944099378882 0.11536910044372731 0.023997741389045736
0 0.6760790641387656 0.7237436476566911 0.07180314643001211 0.01948051948051948
0 0.7983057684550222 0.7221908526256352 0.12424364663170634 0.028232636928289104
