0 0.23436869705526422 0.22120271033314512 0.16216216216216217 0.026821005081874648
0 0.3533682936668011 0.21668548842461885 0.045986284792254944 0.018351214003387916
0 0.44231544977813636 0.22077922077922077 0.08108108108108109 0.026538678712591756
0 0.5080677692617991 0.2279785431959345 0.0028237192416296895 0.007622811970638058
0 0.5657523194836628 0.21936758893280633 0.07220653489310205 0.018633540372670808
0 0.6738604275917709 0.21781479390175043 0.09479628882613957 0.018351214003387916
0 0.7349737797498992 0.2267080745341615 0.004033884630899556 0.006775832862789385
0 0.8190802743041549 0.21795595708639187 0.12141992739007665 0.019198193111236588
0 0.19766034691407824 0.265527950310559 0.09035901573215006 0.01948051948051948
0 0.3075837031060912 0.2672219085262564 0.06655909640984267 0.017786561264822136
0 0.42960871319080274 0.27060982495765107 0.11940298507462686 0.025691699604743084
0 0.5716014521984671 0.2717391304347826 0.10972166196046793 0.027950310559006212
0 0.6661960467930618 0.26905702992659514 0.031060911657926585 0.025409373235460192
0 0.7862041145623235 0.2724449463579898 0.16296893908834206 0.023150762281197064
0 0.20108914885034287 0.32368718238283456 0.0891488503428802 0.021174477696216828
0 0.2833803953206938 0.3170525127046866 0.030254134731746672 0.01637492941840768
0 0.4116579265832997 0.3221343873517787 0.16982654296087132 0.029361942405420668
0 0.5488100040338846 0.31719367588932806 0.05445744251714401 0.0189158667419537
0 0.6837434449374747 0.3232636928289102 0.1718434852763211 0.028797289666854884
0 0.8154497781363453 0.3157820440429136 0.03993545784590561 0.026256352343308864
0 0.21198063735377168 0.3695652173913043 0.11415893505445744 0.0220214568040655
0 0.29064138765631303 0.3749294184076793 0.0028237192416296895 0.009034443817052512
0 0.336022589753933 0.3705533596837945 0.029850746268656716 0.013269339356295878
0 0.3612343686970553 0.3759175607001694 0.003630496167809601 0.006493506493506494
0 0.4058087938684954 0.3695652173913043 0.03953206938281565 0.012987012987012988
0 0.517749092375958 0.36773009599096557 0.1335215812827753 0.022303783173348392
0 0.6502622025010085 0.36688311688311687 0.06292860024203308 0.01948051948051948
0 0.7658329971762807 0.371682665160926 0.12222670431625655 0.03077357425183512
0 0.22226704316256554 0.5231507622811971 0.13392496974586526 0.023150762281197064
0 0.3537716821298911 0.5217391304347826 0.07099636950383219 0.012422360248447204
0 0.46147640177490923 0.5215979672501412 0.08874546187979024 0.017786561264822136
0 0.5597014925373134 0.5208921513269339 0.04881000403388463 0.020327498588368152
0 0.636345300524405 0.5249858836815359 0.06010488100040339 0.01101072840203275
0 0.6871722468737395 0.5286561264822134 0.0028237192416296895 0.012140033879164314
0 0.7406212182331585 0.5191981931112366 0.05647438483259379 0.018633540372670808
0 0.8697055264219443 0.5245623941276115 0.15248083904800322 0.028232636928289104
0 0.24162968939088342 0.5722755505364201 0.16861637757160144 0.028797289666854884
0 0.38422751109318276 0.5701581027667985 0.05445744251714401 0.0189158667419537
0 0.5102864058087939 0.5702992659514399 0.1371520774505849 0.018633540372670808
0 0.7210568777732956 0.5729813664596274 0.20935861234368697 0.028514963297571992
0 0.2444534086325131 0.6212591756070017 0.1791044776119403 0.01948051948051948
0 0.3745461879790238 0.6246470920383964 0.024606696248487294 0.01101072840203275
0 0.463896732553449 0.6211180124223602 0.11536910044372731 0.018633540372670808
0 0.6341266639774102 0.6249294184076792 0.14521984671238403 0.011575381140598532
0 0.7521177894312223 0.6236589497459063 0.03428801936264623 0.024844720496894408
0 0.86304961678096 0.6284584980237155 0.13513513513513514 0.03162055335968379
0 0.936668011294877 0.6297289666854884 0.0024203307785397336 0.002540937323546019
