0 0.1853569987898346 0.19960474308300397 0.1044776119402985 0.0220214568040655
0 0.31867688584106496 0.2069452286843591 0.09842678499394918 0.024280067758328628
0 0.4265832997176281 0.2100508187464709 0.05526421944332392 0.02710333145115754
0 0.4846712384025817 0.20355731225296442 0.019766034691407825 0.007905138339920948
0 0.6214199273900767 0.20355731225296442 0.2109721661960468 0.039525691699604744
0 0.8602258975393303 0.20482778091473744 0.18031464300121017 0.04432523997741389
0 0.17507059298104075 0.2511293054771316 0.07018959257765228 0.023433088650479956
0 0.2535296490520371 0.25367024280067757 0.033481242436466316 0.014963297571993224
0 0.3317870108914885 0.24816487859966121 0.0754336425978217 0.025409373235460192
0 0.4302137958854377 0.2468944099378882 0.09237595804759983 0.01948051948051948
0 0.5423557886244453 0.24985883681535856 0.06252521177894312 0.01129305477131564
0 0.6756756756756757 0.2523997741389046 0.13150463896732553 0.028797289666854884
0 0.781565147236789 0.24971767363071712 0.04235578862444534 0.008752117447769622
0 0.872529245663574 0.24336533032185206 0.07503025413473174 0.020892151326933936
0 0.19221460266236384 0.35530773574251834 0.08430818878580072 0.020609824957651044
0 0.33864461476401775 0.35290796160361376 0.11335215812827754 0.024280067758328628
0 0.45784590560709965 0.3502258610954263 0.05808793868495361 0.02456239412761152
0 0.5524405002016942 0.3578486730660644 0.06978620411456232 0.02456239412761152
0 0.6073013311819282 0.3589779785431959 0.01008471157724889 0.022303783173348392
0 0.7043162565550625 0.3565782044042914 0.13473174667204518 0.037267080745341616
0 0.8160548608309802 0.3543195934500282 0.04033884630899556 0.010728402032749858
0 0.2117789431222267 0.40358554488989273 0.14602662363856395 0.0251270468661773
0 0.37938684953610324 0.3994918125352908 0.12384025816861638 0.023150762281197064
0 0.5036304961678096 0.397656691134952 0.05687777329568374 0.021739130434782608
0 0.5933844292053247 0.40146809712027104 0.08874546187979024 0.03274985883681536
0 0.6605486083098023 0.4049971767363072 0.014118596208148447 0.023433088650479956
0 0.7113755546591367 0.4028797289666855 0.038321903993545785 0.01129305477131564
0 0.8098023396530859 0.4000564652738566 0.11012505042355789 0.018068887634105024
0 0.19039935457845905 0.5059288537549407 0.0935861234368697 0.024280067758328628
0 0.25231948366276724 0.5151044607566346 0.008471157724889069 0.022303783173348392
0 0.3610326744655103 0.506352343308865 0.1355385235982251 0.039243365330321855
0 0.49757966922146024 0.5045172219085262 0.06413876563130294 0.026538678712591756
0 0.6448164582492941 0.5079051383399209 0.14239612747075434 0.024280067758328628
0 0.817870108914885 0.5049407114624506 0.11415893505445744 0.028514963297571992
0 0.1891891891891892 0.6055900621118012 0.1145623235175474 0.025409373235460192
0 0.3281565147236789 0.6019198193111237 0.06575231948366277 0.023715415019762844
0 0.41327148043565953 0.6016374929418408 0.07220653489310205 0.0220214568040655
0 0.4463493344090359 0.6142010163749294 0.0052440500201694235 0.003105590062111801
