0 0.15893505445744252 0.3204404291360813 0.02581686163775716 0.014680971202710334
0 0.2200484066155708 0.3207227555053642 0.07704719645018153 0.015245623941276116
0 0.282170229931424 0.3231225296442688 0.02379991932230738 0.009881422924901186
0 0.31968535699878986 0.32086391869000563 0.022993142396127472 0.014398644833427442
0 0.3656716417910448 0.32156973461321287 0.040742234772085516 0.01355166572557877
0 0.45139169019766034 0.32368718238283456 0.11052843888664785 0.022868435911914172
0 0.5599031867688584 0.3255223037831734 0.08067769261799113 0.015810276679841896
0 0.6708350141185963 0.3201581027667984 0.11052843888664785 0.01693958215697346
0 0.7702702702702703 0.3197346132128741 0.0536506655909641 0.014398644833427442
0 0.817870108914885 0.3191699604743083 0.025413473174667203 0.017221908526256352
0 0.8525615167406212 0.3201581027667984 0.018152480839048003 0.014680971202710334
0 0.20209762000806777 0.37549407114624506 0.10810810810810811 0.021456804065499716
0 0.2833803953206938 0.370412196499153 0.027833803953206938 0.014116318464144552
0 0.3444937474788221 0.3706945228684359 0.06131504638967326 0.014680971202710334
0 0.41488503428801937 0.37323546019198195 0.05687777329568374 0.01129305477131564
0 0.46551028640580877 0.37422360248447206 0.02016942315449778 0.007622811970638058
0 0.5139169019766034 0.37140033879164314 0.05808793868495361 0.016092603049124788
0 0.5649455425574829 0.37125917560700167 0.025413473174667203 0.014680971202710334
0 0.6183945139169019 0.3781761716544325 0.06212182331585317 0.020045172219085264
0 0.7263009277934651 0.3746470920383964 0.12061315046389673 0.020892151326933936
0 0.20754336425978218 0.42264257481648787 0.1262605889471561 0.017504234895539244
0 0.28418717224687373 0.42715979672501414 0.0028237192416296895 0.0016939582156973462
0 0.35760387252924564 0.424901185770751 0.12303348124243646 0.020892151326933936
0 0.4334409035901573 0.43068887634105024 0.002016942315449778 0.007058159232072276
0 0.45885437676482455 0.4244776962168266 0.020572811617587738 0.0189158667419537
0 0.5213795885437676 0.42518351214003386 0.07382008874546188 0.009599096555618294
0 0.5623235175473982 0.43068887634105024 0.0024203307785397336 0.005928853754940711
0 0.6157724889068172 0.4233483907396951 0.0754336425978217 0.015527950310559006
0 0.7450584913271481 0.42207792207792205 0.15328761597418314 0.01637492941840768
0 0.17930617184348527 0.472755505364201 0.07139975796692215 0.016092603049124788
0 0.327148043565954 0.47219085262563526 0.18394513916901978 0.0189158667419537
0 0.4598628479225494 0.4717673630717109 0.05244050020169423 0.01637492941840768
0 0.5242033077853974 0.47882552230378317 0.052843888664784185 0.018068887634105024
0 0.572206534893102 0.47219085262563526 0.018152480839048003 0.001976284584980237
0 0.6194029850746269 0.47148503670242803 0.051230334812424366 0.015810276679841896
0 0.745461879790238 0.47289666854884244 0.1782977006857604 0.01637492941840768
0 0.8604275917708754 0.4748729531338227 0.02501008471157725 0.007905138339920948
0 0.17386042759177087 0.5231507622811971 0.06292860024203308 0.015810276679841896
0 0.24405002016942315 0.5227272727272727 0.05405405405405406 0.016657255787690572
0 0.2900363049616781 0.5244212309429701 0.01855586930213796 0.01383399209486166
0 0.3075837031060912 0.5313382269904009 0.0028237192416296895 0.006775832862789385
0 0.3370310609116579 0.5249858836815359 0.021379588543767647 0.017221908526256352
0 0.3785800726099234 0.5230095990965556 0.04719645018152481 0.016657255787690572
0 0.4235578862444534 0.5266798418972332 0.02016942315449778 0.016657255787690572
0 0.47418313836224285 0.5282326369282891 0.0536506655909641 0.014116318464144552
0 0.518757563533683 0.5313382269904009 0.004033884630899556 0.00846979107848673
0 0.5465913674868899 0.5261151891586674 0.026623638563937072 0.009881422924901186
0 0.6077047196450182 0.5230095990965556 0.07220653489310205 0.015527950310559006
0 0.654296087131908 0.5304912478825522 0.004033884630899556 0.007340485601355167
0 0.6823315853166599 0.5263975155279503 0.026220250100847116 0.009316770186335404
0 0.7287212585720049 0.5239977413890458 0.04800322710770472 0.014116318464144552
0 0.7642194433239209 0.5335968379446641 0.0028237192416296895 0.007905138339920948
0 0.15248083904800322 0.572557876905703 0.016942315449778138 0.015245623941276116
0 0.25756353368293666 0.5767927724449463 0.1609519967728923 0.021456804065499716
0 0.36264622831787013 0.5760869565217391 0.021782977006857603 0.020609824957651044
0 0.40520371117386045 0.5732636928289102 0.03509479628882614 0.016092603049124788
0 0.4592577652279145 0.5742518351214003 0.05929810407422348 0.01637492941840768
0 0.518354175070593 0.5766516092603049 0.021782977006857603 0.020609824957651044
0 0.5798709156918113 0.5760869565217391 0.06897942718838242 0.020045172219085264
0 0.6557079467527229 0.5743929983060417 0.052843888664784185 0.016092603049124788
0 0.7531262605889472 0.5752399774138904 0.11052843888664785 0.016092603049124788
0 0.1700282371924163 0.6271880293619424 0.06010488100040339 0.009316770186335404
0 0.2505042355788624 0.6246470920383964 0.06857603872529246 0.015527950310559006
0 0.33118192819685355 0.6239412761151891 0.06776926179911255 0.015245623941276116
0 0.3775716014521985 0.6294466403162056 0.004033884630899556 0.012140033879164314
0 0.4288019362646228 0.6247882552230378 0.060508269463493344 0.01637492941840768
0 0.5018152480839048 0.6256352343308865 0.0645421540943929 0.015810276679841896
0 0.5471964501815249 0.6332580463015246 0.003630496167809601 0.007905138339920948
0 0.5786607503025414 0.6253529079616036 0.03751512706736587 0.014116318464144552
0 0.6522791448164582 0.6311405985319029 0.08471157724889068 0.014963297571993224
0 0.7097620008067769 0.6325522303783173 0.002016942315449778 0.007622811970638058
0 0.7682533279548205 0.6246470920383964 0.09721661960467931 0.014398644833427442
0 0.8253327954820492 0.633681535855449 0.003227107704719645 0.005364201016374929
0 0.18737394110528438 0.6777244494635799 0.08834207341670028 0.020609824957651044
0 0.2418313836224284 0.6836533032185206 0.003630496167809601 0.007058159232072276
0 0.2866075030254135 0.6750423489553924 0.06010488100040339 0.014116318464144552
0 0.3249294070189593 0.6839356295878035 0.002016942315449778 0.009316770186335404
0 0.38019362646228316 0.6760304912478825 0.07785397337636143 0.014963297571993224
0 0.4292053247277128 0.6839356295878035 0.004840661557079467 0.008752117447769622
0 0.4784187172246874 0.6804065499717674 0.07018959257765228 0.02258610954263128
0 0.5227914481645825 0.6830886504799548 0.0016135538523598225 0.005364201016374929
0 0.5738200887454619 0.6773009599096556 0.06978620411456232 0.014680971202710334
0 0.6476401774909237 0.6756070016939583 0.05203711173860428 0.01693958215697346
0 0.7150060508269463 0.6743365330321852 0.050423557886244454 0.015527950310559006
0 0.7509076240419524 0.6797007340485601 0.006857603872529245 0.001976284584980237
