0 0.18313836224283986 0.2044042913608131 0.08471157724889068 0.028232636928289104
0 0.2615974183138362 0.19367588932806323 0.043162565550625254 0.024280067758328628
0 0.35074626865671643 0.18845285149632976 0.0899556272690601 0.023997741389045736
0 0.4398951189995966 0.20016939582156973 0.035901573215006054 0.025409373235460192
0 0.5334812424364663 0.19254658385093168 0.11980637353771682 0.02258610954263128
0 0.6928196853569988 0.18887634105025408 0.15127067365873337 0.02766798418972332
0 0.8557886244453409 0.19268774703557312 0.13029447357805568 0.02456239412761152
0 0.18394513916901978 0.24336533032185206 0.10891488503428802 0.020327498588368152
0 0.2789431222267043 0.25141163184641446 0.033481242436466316 0.010446075663466968
0 0.33743444937474787 0.24463579898362506 0.05687777329568374 0.021739130434782608
0 0.43949173053650664 0.24957651044607565 0.09156918112141993 0.03274985883681536
0 0.5316659943525616 0.2519762845849802 0.03791851553045583 0.028514963297571992
0 0.5800726099233562 0.24590626764539808 0.026623638563937072 0.00846979107848673
0 0.6653892698668818 0.24929418407679277 0.09802339653085922 0.029926595143986448
0 0.7757160145219847 0.24731789949181254 0.060508269463493344 0.01355166572557877
0 0.22246873739411052 0.3037831733483907 0.18676885841064947 0.03274985883681536
0 0.34328358208955223 0.3064652738565782 0.02501008471157725 0.005928853754940711
0 0.46308995562726907 0.30999435347261434 0.16135538523598225 0.03896103896103896
0 0.6024606696248487 0.2985601355166573 0.09883017345703912 0.020609824957651044
0 0.8031464300121016 0.3030773574251835 0.25413473174667206 0.025691699604743084
0 0.19140782573618395 0.36053077357425184 0.11415893505445744 0.031055900621118012
0 0.31887858007260994 0.3513551665725579 0.08350141185962082 0.020609824957651044
0 0.399959661153691 0.35587238848108416 0.02702702702702703 0.00818746470920384
0 0.47438483259378783 0.3565782044042914 0.07503025413473174 0.03274985883681536
0 0.6024606696248487 0.3585544889892716 0.12948769665187576 0.03500846979107849
0 0.708753529649052 0.35940146809712026 0.03469140782573618 0.028797289666854884
0 0.7732956837434449 0.35304912478825523 0.0500201694231545 0.023433088650479956
0 0.8763614360629286 0.358695652173913 0.12141992739007665 0.03698475437605872
0 0.163574021782977 0.45398080180688877 0.06655909640984267 0.023715415019762844
0 0.245663574021783 0.45299265951439865 0.05808793868495361 0.0189158667419537
0 0.35962081484469544 0.45525127046866176 0.12061315046389673 0.022303783173348392
0 0.43041549011698266 0.4624505928853755 0.0024203307785397336 0.0016939582156973462
0 0.47337636143606293 0.4535573122529644 0.06736587333602259 0.03472614342179559
0 0.6022589753933038 0.45016939582156973 0.14118596208148446 0.027950310559006212
0 0.6851553045582897 0.4621682665160926 0.0060508269463493344 0.011857707509881422
0 0.7700685760387252 0.45765104460756634 0.100040338846309 0.039525691699604744
0 0.1427995159338443 0.6661490683229814 0.03065752319483663 0.026256352343308864
0 0.21480435659540137 0.6571146245059288 0.040742234772085516 0.023433088650479956
0 0.27511093182734975 0.6566911349520045 0.045986284792254944 0.024280067758328628
0 0.3989511899959661 0.6564088085827217 0.127470754336426 0.024844720496894408
0 0.5223880597014925 0.6662902315076228 0.07745058491327148 0.023150762281197064
0 0.6801129487696652 0.6583850931677019 0.16296893908834206 0.033314511575381144
0 0.8323920935861234 0.6578204404291361 0.08350141185962082 0.03557312252964427
0 0.8826139572408229 0.6607848673066065 0.004840661557079467 0.003105590062111801
