0 0.1920129084308189 0.2717391304347826 0.10084711577248891 0.017786561264822136
0 0.27067365873336025 0.2707509881422925 0.02581686163775716 0.01637492941840768
0 0.31887858007260994 0.27089215132693395 0.0391286809197257 0.015527950310559006
0 0.390480032271077 0.275974025974026 0.07099636950383219 0.022868435911914172
0 0.45118999596611536 0.27103331451157536 0.02379991932230738 0.019762845849802372
0 0.49314239612747074 0.2686335403726708 0.02864058087938685 0.014398644833427442
0 0.5512303348124243 0.2738565782044043 0.04477611940298507 0.02766798418972332
0 0.5804759983864461 0.27639751552795033 0.005647438483259379 0.007340485601355167
0 0.6171843485276322 0.26976284584980237 0.02501008471157725 0.013269339356295878
0 0.6845502218636547 0.26976284584980237 0.07341670028237192 0.014398644833427442
0 0.7868091972569584 0.26792772444946356 0.0899556272690601 0.014680971202710334
0 0.18031464300121017 0.3188876341050254 0.08713190802743041 0.015527950310559006
0 0.25655506252521176 0.31832298136645965 0.02501008471157725 0.014398644833427442
0 0.3130294473578056 0.3211462450592885 0.03953206938281565 0.01101072840203275
0 0.3656716417910448 0.32058159232072275 0.026220250100847116 0.009316770186335404
0 0.4356595401371521 0.3235460191981931 0.08471157724889068 0.024280067758328628
0 0.5062525211778943 0.322557876905703 0.02501008471157725 0.00818746470920384
0 0.5522388059701493 0.3186053077357425 0.03711173860427592 0.014963297571993224
0 0.6413876563130294 0.3197346132128741 0.09600645421540945 0.014963297571993224
0 0.7505042355788625 0.3188876341050254 0.08753529649052037 0.014398644833427442
0 0.8243243243243243 0.31846414455110106 0.019766034691407825 0.01355166572557877
0 0.15490116982654295 0.3740824392998306 0.02743041549011698 0.007340485601355167
0 0.2109721661960468 0.36928289102202144 0.05244050020169423 0.01355166572557877
0 0.24647035094796288 0.3760587238848108 0.004033884630899556 0.00282326369282891
0 0.3100040338846309 0.36914172783738003 0.06736587333602259 0.015527950310559006
0 0.3864461476401775 0.3730942970073405 0.03872529245663574 0.00818746470920384
0 0.4774102460669625 0.3709768492377188 0.10689794271883823 0.01693958215697346
0 0.5655506252521177 0.3697063805759458 0.02501008471157725 0.012704686617730096
0 0.6165792658329972 0.37662337662337664 0.043969342476805166 0.023150762281197064
0 0.6712384025816862 0.3746470920383964 0.028237192416296894 0.011857707509881422
0 0.7154094392900363 0.3685770750988142 0.030254134731746672 0.01383399209486166
0 0.7801532876159741 0.36914172783738003 0.063735377168213 0.013269339356295878
0 0.8459056070996369 0.3694240542066629 0.029850746268656716 0.0189158667419537
0 0.15711980637353773 0.4215132693393563 0.02864058087938685 0.007905138339920948
0 0.24223477208551836 0.4215132693393563 0.0826946349334409 0.01355166572557877
0 0.3192819685356999 0.41967814793901753 0.03509479628882614 0.017221908526256352
0 0.34630899556272693 0.4268774703557312 0.0060508269463493344 0.006775832862789385
0 0.3916901976603469 0.4213721061547149 0.04517950786607503 0.011575381140598532
0 0.42214602662363854 0.427442123094297 0.006857603872529245 0.00846979107848673
0 0.48043565954013717 0.4209486166007905 0.07341670028237192 0.018633540372670808
0 0.5478015328761597 0.4212309429700734 0.02581686163775716 0.012987012987012988
0 0.617789431222267 0.42179559570863917 0.07382008874546188 0.01355166572557877
0 0.7033077853973376 0.4189723320158103 0.06413876563130294 0.014680971202710334
0 0.8039532069382815 0.41869000564652736 0.0927793465106898 0.015810276679841896
0 0.19503832190399353 0.4772727272727273 0.11738604275917709 0.023433088650479956
0 0.28620411456232353 0.4709203839638622 0.02218636546994756 0.014116318464144552
0 0.345502218636547 0.47261434217955955 0.0609116579265833 0.01637492941840768
0 0.38221056877773296 0.4785431959345003 0.00927793465106898 0.00846979107848673
0 0.41670028237192414 0.47035573122529645 0.028237192416296894 0.01355166572557877
0 0.5066559096409843 0.47346132128740825 0.10326744655102864 0.023715415019762844
0 0.6436062928600242 0.47134387351778656 0.12222670431625655 0.017221908526256352
0 0.7339653085921742 0.468944099378882 0.025413473174667203 0.012987012987012988
0 0.8055667607906414 0.4733201581027668 0.08551835417507059 0.023433088650479956
0 0.15711980637353773 0.519621682665161 0.0391286809197257 0.014398644833427442
0 0.2946752722872126 0.5244212309429701 0.18757563533682936 0.020609824957651044
0 0.46006454215409437 0.5200451722190853 0.09721661960467931 0.018633540372670808
0 0.54497781363453 0.5217391304347826 0.026623638563937072 0.020892151326933936
0 0.5879386849536103 0.519621682665161 0.0318676885841065 0.013269339356295878
0 0.6621621621621622 0.5213156408808582 0.051230334812424366 0.014963297571993224
0 0.6936264622831787 0.5258328627893846 0.003630496167809601 0.002540937323546019
0 0.7523194836627672 0.5200451722190853 0.05647438483259379 0.01637492941840768
0 0.1897942718838241 0.5726990400903444 0.10528438886647842 0.016092603049124788
0 0.27974989915288423 0.5726990400903444 0.043162565550625254 0.014398644833427442
0 0.35619201290843083 0.5765104460756635 0.07018959257765228 0.020892151326933936
0 0.45885437676482455 0.5711462450592886 0.09398951189995966 0.014116318464144552
0 0.536103267446551 0.5731225296442688 0.01936264622831787 0.018633540372670808
0 0.6139572408229125 0.5762281197063805 0.07260992335619201 0.025409373235460192
0 0.7289229528035498 0.5739695087521175 0.10891488503428802 0.01693958215697346
0 0.8162565550625253 0.5701581027667985 0.01653892698668818 0.01383399209486166
0 0.17607906413876562 0.6239412761151891 0.0754336425978217 0.015245623941276116
0 0.27269060104881 0.6209768492377188 0.07018959257765228 0.016092603049124788
0 0.3170633319887051 0.6280350084697911 0.007260992335619202 0.00818746470920384
0 0.3763614360629286 0.6222473178994918 0.06615570794675273 0.012987012987012988
0 0.445139169019766 0.6216826651609261 0.03751512706736587 0.015245623941276116
0 0.5213795885437676 0.6219649915302089 0.06897942718838242 0.01693958215697346
0 0.6085114965711981 0.6214003387916431 0.07866075030254134 0.01693958215697346
0 0.654296087131908 0.6326933935629587 0.008067769261799113 0.009034443817052512
0 0.699273900766438 0.6235177865612648 0.043162565550625254 0.016092603049124788
0 0.7837837837837838 0.6214003387916431 0.07583703106091166 0.01637492941840768
0 0.2055264219443324 0.6726425748164878 0.13513513513513514 0.014398644833427442
0 0.33219039935457845 0.6692546583850931 0.051230334812424366 0.013269339356295878
0 0.390681726502622 0.6708074534161491 0.026220250100847116 0.01355166572557877
0 0.4409035901573215 0.6713721061547149 0.03469140782573618 0.014116318464144552
0 0.5118999596611536 0.6764539808018069 0.060508269463493344 0.0220214568040655
0 0.5742234772085518 0.672077922077922 0.022993142396127472 0.018351214003387916
0 0.6555062525211779 0.6767363071710898 0.09197256958450989 0.023150762281197064
0 0.7085518354175071 0.6778656126482213 0.0028237192416296895 0.002258610954263128
