0 0.16962484872932634 0.26030491247882553 0.057684550221863654 0.02258610954263128
0 0.254739814441307 0.26355166572557875 0.06010488100040339 0.016092603049124788
0 0.32029043969342474 0.2608695652173913 0.05163372327551432 0.020327498588368152
0 0.4007664380798709 0.26101072840203277 0.06252521177894312 0.021174477696216828
0 0.4979830576845502 0.2663749294184077 0.10851149657119806 0.020045172219085264
0 0.5871319080274304 0.2686335403726708 0.04235578862444534 0.032467532467532464
0 0.6639774102460669 0.2673630717108978 0.11617587736990723 0.028797289666854884
0 0.7797498991528842 0.2658102766798419 0.10165389269866881 0.014963297571993224
0 0.8521581282775312 0.26566911349520045 0.01573215006050827 0.0033879164313946925
0 0.16881807180314642 0.3145115753811406 0.06171843485276321 0.024280067758328628
0 0.21056877773295685 0.3232636928289102 0.00645421540943929 0.007340485601355167
0 0.24929407018959257 0.3166290231507623 0.042759177087535294 0.020609824957651044
0 0.3471157724889068 0.3154997176736307 0.10851149657119806 0.026256352343308864
0 0.39854780153287617 0.32594579333709767 0.00645421540943929 0.009881422924901186
0 0.46974586526825335 0.3145115753811406 0.08834207341670028 0.024280067758328628
0 0.5762404195240016 0.32185206098249575 0.09156918112141993 0.03896103896103896
0 0.6972569584509883 0.3178994918125353 0.11980637353771682 0.028232636928289104
0 0.7795482049213392 0.3157820440429136 0.03993545784590561 0.020609824957651044
0 0.8465106897942719 0.31507622811970637 0.06171843485276321 0.020327498588368152
0 0.1508672851956434 0.3673066064370412 0.03791851553045583 0.032185206098249576
0 0.19705526421944333 0.365330321852061 0.038321903993545785 0.019198193111236588
0 0.29608713190802743 0.36490683229813664 0.11940298507462686 0.023433088650479956
0 0.41306978620411455 0.36716544325239975 0.06938281565147236 0.018351214003387916
0 0.48668818071803144 0.36702428006775834 0.03428801936264623 0.018633540372670808
0 0.5336829366680113 0.36490683229813664 0.03146430012101654 0.023997741389045736
0 0.6103267446551028 0.3675889328063241 0.07099636950383219 0.014680971202710334
0 0.754336425978217 0.36561264822134387 0.18475191609519967 0.024844720496894408
0 0.15490116982654295 0.46612083568605306 0.03307785397337636 0.023150762281197064
0 0.2428398547801533 0.468944099378882 0.0927793465106898 0.034443817052512704
0 0.39128680919725695 0.4654150197628458 0.14844695441710368 0.026256352343308864
0 0.47498991528842277 0.475296442687747 0.006857603872529245 0.007058159232072276
0 0.5532472771278741 0.4652738565782044 0.0899556272690601 0.02710333145115754
0 0.6696248487293264 0.4662619988706945 0.09842678499394918 0.023433088650479956
0 0.7513110125050424 0.466403162055336 0.03993545784590561 0.019762845849802372
0 0.827753126260589 0.47501411631846413 0.08229124647035095 0.039243365330321855
0 0.1853569987898346 0.5187747035573123 0.10931827349737798 0.03303218520609825
0 0.3150463896732553 0.5175042348955392 0.05889471561113352 0.02710333145115754
0 0.41952400161355385 0.5317617165443252 0.11859620814844696 0.05223037831733484
0 0.527228721258572 0.5184923771880293 0.07018959257765228 0.022868435911914172
0 0.6389673255344898 0.5217391304347826 0.10810810810810811 0.03387916431394692
0 0.781968535699879 0.528514963297572 0.1254538120209762 0.044607566346696784
0 0.19423154497781364 0.6246470920383964 0.1327148043565954 0.03980801806888763
0 0.3225090762404195 0.6197063805759458 0.052843888664784185 0.01637492941840768
0 0.3916901976603469 0.620694522868436 0.05647438483259379 0.014398644833427442
0 0.5191609519967729 0.6180124223602484 0.1718434852763211 0.023715415019762844
0 0.6252521177894312 0.629587803500847 0.04033884630899556 0.031055900621118012
0 0.772488906817265 0.627046866177301 0.20250100847115773 0.037267080745341616
0 0.19342476805163372 0.6661490683229814 0.13110125050423557 0.025691699604743084
0 0.3009277934651069 0.664455110107284 0.045986284792254944 0.022868435911914172
0 0.34388866478418717 0.6668548842461886 0.019766034691407825 0.014116318464144552
0 0.39310205728116177 0.6638904573687182 0.05929810407422348 0.020045172219085264
0 0.5018152480839048 0.6763128176171654 0.11052843888664785 0.03585544889892716
0 0.6210165389269867 0.6768774703557312 0.07220653489310205 0.039243365330321855
0 0.6942315449778136 0.6753246753246753 0.048406615570794675 0.020327498588368152
0 0.7682533279548205 0.6696781479390175 0.06575231948366277 0.023150762281197064
0 0.8186768858410649 0.6717955957086392 0.045582896329164985 0.020045172219085264
0 0.17486889874949577 0.7207792207792207 0.08108108108108109 0.015245623941276116
0 0.25433642597821704 0.7199322416713722 0.03993545784590561 0.028232636928289104
0 0.3051633723275514 0.7169678147939017 0.05203711173860428 0.020045172219085264
0 0.3852359822509076 0.7166854884246189 0.055667607906413875 0.021739130434782608
0 0.4580475998386446 0.7216261998870694 0.0609116579265833 0.02710333145115754
0 0.5659540137152077 0.717673630717109 0.10084711577248891 0.019762845849802372
0 0.72650262202501 0.720214568040655 0.16780960064542155 0.021456804065499716
0 0.8192819685356999 0.7327780914737436 0.003227107704719645 0.002540937323546019
