0 0.19039935457845905 0.26002258610954265 0.10810810810810811 0.017504234895539244
0 0.3041549011698265 0.26355166572557875 0.0572811617587737 0.01101072840203275
0 0.3937071399757967 0.2627046866177301 0.08632513110125051 0.026256352343308864
0 0.47398144413069787 0.26002258610954265 0.026623638563937072 0.015810276679841896
0 0.5663574021782977 0.25804630152456237 0.12424364663170634 0.018068887634105024
0 0.6339249697458653 0.26439864483342745 0.00927793465106898 0.016092603049124788
0 0.68152480839048 0.2584697910784867 0.051230334812424366 0.01948051948051948
0 0.7575635336829367 0.25917560700169395 0.05486083098023396 0.01693958215697346
0 0.8342073416700282 0.25705815923207226 0.05889471561113352 0.017221908526256352
0 0.16054860830980233 0.31309994353472614 0.06131504638967326 0.010728402032749858
0 0.22307382008874546 0.3125352907961604 0.01855586930213796 0.009034443817052512
0 0.3152480839048003 0.31197063805759456 0.12222670431625655 0.028797289666854884
0 0.41226300927793463 0.3080180688876341 0.03630496167809601 0.020892151326933936
0 0.49052037111738606 0.30787690570299264 0.08551835417507059 0.01948051948051948
0 0.6034691407825736 0.31309994353472614 0.09923356192012908 0.02766798418972332
0 0.6672045179507866 0.3132411067193676 0.003227107704719645 0.002540937323546019
0 0.6938281565147236 0.307029926595144 0.01936264622831787 0.0189158667419537
0 0.7420330778539733 0.307029926595144 0.04881000403388463 0.0189158667419537
0 0.8231141589350545 0.31154714850367027 0.07220653489310205 0.009316770186335404
0 0.17022993142396128 0.3570016939582157 0.08713190802743041 0.022868435911914172
0 0.2779346510689794 0.35827216261998873 0.07664380798709157 0.020892151326933936
0 0.3894715611133522 0.35968379446640314 0.09318273497377975 0.018633540372670808
0 0.4844695441710367 0.35813099943534726 0.048406615570794675 0.018351214003387916
0 0.5645421540943929 0.3589779785431959 0.06897942718838242 0.01948051948051948
0 0.6926179911254539 0.3588368153585545 0.15167406212182333 0.018633540372670808
0 0.7763210972166196 0.3681535855448899 0.0052440500201694235 0.004517221908526256
0 0.8257361839451391 0.3599661208356861 0.055667607906413875 0.01693958215697346
0 0.16659943525615167 0.41078486730660646 0.07180314643001211 0.024280067758328628
0 0.25312626058894716 0.409373235460192 0.04235578862444534 0.018633540372670808
0 0.36345300524405 0.41304347826086957 0.12020976200080678 0.02766798418972332
0 0.4312222670431626 0.41826651609260307 0.004033884630899556 0.007622811970638058
0 0.4560306575231948 0.41417278373800115 0.019766034691407825 0.010728402032749858
0 0.5621218233158531 0.40894974590626765 0.1464300121016539 0.020609824957651044
0 0.6444130697862042 0.41854884246188595 0.008471157724889069 0.008752117447769622
0 0.6946349334409035 0.4127611518915867 0.06938281565147236 0.011857707509881422
0 0.7739007664380799 0.41332580463015245 0.05203711173860428 0.011857707509881422
0 0.836224283985478 0.409373235460192 0.03307785397337636 0.020327498588368152
0 0.16821298910851148 0.45976849237718803 0.07987091569181122 0.018351214003387916
0 0.30939895118999594 0.4645680406549972 0.13876563130294473 0.031338226990400904
0 0.4465510286405809 0.4593450028232637 0.07018959257765228 0.017504234895539244
0 0.536708350141186 0.4593450028232637 0.052843888664784185 0.01693958215697346
0 0.6323114158935055 0.4600508187464709 0.0899556272690601 0.015527950310559006
0 0.6940298507462687 0.4655561829474873 0.004437273093989512 0.00282326369282891
0 0.727107704719645 0.4587803500846979 0.02864058087938685 0.020892151326933936
0 0.7706736587333602 0.4623094297007341 0.021379588543767647 0.016092603049124788
0 0.836627672448568 0.457227555053642 0.0653489310205728 0.021739130434782608
0 0.1663977410246067 0.5087521174477696 0.07301331181928197 0.020327498588368152
0 0.2529245663574022 0.5087521174477696 0.05163372327551432 0.018633540372670808
0 0.38221056877773296 0.508893280632411 0.16256555062525213 0.022868435911914172
0 0.5213795885437676 0.5084697910784868 0.07139975796692215 0.019198193111236588
0 0.6111335215812828 0.5098814229249012 0.0653489310205728 0.020892151326933936
0 0.6944332392093586 0.5139751552795031 0.057684550221863654 0.01383399209486166
0 0.7519160951996773 0.5141163184641445 0.01855586930213796 0.011857707509881422
0 0.8217022993142397 0.5101637492941841 0.08551835417507059 0.019762845849802372
0 0.18838241226300928 0.5633822699040091 0.11617587736990723 0.027385657820440428
0 0.35054457442517145 0.5592885375494071 0.13473174667204518 0.021456804065499716
0 0.5427591770875353 0.5619706380575946 0.19322307382008874 0.026256352343308864
0 0.691004437273094 0.5605590062111802 0.05889471561113352 0.0189158667419537
0 0.8061718434852764 0.562111801242236 0.1327148043565954 0.025409373235460192
0 0.8779749899152884 0.5724167137210615 0.0060508269463493344 0.003105590062111801
0 0.1500605082694635 0.6096837944664032 0.0572811617587737 0.020609824957651044
0 0.23779749899152886 0.6185770750988142 0.06655909640984267 0.031055900621118012
0 0.37575635336829366 0.6108130999435347 0.16579265832997175 0.022868435911914172
0 0.5235982250907624 0.6158949745906268 0.07260992335619201 0.011575381140598532
0 0.6327148043565954 0.6126482213438735 0.11012505042355789 0.029926595143986448
0 0.7238805970149254 0.611518915866742 0.03428801936264623 0.02766798418972332
0 0.8041549011698266 0.6146245059288538 0.09721661960467931 0.03274985883681536
0 0.21198063735377168 0.6603613777526821 0.1690197660346914 0.023715415019762844
0 0.3563937071399758 0.6609260304912479 0.06897942718838242 0.0220214568040655
0 0.4616780960064542 0.6607848673066065 0.08753529649052037 0.020609824957651044
0 0.5808793868495361 0.6671372106154715 0.09197256958450989 0.028797289666854884
0 0.6932230738200887 0.6629023150762281 0.09076240419524001 0.020892151326933936
0 0.8059701492537313 0.661914172783738 0.08309802339653086 0.0189158667419537
0 0.20956030657523195 0.7178147939017504 0.15691811214199275 0.025691699604743084
0 0.34388866478418717 0.7120271033314511 0.07301331181928197 0.023150762281197064
0 0.45482049213392495 0.7166854884246189 0.09963695038321904 0.011575381140598532
0 0.5982250907624042 0.7120271033314511 0.1371520774505849 0.023150762281197064
0 0.7232755143202905 0.7121682665160926 0.06615570794675273 0.021739130434782608
0 0.8231141589350545 0.7132975719932242 0.08511496571198064 0.018351214003387916
