0 0.14219443323920936 0.264257481648786 0.018959257765227916 0.018633540372670808
0 0.22972972972972974 0.26355166572557875 0.11335215812827754 0.022868435911914172
0 0.32412263009277936 0.2628458498023715 0.033481242436466316 0.021456804065499716
0 0.382008874546188 0.264257481648786 0.055667607906413875 0.020327498588368152
0 0.4784187172246874 0.27004517221908525 0.09762000806776926 0.014963297571993224
0 0.5312626058894716 0.27936194240542067 0.00645421540943929 0.009316770186335404
0 0.5742234772085518 0.26750423489553926 0.03993545784590561 0.01948051948051948
0 0.6321097216619604 0.2787972896668549 0.04759983864461476 0.04319593450028233
0 0.699677289229528 0.2663749294184077 0.051230334812424366 0.01948051948051948
0 0.7575635336829367 0.2673630717108978 0.04195240016135539 0.0220214568040655
0 0.20411456232351755 0.3191699604743083 0.14199273900766438 0.026821005081874648
0 0.35215812827753123 0.31733483907396953 0.10407422347720856 0.028797289666854884
0 0.45320693828156516 0.3207227555053642 0.03670835014118596 0.029926595143986448
0 0.5096813231141589 0.3197346132128741 0.04235578862444534 0.025691699604743084
0 0.6020572811617588 0.320016939582157 0.10205728116175877 0.03190287972896669
0 0.6668011294876967 0.3178994918125353 0.04437273093989512 0.014116318464144552
0 0.7488906817265026 0.3154997176736307 0.08834207341670028 0.022303783173348392
0 0.8420734167002824 0.314652738565782 0.07866075030254134 0.020045172219085264
0 0.15328761597418314 0.36688311688311687 0.035498184751916094 0.028514963297571992
0 0.19987898346107302 0.365330321852061 0.03670835014118596 0.0220214568040655
0 0.29487696651875756 0.3697063805759458 0.11214199273900767 0.029079616036137776
0 0.4318273497377975 0.37704686617730093 0.1036708350141186 0.04319593450028233
0 0.4870915691811214 0.3780350084697911 0.0060508269463493344 0.00846979107848673
0 0.5300524405002017 0.3705533596837945 0.03953206938281565 0.015527950310559006
0 0.5843081887858007 0.366600790513834 0.030254134731746672 0.02456239412761152
0 0.6617587736990722 0.367871259175607 0.08350141185962082 0.03162055335968379
0 0.7936668011294877 0.36617730095990964 0.16417910447761194 0.024280067758328628
0 0.16498588140379186 0.4193958215697346 0.06212182331585317 0.018351214003387916
0 0.23981444130697863 0.4189723320158103 0.040742234772085516 0.020892151326933936
0 0.363654699475595 0.42108977978543194 0.13432835820895522 0.03472614342179559
0 0.46752722872125857 0.4191134952004517 0.04195240016135539 0.03077357425183512
0 0.5199677289229528 0.4178430265386787 0.042759177087535294 0.0220214568040655
0 0.5867285195643405 0.4202428006775833 0.07220653489310205 0.027950310559006212
0 0.6617587736990722 0.4189723320158103 0.043162565550625254 0.030491247882552232
0 0.7293263412666398 0.4280067758328628 0.0935861234368697 0.040654997176736304
0 0.8354175070592981 0.42419536984754375 0.12263009277934651 0.04206662902315076
0 0.9017749092375958 0.42165443252399776 0.004437273093989512 0.001976284584980237
0 0.14784187172246874 0.4668266516092603 0.033481242436466316 0.022868435911914172
0 0.20108914885034287 0.4731789949181254 0.05203711173860428 0.018068887634105024
0 0.23154497781363453 0.48009599096555616 0.008067769261799113 0.012704686617730096
0 0.32674465510286405 0.470214568040655 0.13231141589350545 0.029079616036137776
0 0.3949173053650666 0.4743083003952569 0.00645421540943929 0.010728402032749858
0 0.43384429205324726 0.46936758893280633 0.020572811617587738 0.012140033879164314
0 0.5518354175070593 0.4696499153020892 0.18071803146430013 0.027950310559006212
0 0.7012908430818878 0.46922642574816487 0.0826946349334409 0.01693958215697346
0 0.790439693424768 0.46513269339356295 0.06413876563130294 0.01948051948051948
0 0.8602258975393303 0.4767080745341615 0.07462686567164178 0.03077357425183512
0 0.2309398951189996 0.52343308865048 0.1891891891891892 0.044042913608131
0 0.4318273497377975 0.5187747035573123 0.1553045582896329 0.025691699604743084
0 0.5750302541347317 0.5239977413890458 0.12141992739007665 0.037267080745341616
0 0.6784993949173054 0.5187747035573123 0.03469140782573618 0.016657255787690572
0 0.763210972166196 0.5180688876341051 0.0935861234368697 0.019762845849802372
0 0.8473174667204518 0.5184923771880293 0.043162565550625254 0.021739130434782608
0 0.18313836224283986 0.5662055335968379 0.08874546187979024 0.025691699604743084
0 0.32956837434449376 0.5645115753811406 0.10810810810810811 0.02456239412761152
0 0.45240016135538524 0.5695934500282326 0.11335215812827754 0.035290796160361376
0 0.5635336829366681 0.5659232072275551 0.06776926179911255 0.018351214003387916
0 0.6686163775716014 0.5670525127046866 0.10125050423557887 0.03020892151326934
0 0.7749092375958048 0.5688876341050254 0.09923356192012908 0.025974025974025976
0 0.8684953610326744 0.5632411067193676 0.0572811617587737 0.014116318464144552
0 0.16155707946752723 0.6702428006775832 0.0536506655909641 0.019762845849802372
0 0.2692617991125454 0.6654432523997741 0.12303348124243646 0.020892151326933936
0 0.373134328358209 0.6686900056465274 0.05486083098023396 0.014963297571993224
0 0.3983461073013312 0.6750423489553924 0.008471157724889069 0.010163749294184076
0 0.45461879790237997 0.668548842461886 0.06857603872529246 0.017504234895539244
0 0.5262202501008472 0.6630434782608695 0.05445744251714401 0.023997741389045736
0 0.6066962484872933 0.6634669678147939 0.0927793465106898 0.023715415019762844
0 0.699677289229528 0.6617730095990966 0.04881000403388463 0.02258610954263128
0 0.8231141589350545 0.6638904573687182 0.16417910447761194 0.029644268774703556
0 0.15711980637353773 0.7241671372106154 0.04800322710770472 0.044042913608131
0 0.24707543364259782 0.7204968944099379 0.09640984267849939 0.02766798418972332
0 0.40439693424768053 0.7224731789949181 0.16821298910851148 0.040654997176736304
0 0.5310609116579266 0.7169678147939017 0.04477611940298507 0.029644268774703556
0 0.5784590560709963 0.7137210615471485 0.03953206938281565 0.019762845849802372
0 0.6807180314643001 0.7147092038396387 0.1189995966115369 0.0251270468661773
0 0.8190802743041549 0.7210615471485037 0.1536910044372731 0.0378317334839074
