0 0.15389269866881808 0.26129305477131565 0.019766034691407825 0.01948051948051948
0 0.3009277934651069 0.27117447769621683 0.21702299314239612 0.02456239412761152
0 0.4790237999193223 0.26665725578769056 0.04719645018152481 0.017221908526256352
0 0.5740217829770069 0.2701863354037267 0.06696248487293263 0.023715415019762844
0 0.6173860427591771 0.2756916996047431 0.006857603872529245 0.009316770186335404
0 0.6930213795885438 0.2651044607566347 0.0927793465106898 0.015810276679841896
0 0.8033481242436467 0.2691981931112366 0.05445744251714401 0.009316770186335404
0 0.20956030657523195 0.3176171654432524 0.13755546591367487 0.025409373235460192
0 0.33319887051230335 0.31874647092038394 0.02743041549011698 0.02710333145115754
0 0.48305768455022186 0.31945228684359117 0.19322307382008874 0.027950310559006212
0 0.663372327551432 0.31733483907396953 0.08753529649052037 0.018068887634105024
0 0.77349737797499 0.31507622811970637 0.06333198870512304 0.019198193111236588
0 0.8438886647841872 0.3132411067193676 0.02501008471157725 0.017786561264822136
0 0.16518757563533684 0.36236589497459065 0.04800322710770472 0.017786561264822136
0 0.2656313029447358 0.365330321852061 0.08430818878580072 0.014116318464144552
0 0.31988705123033484 0.37224731789949184 0.0024203307785397336 0.001976284584980237
0 0.39552238805970147 0.36335403726708076 0.025413473174667203 0.020327498588368152
0 0.4691407825736184 0.3654714850367024 0.09519967728922953 0.017786561264822136
0 0.6490520371117386 0.36900056465273856 0.18475191609519967 0.030491247882552232
0 0.8128277531262605 0.36575381140598534 0.0782573618394514 0.016657255787690572
0 0.20935861234368697 0.4138904573687182 0.14199273900766438 0.019762845849802372
0 0.3600242033077854 0.4165725578769057 0.04881000403388463 0.017221908526256352
0 0.48043565954013717 0.42108977978543194 0.10084711577248891 0.022303783173348392
0 0.5929810407422348 0.41869000564652736 0.042759177087535294 0.023715415019762844
0 0.7212585720048407 0.4193958215697346 0.13392496974586526 0.027385657820440428
0 0.8301734570391287 0.4165725578769057 0.04517950786607503 0.01948051948051948
0 0.18878580072609924 0.46908526256352345 0.10165389269866881 0.026256352343308864
0 0.30153287615974184 0.46513269339356295 0.04477611940298507 0.016657255787690572
0 0.37051230334812424 0.46908526256352345 0.03993545784590561 0.022303783173348392
0 0.43263412666397744 0.47035573122529645 0.018152480839048003 0.009034443817052512
0 0.49858814037918514 0.4761434217955957 0.060508269463493344 0.022303783173348392
0 0.6131504638967326 0.46597967250141165 0.07180314643001211 0.016092603049124788
0 0.727511093182735 0.4754376058723885 0.07866075030254134 0.021456804065499716
0 0.8229124647035094 0.4730378317334839 0.03227107704719645 0.026821005081874648
0 0.19060104881000403 0.5180688876341051 0.1036708350141186 0.015810276679841896
0 0.35296490520371115 0.5199040090344438 0.136345300524405 0.01383399209486166
0 0.427390076643808 0.52343308865048 0.003630496167809601 0.00282326369282891
0 0.4925373134328358 0.5159514398644833 0.02016942315449778 0.01948051948051948
0 0.6139572408229125 0.5184923771880293 0.1565147236789028 0.014963297571993224
0 0.7874142799515934 0.5224449463579899 0.12585720048406615 0.027950310559006212
0 0.1926179911254538 0.5691699604743083 0.11093182734973779 0.01693958215697346
0 0.35296490520371115 0.5673348390739695 0.13473174667204518 0.017786561264822136
0 0.47196450181524807 0.5698757763975155 0.023396530859217425 0.015527950310559006
0 0.5605082694634933 0.5678994918125353 0.08188785800726099 0.013269339356295878
0 0.6460266236385639 0.5676171654432524 0.024606696248487294 0.015527950310559006
0 0.7757160145219847 0.5717108977978543 0.15974183138362244 0.023150762281197064
0 0.15611133521581283 0.6198475437605873 0.04679306171843485 0.016657255787690572
0 0.28176684146833403 0.6226708074534162 0.12061315046389673 0.020609824957651044
0 0.4427188382412263 0.6171654432523997 0.11173860427591771 0.01693958215697346
0 0.5594997983057685 0.6214003387916431 0.03146430012101654 0.024844720496894408
0 0.618596208148447 0.6192828910220215 0.03993545784590561 0.016657255787690572
0 0.7513110125050424 0.6250705815923208 0.13674868898749495 0.023150762281197064
0 0.17930617184348527 0.7193675889328063 0.08753529649052037 0.010728402032749858
0 0.2989108511496571 0.7183794466403162 0.07664380798709157 0.0189158667419537
0 0.3565954013715208 0.7285431959345002 0.008067769261799113 0.008752117447769622
0 0.41427995159338443 0.7183794466403162 0.05163372327551432 0.016092603049124788
0 0.5207745058491328 0.7200734048560136 0.07422347720855184 0.023997741389045736
0 0.6189995966115369 0.7219085262563524 0.031060911657926585 0.026538678712591756
0 0.7319483662767244 0.7209203839638623 0.14239612747075434 0.025691699604743084
