0 0.18576038725292457 0.2267080745341615 0.08188785800726099 0.012422360248447204
0 0.2989108511496571 0.2279785431959345 0.08632513110125051 0.012140033879164314
0 0.38563937071399756 0.22995482778091475 0.02743041549011698 0.00818746470920384
0 0.42617991125453814 0.22967250141163184 0.014925373134328358 0.007058159232072276
0 0.5161355385235982 0.22769621682665162 0.10851149657119806 0.014398644833427442
0 0.6189995966115369 0.2285431959345003 0.02702702702702703 0.012704686617730096
0 0.7319483662767244 0.23277809147374365 0.15449778136345302 0.018351214003387916
0 0.17244856797095603 0.27992659514398643 0.04800322710770472 0.008752117447769622
0 0.25554659136748686 0.27992659514398643 0.05687777329568374 0.017221908526256352
0 0.34772085518354173 0.27780914737436474 0.0572811617587737 0.012987012987012988
0 0.4243646631706333 0.2779503105590062 0.023396530859217425 0.012704686617730096
0 0.5359015732150061 0.27837380011293056 0.12868091972569584 0.012987012987012988
0 0.681726502622025 0.28289102202145683 0.09842678499394918 0.019198193111236588
0 0.753731343283582 0.27992659514398643 0.00927793465106898 0.001976284584980237
0 0.7977006857603872 0.2779503105590062 0.02944735780556676 0.012704686617730096
0 0.21863654699475596 0.37888198757763975 0.15409439290036306 0.012987012987012988
0 0.3100040338846309 0.38608130999435347 0.0060508269463493344 0.00818746470920384
0 0.3775716014521985 0.37888198757763975 0.07987091569181122 0.011857707509881422
0 0.4846712384025817 0.37987012987012986 0.06333198870512304 0.012704686617730096
0 0.6315046389673256 0.3802936194240542 0.1472367890278338 0.011857707509881422
0 0.7696651875756353 0.382128740824393 0.05647438483259379 0.00818746470920384
0 0.21419927390076643 0.4301242236024845 0.14602662363856395 0.012704686617730096
0 0.29487696651875756 0.4373235460191982 0.005647438483259379 0.006775832862789385
0 0.3676885841064946 0.4322416713721062 0.09318273497377975 0.007905138339920948
0 0.4209358612343687 0.4374647092038396 0.0060508269463493344 0.007058159232072276
0 0.5028237192416297 0.43195934500282324 0.11738604275917709 0.01693958215697346
0 0.5746268656716418 0.4374647092038396 0.007664380798709157 0.007622811970638058
0 0.6129487696651875 0.4322416713721062 0.025413473174667203 0.007340485601355167
0 0.6988705123033482 0.43040654997176736 0.07462686567164178 0.01383399209486166
0 0.7910447761194029 0.429983060417843 0.04759983864461476 0.011857707509881422
0 0.18414683340056473 0.48207227555053644 0.07785397337636143 0.0189158667419537
0 0.26845502218636547 0.47910784867306605 0.02702702702702703 0.012987012987012988
0 0.3009277934651069 0.481931112365895 0.01290843081887858 0.007340485601355167
0 0.3523598225090762 0.48306041784302656 0.04800322710770472 0.017504234895539244
0 0.390480032271077 0.4851778656126482 0.004840661557079467 0.003105590062111801
0 0.4243646631706333 0.4805194805194805 0.017749092375958047 0.012422360248447204
0 0.5290439693424768 0.4808018068887634 0.13594191206131503 0.015245623941276116
0 0.6528842275110932 0.4813664596273292 0.0391286809197257 0.011857707509881422
0 0.7311415893505446 0.4836250705815923 0.05203711173860428 0.007905138339920948
0 0.20048406615570794 0.5302089215132694 0.11536910044372731 0.012987012987012988
0 0.2954820492133925 0.5299265951439864 0.019766034691407825 0.012422360248447204
0 0.3785800726099234 0.5328910220214568 0.0891488503428802 0.00818746470920384
0 0.4661153691004437 0.532608695652174 0.013311819281968536 0.007622811970638058
0 0.5469947559499798 0.5307735742518351 0.08309802339653086 0.014116318464144552
0 0.673053650665591 0.5344438170525128 0.10609116579265833 0.019198193111236588
0 0.8031464300121016 0.5306324110671937 0.07260992335619201 0.012704686617730096
0 0.1799112545381202 0.5804630152456239 0.07745058491327148 0.012987012987012988
0 0.28297700685760385 0.5831451157538114 0.04800322710770472 0.007622811970638058
0 0.354376764824526 0.5813099943534726 0.035901573215006054 0.011857707509881422
0 0.481444130697862 0.5810276679841897 0.12141992739007665 0.014116318464144552
0 0.6308995562726906 0.5838509316770186 0.08955223880597014 0.017504234895539244
0 0.7313432835820896 0.5806041784302653 0.026623638563937072 0.013269339356295878
0 0.8049616780960065 0.5837097684923772 0.06736587333602259 0.016657255787690572
0 0.163574021782977 0.6304347826086957 0.0463896732553449 0.012422360248447204
0 0.23336022589753933 0.6312817617165444 0.03509479628882614 0.012987012987012988
0 0.32876159741831384 0.6377752682100508 0.07341670028237192 0.015810276679841896
0 0.48063735377168215 0.6356578204404292 0.145623235175474 0.022868435911914172
0 0.6077047196450182 0.6314229249011858 0.027833803953206938 0.014398644833427442
0 0.6920129084308189 0.6343873517786561 0.09721661960467931 0.020327498588368152
0 0.7977006857603872 0.6356578204404292 0.06413876563130294 0.021739130434782608
0 0.8519564340459863 0.6370694522868436 0.011294876966518758 0.013269339356295878
0 0.15227914481645824 0.6798418972332015 0.019766034691407825 0.015810276679841896
0 0.20653489310205728 0.6846414455110107 0.042759177087535294 0.009034443817052512
0 0.35054457442517145 0.6811123658949746 0.1218233158531666 0.014398644833427442
0 0.5010084711577248 0.6854884246188594 0.08793868495361033 0.0220214568040655
0 0.6175877369907221 0.6861942405420667 0.10488100040338846 0.020045172219085264
0 0.7676482452601856 0.6852060982495765 0.14925373134328357 0.02258610954263128
0 0.16256555062525213 0.7315076228119707 0.0500201694231545 0.014116318464144552
0 0.2962888261395724 0.7343308865047995 0.1044776119402985 0.019762845849802372
0 0.4116579265832997 0.7317899491812535 0.050423557886244454 0.014680971202710334
0 0.4881000403388463 0.7319311123658949 0.03711173860427592 0.013269339356295878
0 0.5572811617587737 0.7317899491812535 0.045582896329164985 0.014680971202710334
0 0.6387656313029447 0.7341897233201581 0.05687777329568374 0.017786561264822136
0 0.7305365066559096 0.7324957651044608 0.05486083098023396 0.013269339356295878
0 0.7747075433642597 0.7402597402597403 0.007664380798709157 0.009599096555618294
0 0.8061718434852764 0.7319311123658949 0.019766034691407825 0.01383399209486166
0 0.8590157321500606 0.7324957651044608 0.04235578862444534 0.013269339356295878
