0 0.17789431222267044 0.23066064370412195 0.06857603872529246 0.02258610954263128
0 0.2771278741427995 0.23503670242800678 0.08067769261799113 0.039243365330321855
0 0.3953206938281565 0.23983625070581593 0.07583703106091166 0.027950310559006212
0 0.47337636143606293 0.23475437605872387 0.031060911657926585 0.029079616036137776
0 0.5748285599031868 0.2323546019198193 0.1306978620411456 0.031055900621118012
0 0.7287212585720049 0.23870694522868435 0.10770471964501815 0.042631281761716544
0 0.8596208148446954 0.23517786561264822 0.10891488503428802 0.039525691699604744
0 0.1920129084308189 0.28063241106719367 0.09197256958450989 0.0220214568040655
0 0.31787010891488504 0.28176171654432525 0.09600645421540945 0.021456804065499716
0 0.41952400161355385 0.28430265386787124 0.042759177087535294 0.031055900621118012
0 0.5104881000403388 0.2779503105590062 0.07785397337636143 0.027385657820440428
0 0.6183945139169019 0.2768210050818746 0.05244050020169423 0.0251270468661773
0 0.7020976200080677 0.2811970638057595 0.04881000403388463 0.01637492941840768
0 0.7898346107301332 0.288961038961039 0.100040338846309 0.036420101637492944
0 0.8935054457442517 0.2854319593450028 0.063735377168213 0.04121964991530209
0 0.17386042759177087 0.33766233766233766 0.05808793868495361 0.042348955392433656
0 0.2561516740621218 0.3296160361377753 0.03872529245663574 0.027950310559006212
0 0.3426784993949173 0.32891022021456806 0.07785397337636143 0.025974025974025976
0 0.3939088342073417 0.3362507058159232 0.003630496167809601 0.0016939582156973462
0 0.41972569584509883 0.3298983625070582 0.02379991932230738 0.0251270468661773
0 0.5032271077047197 0.33272162619988704 0.09398951189995966 0.01948051948051948
0 0.6339249697458653 0.32806324110671936 0.11012505042355789 0.025409373235460192
0 0.7472771278741428 0.3265104460756635 0.0609116579265833 0.022303783173348392
0 0.7779346510689794 0.33992094861660077 0.012505042355788625 0.01129305477131564
0 0.8477208551835418 0.3396386222473179 0.09560306575231949 0.048560135516657256
0 0.17022993142396128 0.38099943534726144 0.04759983864461476 0.023997741389045736
0 0.3126260588947156 0.39031620553359686 0.15248083904800322 0.048842461885940144
0 0.4300121016538927 0.3849520045172219 0.04356595401371521 0.03980801806888763
0 0.535699878983461 0.3910220214568041 0.11375554659136748 0.030491247882552232
0 0.6756756756756757 0.37888198757763975 0.09681323114158935 0.0220214568040655
0 0.7946752722872126 0.38608130999435347 0.10165389269866881 0.032467532467532464
0 0.9029850746268657 0.3760587238848108 0.04719645018152481 0.024280067758328628
0 0.1782977006857604 0.43690005646527386 0.06938281565147236 0.041501976284584984
0 0.26421944332392094 0.4309712027103331 0.05970149253731343 0.027950310559006212
0 0.3567970956030658 0.43125352907961606 0.08027430415490117 0.02456239412761152
0 0.4461476401774909 0.43605307735742516 0.041145623235175476 0.040372670807453416
0 0.5419524001613554 0.4302653867871259 0.08672851956434045 0.025409373235460192
0 0.6875756353368294 0.4367588932806324 0.11657926583299717 0.043478260869565216
0 0.7595804759983864 0.441699604743083 0.005647438483259379 0.00818746470920384
0 0.7789431222267044 0.4333709768492377 0.021782977006857603 0.015810276679841896
0 0.8753529649052038 0.4309712027103331 0.1306978620411456 0.023997741389045736
0 0.17769261799112546 0.48009599096555616 0.06333198870512304 0.026821005081874648
0 0.2769261799112545 0.4867306606437041 0.05526421944332392 0.020892151326933936
0 0.36244453408632515 0.48404856013551667 0.040742234772085516 0.018351214003387916
0 0.48507462686567165 0.4798136645962733 0.14481645824929407 0.028514963297571992
0 0.6141589350544574 0.4863071710897798 0.058491327148043566 0.04319593450028233
0 0.6744655102864058 0.48249576510446074 0.01936264622831787 0.01637492941840768
0 0.7583703106091165 0.48094297007340486 0.09600645421540945 0.022868435911914172
0 0.8775716014521985 0.4878599661208357 0.10609116579265833 0.04686617730095991
0 0.9352561516740622 0.48955392433653305 0.0060508269463493344 0.006775832862789385
0 0.172851956434046 0.5320440429136082 0.05929810407422348 0.025691699604743084
0 0.2692617991125454 0.5309147374364765 0.06252521177894312 0.028514963297571992
0 0.3118192819685357 0.540231507622812 0.00645421540943929 0.012140033879164314
0 0.3410649455425575 0.5341614906832298 0.026220250100847116 0.037267080745341616
0 0.42617991125453814 0.5324675324675324 0.10125050423557887 0.025409373235460192
0 0.545179507866075 0.5293619424054207 0.07220653489310205 0.023715415019762844
0 0.6288826139572409 0.5350084697910785 0.03953206938281565 0.019198193111236588
0 0.7323517547398144 0.5419254658385093 0.08350141185962082 0.05110107284020327
0 0.7747075433642597 0.5487012987012987 0.007664380798709157 0.008752117447769622
0 0.8834207341670028 0.5457368718238284 0.16780960064542155 0.0378317334839074
0 0.1990722065348931 0.5830039525691699 0.11254538120209762 0.024844720496894408
0 0.33844292053247277 0.5859683794466403 0.06938281565147236 0.0189158667419537
0 0.5020169423154498 0.5965556182947487 0.1754739814441307 0.04686617730095991
0 0.6748688987494957 0.5837097684923772 0.07987091569181122 0.021174477696216828
0 0.808592174263816 0.5845567476002259 0.13029447357805568 0.026256352343308864
0 0.8807987091569182 0.5913325804630153 0.003630496167809601 0.002540937323546019
