0 0.16498588140379186 0.27413890457368717 0.024203307785397338 0.014116318464144552
0 0.21379588543767647 0.27837380011293056 0.04195240016135539 0.007905138339920948
0 0.2710770471964502 0.27498588368153587 0.050826946349334406 0.017504234895539244
0 0.3323920935861234 0.2761151891586674 0.04033884630899556 0.015245623941276116
0 0.40520371117386045 0.28049124788255225 0.07220653489310205 0.009881422924901186
0 0.4870915691811214 0.27851496329757197 0.05445744251714401 0.01383399209486166
0 0.5203711173860428 0.2852907961603614 0.003227107704719645 0.004799548277809147
0 0.5919725695845098 0.27639751552795033 0.11738604275917709 0.017504234895539244
0 0.6593384429205325 0.28698475437605875 0.003630496167809601 0.004234895539243365
0 0.7083501411859621 0.28049124788255225 0.07745058491327148 0.008752117447769622
0 0.7870108914885035 0.27851496329757197 0.04033884630899556 0.013269339356295878
0 0.8578055667607907 0.27710333145115756 0.06252521177894312 0.020045172219085264
0 0.16498588140379186 0.32396950875211744 0.03469140782573618 0.016657255787690572
0 0.2200484066155708 0.3256634669678148 0.04154901169826543 0.016092603049124788
0 0.29043969342476805 0.33243929983060416 0.063735377168213 0.021174477696216828
0 0.3283582089552239 0.3351214003387916 0.004033884630899556 0.004517221908526256
0 0.36607503025413474 0.3266516092603049 0.04235578862444534 0.014680971202710334
0 0.46853569987898347 0.3352625635234331 0.12384025816861638 0.031338226990400904
0 0.5645421540943929 0.325098814229249 0.03751512706736587 0.0189158667419537
0 0.6183945139169019 0.327639751552795 0.03953206938281565 0.016657255787690572
0 0.6897942718838241 0.326369282891022 0.06776926179911255 0.019762845849802372
0 0.772488906817265 0.32933370976849236 0.06615570794675273 0.016657255787690572
0 0.8110125050423558 0.33766233766233766 0.003630496167809601 0.003952569169960474
0 0.8511496571198064 0.32919254658385094 0.05486083098023396 0.015245623941276116
0 0.16337232755143202 0.3759175607001694 0.03711173860427592 0.015527950310559006
0 0.245663574021783 0.37634105025409376 0.09600645421540945 0.01637492941840768
0 0.372932634126664 0.38114059853190285 0.11415893505445744 0.024280067758328628
0 0.463695038321904 0.3771880293619424 0.0326744655102864 0.01693958215697346
0 0.5231948366276724 0.37775268210050816 0.055667607906413875 0.015245623941276116
0 0.6308995562726906 0.378317334839074 0.1290843081887858 0.015810276679841896
0 0.7525211778943123 0.37704686617730093 0.07866075030254134 0.017786561264822136
0 0.8225090762404196 0.3826933935629588 0.02581686163775716 0.020045172219085264
0 0.8693021379588544 0.37987012987012986 0.04356595401371521 0.016657255787690572
0 0.21238402581686164 0.4267363071710898 0.1472367890278338 0.017786561264822136
0 0.3192819685356999 0.42631281761716544 0.031060911657926585 0.01693958215697346
0 0.3672851956434046 0.42701863354037267 0.03670835014118596 0.015527950310559006
0 0.46026623638563935 0.4278656126482213 0.11617587736990723 0.016092603049124788
0 0.527228721258572 0.43478260869565216 0.003227107704719645 0.00282326369282891
0 0.5822912464703509 0.43379446640316205 0.07704719645018153 0.026821005081874648
0 0.6492537313432836 0.4323828345567476 0.030254134731746672 0.007622811970638058
0 0.6891891891891891 0.4289949181253529 0.018152480839048003 0.012140033879164314
0 0.7634126663977411 0.4339356295878035 0.1036708350141186 0.02258610954263128
0 0.8658733360225898 0.43068887634105024 0.06897942718838242 0.016092603049124788
0 0.1510689794271884 0.4762845849802372 0.022993142396127472 0.014116318464144552
0 0.1954417103670835 0.4775550536420102 0.03993545784590561 0.014398644833427442
0 0.29931423961274706 0.4784020327498588 0.136345300524405 0.018351214003387916
0 0.3973376361436063 0.47967250141163187 0.03146430012101654 0.015245623941276116
0 0.44675272287212586 0.48009599096555616 0.033481242436466316 0.015527950310559006
0 0.5256151674062122 0.47910784867306605 0.09842678499394918 0.015810276679841896
0 0.5786607503025414 0.48856578204404294 0.0052440500201694235 0.006493506493506494
0 0.6395724082291246 0.47882552230378317 0.09883017345703912 0.015810276679841896
0 0.7549415086728519 0.485742518351214 0.10286405808793868 0.026821005081874648
0 0.845300524405002 0.48094297007340486 0.05526421944332392 0.016092603049124788
0 0.14058087938684954 0.5269621682665161 0.035901573215006054 0.014398644833427442
0 0.24405002016942315 0.5287972896668549 0.14602662363856395 0.018068887634105024
0 0.3471157724889068 0.5282326369282891 0.0326744655102864 0.01693958215697346
0 0.4070189592577652 0.5351496329757199 0.06212182331585317 0.03020892151326934
0 0.49717628075837034 0.5300677583286278 0.09318273497377975 0.016092603049124788
0 0.5498184751916095 0.538961038961039 0.003227107704719645 0.003952569169960474
0 0.6131504638967326 0.5319028797289667 0.08551835417507059 0.023150762281197064
0 0.7020976200080677 0.528514963297572 0.06897942718838242 0.01693958215697346
0 0.7767244856797095 0.5287972896668549 0.052843888664784185 0.01693958215697346
0 0.19685356998789835 0.5784867306606437 0.14360629286002422 0.015810276679841896
0 0.3011294876966519 0.5784867306606437 0.0318676885841065 0.01693958215697346
0 0.35215812827753123 0.5794748729531338 0.03791851553045583 0.015527950310559006
0 0.42396127470754336 0.5787690570299266 0.07503025413473174 0.019198193111236588
0 0.5002016942315449 0.5806041784302653 0.053247277127874144 0.015527950310559006
0 0.563735377168213 0.5800395256916996 0.03993545784590561 0.015527950310559006
0 0.6347317466720451 0.5872388481084133 0.06333198870512304 0.017504234895539244
0 0.708753529649052 0.5806041784302653 0.05970149253731343 0.017786561264822136
0 0.7970956030657523 0.5841332580463016 0.08309802339653086 0.009034443817052512
0 0.8648648648648649 0.5818746470920384 0.01855586930213796 0.01355166572557877
0 0.17607906413876562 0.629587803500847 0.08834207341670028 0.023150762281197064
0 0.22690601048810005 0.6379164313946922 0.004437273093989512 0.005364201016374929
0 0.34409035901573215 0.6319875776397516 0.21137555465913674 0.025691699604743084
0 0.49415086728519564 0.6307171089779785 0.055667607906413875 0.01693958215697346
0 0.6030657523194837 0.6298701298701299 0.12827753126260588 0.017504234895539244
0 0.7014925373134329 0.629587803500847 0.035498184751916094 0.018068887634105024
0 0.7486889874949576 0.6297289666854884 0.03791851553045583 0.016092603049124788
0 0.8305768455022187 0.6301524562394127 0.10084711577248891 0.020327498588368152
0 0.16115369100443727 0.6801242236024845 0.056070996369503835 0.018068887634105024
0 0.21803146430012102 0.6806888763410502 0.0326744655102864 0.01637492941840768
0 0.26764824526018555 0.6813946922642575 0.03751512706736587 0.015527950310559006
0 0.37797498991528844 0.6839356295878035 0.15490116982654295 0.026256352343308864
0 0.49596611536910046 0.6823828345567476 0.050423557886244454 0.01355166572557877
0 0.5290439693424768 0.6915584415584416 0.0052440500201694235 0.005364201016374929
0 0.5718031464300121 0.6804065499717674 0.05929810407422348 0.018633540372670808
0 0.6811214199273901 0.6839356295878035 0.13029447357805568 0.025691699604743084
0 0.7807583703106091 0.6794184076792772 0.0318676885841065 0.017221908526256352
0 0.8390480032271077 0.6808300395256917 0.04437273093989512 0.017786561264822136
0 0.21883824122630094 0.7296725014116319 0.1609519967728923 0.018351214003387916
0 0.3830173457039129 0.7302371541501976 0.10931827349737798 0.018351214003387916
0 0.4441306978620411 0.7381422924901185 0.003227107704719645 0.002540937323546019
