0 0.18212989108511496 0.2137210615471485 0.07785397337636143 0.021456804065499716
0 0.281968535699879 0.22007340485601354 0.0653489310205728 0.029644268774703556
0 0.3654699475594998 0.2165443252399774 0.06292860024203308 0.010728402032749858
0 0.4507866075030254 0.21682665160926032 0.07139975796692215 0.02766798418972332
0 0.5490116982654296 0.21795595708639187 0.08874546187979024 0.020327498588368152
0 0.6377571601452199 0.21626199887069453 0.033884630899556276 0.014116318464144552
0 0.7071399757966922 0.2199322416713721 0.05405405405405406 0.025409373235460192
0 0.77269060104881 0.21597967250141162 0.03751512706736587 0.01693958215697346
0 0.8503428801936265 0.22092038396386224 0.10568777732956837 0.023433088650479956
0 0.9017749092375958 0.2248729531338227 0.0028237192416296895 0.001976284584980237
0 0.16236385639370715 0.2662337662337662 0.051230334812424366 0.014680971202710334
0 0.22872125857200484 0.2682100508187465 0.03953206938281565 0.018068887634105024
0 0.29265832997176283 0.26750423489553926 0.0536506655909641 0.016092603049124788
0 0.40439693424768053 0.26792772444946356 0.11738604275917709 0.024844720496894408
0 0.5895522388059702 0.27032749858836813 0.2029043969342477 0.02456239412761152
0 0.745260185558693 0.26990400903444384 0.05526421944332392 0.010163749294184076
0 0.8245260185558693 0.26566911349520045 0.06938281565147236 0.019198193111236588
0 0.16498588140379186 0.31874647092038394 0.06212182331585317 0.025409373235460192
0 0.24324324324324326 0.3181818181818182 0.05808793868495361 0.009034443817052512
0 0.32775312626058895 0.31507622811970637 0.057684550221863654 0.01637492941840768
0 0.39955627269060107 0.31535855448898925 0.035901573215006054 0.019762845849802372
0 0.48426784993949173 0.31493506493506496 0.0899556272690601 0.020609824957651044
0 0.5899556272690601 0.3191699604743083 0.07382008874546188 0.012704686617730096
0 0.7252924566357403 0.3178994918125353 0.15167406212182333 0.021456804065499716
0 0.16135538523598225 0.42108977978543194 0.0653489310205728 0.012704686617730096
0 0.2517144009681323 0.41883116883116883 0.05970149253731343 0.016092603049124788
0 0.3408632513110125 0.4213721061547149 0.06776926179911255 0.03020892151326934
0 0.43162565550625254 0.4202428006775833 0.08632513110125051 0.0251270468661773
0 0.48043565954013717 0.42828910220214567 0.009681323114158934 0.010163749294184076
0 0.5320693828156515 0.4171372106154715 0.05970149253731343 0.018351214003387916
0 0.6407825736183945 0.4227837380011293 0.1383622428398548 0.027950310559006212
0 0.7394110528438886 0.4202428006775833 0.01855586930213796 0.009316770186335404
0 0.8083904800322711 0.41727837380011296 0.07422347720855184 0.01693958215697346
0 0.1708350141185962 0.46725014116318464 0.08350141185962082 0.019198193111236588
0 0.3206938281565147 0.47374364765669114 0.1653892698668818 0.01637492941840768
0 0.4169019766034691 0.47557876905702995 0.003630496167809601 0.003105590062111801
0 0.472569584509883 0.4655561829474873 0.06333198870512304 0.019198193111236588
0 0.509479628882614 0.47939017504234893 0.011294876966518758 0.010728402032749858
0 0.5447761194029851 0.47219085262563526 0.02944735780556676 0.009316770186335404
0 0.6212182331585316 0.47896668548842464 0.0790641387656313 0.023433088650479956
0 0.6873739411052844 0.470214568040655 0.01855586930213796 0.007622811970638058
0 0.7613957240822913 0.4754376058723885 0.09156918112141993 0.0220214568040655
0 0.8711173860427591 0.47148503670242803 0.10609116579265833 0.029361942405420668
0 0.18071803146430013 0.5279503105590062 0.100040338846309 0.02710333145115754
0 0.24162968939088342 0.5299265951439864 0.009681323114158934 0.00846979107848673
0 0.2954820492133925 0.5175042348955392 0.06171843485276321 0.018068887634105024
0 0.38886647841871724 0.5238565782044043 0.0782573618394514 0.03077357425183512
0 0.47660346914078255 0.5166572557876906 0.0681726502622025 0.021456804065499716
0 0.536506655909641 0.5183512140033879 0.028237192416296894 0.01693958215697346
0 0.6068979427188382 0.5208921513269339 0.07704719645018153 0.023715415019762844
0 0.6829366680112948 0.5159514398644833 0.03711173860427592 0.020045172219085264
0 0.745663574021783 0.5183512140033879 0.07220653489310205 0.018633540372670808
0 0.8426784993949173 0.5231507622811971 0.09197256958450989 0.025974025974025976
0 0.8864461476401775 0.5327498588368154 0.01573215006050827 0.009599096555618294
0 0.15853166599435256 0.572557876905703 0.050826946349334406 0.030491247882552232
0 0.2517144009681323 0.5688876341050254 0.09681323114158935 0.015245623941276116
0 0.3307785397337636 0.5686053077357425 0.03711173860427592 0.01637492941840768
0 0.39874949576442115 0.5673348390739695 0.06736587333602259 0.017786561264822136
0 0.46208148446954417 0.568746470920384 0.02864058087938685 0.017221908526256352
0 0.5348931020572811 0.5726990400903444 0.07987091569181122 0.025691699604743084
0 0.6060911657926583 0.5681818181818182 0.03993545784590561 0.01948051948051948
0 0.6978620411456232 0.5739695087521175 0.11214199273900767 0.030491247882552232
0 0.7613957240822913 0.5753811405985318 0.004437273093989512 0.00282326369282891
