0 0.2029043969342477 0.21442687747035574 0.11617587736990723 0.023997741389045736
0 0.354578459056071 0.21287408243929984 0.136345300524405 0.021456804065499716
0 0.17043162565550626 0.27188029361942406 0.05203711173860428 0.03162055335968379
0 0.22892295280354982 0.26566911349520045 0.035901573215006054 0.020892151326933936
0 0.299717628075837 0.2715979672501412 0.0790641387656313 0.034443817052512704
0 0.3805970149253731 0.27060982495765107 0.03751512706736587 0.029079616036137776
0 0.4223477208551835 0.26595143986448333 0.03791851553045583 0.019198193111236588
0 0.4883017345703913 0.2728684359119142 0.07462686567164178 0.03303218520609825
0 0.5709963695038321 0.26453980801806887 0.06413876563130294 0.019198193111236588
0 0.6339249697458653 0.26453980801806887 0.05526421944332392 0.0220214568040655
0 0.7139975796692215 0.26538678712591757 0.08390480032271078 0.019762845849802372
0 0.7977006857603872 0.2652456239412761 0.05929810407422348 0.020045172219085264
0 0.8616377571601452 0.2652456239412761 0.048406615570794675 0.021739130434782608
0 0.20613150463896732 0.31535855448898925 0.11617587736990723 0.023150762281197064
0 0.2974989915288423 0.3211462450592885 0.040742234772085516 0.01101072840203275
0 0.3580072609923356 0.32128740824393 0.07382008874546188 0.029926595143986448
0 0.43686970552642196 0.32171089779785433 0.08309802339653086 0.03190287972896669
0 0.5467930617184349 0.3166290231507623 0.09963695038321904 0.020045172219085264
0 0.6371520774505849 0.32058159232072275 0.07462686567164178 0.011575381140598532
0 0.7466720451795079 0.3177583286278938 0.11617587736990723 0.017221908526256352
0 0.8442920532472771 0.3181818181818182 0.06696248487293263 0.017504234895539244
0 0.8900766438079871 0.32269904009034445 0.003630496167809601 0.002258610954263128
0 0.18939088342073418 0.5228684359119141 0.08672851956434045 0.037267080745341616
0 0.2823719241629689 0.5221626199887069 0.053247277127874144 0.01383399209486166
0 0.36688180718031466 0.5263975155279503 0.07059298104074223 0.025691699604743084
0 0.4590560709963695 0.5268210050818747 0.09762000806776926 0.026538678712591756
0 0.5131101250504235 0.5292207792207793 0.009681323114158934 0.008752117447769622
0 0.5653489310205728 0.5183512140033879 0.06575231948366277 0.015810276679841896
0 0.6659943525615167 0.5242800677583286 0.10407422347720856 0.03162055335968379
0 0.7682533279548205 0.5223037831733484 0.08672851956434045 0.014680971202710334
0 0.8686970552642195 0.5258328627893846 0.11577248890681727 0.03020892151326934
0 0.19705526421944333 0.6190005646527386 0.09398951189995966 0.017786561264822136
0 0.2509076240419524 0.6298701298701299 0.011294876966518758 0.012422360248447204
0 0.32129891085114964 0.6167419536984754 0.07059298104074223 0.020609824957651044
0 0.3981444130697862 0.6170242800677583 0.04437273093989512 0.020045172219085264
0 0.518152480839048 0.6212591756070017 0.15127067365873337 0.016657255787690572
0 0.6674062121823315 0.6239412761151891 0.12141992739007665 0.02766798418972332
0 0.7555465913674869 0.6188594014680971 0.04033884630899556 0.019762845849802372
0 0.8350141185962081 0.6307171089779785 0.0927793465106898 0.024280067758328628
0 0.18132311415893507 0.6756070016939583 0.07462686567164178 0.024280067758328628
0 0.23235175473981445 0.6741953698475438 0.003227107704719645 0.00282326369282891
