0 0.16296893908834206 0.23630717108977978 0.05647438483259379 0.029926595143986448
0 0.23215006050826947 0.24011857707509882 0.05203711173860428 0.03359683794466403
0 0.2880193626462283 0.23729531338226992 0.060508269463493344 0.027950310559006212
0 0.41488503428801937 0.23616600790513834 0.16498588140379186 0.03359683794466403
0 0.5469947559499798 0.24392998306041785 0.07583703106091166 0.019762845849802372
0 0.6561113352158128 0.25381140598531904 0.12464703509479629 0.034443817052512704
0 0.17103670835014118 0.295313382269904 0.13876563130294473 0.050818746470920384
0 0.2434449374747882 0.30448898927159795 0.014925373134328358 0.012704686617730096
0 0.31423961274707546 0.2859966120835686 0.10084711577248891 0.03387916431394692
0 0.4497781363453005 0.2826086956521739 0.17022993142396128 0.03896103896103896
0 0.5832997176280759 0.2859966120835686 0.0782573618394514 0.03274985883681536
0 0.7938684953610327 0.2841614906832298 0.3098023396530859 0.037549407114624504
0 0.18334005647438484 0.39709203839638624 0.10931827349737798 0.04601919819311124
0 0.28519564340459863 0.3953980801806889 0.08955223880597014 0.035290796160361376
0 0.40439693424768053 0.3999153020892151 0.10931827349737798 0.03585544889892716
0 0.4955627269060105 0.39680971202710336 0.06252521177894312 0.027950310559006212
0 0.5645421540943929 0.39723320158102765 0.0681726502622025 0.02766798418972332
0 0.6851553045582897 0.40796160361377753 0.16982654296087132 0.040654997176736304
0 0.8440903590157322 0.40217391304347827 0.14078257361839452 0.029644268774703556
0 0.9096409842678499 0.41417278373800115 0.004033884630899556 0.00282326369282891
0 0.1617587736990722 0.43873517786561267 0.04921339249697459 0.02766798418972332
0 0.3120209762000807 0.4438170525127047 0.22710770471964503 0.033314511575381144
0 0.4554255748285599 0.44678147939017504 0.06131504638967326 0.03190287972896669
0 0.5550625252117789 0.4491812535290796 0.11778943122226704 0.032185206098249576
0 0.6111335215812828 0.46499153020892153 0.004033884630899556 0.002258610954263128
0 0.6700282371924163 0.45313382269904007 0.08874546187979024 0.02710333145115754
0 0.7133924969745865 0.4683794466403162 0.014118596208148447 0.010728402032749858
0 0.7948769665187576 0.455957086391869 0.11173860427591771 0.029926595143986448
0 0.12787414279951592 0.5455957086391869 0.05808793868495361 0.027385657820440428
0 0.2581686163775716 0.5475719932241672 0.18313836224283986 0.03359683794466403
0 0.35619201290843083 0.5573122529644269 0.004033884630899556 0.004517221908526256
0 0.4764017749092376 0.5536420101637493 0.18152480839048002 0.0502540937323546
0 0.6315046389673256 0.5568887634105025 0.09156918112141993 0.017221908526256352
0 0.7206534893102057 0.5611236589497459 0.06897942718838242 0.021174477696216828
0 0.790641387656313 0.5607001693958216 0.048406615570794675 0.029926595143986448
0 0.8598225090762405 0.5584415584415584 0.07220653489310205 0.02766798418972332
0 0.9326341266639774 0.5673348390739695 0.07583703106091166 0.03585544889892716
0 0.18495361032674465 0.6000846979107849 0.16337232755143202 0.042631281761716544
0 0.272488906817265 0.6160361377752682 0.007664380798709157 0.01129305477131564
0 0.33098023396530857 0.6006493506493507 0.0681726502622025 0.027385657820440428
0 0.4346510689794272 0.6054488989271598 0.12464703509479629 0.04376058723884811
0 0.5607099636950383 0.6031902879728966 0.10568777732956837 0.029644268774703556
0 0.7593787817668415 0.6126482213438735 0.2626058894715611 0.045736871823828344
0 0.1734570391286809 0.642292490118577 0.12424364663170634 0.03557312252964427
0 0.2809600645421541 0.6456804065499717 0.07301331181928197 0.034443817052512704
0 0.3914885034288019 0.6504799548277809 0.10851149657119806 0.03387916431394692
0 0.4536103267446551 0.6681253529079616 0.012505042355788625 0.011575381140598532
0 0.5556676079064139 0.65527950310559 0.15853166599435256 0.03274985883681536
0 0.6748688987494957 0.6595143986448334 0.05163372327551432 0.02710333145115754
0 0.7712787414279951 0.6590909090909091 0.1073013311819282 0.03077357425183512
