0 0.16780960064542155 0.2155561829474873 0.055667607906413875 0.015527950310559006
0 0.254941508672852 0.21456804065499718 0.0782573618394514 0.01693958215697346
0 0.336224283985478 0.21696781479390176 0.056070996369503835 0.026821005081874648
0 0.41589350544574427 0.21541501976284586 0.07745058491327148 0.0220214568040655
0 0.49959661153691004 0.2127329192546584 0.03670835014118596 0.016657255787690572
0 0.5629286002420331 0.21442687747035574 0.052843888664784185 0.014398644833427442
0 0.6216216216216216 0.22190852625635235 0.04195240016135539 0.019198193111236588
0 0.6807180314643001 0.21936758893280633 0.050423557886244454 0.024280067758328628
0 0.754739814441307 0.2140033879164314 0.05889471561113352 0.015245623941276116
0 0.8071803146430012 0.21541501976284586 0.020976200080677694 0.010163749294184076
0 0.8465106897942719 0.21442687747035574 0.0326744655102864 0.012704686617730096
0 0.20250100847115773 0.2632693393562959 0.12343686970552642 0.017786561264822136
0 0.30798709156918114 0.264257481648786 0.05526421944332392 0.015245623941276116
0 0.3914885034288019 0.26468097120271034 0.0754336425978217 0.01383399209486166
0 0.436668011294877 0.2735742518351214 0.002016942315449778 0.005081874647092038
0 0.46208148446954417 0.26453980801806887 0.02944735780556676 0.01355166572557877
0 0.5022186365469947 0.26538678712591757 0.003227107704719645 0.012422360248447204
0 0.5576845502218637 0.265527950310559 0.08430818878580072 0.012704686617730096
0 0.645421540943929 0.2684923771880294 0.0572811617587737 0.009034443817052512
0 0.7123840258168617 0.2670807453416149 0.045986284792254944 0.017504234895539244
0 0.7601855586930214 0.2662337662337662 0.020572811617587738 0.010163749294184076
0 0.8041549011698266 0.265527950310559 0.033481242436466316 0.012704686617730096
0 0.1734570391286809 0.31493506493506496 0.06776926179911255 0.016092603049124788
0 0.23154497781363453 0.31394692264257484 0.029043969342476807 0.01637492941840768
0 0.27289229528035497 0.31634669678147936 0.0318676885841065 0.012704686617730096
0 0.32331585316659944 0.31507622811970637 0.03993545784590561 0.01637492941840768
0 0.382008874546188 0.3156408808582722 0.045986284792254944 0.014680971202710334
0 0.43929003630496166 0.3138057594579334 0.016135538523598225 0.016092603049124788
0 0.5139169019766034 0.31648785996612083 0.08955223880597014 0.011857707509881422
0 0.5907624041952401 0.3177583286278938 0.02702702702702703 0.007622811970638058
0 0.6653892698668818 0.31747600225861095 0.09479628882613957 0.020609824957651044
0 0.7515127067365873 0.314652738565782 0.04356595401371521 0.01383399209486166
0 0.8412666397741024 0.3190287972896669 0.11254538120209762 0.019198193111236588
0 0.9033884630899556 0.3210050818746471 0.002016942315449778 0.001129305477131564
0 0.15711980637353773 0.4171372106154715 0.038321903993545785 0.011575381140598532
0 0.21944332392093585 0.41883116883116883 0.045986284792254944 0.009881422924901186
0 0.2874142799515934 0.41798418972332013 0.06010488100040339 0.016657255787690572
0 0.33642597821702297 0.4162902315076228 0.004033884630899556 0.01383399209486166
0 0.37031060911657926 0.41516092603049126 0.041145623235175476 0.016092603049124788
0 0.43686970552642196 0.4203839638622247 0.05647438483259379 0.009599096555618294
0 0.4701492537313433 0.4257481648785997 0.0052440500201694235 0.006211180124223602
0 0.5026220250100847 0.4161490683229814 0.04356595401371521 0.014680971202710334
0 0.5584913271480436 0.41798418972332013 0.02702702702702703 0.011575381140598532
0 0.6528842275110932 0.4215132693393563 0.11738604275917709 0.023715415019762844
0 0.7414279951593384 0.41756070016939584 0.03227107704719645 0.012987012987012988
0 0.81847519160952 0.41516092603049126 0.08955223880597014 0.016092603049124788
0 0.1782977006857604 0.4678147939017504 0.08067769261799113 0.01693958215697346
0 0.27148043565954016 0.4678147939017504 0.042759177087535294 0.015245623941276116
0 0.3348124243646632 0.4733201581027668 0.03469140782573618 0.025691699604743084
0 0.38422751109318276 0.46950875211744775 0.018959257765227916 0.010728402032749858
0 0.44675272287212586 0.46852060982495763 0.05687777329568374 0.01383399209486166
0 0.48124243646631704 0.4767080745341615 0.0024203307785397336 0.0036702428006775835
0 0.5219846712384025 0.4678147939017504 0.04356595401371521 0.014680971202710334
0 0.5760387252924566 0.46795595708639187 0.026623638563937072 0.014398644833427442
0 0.6468334005647438 0.46710897797854317 0.07301331181928197 0.016657255787690572
0 0.7156111335215812 0.4733201581027668 0.022589753933037516 0.023433088650479956
0 0.7365873336022589 0.47501411631846413 0.0024203307785397336 0.004234895539243365
0 0.7882210568777733 0.474025974025974 0.07260992335619201 0.018633540372670808
0 0.8527632109721662 0.4647092038396386 0.021782977006857603 0.017504234895539244
0 0.16014521984671237 0.5187747035573123 0.03872529245663574 0.015527950310559006
0 0.2498991528842275 0.5221626199887069 0.07704719645018153 0.021739130434782608
0 0.3235175473981444 0.5176453980801807 0.01936264622831787 0.017221908526256352
0 0.3807987091569181 0.5180688876341051 0.03711173860427592 0.014116318464144552
0 0.4628882613957241 0.5206098249576511 0.07382008874546188 0.021456804065499716
0 0.5052440500201695 0.5230095990965556 0.002016942315449778 0.001976284584980237
