0 0.1591367486889875 0.26228119706380576 0.06413876563130294 0.023715415019762844
0 0.26421944332392094 0.26157538114059853 0.0645421540943929 0.021174477696216828
0 0.35599031867688585 0.2696216826651609 0.08511496571198064 0.029926595143986448
0 0.4564340459862848 0.2608695652173913 0.06252521177894312 0.018633540372670808
0 0.5560709963695039 0.27103331451157536 0.08592174263816055 0.03896103896103896
0 0.6085114965711981 0.2713156408808583 0.003630496167809601 0.006211180124223602
0 0.6972569584509883 0.2725861095426313 0.11093182734973779 0.03980801806888763
0 0.7892295280354982 0.26453980801806887 0.01734570391286809 0.015810276679841896
0 0.8662767244856797 0.26312817617165446 0.07946752722872126 0.01637492941840768
0 0.16256555062525213 0.31281761716544326 0.05405405405405406 0.020892151326933936
0 0.23557886244453408 0.3125352907961604 0.033884630899556276 0.020327498588368152
0 0.3336022589753933 0.31084133258046304 0.10326744655102864 0.024280067758328628
0 0.4227511093182735 0.3116883116883117 0.01936264622831787 0.020327498588368152
0 0.47115772488906815 0.3111236589497459 0.03227107704719645 0.020892151326933936
0 0.5734167002823719 0.3081592320722755 0.08511496571198064 0.025691699604743084
0 0.7133924969745865 0.3098531902879729 0.10286405808793868 0.023997741389045736
0 0.817870108914885 0.3290513833992095 0.0536506655909641 0.035290796160361376
0 0.8981444130697862 0.3166290231507623 0.06413876563130294 0.03867871259175607
0 0.17930617184348527 0.37704686617730093 0.07220653489310205 0.032467532467532464
0 0.2583703106091166 0.3642010163749294 0.018152480839048003 0.023715415019762844
0 0.3483259378781767 0.3759175607001694 0.08027430415490117 0.04206662902315076
0 0.5112948769665188 0.37732919254658387 0.11012505042355789 0.03867871259175607
0 0.5869302137958854 0.37351778656126483 0.003227107704719645 0.00282326369282891
0 0.6409842678499394 0.365330321852061 0.03146430012101654 0.012987012987012988
0 0.7351754739814441 0.37704686617730093 0.10205728116175877 0.035290796160361376
0 0.8263412666397741 0.36307171089779783 0.01653892698668818 0.018068887634105024
0 0.8894715611133521 0.3706945228684359 0.10326744655102864 0.04686617730095991
0 0.15308592174263816 0.41798418972332013 0.01008471157724889 0.009881422924901186
0 0.21581282775312627 0.41205533596837945 0.05647438483259379 0.023433088650479956
0 0.29951593384429204 0.4140316205533597 0.0536506655909641 0.020045172219085264
0 0.3860427591770875 0.41756070016939584 0.04517950786607503 0.012422360248447204
0 0.4645018152480839 0.41318464144551104 0.05203711173860428 0.016092603049124788
0 0.5582896329164986 0.4140316205533597 0.07341670028237192 0.021739130434782608
0 0.6109318273497378 0.4267363071710898 0.007664380798709157 0.007622811970638058
0 0.672246873739411 0.41459627329192544 0.05687777329568374 0.015527950310559006
0 0.7333602258975394 0.41205533596837945 0.03711173860427592 0.022868435911914172
0 0.8158531665994353 0.4193958215697346 0.07785397337636143 0.03077357425183512
0 0.21500605082694635 0.4686617730095991 0.14037918515530456 0.031055900621118012
0 0.34187172246873737 0.46499153020892153 0.027833803953206938 0.0220214568040655
0 0.45421540943929006 0.4621682665160926 0.08874546187979024 0.025409373235460192
0 0.5576845502218637 0.46287408243929984 0.05687777329568374 0.020045172219085264
0 0.6290843081887858 0.47261434217955955 0.040742234772085516 0.04630152456239413
0 0.7371924162968939 0.466403162055336 0.09802339653085922 0.03387916431394692
0 0.8291649858814037 0.4688029361942405 0.02218636546994756 0.008752117447769622
0 0.8951189995966116 0.46259175607001696 0.05808793868495361 0.018351214003387916
0 0.15590964098426785 0.519339356295878 0.018959257765227916 0.010446075663466968
0 0.20693828156514724 0.5231507622811971 0.03469140782573618 0.03670242800677583
0 0.29487696651875756 0.5203274985883681 0.0645421540943929 0.009599096555618294
0 0.41085114965711983 0.5156691134952005 0.0891488503428802 0.015527950310559006
0 0.5389269866881807 0.5244212309429701 0.0927793465106898 0.0189158667419537
0 0.6153691004437273 0.5263975155279503 0.004437273093989512 0.002540937323546019
0 0.6540943929003631 0.5139751552795031 0.018959257765227916 0.022303783173348392
0 0.7315449778136345 0.5166572557876906 0.06413876563130294 0.018068887634105024
0 0.8168616377571601 0.5160926030491247 0.035498184751916094 0.01693958215697346
0 0.9007664380798709 0.5125635234330886 0.09116579265832997 0.022303783173348392
0 0.16599435256151673 0.5701581027667985 0.04154901169826543 0.01383399209486166
0 0.2845905607099637 0.5638057594579333 0.12464703509479629 0.025409373235460192
0 0.39108511496571197 0.564935064935065 0.021379588543767647 0.019762845849802372
0 0.5048406615570795 0.5635234330886505 0.1189995966115369 0.024280067758328628
0 0.5748285599031868 0.5770750988142292 0.009681323114158934 0.009034443817052512
0 0.6311012505042356 0.567476002258611 0.051230334812424366 0.015245623941276116
0 0.7198467123840259 0.5680406549971767 0.04800322710770472 0.015810276679841896
0 0.8271480435659541 0.5640880858272163 0.09640984267849939 0.019198193111236588
0 0.17648245260185558 0.6271880293619424 0.07139975796692215 0.03867871259175607
0 0.299919322307382 0.6164596273291926 0.08834207341670028 0.023433088650479956
0 0.42073416700282373 0.6175889328063241 0.08148446954417103 0.031338226990400904
0 0.5125050423557886 0.6254940711462451 0.031060911657926585 0.045454545454545456
0 0.635941912061315 0.6144833427442123 0.1335215812827753 0.023433088650479956
0 0.7079467527228721 0.6236589497459063 0.0024203307785397336 0.002258610954263128
