0 0.14905203711173862 0.2735742518351214 0.014925373134328358 0.012987012987012988
0 0.2254941508672852 0.2696216826651609 0.07745058491327148 0.020892151326933936
0 0.32129891085114964 0.27004517221908525 0.05445744251714401 0.011575381140598532
0 0.3981444130697862 0.2672219085262564 0.05808793868495361 0.01948051948051948
0 0.5014118596208148 0.27540937323546016 0.10084711577248891 0.042631281761716544
0 0.6254538120209762 0.2658102766798419 0.08430818878580072 0.023433088650479956
0 0.7150060508269463 0.2694805194805195 0.03993545784590561 0.009881422924901186
0 0.81847519160952 0.2639751552795031 0.10972166196046793 0.0220214568040655
0 0.1663977410246067 0.3188876341050254 0.03751512706736587 0.023433088650479956
0 0.24929407018959257 0.3246753246753247 0.05244050020169423 0.01129305477131564
0 0.3743444937474788 0.3191699604743083 0.136345300524405 0.023997741389045736
0 0.4560306575231948 0.32707509881422925 0.0028237192416296895 0.002540937323546019
0 0.5024203307785398 0.3129587803500847 0.03751512706736587 0.023997741389045736
0 0.5707946752722872 0.33046301524562394 0.04033884630899556 0.029644268774703556
0 0.709560306575232 0.3157820440429136 0.17668414683340056 0.022303783173348392
0 0.8033481242436467 0.3241106719367589 0.008471157724889069 0.00564652738565782
0 0.19423154497781364 0.3644833427442123 0.07624041952400161 0.023715415019762844
0 0.282170229931424 0.37111801242236025 0.03509479628882614 0.01101072840203275
0 0.36143606292860025 0.3675889328063241 0.06292860024203308 0.019762845849802372
0 0.4445340863251311 0.3674477696216827 0.03953206938281565 0.021739130434782608
0 0.5191609519967729 0.36561264822134387 0.05244050020169423 0.019762845849802372
0 0.5923759580475998 0.3719649915302089 0.03751512706736587 0.015527950310559006
0 0.6665994352561517 0.37140033879164314 0.05687777329568374 0.0189158667419537
0 0.7755143202904397 0.379587803500847 0.10286405808793868 0.03190287972896669
0 0.1964501815248084 0.4298418972332016 0.07260992335619201 0.0471485036702428
0 0.27954820492133925 0.4178430265386787 0.050826946349334406 0.023150762281197064
0 0.4245663574021783 0.4181253529079616 0.16659943525615167 0.019762845849802372
0 0.5225897539330375 0.42701863354037267 0.0052440500201694235 0.005364201016374929
0 0.5883420734167003 0.41756070016939584 0.05203711173860428 0.01693958215697346
0 0.7329568374344494 0.4280067758328628 0.16942315449778136 0.04009034443817053
0 0.20492133924969747 0.47148503670242803 0.08793868495361033 0.025974025974025976
0 0.3096006454215409 0.4697910784867307 0.051230334812424366 0.0220214568040655
0 0.40883420734167003 0.4696499153020892 0.06494554255748286 0.018351214003387916
0 0.5141185962081485 0.46823828345567475 0.06333198870512304 0.021174477696216828
0 0.6335215812827754 0.47557876905702995 0.1262605889471561 0.03472614342179559
0 0.755143202904397 0.4761434217955957 0.03791851553045583 0.03303218520609825
0 0.17507059298104075 0.5213156408808582 0.016135538523598225 0.012140033879164314
0 0.27773295683743443 0.5262563523433089 0.11657926583299717 0.04686617730095991
0 0.3799919322307382 0.5194805194805194 0.026623638563937072 0.0220214568040655
0 0.44493747478822104 0.5245623941276115 0.02016942315449778 0.012422360248447204
0 0.5397337636143607 0.5280914737436476 0.10246066962484873 0.04376058723884811
0 0.5988301734570391 0.5261151891586674 0.0028237192416296895 0.001976284584980237
0 0.6573215006050827 0.5156691134952005 0.05526421944332392 0.018351214003387916
0 0.7628075837031061 0.5163749294184077 0.11778943122226704 0.018068887634105024
0 0.2154094392900363 0.5705815923207228 0.09842678499394918 0.019198193111236588
0 0.37353771682129894 0.577922077922078 0.16135538523598225 0.03670242800677583
0 0.47236789027833803 0.5804630152456239 0.009681323114158934 0.009034443817052512
0 0.5389269866881807 0.571005081874647 0.053247277127874144 0.017786561264822136
0 0.6192012908430818 0.5722755505364201 0.041145623235175476 0.010728402032749858
0 0.7129891085114965 0.5678994918125353 0.07946752722872126 0.020045172219085264
0 0.8142396127470755 0.5708639186900056 0.06010488100040339 0.023715415019762844
0 0.24203307785397338 0.6260587238848109 0.1290843081887858 0.040372670807453416
0 0.40762404195240015 0.6174477696216827 0.1254538120209762 0.023150762281197064
0 0.5014118596208148 0.622953133822699 0.014521984671238403 0.01101072840203275
0 0.5786607503025414 0.6214003387916431 0.07382008874546188 0.021456804065499716
0 0.6684146833400565 0.620412196499153 0.048406615570794675 0.021739130434782608
0 0.7914481645824929 0.6257763975155279 0.13392496974586526 0.039243365330321855
0 0.8705123033481242 0.6278938452851497 0.004033884630899556 0.004517221908526256
