0 0.20653489310205728 0.2607284020327499 0.10891488503428802 0.021174477696216828
0 0.3007260992335619 0.26341050254093734 0.0060508269463493344 0.017504234895539244
0 0.3412666397741025 0.26002258610954265 0.042759177087535294 0.02258610954263128
0 0.40742234772085517 0.2608695652173913 0.04195240016135539 0.020327498588368152
0 0.49314239612747074 0.26030491247882553 0.06494554255748286 0.024844720496894408
0 0.5570794675272287 0.26016374929418407 0.016135538523598225 0.0189158667419537
0 0.5986284792254941 0.26044607566346695 0.023396530859217425 0.022303783173348392
0 0.6391690197660347 0.26665725578769056 0.008471157724889069 0.007622811970638058
0 0.6885841064945543 0.2586109542631282 0.04356595401371521 0.021456804065499716
0 0.7369907220653489 0.269339356295878 0.03630496167809601 0.04291360813099943
0 0.8283582089552238 0.26129305477131565 0.10286405808793868 0.018351214003387916
0 0.17224687373941105 0.31197063805759456 0.05405405405405406 0.021456804065499716
0 0.23033481242436465 0.31437041219649914 0.017749092375958047 0.014398644833427442
0 0.32674465510286405 0.31197063805759456 0.10972166196046793 0.023150762281197064
0 0.4308188785800726 0.31493506493506496 0.04517950786607503 0.016657255787690572
0 0.5135135135135135 0.3234048560135517 0.06857603872529246 0.04601919819311124
0 0.626663977410246 0.32523997741389044 0.10044372730939895 0.03896103896103896
0 0.7575635336829367 0.31098249576510445 0.11133521581282775 0.021174477696216828
0 0.8217022993142397 0.32919254658385094 0.004033884630899556 0.005081874647092038
0 0.8658733360225898 0.31437041219649914 0.04800322710770472 0.012704686617730096
0 0.14905203711173862 0.36335403726708076 0.01653892698668818 0.02258610954263128
0 0.21762807583703106 0.3609542631281762 0.06736587333602259 0.021739130434782608
0 0.29043969342476805 0.36335403726708076 0.03469140782573618 0.021456804065499716
0 0.38886647841871724 0.36264822134387353 0.11294876966518758 0.022303783173348392
0 0.5221863654699476 0.3740824392998306 0.10125050423557887 0.040654997176736304
0 0.6179911254538121 0.37267080745341613 0.026623638563937072 0.038396386222473176
0 0.6742638160548609 0.36462450592885376 0.02864058087938685 0.01948051948051948
0 0.7660346914078258 0.36123658949745907 0.07745058491327148 0.022303783173348392
0 0.8737394110528439 0.36928289102202144 0.09519967728922953 0.034443817052512704
0 0.1700282371924163 0.4150197628458498 0.058491327148043566 0.018633540372670808
0 0.20653489310205728 0.42419536984754375 0.0024203307785397336 0.001976284584980237
0 0.27188382412263007 0.41360813099943533 0.07180314643001211 0.0220214568040655
0 0.3761597418313836 0.41431394692264256 0.07866075030254134 0.01948051948051948
0 0.49697458652682536 0.4313946922642575 0.10972166196046793 0.042348955392433656
0 0.6234368697055265 0.41318464144551104 0.09156918112141993 0.022303783173348392
0 0.717628075837031 0.41445511010728403 0.04437273093989512 0.012987012987012988
0 0.8071803146430012 0.41741953698475437 0.07503025413473174 0.010446075663466968
0 0.8805970149253731 0.42066629023150764 0.02743041549011698 0.032185206098249576
0 0.1936264622831787 0.4767080745341615 0.10649455425574829 0.040372670807453416
0 0.35215812827753123 0.46301524562394125 0.11859620814844696 0.023715415019762844
0 0.49697458652682536 0.47261434217955955 0.0927793465106898 0.04291360813099943
0 0.5972166196046793 0.46301524562394125 0.031060911657926585 0.020892151326933936
0 0.6912061315046389 0.4631564088085827 0.10528438886647842 0.017786561264822136
0 0.7613957240822913 0.47896668548842464 0.0028237192416296895 0.004799548277809147
0 0.8037515127067366 0.46597967250141165 0.04719645018152481 0.013269339356295878
0 0.8596208148446954 0.46386222473178995 0.005647438483259379 0.015245623941276116
0 0.16296893908834206 0.5114342179559571 0.03872529245663574 0.020609824957651044
0 0.24142799515933844 0.5244212309429701 0.0681726502622025 0.0471485036702428
0 0.3519564340459863 0.5252682100508187 0.0891488503428802 0.036420101637492944
0 0.43384429205324726 0.5220214568040655 0.010891488503428802 0.007905138339920948
0 0.5114965711980637 0.5141163184641445 0.08067769261799113 0.019762845849802372
0 0.6026623638563937 0.5235742518351214 0.029043969342476807 0.03472614342179559
0 0.6649858814037919 0.5143986448334275 0.033481242436466316 0.020892151326933936
0 0.7716821298910851 0.5143986448334275 0.1306978620411456 0.0220214568040655
0 0.20875352964905203 0.5734048560135516 0.12868091972569584 0.03670242800677583
0 0.3061718434852763 0.5782044042913608 0.0024203307785397336 0.006775832862789385
0 0.354780153287616 0.5638057594579333 0.05929810407422348 0.021456804065499716
0 0.4223477208551835 0.5638057594579333 0.003227107704719645 0.020892151326933936
0 0.508471157724889 0.5640880858272163 0.09883017345703912 0.020327498588368152
0 0.6613553852359823 0.5731225296442688 0.14400968132311415 0.037267080745341616
0 0.8132311415893505 0.5732636928289102 0.09197256958450989 0.039243365330321855
0 0.8773699072206534 0.5688876341050254 0.01936264622831787 0.00846979107848673
0 0.15752319483662766 0.6167419536984754 0.030254134731746672 0.023997741389045736
0 0.27410246066962485 0.6150479954827781 0.118192819685357 0.023997741389045736
0 0.38664784187172246 0.6212591756070017 0.033481242436466316 0.03585544889892716
0 0.4485679709560307 0.6153303218520609 0.03630496167809601 0.023433088650479956
0 0.5627269060104881 0.620694522868436 0.09842678499394918 0.04488989271597967
0 0.6984671238402582 0.610248447204969 0.08834207341670028 0.029079616036137776
0 0.7785397337636144 0.6144833427442123 0.022589753933037516 0.017786561264822136
0 0.8398547801532876 0.6133540372670807 0.03307785397337636 0.020609824957651044
0 0.1827349737797499 0.6674195369847544 0.1145623235175474 0.014116318464144552
0 0.26321097216619604 0.6727837380011293 0.0028237192416296895 0.0033879164313946925
