0 0.16942315449778136 0.2769621682665161 0.06131504638967326 0.034443817052512704
0 0.20492133924969747 0.29263128176171654 0.004840661557079467 0.007622811970638058
0 0.2335619201290843 0.28063241106719367 0.041145623235175476 0.020327498588368152
0 0.29790237999193225 0.2789384528514963 0.05687777329568374 0.02766798418972332
0 0.38140379185155304 0.28176171654432525 0.05687777329568374 0.018068887634105024
0 0.43404598628479224 0.28402032749858835 0.029850746268656716 0.01355166572557877
0 0.517749092375958 0.28091473743647655 0.09560306575231949 0.024280067758328628
0 0.5675675675675675 0.29573687182382835 0.004840661557079467 0.006493506493506494
0 0.5800726099233562 0.27851496329757197 0.003227107704719645 0.025691699604743084
0 0.6159741831383623 0.28642010163749293 0.04195240016135539 0.017221908526256352
0 0.7283178701089149 0.288961038961039 0.1536910044372731 0.03359683794466403
0 0.17244856797095603 0.38085827216261997 0.06978620411456232 0.018633540372670808
0 0.27208551835417505 0.379587803500847 0.10044372730939895 0.021739130434782608
0 0.35296490520371115 0.3870694522868436 0.020976200080677694 0.009599096555618294
0 0.40197660346914077 0.3893280632411067 0.05203711173860428 0.017504234895539244
0 0.47297297297297297 0.3908808582721626 0.06897942718838242 0.021739130434782608
0 0.5528438886647842 0.38410502540937325 0.057684550221863654 0.023433088650479956
0 0.6137555465913674 0.38410502540937325 0.027833803953206938 0.018351214003387916
0 0.6920129084308189 0.3848108413325805 0.10205728116175877 0.023715415019762844
0 0.7882210568777733 0.3865047995482778 0.06292860024203308 0.015245623941276116
0 0.8469140782573619 0.3845285149632976 0.043969342476805166 0.019762845849802372
0 0.15671641791044777 0.42871259175607 0.043162565550625254 0.027385657820440428
0 0.2603872529245664 0.42913608130999437 0.1262605889471561 0.032185206098249576
0 0.3283582089552239 0.44212309429700736 0.005647438483259379 0.0016939582156973462
0 0.35498184751916095 0.43195934500282324 0.03307785397337636 0.024844720496894408
0 0.4171036708350141 0.4298418972332016 0.04679306171843485 0.026821005081874648
0 0.46147640177490923 0.4352060982495765 0.015328761597418314 0.010446075663466968
0 0.5346914078257362 0.43464144551101075 0.09883017345703912 0.03472614342179559
0 0.6313029447357805 0.43817052512704685 0.0645421540943929 0.03387916431394692
0 0.6926179911254539 0.4343591191417278 0.03469140782573618 0.021174477696216828
0 0.7565550625252118 0.4343591191417278 0.06171843485276321 0.023997741389045736
0 0.8459056070996369 0.43478260869565216 0.100040338846309 0.025974025974025976
0 0.8914885034288019 0.4515810276679842 0.011294876966518758 0.009316770186335404
0 0.2073416700282372 0.5280914737436476 0.12989108511496572 0.03303218520609825
0 0.31807180314643 0.5352907961603613 0.04881000403388463 0.014680971202710334
0 0.3929003630496168 0.5371259175607002 0.05647438483259379 0.012704686617730096
0 0.44917305365066557 0.5382552230378317 0.013311819281968536 0.009881422924901186
0 0.5048406615570795 0.5345849802371542 0.06171843485276321 0.01948051948051948
0 0.5627269060104881 0.5372670807453416 0.02016942315449778 0.019762845849802372
0 0.6073013311819282 0.5341614906832298 0.035901573215006054 0.02766798418972332
0 0.6899959661153691 0.5410784867306606 0.10851149657119806 0.035290796160361376
0 0.7468737394110528 0.5520892151326934 0.011698265429608713 0.011575381140598532
0 0.7940701895925777 0.5320440429136082 0.06494554255748286 0.027385657820440428
0 0.19584509883017345 0.5813099943534726 0.1036708350141186 0.026538678712591756
0 0.3491327148043566 0.5846979107848673 0.15691811214199275 0.028232636928289104
0 0.4772085518354175 0.5887916431394692 0.05163372327551432 0.013269339356295878
0 0.5532472771278741 0.5828627893845285 0.06171843485276321 0.028514963297571992
0 0.635538523598225 0.5928853754940712 0.06655909640984267 0.019762845849802372
0 0.7256958450988302 0.5866741953698476 0.07018959257765228 0.020892151326933936
0 0.7928600242033078 0.5854037267080745 0.03509479628882614 0.021739130434782608
0 0.17325534489713595 0.6300112930547713 0.0463896732553449 0.0251270468661773
0 0.20572811617587736 0.6387634105025409 0.009681323114158934 0.0036702428006775835
