0 0.1607503025413473 0.23376623376623376 0.03993545784590561 0.02766798418972332
0 0.2335619201290843 0.2261434217955957 0.06776926179911255 0.02258610954263128
0 0.33420734167002825 0.22586109542631283 0.08108108108108109 0.020327498588368152
0 0.4138765631302945 0.2289666854884246 0.04356595401371521 0.01129305477131564
0 0.4844695441710367 0.2264257481648786 0.0500201694231545 0.019198193111236588
0 0.5663574021782977 0.2289666854884246 0.06776926179911255 0.033314511575381144
0 0.635538523598225 0.23023715415019763 0.02379991932230738 0.012140033879164314
0 0.7422347720855184 0.22811970638057594 0.12989108511496572 0.03162055335968379
0 0.854981847519161 0.2264257481648786 0.04961678096006454 0.019198193111236588
0 0.15207745058491326 0.2756916996047431 0.03469140782573618 0.0251270468661773
0 0.23658733360225898 0.28077357425183513 0.08511496571198064 0.035290796160361376
0 0.291246470350948 0.28712591756070016 0.003227107704719645 0.009599096555618294
0 0.3307785397337636 0.277244494635799 0.04356595401371521 0.019198193111236588
0 0.4056070996369504 0.27526821005081875 0.06494554255748286 0.023150762281197064
0 0.4709560306575232 0.2813382269904009 0.01008471157724889 0.009316770186335404
0 0.5169423154497781 0.28514963297571994 0.043162565550625254 0.019762845849802372
0 0.6044776119402985 0.27625635234330886 0.09156918112141993 0.020609824957651044
0 0.7027027027027027 0.2776679841897233 0.0653489310205728 0.01948051948051948
0 0.7962888261395724 0.282326369282891 0.0782573618394514 0.02710333145115754
0 0.16861637757160144 0.3269339356295878 0.06131504638967326 0.023715415019762844
0 0.24687373941105284 0.33766233766233766 0.033884630899556276 0.020327498588368152
0 0.32210568777732956 0.3287690570299266 0.07866075030254134 0.018351214003387916
0 0.42597821702299316 0.3256634669678148 0.08067769261799113 0.022868435911914172
0 0.47236789027833803 0.3359683794466403 0.004840661557079467 0.009034443817052512
0 0.5106897942718839 0.3287690570299266 0.03711173860427592 0.018351214003387916
0 0.6214199273900767 0.3318746470920384 0.1262605889471561 0.028514963297571992
0 0.7299314239612748 0.32792207792207795 0.04719645018152481 0.021739130434782608
0 0.7851956434045986 0.3300395256916996 0.02218636546994756 0.012987012987012988
0 0.8459056070996369 0.3272162619988707 0.05486083098023396 0.020327498588368152
0 0.15167406212182333 0.42941840767927725 0.026623638563937072 0.019762845849802372
0 0.20330778539733763 0.4289949181253529 0.035498184751916094 0.020045172219085264
0 0.31665994352561516 0.42828910220214567 0.13392496974586526 0.023150762281197064
0 0.42698668818071805 0.4277244494635799 0.03993545784590561 0.0220214568040655
0 0.5248083904800322 0.42871259175607 0.10568777732956837 0.021739130434782608
0 0.6506655909640984 0.42857142857142855 0.08390480032271078 0.023715415019762844
0 0.7281161758773699 0.4302653867871259 0.01855586930213796 0.014680971202710334
0 0.7755143202904397 0.427442123094297 0.031060911657926585 0.019762845849802372
0 0.8424768051633723 0.42814793901750425 0.07220653489310205 0.021739130434782608
0 0.8862444534086326 0.4394409937888199 0.0024203307785397336 0.002540937323546019
0 0.17567567567567569 0.4754376058723885 0.06252521177894312 0.02766798418972332
0 0.2583703106091166 0.48249576510446074 0.04477611940298507 0.011857707509881422
0 0.34045986284792257 0.4775550536420102 0.063735377168213 0.023433088650479956
0 0.40520371117386045 0.4826369282891022 0.021379588543767647 0.029644268774703556
0 0.46107301331181927 0.4775550536420102 0.03872529245663574 0.021739130434782608
0 0.5681726502622025 0.4810841332580463 0.12061315046389673 0.03896103896103896
0 0.681726502622025 0.48320158102766797 0.06857603872529246 0.029079616036137776
0 0.7466720451795079 0.47684923771880294 0.02581686163775716 0.023150762281197064
0 0.8307785397337636 0.4771315640880858 0.10851149657119806 0.0220214568040655
0 0.8880597014925373 0.4901185770750988 0.006857603872529245 0.006775832862789385
0 0.145623235175474 0.585544889892716 0.015328761597418314 0.010163749294184076
0 0.20875352964905203 0.5786278938452851 0.051230334812424366 0.022868435911914172
0 0.29810407422347723 0.5789102202145681 0.07341670028237192 0.02456239412761152
0 0.3775716014521985 0.5770750988142292 0.02501008471157725 0.024844720496894408
0 0.43586123436869706 0.5849802371541502 0.0463896732553449 0.01129305477131564
0 0.46430012101653895 0.5896386222473179 0.0024203307785397336 0.002540937323546019
