0 0.15147236789027835 0.22501411631846416 0.025413473174667203 0.014116318464144552
0 0.2603872529245664 0.23094297007340486 0.11738604275917709 0.020892151326933936
0 0.35155304558289635 0.2267080745341615 0.025413473174667203 0.010163749294184076
0 0.4027833803953207 0.22727272727272727 0.03993545784590561 0.01129305477131564
0 0.5260185558693021 0.23150762281197063 0.15732150060508268 0.018068887634105024
0 0.6520774505849133 0.22840203274985885 0.05445744251714401 0.010728402032749858
0 0.7085518354175071 0.22811970638057594 0.018959257765227916 0.009599096555618294
0 0.7821702299314239 0.22699040090344438 0.0790641387656313 0.01355166572557877
0 0.191004437273094 0.2824675324675325 0.1044776119402985 0.021739130434782608
0 0.27954820492133925 0.28274985883681536 0.024203307785397338 0.01101072840203275
0 0.32573618394513915 0.2816205533596838 0.0318676885841065 0.022303783173348392
0 0.41952400161355385 0.2780914737436477 0.10568777732956837 0.012422360248447204
0 0.5437676482452601 0.28402032749858835 0.07664380798709157 0.017504234895539244
0 0.6228317870108915 0.27710333145115756 0.04195240016135539 0.012704686617730096
0 0.7101653892698668 0.28049124788255225 0.08672851956434045 0.016092603049124788
0 0.7628075837031061 0.2865612648221344 0.00645421540943929 0.007340485601355167
0 0.7974989915288423 0.2766798418972332 0.045986284792254944 0.015245623941276116
0 0.8553852359822509 0.28049124788255225 0.031060911657926585 0.009316770186335404
0 0.16922146026623638 0.3256634669678148 0.0609116579265833 0.016657255787690572
0 0.26502622025010086 0.3339920948616601 0.07018959257765228 0.015245623941276116
0 0.3334005647438483 0.3284867306606437 0.024606696248487294 0.009881422924901186
0 0.39431222267043164 0.3298983625070582 0.05203711173860428 0.021739130434782608
0 0.4320290439693425 0.3341332580463015 0.0024203307785397336 0.001976284584980237
0 0.4838644614764018 0.32594579333709767 0.0609116579265833 0.017786561264822136
0 0.5530455828963292 0.327639751552795 0.02501008471157725 0.01383399209486166
0 0.6746672045179508 0.32622811970638055 0.1617587736990722 0.017221908526256352
0 0.8011294876966518 0.326369282891022 0.041145623235175476 0.014116318464144552
0 0.22791448164582492 0.37987012987012986 0.1734570391286809 0.020609824957651044
0 0.3836224283985478 0.37789384528514963 0.07664380798709157 0.013269339356295878
0 0.49858814037918514 0.37704686617730093 0.10326744655102864 0.016092603049124788
0 0.5663574021782977 0.38071710897797856 0.008067769261799113 0.001976284584980237
0 0.6216216216216216 0.38170525127046867 0.09197256958450989 0.0220214568040655
0 0.6912061315046389 0.3818464144551101 0.012505042355788625 0.005928853754940711
0 0.7341670028237193 0.38099943534726144 0.04921339249697459 0.008752117447769622
0 0.8136345300524405 0.37859966120835686 0.06696248487293263 0.012422360248447204
0 0.8563937071399758 0.38085827216261997 0.01290843081887858 0.002258610954263128
0 0.17607906413876562 0.4295595708639187 0.0754336425978217 0.021174477696216828
0 0.25312626058894716 0.4295595708639187 0.024606696248487294 0.01101072840203275
0 0.3245260185558693 0.42871259175607 0.08753529649052037 0.014963297571993224
0 0.41750705929810406 0.429983060417843 0.03630496167809601 0.01129305477131564
0 0.49858814037918514 0.43040654997176736 0.08793868495361033 0.016657255787690572
0 0.5770471964501815 0.43167701863354035 0.02944735780556676 0.009599096555618294
0 0.6210165389269867 0.4323828345567476 0.02379991932230738 0.007622811970638058
0 0.6964501815248084 0.4289949181253529 0.07624041952400161 0.013269339356295878
0 0.8206938281565147 0.43562958780350086 0.12948769665187576 0.020892151326933936
0 0.14945542557482855 0.4786843591191417 0.03993545784590561 0.014398644833427442
0 0.2444534086325131 0.48560135516657255 0.08390480032271078 0.01637492941840768
0 0.33118192819685355 0.47910784867306605 0.04437273093989512 0.014116318464144552
0 0.4173053650665591 0.48320158102766797 0.06736587333602259 0.01383399209486166
0 0.4562323517547398 0.48404856013551667 0.0024203307785397336 0.001976284584980237
0 0.48749495764421136 0.47656691134952006 0.02864058087938685 0.018068887634105024
0 0.5518354175070593 0.48221343873517786 0.055667607906413875 0.014680971202710334
0 0.617789431222267 0.4810841332580463 0.040742234772085516 0.009599096555618294
0 0.7075433642597821 0.4798136645962733 0.0927793465106898 0.012704686617730096
0 0.8156514723678903 0.48221343873517786 0.08471157724889068 0.01637492941840768
0 0.1837434449374748 0.5796160361377752 0.09883017345703912 0.014116318464144552
0 0.24243646631706334 0.5849802371541502 0.0024203307785397336 0.0016939582156973462
