0 0.18414683340056473 0.20878035008469792 0.0681726502622025 0.027950310559006212
0 0.2757160145219847 0.20863918690005648 0.07382008874546188 0.02766798418972332
0 0.33884630899556273 0.21696781479390176 0.011294876966518758 0.001976284584980237
0 0.37938684953610324 0.21527385657820441 0.04235578862444534 0.037549407114624504
0 0.454417103670835 0.21569734613212874 0.06494554255748286 0.018633540372670808
0 0.54538120209762 0.21230942970073405 0.07260992335619201 0.023150762281197064
0 0.63695038321904 0.22388481084133258 0.06615570794675273 0.030491247882552232
0 0.718233158531666 0.220214568040655 0.05687777329568374 0.038396386222473176
0 0.8104074223477209 0.21033314511575382 0.06615570794675273 0.02710333145115754
0 0.21117386042759176 0.26101072840203277 0.07301331181928197 0.026821005081874648
0 0.281968535699879 0.2676453980801807 0.02501008471157725 0.012987012987012988
0 0.33219039935457845 0.2651044607566347 0.021379588543767647 0.014680971202710334
0 0.42154094392900365 0.26990400903444384 0.08793868495361033 0.044607566346696784
0 0.4899152884227511 0.26877470355731226 0.012505042355788625 0.002258610954263128
0 0.553852359822509 0.2611518915866742 0.0645421540943929 0.025974025974025976
0 0.6744655102864058 0.2728684359119142 0.10488100040338846 0.045454545454545456
0 0.7835820895522388 0.2651044607566347 0.0609116579265833 0.024280067758328628
0 0.22287212585720048 0.3114059853190288 0.10044372730939895 0.025409373235460192
0 0.31323114158935056 0.31874647092038394 0.031060911657926585 0.03387916431394692
0 0.37353771682129894 0.3126764539808018 0.04921339249697459 0.022868435911914172
0 0.40500201694231547 0.32834556747600224 0.008874546187979023 0.010728402032749858
0 0.4509883017345704 0.3129587803500847 0.050826946349334406 0.020609824957651044
0 0.5221863654699476 0.31182947487295315 0.043969342476805166 0.021739130434782608
0 0.6385639370713998 0.31225296442687744 0.11214199273900767 0.02710333145115754
0 0.745663574021783 0.3132411067193676 0.045582896329164985 0.023997741389045736
0 0.8334005647438483 0.31832298136645965 0.0782573618394514 0.014963297571993224
0 0.20330778539733763 0.36575381140598534 0.08471157724889068 0.04601919819311124
0 0.26865671641791045 0.3719649915302089 0.004033884630899556 0.001976284584980237
0 0.32956837434449376 0.3619424054206663 0.07341670028237192 0.025409373235460192
0 0.4209358612343687 0.3651891586674195 0.07139975796692215 0.026256352343308864
0 0.5100847115772489 0.36928289102202144 0.058491327148043566 0.04009034443817053
0 0.5635336829366681 0.37987012987012986 0.008874546187979023 0.01383399209486166
0 0.6119402985074627 0.3694240542066629 0.050826946349334406 0.01383399209486166
0 0.7329568374344494 0.3675889328063241 0.14199273900766438 0.037267080745341616
0 0.8497377974989915 0.3715415019762846 0.05445744251714401 0.012422360248447204
0 0.8874546187979023 0.38297571993224166 0.01290843081887858 0.014963297571993224
0 0.21964501815248083 0.4618859401468097 0.08834207341670028 0.02710333145115754
0 0.26522791448164584 0.4772727272727273 0.008471157724889069 0.00818746470920384
0 0.31565147236789026 0.4644268774703557 0.052843888664784185 0.020327498588368152
0 0.4281968535699879 0.4621682665160926 0.08108108108108109 0.028232636928289104
0 0.5143202904396934 0.46823828345567475 0.03630496167809601 0.013269339356295878
0 0.6077047196450182 0.4621682665160926 0.0826946349334409 0.028797289666854884
0 0.7025010084711577 0.46852060982495763 0.0463896732553449 0.016092603049124788
0 0.7722872125857201 0.47007340485601357 0.04961678096006454 0.014116318464144552
0 0.22791448164582492 0.5135516657255788 0.11052843888664785 0.02710333145115754
0 0.34187172246873737 0.5173630717108978 0.0326744655102864 0.012140033879164314
0 0.40237999193223073 0.5139751552795031 0.03509479628882614 0.021739130434782608
0 0.4671238402581686 0.5134105025409373 0.04356595401371521 0.0251270468661773
0 0.5709963695038321 0.5242800677583286 0.08027430415490117 0.048560135516657256
0 0.6175877369907221 0.5265386787125917 0.003227107704719645 0.00282326369282891
