0 0.19120613150463897 0.2584697910784867 0.100040338846309 0.022868435911914172
0 0.28963291649858813 0.26693958215697344 0.04195240016135539 0.009316770186335404
0 0.3408632513110125 0.26750423489553926 0.008874546187979023 0.00818746470920384
0 0.4421137555465914 0.2593167701863354 0.12827753126260588 0.021174477696216828
0 0.5851149657119806 0.2605872388481084 0.10044372730939895 0.019762845849802372
0 0.7317466720451795 0.262987012987013 0.12505042355788623 0.03303218520609825
0 0.8311819281968535 0.2639751552795031 0.020572811617587738 0.014680971202710334
0 0.17567567567567569 0.3157820440429136 0.06494554255748286 0.010446075663466968
0 0.2900363049616781 0.32058159232072275 0.09681323114158935 0.04206662902315076
0 0.3489310205728116 0.32523997741389044 0.0024203307785397336 0.006211180124223602
0 0.41064945542557485 0.3116883116883117 0.06776926179911255 0.018633540372670808
0 0.47418313836224285 0.3135234330886505 0.0060508269463493344 0.017221908526256352
0 0.5645421540943929 0.3157820440429136 0.11980637353771682 0.026821005081874648
0 0.6891891891891891 0.31211180124223603 0.058491327148043566 0.021174477696216828
0 0.7515127067365873 0.32806324110671936 0.03307785397337636 0.028797289666854884
0 0.8293666801129488 0.3101355166572558 0.07503025413473174 0.022303783173348392
0 0.16559096409842677 0.36829474872953133 0.03751512706736587 0.009881422924901186
0 0.2517144009681323 0.36476566911349523 0.041145623235175476 0.018068887634105024
0 0.33682936668011293 0.37111801242236025 0.0572811617587737 0.03585544889892716
0 0.4279951593384429 0.3753529079616036 0.05163372327551432 0.04827780914737437
0 0.5195643404598629 0.36024844720496896 0.060508269463493344 0.020892151326933936
0 0.5976200080677693 0.3622247317899492 0.031060911657926585 0.021456804065499716
0 0.6680112948769665 0.36490683229813664 0.03307785397337636 0.011575381140598532
0 0.745461879790238 0.3591191417278374 0.06212182331585317 0.018633540372670808
0 0.800322710770472 0.3577075098814229 0.007260992335619202 0.026538678712591756
0 0.845502218636547 0.3606719367588933 0.042759177087535294 0.02456239412761152
0 0.16579265832997175 0.41106719367588934 0.053247277127874144 0.020327498588368152
0 0.25433642597821704 0.41869000564652736 0.033481242436466316 0.009034443817052512
0 0.3618394513916902 0.4265951439864483 0.09842678499394918 0.029926595143986448
0 0.47297297297297297 0.4209486166007905 0.06978620411456232 0.03613777526821005
0 0.5780556676079064 0.4199604743083004 0.0645421540943929 0.040372670807453416
0 0.6313029447357805 0.4253246753246753 0.0024203307785397336 0.006493506493506494
0 0.6778943122226704 0.4138904573687182 0.04235578862444534 0.015245623941276116
0 0.7313432835820896 0.4192546583850932 0.02581686163775716 0.009599096555618294
0 0.8160548608309802 0.4230660643704122 0.09681323114158935 0.03359683794466403
0 0.15066559096409843 0.4654150197628458 0.01734570391286809 0.0189158667419537
0 0.20471964501815249 0.4704968944099379 0.0463896732553449 0.03472614342179559
0 0.26321097216619604 0.4697910784867307 0.010891488503428802 0.00846979107848673
0 0.38342073416700284 0.47684923771880294 0.145623235175474 0.04799548277809147
0 0.536304961678096 0.4723320158102767 0.08592174263816055 0.04517221908526256
0 0.6353368293666801 0.46202710333145114 0.042759177087535294 0.021174477696216828
0 0.7246873739411053 0.46301524562394125 0.06897942718838242 0.01693958215697346
0 0.8122226704316257 0.4686617730095991 0.05526421944332392 0.03162055335968379
0 0.18737394110528438 0.5289384528514963 0.07624041952400161 0.03190287972896669
0 0.27934651068979427 0.5139751552795031 0.02944735780556676 0.021739130434782608
0 0.3892698668818072 0.5119988706945229 0.10084711577248891 0.022303783173348392
0 0.4899152884227511 0.5145398080180689 0.040742234772085516 0.014963297571993224
0 0.563937071399758 0.5292207792207793 0.06938281565147236 0.03077357425183512
0 0.6639774102460669 0.5177865612648221 0.07099636950383219 0.030491247882552232
0 0.7139975796692215 0.5224449463579899 0.003227107704719645 0.002540937323546019
