0 0.15711980637353773 0.21287408243929984 0.018152480839048003 0.015245623941276116
0 0.22408229124647036 0.21753246753246752 0.0754336425978217 0.020609824957651044
0 0.3136345300524405 0.21414455110107283 0.043969342476805166 0.014963297571993224
0 0.36264622831787013 0.21442687747035574 0.009681323114158934 0.012140033879164314
0 0.3945139169019766 0.21597967250141162 0.03146430012101654 0.007905138339920948
0 0.4507866075030254 0.21739130434782608 0.018959257765227916 0.011857707509881422
0 0.5018152480839048 0.21485036702428006 0.05405405405405406 0.010728402032749858
0 0.6038725292456636 0.2155561829474873 0.10084711577248891 0.017786561264822136
0 0.6895925776522791 0.21442687747035574 0.03670835014118596 0.01383399209486166
0 0.7573618394513917 0.21668548842461885 0.050423557886244454 0.008752117447769622
0 0.8247277127874143 0.21329757199322416 0.019766034691407825 0.012140033879164314
0 0.18858410649455426 0.26792772444946356 0.07785397337636143 0.026538678712591756
0 0.2781363453005244 0.26651609260304915 0.03751512706736587 0.014116318464144552
0 0.3755546591367487 0.26665725578769056 0.08632513110125051 0.018351214003387916
0 0.46692214602662363 0.2648221343873518 0.019766034691407825 0.01355166572557877
0 0.5080677692617991 0.26792772444946356 0.02218636546994756 0.007905138339920948
0 0.5332795482049213 0.2676453980801807 0.026623638563937072 0.007905138339920948
0 0.5976200080677693 0.2651044607566347 0.043162565550625254 0.015245623941276116
0 0.6803146430012101 0.26665725578769056 0.06575231948366277 0.015527950310559006
0 0.7519160951996773 0.26792772444946356 0.029850746268656716 0.009034443817052512
0 0.7751109318273497 0.27032749858836813 0.002016942315449778 0.001411631846414455
0 0.8057684550221864 0.2632693393562959 0.033481242436466316 0.01383399209486166
0 0.8551835417507059 0.2670807453416149 0.024203307785397338 0.009034443817052512
0 0.15308592174263816 0.3167701863354037 0.014118596208148447 0.007905138339920948
0 0.20310609116579265 0.31634669678147936 0.043162565550625254 0.012704686617730096
0 0.2892295280354982 0.31747600225861095 0.0927793465106898 0.016657255787690572
0 0.34489713594191207 0.3219932241671372 0.004033884630899556 0.005928853754940711
0 0.36809197256958454 0.3157820440429136 0.021379588543767647 0.011575381140598532
0 0.4225494150867285 0.3188876341050254 0.06575231948366277 0.015527950310559006
0 0.5016135538523598 0.3157820440429136 0.051230334812424366 0.012140033879164314
0 0.572811617587737 0.31648785996612083 0.03065752319483663 0.011857707509881422
0 0.6323114158935055 0.3145115753811406 0.06252521177894312 0.012422360248447204
0 0.6922146026623639 0.3154997176736307 0.015328761597418314 0.014963297571993224
0 0.7398144413069786 0.3154997176736307 0.03146430012101654 0.013269339356295878
0 0.8128277531262605 0.3147939017504235 0.07583703106091166 0.01355166572557877
0 0.17607906413876562 0.3674477696216827 0.058491327148043566 0.022303783173348392
0 0.2154094392900363 0.3739412761151892 0.004840661557079467 0.004799548277809147
0 0.2390076643807987 0.3697063805759458 0.01653892698668818 0.007058159232072276
0 0.2962888261395724 0.366600790513834 0.058491327148043566 0.012704686617730096
0 0.3672851956434046 0.3663184641445511 0.035901573215006054 0.015527950310559006
0 0.4344493747478822 0.36773009599096557 0.050826946349334406 0.014963297571993224
0 0.5078660750302542 0.365330321852061 0.03711173860427592 0.015245623941276116
0 0.5467930617184349 0.36716544325239975 0.018152480839048003 0.01101072840203275
0 0.590560709963695 0.36716544325239975 0.03791851553045583 0.011575381140598532
0 0.6712384025816862 0.3685770750988142 0.07018959257765228 0.01383399209486166
0 0.7476805163372328 0.3650479954827781 0.03509479628882614 0.01637492941840768
0 0.7892295280354982 0.35686053077357427 0.0028237192416296895 0.006775832862789385
0 0.8112141992739008 0.36589497459062675 0.033884630899556276 0.020892151326933936
0 0.8348124243646632 0.3564370412196499 0.002016942315449778 0.005928853754940711
0 0.8398547801532876 0.3746470920383964 0.00645421540943929 0.006211180124223602
0 0.16256555062525213 0.4124788255223038 0.03469140782573618 0.015245623941276116
0 0.2198467123840258 0.4191134952004517 0.03065752319483663 0.008752117447769622
0 0.2753126260588947 0.4165725578769057 0.035901573215006054 0.01383399209486166
0 0.33501411859620817 0.4215132693393563 0.04154901169826543 0.0220214568040655
0 0.4126663977410246 0.41727837380011296 0.0572811617587737 0.014116318464144552
0 0.5288422751109318 0.4191134952004517 0.09681323114158935 0.018351214003387916
0 0.6141589350544574 0.41699604743083 0.02864058087938685 0.01355166572557877
0 0.654699475594998 0.41756070016939584 0.03630496167809601 0.01129305477131564
0 0.7283178701089149 0.415725578769057 0.05687777329568374 0.012704686617730096
0 0.8083904800322711 0.41459627329192544 0.05486083098023396 0.014398644833427442
