0 0.15248083904800322 0.21725014116318464 0.03146430012101654 0.025691699604743084
0 0.23840258168616377 0.22684923771880294 0.0927793465106898 0.03303218520609825
0 0.32008874546187976 0.2274138904573687 0.04154901169826543 0.0251270468661773
0 0.38967325534489716 0.22416713721061546 0.06938281565147236 0.018068887634105024
0 0.47498991528842277 0.2316487859966121 0.07139975796692215 0.021739130434782608
0 0.554255748285599 0.2230378317334839 0.05486083098023396 0.020892151326933936
0 0.6379588543767648 0.22543760587238848 0.06978620411456232 0.025691699604743084
0 0.7357805566760791 0.22444946357989837 0.08955223880597014 0.025974025974025976
0 0.8317870108914885 0.22106154714850368 0.063735377168213 0.019198193111236588
0 0.2392093586123437 0.2724449463579898 0.21702299314239612 0.024280067758328628
0 0.3567970956030658 0.2837380011293055 0.006857603872529245 0.007340485601355167
0 0.41770875352964904 0.2738565782044043 0.05687777329568374 0.020892151326933936
0 0.5695845098830173 0.2776679841897233 0.19685356998789835 0.027950310559006212
0 0.7317466720451795 0.2732919254658385 0.08390480032271078 0.020327498588368152
0 0.8261395724082291 0.27428006775832864 0.07018959257765228 0.01948051948051948
0 0.1863654699475595 0.3296160361377753 0.09842678499394918 0.035290796160361376
0 0.25030254134731744 0.3321569734613213 0.0060508269463493344 0.008752117447769622
0 0.3071803146430012 0.3222755505364201 0.07220653489310205 0.023997741389045736
0 0.4203307785397338 0.32481648785996614 0.12343686970552642 0.01948051948051948
0 0.5248083904800322 0.325098814229249 0.03711173860427592 0.017786561264822136
0 0.6216216216216216 0.3235460191981931 0.12101653892698669 0.020892151326933936
0 0.7668414683340057 0.33032185206098247 0.13392496974586526 0.03557312252964427
0 0.14481645824929407 0.371682665160926 0.03791851553045583 0.020609824957651044
0 0.20855183541750705 0.37874082439299833 0.055667607906413875 0.032467532467532464
0 0.28176684146833403 0.3730942970073405 0.056070996369503835 0.020609824957651044
0 0.38967325534489716 0.37987012987012986 0.10165389269866881 0.035290796160361376
0 0.46571198063735375 0.37634105025409376 0.02379991932230738 0.01129305477131564
0 0.5407422347720855 0.37140033879164314 0.08753529649052037 0.020045172219085264
0 0.5881403791851553 0.38735177865612647 0.007260992335619202 0.009599096555618294
0 0.6674062121823315 0.382128740824393 0.1189995966115369 0.039243365330321855
0 0.7942718838241226 0.37549407114624506 0.08471157724889068 0.020892151326933936
0 0.8616377571601452 0.3781761716544325 0.04195240016135539 0.016092603049124788
0 0.1754739814441307 0.42730095990965555 0.07260992335619201 0.013269339356295878
0 0.27047196450181527 0.4295595708639187 0.08108108108108109 0.034161490683229816
0 0.42759177087535294 0.4244776962168266 0.18152480839048002 0.021739130434782608
0 0.573013311819282 0.4257481648785997 0.09398951189995966 0.020892151326933936
0 0.7494957644211375 0.436617730095991 0.23073820088745461 0.03980801806888763
0 0.20693828156514724 0.4761434217955957 0.12666397741024607 0.015527950310559006
0 0.3136345300524405 0.47063805759457933 0.040742234772085516 0.015810276679841896
0 0.4144816458249294 0.4731789949181254 0.11335215812827754 0.0220214568040655
0 0.537111738604276 0.4731789949181254 0.08592174263816055 0.0220214568040655
0 0.645421540943929 0.48023715415019763 0.09923356192012908 0.03557312252964427
0 0.7055264219443323 0.4858836815358554 0.008874546187979023 0.01129305477131564
0 0.7642194433239209 0.4772727272727273 0.08188785800726099 0.0189158667419537
0 0.8531665994352562 0.4748729531338227 0.0790641387656313 0.019198193111236588
0 0.15893505445744252 0.5237154150197628 0.03711173860427592 0.024280067758328628
0 0.2646228317870109 0.5283738001129306 0.13231141589350545 0.029644268774703556
0 0.3918918918918919 0.5278091473743648 0.07301331181928197 0.013269339356295878
0 0.5112948769665188 0.5330321852060983 0.09640984267849939 0.044042913608131
0 0.6563130294473578 0.5265386787125917 0.13311819281968534 0.024280067758328628
0 0.8015328761597418 0.527244494635799 0.13311819281968534 0.017786561264822136
0 0.15328761597418314 0.5780632411067194 0.02501008471157725 0.010446075663466968
0 0.25574828559903184 0.577639751552795 0.12585720048406615 0.0220214568040655
0 0.38684953610326744 0.5755223037831734 0.08551835417507059 0.0251270468661773
0 0.499798305768455 0.5769339356295878 0.0782573618394514 0.022868435911914172
0 0.6327148043565954 0.5765104460756635 0.1383622428398548 0.020327498588368152
0 0.790843081887858 0.5772162619988707 0.13513513513513514 0.018351214003387916
0 0.16337232755143202 0.6261998870694523 0.050826946349334406 0.02258610954263128
0 0.2791448164582493 0.6304347826086957 0.14037918515530456 0.03274985883681536
0 0.36345300524405 0.6386222473178995 0.009681323114158934 0.011857707509881422
0 0.418112141992739 0.6266233766233766 0.06897942718838242 0.022868435911914172
0 0.5266236385639371 0.6381987577639752 0.08430818878580072 0.03867871259175607
0 0.6244453408632513 0.6271880293619424 0.05970149253731343 0.025691699604743084
0 0.7539330375151271 0.6257763975155279 0.13876563130294473 0.023433088650479956
0 0.25675675675675674 0.676171654432524 0.2263009277934651 0.02710333145115754
0 0.37797498991528844 0.6870412196499153 0.004033884630899556 0.002540937323546019
