0 0.15490116982654295 0.21428571428571427 0.028237192416296894 0.026538678712591756
0 0.20108914885034287 0.21174477696216826 0.038321903993545785 0.019762845849802372
0 0.24868898749495763 0.21019198193111235 0.040742234772085516 0.016657255787690572
0 0.2977006857603873 0.2127329192546584 0.020976200080677694 0.02456239412761152
0 0.3400564743848326 0.21019198193111235 0.033884630899556276 0.018351214003387916
0 0.40782573618394513 0.21075663466967814 0.0790641387656313 0.0189158667419537
0 0.47418313836224285 0.2106154714850367 0.026220250100847116 0.01637492941840768
0 0.5161355385235982 0.21047430830039526 0.0391286809197257 0.020609824957651044
0 0.6066962484872933 0.2149915302089215 0.10891488503428802 0.029644268774703556
0 0.6859620814844696 0.21132128740824394 0.024606696248487294 0.017221908526256352
0 0.754134731746672 0.2155561829474873 0.08188785800726099 0.025691699604743084
0 0.799919322307382 0.2165443252399774 0.003227107704719645 0.002258610954263128
0 0.8307785397337636 0.20934500282326368 0.02864058087938685 0.018351214003387916
0 0.16236385639370715 0.2595990965556183 0.04235578862444534 0.023433088650479956
0 0.2589753933037515 0.26256352343308864 0.11294876966518758 0.025974025974025976
0 0.35841064945542556 0.2607284020327499 0.04719645018152481 0.020609824957651044
0 0.40943929003630497 0.26016374929418407 0.026623638563937072 0.017786561264822136
0 0.4772085518354175 0.2660926030491248 0.08148446954417103 0.027950310559006212
0 0.5401371520774506 0.26312817617165446 0.017749092375958047 0.018633540372670808
0 0.5742234772085518 0.26312817617165446 0.027833803953206938 0.014116318464144552
0 0.6298910851149657 0.26171654432524 0.06413876563130294 0.018068887634105024
0 0.6871722468737395 0.2639751552795031 0.030254134731746672 0.012987012987012988
0 0.7321500605082695 0.2607284020327499 0.03630496167809601 0.0189158667419537
0 0.8015328761597418 0.2598814229249012 0.0790641387656313 0.018351214003387916
0 0.19423154497781364 0.3160643704121965 0.09883017345703912 0.03359683794466403
0 0.28580072609923357 0.30971202710333146 0.04477611940298507 0.019762845849802372
0 0.326946349334409 0.3111236589497459 0.019766034691407825 0.019762845849802372
0 0.381605486083098 0.3169113495200452 0.06212182331585317 0.026256352343308864
0 0.48426784993949173 0.31733483907396953 0.11012505042355789 0.031055900621118012
0 0.5437676482452601 0.3186053077357425 0.003227107704719645 0.001976284584980237
0 0.5663574021782977 0.30321852060982496 0.003227107704719645 0.007905138339920948
0 0.5972166196046793 0.3105590062111801 0.040742234772085516 0.018633540372670808
0 0.6621621621621622 0.31098249576510445 0.057684550221863654 0.01948051948051948
0 0.7027027027027027 0.3049124788255223 0.003227107704719645 0.009599096555618294
0 0.7154094392900363 0.32142857142857145 0.003630496167809601 0.01101072840203275
0 0.7482855990318676 0.31154714850367027 0.02501008471157725 0.0189158667419537
0 0.808995562726906 0.31281761716544326 0.06655909640984267 0.020327498588368152
0 0.8513513513513513 0.32171089779785433 0.006857603872529245 0.009881422924901186
0 0.1438079870915692 0.3538961038961039 0.002016942315449778 0.007058159232072276
0 0.1674062121823316 0.36250705815923207 0.023396530859217425 0.017504234895539244
0 0.23678902783380396 0.36236589497459065 0.08551835417507059 0.020045172219085264
0 0.2882210568777733 0.37238848108413325 0.0052440500201694235 0.012987012987012988
0 0.3446954417103671 0.3610954263128176 0.07220653489310205 0.019762845849802372
0 0.40883420734167003 0.36250705815923207 0.021379588543767647 0.01637492941840768
0 0.4374747882210569 0.36391869000564653 0.012505042355788625 0.012987012987012988
0 0.48668818071803144 0.366600790513834 0.06736587333602259 0.03077357425183512
0 0.5869302137958854 0.3642010163749294 0.10165389269866881 0.015245623941276116
0 0.6448164582492941 0.3699887069452287 0.0028237192416296895 0.001976284584980237
0 0.718233158531666 0.36180124223602483 0.1044776119402985 0.021174477696216828
0 0.8253327954820492 0.36476566911349523 0.08390480032271078 0.012422360248447204
0 0.1811214199273901 0.46922642574816487 0.07422347720855184 0.030491247882552232
0 0.22751109318273496 0.47374364765669114 0.004840661557079467 0.015245623941276116
0 0.2680516337232755 0.4637210615471485 0.04719645018152481 0.020045172219085264
0 0.3414683340056474 0.4621682665160926 0.06333198870512304 0.020892151326933936
0 0.3918918918918919 0.4655561829474873 0.011698265429608713 0.014680971202710334
0 0.44251714400968134 0.4699322416713721 0.05405405405405406 0.034161490683229816
0 0.5137152077450585 0.46287408243929984 0.05687777329568374 0.020609824957651044
0 0.5532472771278741 0.4719085262563523 0.0028237192416296895 0.002540937323546019
0 0.5891488503428802 0.46202710333145114 0.031060911657926585 0.020609824957651044
0 0.6494554255748286 0.46386222473178995 0.06292860024203308 0.021456804065499716
0 0.6877773295683743 0.47360248447204967 0.004033884630899556 0.012704686617730096
0 0.7301331181928197 0.46936758893280633 0.053247277127874144 0.023433088650479956
0 0.8039532069382815 0.46259175607001696 0.06615570794675273 0.020045172219085264
0 0.17123840258168616 0.5160926030491247 0.052843888664784185 0.01637492941840768
0 0.2418313836224284 0.5151044607566346 0.04719645018152481 0.015527950310559006
0 0.28499394917305365 0.5145398080180689 0.01573215006050827 0.017221908526256352
0 0.34953610326744655 0.5182100508187465 0.07462686567164178 0.03359683794466403
0 0.40338846308995563 0.5143986448334275 0.003227107704719645 0.006211180124223602
0 0.45038321903993545 0.5128458498023716 0.04719645018152481 0.01948051948051948
0 0.509277934651069 0.5143986448334275 0.03751512706736587 0.018633540372670808
0 0.5778539733763615 0.5170807453416149 0.07059298104074223 0.03077357425183512
0 0.6419927390076644 0.5131281761716544 0.02379991932230738 0.015527950310559006
0 0.7498991528842275 0.5199040090344438 0.1508672851956434 0.03303218520609825
0 0.8535699878983461 0.5184923771880293 0.029043969342476807 0.02456239412761152
0 0.16438079870915692 0.5625352907961604 0.0391286809197257 0.021174477696216828
0 0.24707543364259782 0.5628176171654432 0.08592174263816055 0.021739130434782608
0 0.3160548608309802 0.5635234330886505 0.012505042355788625 0.002258610954263128
0 0.34772085518354173 0.5673348390739695 0.01290843081887858 0.01383399209486166
0 0.44493747478822104 0.567193675889328 0.13473174667204518 0.02710333145115754
0 0.5806776926179911 0.568746470920384 0.10044372730939895 0.03359683794466403
0 0.6571198063735377 0.5667701863354038 0.01936264622831787 0.016657255787690572
0 0.699273900766438 0.5732636928289102 0.033481242436466316 0.027950310559006212
0 0.7494957644211375 0.5718520609824957 0.035498184751916094 0.0251270468661773
0 0.7773295683743445 0.5752399774138904 0.005647438483259379 0.016657255787690572
0 0.20855183541750705 0.6212591756070017 0.12827753126260588 0.03303218520609825
0 0.3096006454215409 0.6170242800677583 0.02944735780556676 0.014963297571993224
0 0.3608309802339653 0.6139186900056465 0.040742234772085516 0.018351214003387916
0 0.436668011294877 0.6190005646527386 0.07704719645018153 0.028514963297571992
0 0.5108914885034288 0.6170242800677583 0.0391286809197257 0.01383399209486166
0 0.5681726502622025 0.6218238283455675 0.043969342476805166 0.022868435911914172
0 0.6290843081887858 0.6170242800677583 0.04477611940298507 0.02456239412761152
0 0.6615570794675272 0.6212591756070017 0.003227107704719645 0.001976284584980237
0 0.6746672045179508 0.6079898362507058 0.003630496167809601 0.006493506493506494
