0 0.16397741024606696 0.22430830039525693 0.04961678096006454 0.031338226990400904
0 0.21500605082694635 0.2183794466403162 0.041145623235175476 0.0189158667419537
0 0.27148043565954016 0.21823828345567475 0.048406615570794675 0.018068887634105024
0 0.32432432432432434 0.22162619988706944 0.02743041549011698 0.025409373235460192
0 0.3697055264219443 0.21852060982495766 0.04235578862444534 0.019762845849802372
0 0.44776119402985076 0.21725014116318464 0.08309802339653086 0.017221908526256352
0 0.5161355385235982 0.217673630717109 0.0326744655102864 0.018068887634105024
0 0.5651472367890278 0.2186617730095991 0.048406615570794675 0.020045172219085264
0 0.6647841871722469 0.22529644268774704 0.12424364663170634 0.029926595143986448
0 0.7509076240419524 0.21880293619424054 0.018152480839048003 0.01355166572557877
0 0.8172650262202501 0.22261434217955958 0.08471157724889068 0.025691699604743084
0 0.8684953610326744 0.2245906267645398 0.004033884630899556 0.001976284584980237
0 0.16014521984671237 0.2660926030491248 0.028237192416296894 0.01948051948051948
0 0.21319080274304156 0.26651609260304915 0.04235578862444534 0.019762845849802372
0 0.3128277531262606 0.2720214568040655 0.11980637353771682 0.027385657820440428
0 0.40762404195240015 0.2670807453416149 0.050423557886244454 0.021456804065499716
0 0.4628882613957241 0.265527950310559 0.02218636546994756 0.016657255787690572
0 0.5401371520774506 0.2737154150197628 0.10568777732956837 0.027950310559006212
0 0.6133521581282775 0.2691981931112366 0.01734570391286809 0.014963297571993224
0 0.6460266236385639 0.2715979672501412 0.026220250100847116 0.010728402032749858
0 0.7071399757966922 0.2689158667419537 0.0645421540943929 0.016657255787690572
0 0.7650262202501008 0.27089215132693395 0.027833803953206938 0.009881422924901186
0 0.808592174263816 0.2660926030491248 0.03428801936264623 0.018351214003387916
0 0.18797902379991932 0.3167701863354037 0.07422347720855184 0.020892151326933936
0 0.2944735780556676 0.322557876905703 0.10891488503428802 0.0251270468661773
0 0.38765631302944736 0.31846414455110106 0.04679306171843485 0.018068887634105024
0 0.4388866478418717 0.3178994918125353 0.020976200080677694 0.019198193111236588
0 0.4945542557482856 0.32820440429136083 0.07180314643001211 0.026821005081874648
0 0.6012505042355789 0.32368718238283456 0.12061315046389673 0.03077357425183512
0 0.6663977410246067 0.3242518351214003 0.0024203307785397336 0.001976284584980237
0 0.6845502218636547 0.30971202710333146 0.0024203307785397336 0.006211180124223602
0 0.7156111335215812 0.3177583286278938 0.045986284792254944 0.017786561264822136
0 0.7761194029850746 0.31832298136645965 0.0572811617587737 0.020045172219085264
0 0.8148446954417103 0.3102766798418972 0.0024203307785397336 0.006775832862789385
0 0.8202904396934247 0.32806324110671936 0.0028237192416296895 0.007340485601355167
0 0.845300524405002 0.3191699604743083 0.02702702702702703 0.017786561264822136
0 0.1845502218636547 0.3681535855448899 0.06655909640984267 0.01693958215697346
0 0.2299314239612747 0.3791643139469226 0.0024203307785397336 0.00564652738565782
0 0.2444534086325131 0.3608130999435347 0.0024203307785397336 0.007905138339920948
0 0.263412666397741 0.3697063805759458 0.01855586930213796 0.016092603049124788
0 0.32755143202904397 0.3685770750988142 0.08309802339653086 0.017786561264822136
0 0.37797498991528844 0.379587803500847 0.0024203307785397336 0.005928853754940711
0 0.42698668818071805 0.3694240542066629 0.0754336425978217 0.018351214003387916
0 0.4864864864864865 0.3706945228684359 0.017749092375958047 0.014680971202710334
0 0.5157321500605083 0.3730942970073405 0.014925373134328358 0.009881422924901186
0 0.5665590964098427 0.37450592885375494 0.06252521177894312 0.03077357425183512
0 0.6619604679306171 0.37238848108413325 0.09600645421540945 0.01129305477131564
0 0.7156111335215812 0.37577639751552794 0.003227107704719645 0.001129305477131564
0 0.7795482049213392 0.3694240542066629 0.10931827349737798 0.020609824957651044
0 0.1897942718838241 0.42193675889328064 0.07220653489310205 0.011575381140598532
0 0.2515127067365873 0.41854884246188595 0.019766034691407825 0.016657255787690572
0 0.28701089148850345 0.42066629023150764 0.02702702702702703 0.01637492941840768
0 0.34066155707946755 0.41981931112365894 0.05445744251714401 0.019198193111236588
0 0.3763614360629286 0.4268774703557312 0.003227107704719645 0.014680971202710334
0 0.40439693424768053 0.4191134952004517 0.02379991932230738 0.018351214003387916
0 0.43787817668414686 0.41854884246188595 0.014118596208148447 0.016092603049124788
0 0.4891085114965712 0.427442123094297 0.0609116579265833 0.029361942405420668
0 0.5461879790237999 0.4213721061547149 0.041145623235175476 0.014398644833427442
0 0.6075030254134732 0.4244776962168266 0.0500201694231545 0.027385657820440428
0 0.6482452601855587 0.42730095990965555 0.023396530859217425 0.002540937323546019
0 0.6700282371924163 0.4268774703557312 0.003227107704719645 0.0016939582156973462
0 0.727511093182735 0.41967814793901753 0.07139975796692215 0.020045172219085264
0 0.7801532876159741 0.42405420666290233 0.014521984671238403 0.009599096555618294
0 0.8301734570391287 0.4311123658949746 0.05163372327551432 0.023715415019762844
0 0.86304961678096 0.4301242236024845 0.0028237192416296895 0.007058159232072276
0 0.19322307382008874 0.47656691134952006 0.07018959257765228 0.037267080745341616
0 0.282170229931424 0.47783738001129306 0.07624041952400161 0.021739130434782608
0 0.3281565147236789 0.4816487859966121 0.0028237192416296895 0.00564652738565782
0 0.36506655909640984 0.47162619988706944 0.04921339249697459 0.017786561264822136
0 0.4318273497377975 0.47148503670242803 0.06171843485276321 0.01693958215697346
0 0.47983057684550223 0.4748729531338227 0.012505042355788625 0.010163749294184076
0 0.5320693828156515 0.4782608695652174 0.06131504638967326 0.029926595143986448
0 0.600040338846309 0.47063805759457933 0.050423557886244454 0.020327498588368152
0 0.6331181928196854 0.47699040090344436 0.003630496167809601 0.001976284584980237
0 0.6639774102460669 0.467673630717109 0.03307785397337636 0.021739130434782608
0 0.7198467123840259 0.46809712027103334 0.06494554255748286 0.02258610954263128
0 0.7615974183138362 0.4805194805194805 0.004033884630899556 0.007905138339920948
0 0.8031464300121016 0.47896668548842464 0.06938281565147236 0.01948051948051948
0 0.18192819685356998 0.5217391304347826 0.05808793868495361 0.01637492941840768
0 0.2490923759580476 0.5241389045736872 0.0536506655909641 0.008752117447769622
0 0.31444130697862044 0.52343308865048 0.04235578862444534 0.010163749294184076
0 0.35518354175070593 0.5237154150197628 0.012505042355788625 0.009034443817052512
0 0.4080274304154901 0.525691699604743 0.06736587333602259 0.021456804065499716
0 0.4517950786607503 0.525974025974026 0.003227107704719645 0.00564652738565782
0 0.4903186768858411 0.5208921513269339 0.04477611940298507 0.01637492941840768
0 0.5427591770875353 0.5210333145115754 0.03428801936264623 0.017221908526256352
0 0.6058894715611134 0.5255505364201016 0.06776926179911255 0.021739130434782608
0 0.6597418313836224 0.5238565782044043 0.014118596208148447 0.011575381140598532
0 0.7565550625252118 0.5248447204968945 0.145623235175474 0.028232636928289104
0 0.86304961678096 0.5262563523433089 0.02702702702702703 0.026538678712591756
0 0.17708753529649052 0.5698757763975155 0.03872529245663574 0.01948051948051948
0 0.26220250100847114 0.5719932241671372 0.09842678499394918 0.017504234895539244
0 0.3253327954820492 0.5742518351214003 0.013311819281968536 0.002258610954263128
0 0.3519564340459863 0.5748164878599661 0.014925373134328358 0.009599096555618294
0 0.4398951189995966 0.5748164878599661 0.12303348124243646 0.02766798418972332
0 0.5546591367486889 0.5783455674760023 0.08390480032271078 0.029079616036137776
0 0.6141589350544574 0.5742518351214003 0.01653892698668818 0.012987012987012988
0 0.6565147236789027 0.5813099943534726 0.043969342476805166 0.0220214568040655
0 0.7077450584913272 0.5806041784302653 0.045582896329164985 0.021739130434782608
0 0.7369907220653489 0.5807453416149069 0.0024203307785397336 0.00846979107848673
0 0.8154497781363453 0.5759457933370977 0.13674868898749495 0.030491247882552232
0 0.16982654296087132 0.6245059288537549 0.028237192416296894 0.012422360248447204
0 0.21359419120613152 0.6226708074534162 0.03428801936264623 0.01948051948051948
0 0.2781363453005244 0.6261998870694523 0.06736587333602259 0.025409373235460192
0 0.3436869705526422 0.6250705815923208 0.033884630899556276 0.009034443817052512
0 0.39552238805970147 0.6317052512704686 0.04719645018152481 0.023433088650479956
0 0.45461879790237997 0.627046866177301 0.04437273093989512 0.02710333145115754
0 0.48426784993949173 0.6287408243929983 0.0028237192416296895 0.00282326369282891
0 0.4925373134328358 0.6150479954827781 0.003227107704719645 0.005364201016374929
