0 0.1619604679306172 0.2100508187464709 0.018152480839048003 0.018633540372670808
0 0.23719241629689392 0.21259175607001693 0.07180314643001211 0.02258610954263128
0 0.3261395724082291 0.2124505928853755 0.033481242436466316 0.0251270468661773
0 0.38563937071399756 0.2165443252399774 0.03791851553045583 0.026538678712591756
0 0.41770875352964904 0.20765104460756634 0.006857603872529245 0.020045172219085264
0 0.44675272287212586 0.22035573122529645 0.022993142396127472 0.001976284584980237
0 0.5 0.2111801242236025 0.014925373134328358 0.01355166572557877
0 0.5397337636143607 0.21583850931677018 0.020976200080677694 0.009316770186335404
0 0.6175877369907221 0.21753246753246752 0.09035901573215006 0.026256352343308864
0 0.7069382815651473 0.2121682665160926 0.040742234772085516 0.018351214003387916
0 0.7642194433239209 0.2137210615471485 0.0028237192416296895 0.019198193111236588
0 0.8063735377168213 0.21527385657820441 0.041145623235175476 0.016657255787690572
0 0.8620411456232352 0.217673630717109 0.02501008471157725 0.010728402032749858
0 0.18959257765227913 0.2584697910784867 0.05486083098023396 0.018351214003387916
0 0.2678499394917305 0.2605872388481084 0.03630496167809601 0.017504234895539244
0 0.31988705123033484 0.2618577075098814 0.01290843081887858 0.012140033879164314
0 0.38664784187172246 0.2658102766798419 0.07301331181928197 0.0251270468661773
0 0.4705526421944332 0.2628458498023715 0.03428801936264623 0.015245623941276116
0 0.537111738604276 0.26355166572557875 0.0391286809197257 0.015527950310559006
0 0.6079064138765631 0.2627046866177301 0.04517950786607503 0.016657255787690572
0 0.664179104477612 0.2660926030491248 0.019766034691407825 0.011575381140598532
0 0.7432432432432432 0.26453980801806887 0.09237595804759983 0.01693958215697346
0 0.8346107301331182 0.2652456239412761 0.03953206938281565 0.016657255787690572
0 0.17043162565550626 0.3166290231507623 0.03751512706736587 0.011575381140598532
0 0.245663574021783 0.3154997176736307 0.03711173860427592 0.009881422924901186
0 0.2781363453005244 0.31846414455110106 0.002016942315449778 0.002258610954263128
0 0.3299717628075837 0.31309994353472614 0.026623638563937072 0.01637492941840768
0 0.3874546187979024 0.31437041219649914 0.019766034691407825 0.01383399209486166
0 0.4374747882210569 0.31521739130434784 0.026220250100847116 0.014398644833427442
0 0.49072206534893104 0.31507622811970637 0.026220250100847116 0.012987012987012988
0 0.54538120209762 0.3186053077357425 0.033884630899556276 0.006493506493506494
0 0.6139572408229125 0.31521739130434784 0.04759983864461476 0.010446075663466968
0 0.6857603872529245 0.31648785996612083 0.017749092375958047 0.0220214568040655
0 0.7535296490520371 0.32171089779785433 0.06292860024203308 0.027950310559006212
0 0.7956837434449375 0.3197346132128741 0.002016942315449778 0.001976284584980237
0 0.8061718434852764 0.3080180688876341 0.003630496167809601 0.007340485601355167
0 0.1799112545381202 0.36151891586674195 0.055667607906413875 0.015527950310559006
0 0.2428398547801533 0.3629305477131564 0.01936264622831787 0.015527950310559006
0 0.300121016538927 0.36561264822134387 0.035498184751916094 0.009034443817052512
0 0.38866478418717226 0.37140033879164314 0.06413876563130294 0.028514963297571992
0 0.4661153691004437 0.36363636363636365 0.0326744655102864 0.018633540372670808
0 0.5354981847519161 0.36490683229813664 0.04961678096006454 0.018351214003387916
0 0.5966115369100444 0.3660361377752682 0.017749092375958047 0.016657255787690572
0 0.6571198063735377 0.36702428006775834 0.04921339249697459 0.014680971202710334
0 0.7291246470350948 0.3681535855448899 0.01734570391286809 0.0220214568040655
0 0.7743041549011698 0.3681535855448899 0.030254134731746672 0.015245623941276116
0 0.8305768455022187 0.36885940146809715 0.02501008471157725 0.02456239412761152
0 0.16317063331988704 0.41445511010728403 0.021379588543767647 0.023150762281197064
0 0.2200484066155708 0.41219649915302087 0.03670835014118596 0.01637492941840768
0 0.31807180314643 0.41883116883116883 0.0754336425978217 0.026256352343308864
0 0.3799919322307382 0.4264539808018069 0.0024203307785397336 0.004799548277809147
0 0.41629689390883423 0.41671372106154714 0.03469140782573618 0.014680971202710334
0 0.4856797095603066 0.4134669678147939 0.03065752319483663 0.015527950310559006
0 0.5857200484066156 0.42179559570863917 0.10488100040338846 0.028232636928289104
0 0.72650262202501 0.4203839638622247 0.09762000806776926 0.028232636928289104
0 0.8126260588947156 0.4184076792772445 0.019766034691407825 0.025974025974025976
0 0.1700282371924163 0.46287408243929984 0.030254134731746672 0.016092603049124788
0 0.2845905607099637 0.4699322416713721 0.11657926583299717 0.028514963297571992
0 0.39572408229124645 0.47063805759457933 0.02016942315449778 0.028232636928289104
0 0.4497781363453005 0.4642857142857143 0.03630496167809601 0.015527950310559006
0 0.5298507462686567 0.46414455110107283 0.045582896329164985 0.018633540372670808
0 0.5976200080677693 0.46950875211744775 0.019766034691407825 0.025974025974025976
0 0.6827349737797499 0.4731789949181254 0.09237595804759983 0.032185206098249576
0 0.7384025816861638 0.47656691134952006 0.003630496167809601 0.00282326369282891
