0 0.19221460266236384 0.208498023715415 0.035901573215006054 0.027385657820440428
0 0.27067365873336025 0.21315640880858272 0.09842678499394918 0.0378317334839074
0 0.3465106897942719 0.21301524562394128 0.045986284792254944 0.03585544889892716
0 0.40318676885841065 0.20920383963862224 0.07866075030254134 0.02710333145115754
0 0.4701492537313433 0.21979107848673066 0.07382008874546188 0.029079616036137776
0 0.5512303348124243 0.21075663466967814 0.05203711173860428 0.026256352343308864
0 0.6337232755143203 0.21301524562394128 0.09116579265832997 0.03472614342179559
0 0.7329568374344494 0.21230942970073405 0.0935861234368697 0.034443817052512704
0 0.2974989915288423 0.25903444381705254 0.2658329971762808 0.027950310559006212
0 0.4290036304961678 0.27103331451157536 0.013311819281968536 0.007905138339920948
0 0.4981847519160952 0.2621400338791643 0.05163372327551432 0.026256352343308864
0 0.6490520371117386 0.2632693393562959 0.20330778539733763 0.034161490683229816
0 0.8011294876966518 0.26101072840203277 0.08793868495361033 0.026256352343308864
0 0.2382008874546188 0.32029926595143987 0.15046389673255345 0.03980801806888763
0 0.3174667204517951 0.3235460191981931 0.011294876966518758 0.009034443817052512
0 0.39673255344897135 0.3136645962732919 0.08350141185962082 0.023150762281197064
0 0.5050423557886244 0.3111236589497459 0.11859620814844696 0.02710333145115754
0 0.6058894715611134 0.31211180124223603 0.03630496167809601 0.023997741389045736
0 0.691407825736184 0.31225296442687744 0.12101653892698669 0.024844720496894408
0 0.8188785800726099 0.3197346132128741 0.10326744655102864 0.042631281761716544
0 0.18959257765227913 0.3750705815923207 0.0572811617587737 0.03359683794466403
0 0.2716821298910851 0.3629305477131564 0.035901573215006054 0.017786561264822136
0 0.3402581686163776 0.36885940146809715 0.08672851956434045 0.036420101637492944
0 0.43686970552642196 0.36307171089779783 0.055667607906413875 0.025409373235460192
0 0.5439693424768052 0.3687182382834557 0.11335215812827754 0.04291360813099943
0 0.6327148043565954 0.36589497459062675 0.024606696248487294 0.01355166572557877
0 0.7071399757966922 0.35968379446640314 0.10568777732956837 0.028797289666854884
0 0.7553448971359419 0.3753529079616036 0.011698265429608713 0.008752117447769622
0 0.8348124243646632 0.36702428006775834 0.11496571198063735 0.03500846979107849
0 0.21399757966922145 0.41332580463015245 0.11012505042355789 0.025409373235460192
0 0.29850746268656714 0.41304347826086957 0.05486083098023396 0.024844720496894408
0 0.35760387252924564 0.4178430265386787 0.0681726502622025 0.015810276679841896
0 0.46409842678499397 0.41953698475437606 0.0899556272690601 0.043478260869565216
0 0.6387656313029447 0.4124788255223038 0.20613150463896732 0.028232636928289104
0 0.7914481645824929 0.4116318464144551 0.100040338846309 0.02766798418972332
0 0.2864058087938685 0.4720496894409938 0.2662363856393707 0.04630152456239413
0 0.5096813231141589 0.46922642574816487 0.1327148043565954 0.015245623941276116
0 0.6200080677692618 0.4624505928853755 0.05163372327551432 0.024844720496894408
0 0.7353771682129892 0.4624505928853755 0.12263009277934651 0.028232636928289104
0 0.8440903590157322 0.4655561829474873 0.07946752722872126 0.018633540372670808
0 0.19302137958854376 0.5211744776962168 0.0754336425978217 0.034443817052512704
0 0.25756353368293666 0.5262563523433089 0.01008471157724889 0.007340485601355167
0 0.3164582492940702 0.5184923771880293 0.08592174263816055 0.016092603049124788
0 0.44473578055667606 0.5131281761716544 0.09237595804759983 0.025691699604743084
0 0.5219846712384025 0.51270468661773 0.04033884630899556 0.0220214568040655
0 0.6446147640177491 0.516798418972332 0.15490116982654295 0.037549407114624504
0 0.7480839048003227 0.5180688876341051 0.07139975796692215 0.014116318464144552
0 0.8406615570794675 0.5225861095426313 0.08713190802743041 0.040654997176736304
0 0.2291246470350948 0.564935064935065 0.13795885437676483 0.024280067758328628
0 0.36264622831787013 0.5663466967814794 0.10891488503428802 0.020327498588368152
0 0.45240016135538524 0.5686053077357425 0.027833803953206938 0.014116318464144552
0 0.5520371117386043 0.5642292490118577 0.12787414279951592 0.023997741389045736
0 0.6845502218636547 0.5653585544889893 0.07099636950383219 0.02456239412761152
0 0.7896329164985881 0.564652738565782 0.08834207341670028 0.019198193111236588
0 0.24021782977006859 0.6158949745906268 0.15853166599435256 0.023997741389045736
0 0.3929003630496168 0.6157538114059853 0.11536910044372731 0.021456804065499716
0 0.4957644211375555 0.6137775268210051 0.055667607906413875 0.026538678712591756
0 0.600443727309399 0.61914172783738 0.14804356595401372 0.031055900621118012
0 0.6881807180314643 0.6294466403162056 0.005647438483259379 0.005928853754940711
0 0.745461879790238 0.6153303218520609 0.05889471561113352 0.0251270468661773
0 0.8301734570391287 0.623235460191982 0.08874546187979024 0.03190287972896669
0 0.18233158531665994 0.66600790513834 0.048406615570794675 0.023715415019762844
0 0.31323114158935056 0.6662902315076228 0.1464300121016539 0.025409373235460192
0 0.4987898346107301 0.6648785996612083 0.20371117386042759 0.025974025974025976
0 0.6036708350141186 0.6758893280632411 0.002016942315449778 0.001129305477131564
