0 0.16438079870915692 0.2124505928853755 0.05203711173860428 0.01948051948051948
0 0.272488906817265 0.21315640880858272 0.118192819685357 0.019198193111236588
0 0.3753529649052037 0.21880293619424054 0.04235578862444534 0.009034443817052512
0 0.43283582089552236 0.21753246753246752 0.01936264622831787 0.0251270468661773
0 0.5076643807987091 0.2140033879164314 0.09479628882613957 0.01693958215697346
0 0.5655506252521177 0.2279785431959345 0.004033884630899556 0.005364201016374929
0 0.6208148446954417 0.2140033879164314 0.07260992335619201 0.02258610954263128
0 0.699677289229528 0.2134387351778656 0.0326744655102864 0.019762845849802372
0 0.7712787414279951 0.21357989836250707 0.0782573618394514 0.01948051948051948
0 0.1853569987898346 0.2607284020327499 0.08672851956434045 0.021174477696216828
0 0.3110125050423558 0.2611518915866742 0.11133521581282775 0.0220214568040655
0 0.3945139169019766 0.26171654432524 0.01855586930213796 0.019198193111236588
0 0.48083904800322713 0.26750423489553926 0.10649455425574829 0.03472614342179559
0 0.5671641791044776 0.26679841897233203 0.01290843081887858 0.00846979107848673
0 0.6171843485276322 0.27216261998870694 0.0500201694231545 0.019762845849802372
0 0.6762807583703107 0.2683512140033879 0.02379991932230738 0.008752117447769622
0 0.7230738200887454 0.26312817617165446 0.03670835014118596 0.021456804065499716
0 0.7855990318676885 0.2619988706945229 0.04154901169826543 0.023715415019762844
0 0.8430818878580073 0.2682100508187465 0.02501008471157725 0.009599096555618294
0 0.14885034288019364 0.3061829474872953 0.004033884630899556 0.007622811970638058
0 0.1845502218636547 0.31592320722755507 0.05203711173860428 0.009599096555618294
0 0.254941508672852 0.3129587803500847 0.04356595401371521 0.017786561264822136
0 0.30496167809600644 0.3181818181818182 0.016942315449778138 0.010163749294184076
0 0.36688180718031466 0.3126764539808018 0.04719645018152481 0.021174477696216828
0 0.43787817668414686 0.3211462450592885 0.04961678096006454 0.017221908526256352
0 0.5121016538926987 0.31281761716544326 0.05687777329568374 0.019762845849802372
0 0.5841064945542558 0.31394692264257484 0.03791851553045583 0.018068887634105024
0 0.6345300524405002 0.3181818181818182 0.011294876966518758 0.00846979107848673
0 0.699878983461073 0.31437041219649914 0.07018959257765228 0.0189158667419537
0 0.7890278338039532 0.3210050818746471 0.05244050020169423 0.028797289666854884
0 0.8259378781766842 0.30773574251835123 0.004437273093989512 0.006775832862789385
0 0.845098830173457 0.3274985883681536 0.008067769261799113 0.007905138339920948
0 0.17406212182331585 0.3599661208356861 0.03993545784590561 0.021456804065499716
0 0.21883824122630094 0.3663184641445511 0.02218636546994756 0.00818746470920384
0 0.31323114158935056 0.371682665160926 0.10931827349737798 0.027385657820440428
0 0.427390076643808 0.36462450592885376 0.07382008874546188 0.017221908526256352
0 0.4927390076643808 0.3697063805759458 0.021379588543767647 0.029644268774703556
0 0.5718031464300121 0.3663184641445511 0.09318273497377975 0.027385657820440428
0 0.6807180314643001 0.37337662337662336 0.07301331181928197 0.022303783173348392
0 0.8009277934651069 0.3642010163749294 0.12141992739007665 0.018633540372670808
0 0.20229931423961275 0.41360813099943533 0.09156918112141993 0.018068887634105024
0 0.2882210568777733 0.4193958215697346 0.043162565550625254 0.009316770186335404
0 0.3424768051633723 0.41643139469226426 0.01855586930213796 0.012987012987012988
0 0.38886647841871724 0.41360813099943533 0.03146430012101654 0.020327498588368152
0 0.4594594594594595 0.41332580463015245 0.060508269463493344 0.019762845849802372
0 0.5278338039532069 0.41967814793901753 0.026220250100847116 0.03190287972896669
0 0.5964098426784994 0.41798418972332013 0.07946752722872126 0.0251270468661773
0 0.6478418717224688 0.4222190852625635 0.003227107704719645 0.003105590062111801
0 0.6956434045986285 0.41360813099943533 0.04719645018152481 0.020327498588368152
0 0.7555465913674869 0.4209486166007905 0.024203307785397338 0.03162055335968379
0 0.8128277531262605 0.4140316205533597 0.06212182331585317 0.021174477696216828
0 0.18394513916901978 0.46725014116318464 0.04679306171843485 0.01355166572557877
0 0.23719241629689392 0.4618859401468097 0.029850746268656716 0.021456804065499716
0 0.3338039532069383 0.46795595708639187 0.12706736587333603 0.03020892151326934
0 0.4100443727309399 0.47473178994918125 0.0052440500201694235 0.009881422924901186
0 0.4517950786607503 0.46273291925465837 0.03146430012101654 0.020892151326933936
0 0.5350947962888262 0.47063805759457933 0.08672851956434045 0.033314511575381144
0 0.6341266639774102 0.46569734613212876 0.0645421540943929 0.022303783173348392
0 0.6758773699072207 0.47967250141163187 0.0052440500201694235 0.006775832862789385
0 0.727107704719645 0.4645680406549972 0.0609116579265833 0.022303783173348392
0 0.8239209358612344 0.4696499153020892 0.09156918112141993 0.03585544889892716
0 0.21056877773295685 0.5146809712027103 0.10649455425574829 0.021456804065499716
0 0.2936668011294877 0.5156691134952005 0.01936264622831787 0.01383399209486166
0 0.35135135135135137 0.5176453980801807 0.042759177087535294 0.027385657820440428
0 0.41871722468737393 0.5145398080180689 0.07260992335619201 0.021174477696216828
0 0.4691407825736184 0.521880293619424 0.004033884630899556 0.003105590062111801
