0 0.16276724485679708 0.208498023715415 0.03670835014118596 0.015527950310559006
0 0.20471964501815249 0.20990965556182947 0.018959257765227916 0.017221908526256352
0 0.25433642597821704 0.21033314511575382 0.040742234772085516 0.015810276679841896
0 0.3116175877369907 0.20920383963862224 0.019766034691407825 0.012987012987012988
0 0.3567970956030658 0.20976849237718803 0.02379991932230738 0.012422360248447204
0 0.44130697862041146 0.21160361377752682 0.10084711577248891 0.014398644833427442
0 0.5161355385235982 0.21075663466967814 0.019766034691407825 0.01383399209486166
0 0.5324727712787414 0.22035573122529645 0.00645421540943929 0.007058159232072276
0 0.5687777329568374 0.21259175607001693 0.03469140782573618 0.014680971202710334
0 0.6240419524001614 0.21414455110107283 0.03711173860427592 0.009316770186335404
0 0.6893908834207342 0.21513269339356295 0.05486083098023396 0.0220214568040655
0 0.7194433239209359 0.2220496894409938 0.004437273093989512 0.005364201016374929
0 0.7529245663574021 0.21132128740824394 0.01573215006050827 0.014398644833427442
0 0.7983057684550222 0.21047430830039526 0.029850746268656716 0.012704686617730096
0 0.1734570391286809 0.26002258610954265 0.05405405405405406 0.012987012987012988
0 0.20068576038725291 0.2691981931112366 0.0052440500201694235 0.005928853754940711
0 0.23396530859217426 0.26312817617165446 0.021782977006857603 0.006775832862789385
0 0.28600242033077855 0.2636928289102202 0.03872529245663574 0.007905138339920948
0 0.3473174667204518 0.2605872388481084 0.03307785397337636 0.01355166572557877
0 0.4017749092375958 0.2618577075098814 0.03872529245663574 0.01383399209486166
0 0.4628882613957241 0.2611518915866742 0.051230334812424366 0.015245623941276116
0 0.526825332795482 0.26242236024844723 0.03227107704719645 0.016092603049124788
0 0.5762404195240016 0.26256352343308864 0.0318676885841065 0.011857707509881422
0 0.6379588543767648 0.26228119706380576 0.03751512706736587 0.01355166572557877
0 0.7396127470754337 0.26312817617165446 0.11173860427591771 0.014680971202710334
0 0.7983057684550222 0.269339356295878 0.0024203307785397336 0.0016939582156973462
0 0.8356192012908431 0.26242236024844723 0.02864058087938685 0.014398644833427442
0 0.1645824929407019 0.3147939017504235 0.04921339249697459 0.018633540372670808
0 0.22287212585720048 0.3136645962732919 0.024606696248487294 0.00846979107848673
0 0.29225494150867287 0.31126482213438733 0.05687777329568374 0.014398644833427442
0 0.3263412666397741 0.32086391869000563 0.004840661557079467 0.006493506493506494
0 0.37595804759983864 0.31309994353472614 0.04517950786607503 0.012987012987012988
0 0.46692214602662363 0.3160643704121965 0.09156918112141993 0.023997741389045736
0 0.5808793868495361 0.3116883116883117 0.08471157724889068 0.015245623941276116
0 0.6881807180314643 0.3123941276115189 0.0790641387656313 0.014398644833427442
0 0.7620008067769262 0.3132411067193676 0.01936264622831787 0.012140033879164314
0 0.8009277934651069 0.313382269904009 0.019766034691407825 0.010163749294184076
0 0.8410649455425575 0.31493506493506496 0.022589753933037516 0.007622811970638058
0 0.15691811214199275 0.36278938452851495 0.029043969342476807 0.014116318464144552
0 0.21964501815248083 0.36617730095990964 0.05203711173860428 0.0220214568040655
0 0.27490923759580477 0.36180124223602483 0.022993142396127472 0.014963297571993224
0 0.336224283985478 0.36278938452851495 0.057684550221863654 0.014680971202710334
0 0.3699072206534893 0.37267080745341613 0.004033884630899556 0.006211180124223602
0 0.4102460669624849 0.36307171089779783 0.03307785397337636 0.015810276679841896
0 0.463695038321904 0.36645962732919257 0.03509479628882614 0.009034443817052512
0 0.5395320693828156 0.36236589497459065 0.0681726502622025 0.016092603049124788
0 0.6393707139975797 0.364059853190288 0.0790641387656313 0.01383399209486166
0 0.7396127470754337 0.36264822134387353 0.07139975796692215 0.016092603049124788
0 0.8309802339653086 0.3629305477131564 0.05405405405405406 0.016657255787690572
0 0.15711980637353773 0.41360813099943533 0.02379991932230738 0.009599096555618294
0 0.2615974183138362 0.4161490683229814 0.12706736587333603 0.026538678712591756
0 0.3743444937474788 0.41318464144551104 0.04195240016135539 0.012140033879164314
0 0.4344493747478822 0.4126199887069452 0.04356595401371521 0.012140033879164314
0 0.5278338039532069 0.4168548842461886 0.07866075030254134 0.021739130434782608
0 0.6020572811617588 0.41445511010728403 0.020572811617587738 0.012987012987012988
0 0.6571198063735377 0.4127611518915867 0.03307785397337636 0.012987012987012988
0 0.7317466720451795 0.4137492941840768 0.0653489310205728 0.016092603049124788
0 0.7704719645018152 0.4215132693393563 0.0024203307785397336 0.0016939582156973462
