0 0.15328761597418314 0.21513269339356295 0.01855586930213796 0.019762845849802372
0 0.2252924566357402 0.21668548842461885 0.08834207341670028 0.029079616036137776
0 0.31787010891488504 0.21357989836250707 0.04679306171843485 0.03020892151326934
0 0.3924969745865268 0.2161208356860531 0.05808793868495361 0.0251270468661773
0 0.4354578459056071 0.2121682665160926 0.006857603872529245 0.0189158667419537
0 0.45966115369100446 0.21922642574816487 0.01653892698668818 0.003105590062111801
0 0.5135135135135135 0.21428571428571427 0.022589753933037516 0.020327498588368152
0 0.5522388059701493 0.21753246753246752 0.024203307785397338 0.010446075663466968
0 0.6379588543767648 0.21597967250141162 0.0891488503428802 0.029361942405420668
0 0.7321500605082695 0.21259175607001693 0.060508269463493344 0.018068887634105024
0 0.7805566760790641 0.21329757199322416 0.004840661557079467 0.0189158667419537
0 0.8249294070189592 0.21315640880858272 0.0572811617587737 0.01637492941840768
0 0.1609519967728923 0.2682100508187465 0.03227107704719645 0.01129305477131564
0 0.24747882210568778 0.26312817617165446 0.08511496571198064 0.020327498588368152
0 0.3446954417103671 0.26256352343308864 0.04881000403388463 0.020892151326933936
0 0.41085114965711983 0.26256352343308864 0.014925373134328358 0.018633540372670808
0 0.4828559903186769 0.2648221343873518 0.08229124647035095 0.02766798418972332
0 0.5705929810407422 0.2619988706945229 0.051230334812424366 0.018633540372670808
0 0.6403791851553046 0.2636928289102202 0.0463896732553449 0.018068887634105024
0 0.718031464300121 0.2627046866177301 0.06696248487293263 0.022303783173348392
0 0.7837837837837838 0.2618577075098814 0.033884630899556276 0.017786561264822136
0 0.19987898346107302 0.313382269904009 0.11012505042355789 0.019762845849802372
0 0.30677692617991126 0.3123941276115189 0.056070996369503835 0.0189158667419537
0 0.3810004033884631 0.31733483907396953 0.04881000403388463 0.012422360248447204
0 0.4374747882210569 0.31592320722755507 0.04235578862444534 0.01129305477131564
0 0.4703509479628883 0.3207227555053642 0.004840661557079467 0.002258610954263128
0 0.5143202904396934 0.31309994353472614 0.05244050020169423 0.019762845849802372
0 0.5782573618394514 0.31281761716544326 0.0326744655102864 0.018633540372670808
0 0.627067365873336 0.3125352907961604 0.03993545784590561 0.017504234895539244
0 0.6922146026623639 0.313382269904009 0.03711173860427592 0.019198193111236588
0 0.7531262605889472 0.31832298136645965 0.048406615570794675 0.011575381140598532
0 0.8164582492940702 0.3129587803500847 0.04759983864461476 0.020045172219085264
0 0.16014521984671237 0.36490683229813664 0.03065752319483663 0.027950310559006212
0 0.24606696248487292 0.36645962732919257 0.0935861234368697 0.02258610954263128
0 0.3021379588543768 0.37238848108413325 0.004033884630899556 0.002258610954263128
0 0.3110125050423558 0.3557312252964427 0.003227107704719645 0.007340485601355167
0 0.36789027833803956 0.36307171089779783 0.07180314643001211 0.020327498588368152
0 0.43828156514723676 0.36363636363636365 0.03509479628882614 0.019762845849802372
0 0.48971359419120614 0.3673066064370412 0.041145623235175476 0.01129305477131564
0 0.5835014118596208 0.36645962732919257 0.08672851956434045 0.02710333145115754
0 0.6674062121823315 0.365330321852061 0.04154901169826543 0.017504234895539244
0 0.7357805566760791 0.36307171089779783 0.05405405405405406 0.021456804065499716
0 0.7987091569181122 0.36391869000564653 0.03146430012101654 0.018068887634105024
0 0.18132311415893507 0.41360813099943533 0.06252521177894312 0.021456804065499716
0 0.2648245260185559 0.4158667419536985 0.02944735780556676 0.028232636928289104
0 0.31242436466317064 0.4147374364765669 0.04477611940298507 0.01693958215697346
0 0.37333602258975396 0.41445511010728403 0.03993545784590561 0.028797289666854884
0 0.42517144009681324 0.41360813099943533 0.02581686163775716 0.028797289666854884
0 0.4870915691811214 0.4162902315076228 0.0463896732553449 0.016657255787690572
0 0.5663574021782977 0.41770186335403725 0.06857603872529246 0.028514963297571992
0 0.6161758773699072 0.42377188029361945 0.0028237192416296895 0.010163749294184076
0 0.6651875756353368 0.4160079051383399 0.042759177087535294 0.017786561264822136
0 0.7311415893505446 0.41544325239977414 0.04719645018152481 0.017786561264822136
0 0.826946349334409 0.41671372106154714 0.11052843888664785 0.029926595143986448
0 0.2073416700282372 0.46809712027103334 0.12020976200080678 0.029361942405420668
0 0.3136345300524405 0.4675324675324675 0.0318676885841065 0.030491247882552232
0 0.3707139975796692 0.46597967250141165 0.042759177087535294 0.017221908526256352
0 0.490923759580476 0.46823828345567475 0.14199273900766438 0.027950310559006212
0 0.6113352158128278 0.467673630717109 0.031060911657926585 0.0251270468661773
0 0.6655909640984268 0.4658385093167702 0.04517950786607503 0.01693958215697346
0 0.7498991528842275 0.46513269339356295 0.06696248487293263 0.01948051948051948
0 0.8140379185155304 0.46597967250141165 0.02743041549011698 0.021739130434782608
0 0.20673658733360226 0.519621682665161 0.11577248890681727 0.03020892151326934
0 0.2755143202904397 0.5249858836815359 0.005647438483259379 0.003105590062111801
