0 0.14864864864864866 0.22783738001129306 0.031060911657926585 0.018633540372670808
0 0.20028237192416296 0.2248729531338227 0.03993545784590561 0.01383399209486166
0 0.254538120209762 0.22543760587238848 0.04195240016135539 0.014963297571993224
0 0.300121016538927 0.22811970638057594 0.021782977006857603 0.018633540372670808
0 0.3390480032271077 0.22557876905702992 0.04154901169826543 0.014116318464144552
0 0.40863251311012505 0.22444946357989837 0.07664380798709157 0.014116318464144552
0 0.48406615570794675 0.22529644268774704 0.029850746268656716 0.014680971202710334
0 0.5379185155304558 0.2251552795031056 0.050423557886244454 0.016092603049124788
0 0.6427995159338443 0.23023715415019763 0.12141992739007665 0.027950310559006212
0 0.7357805566760791 0.22529644268774704 0.022589753933037516 0.01355166572557877
0 0.8021379588543768 0.2279785431959345 0.08188785800726099 0.022303783173348392
0 0.8507462686567164 0.2295313382269904 0.0024203307785397336 0.002258610954263128
0 0.1510689794271884 0.27625635234330886 0.030254134731746672 0.013269339356295878
0 0.2018959257765228 0.2756916996047431 0.052843888664784185 0.014398644833427442
0 0.3116175877369907 0.28077357425183513 0.12464703509479629 0.021174477696216828
0 0.41528842275110933 0.27625635234330886 0.04477611940298507 0.014963297571993224
0 0.4705526421944332 0.2756916996047431 0.02944735780556676 0.01383399209486166
0 0.5475998386446148 0.2792207792207792 0.09398951189995966 0.023715415019762844
0 0.6189995966115369 0.27639751552795033 0.01653892698668818 0.014116318464144552
0 0.663574021782977 0.2776679841897233 0.03065752319483663 0.010446075663466968
0 0.718031464300121 0.27428006775832864 0.05889471561113352 0.01383399209486166
0 0.772085518354175 0.27780914737436474 0.03065752319483663 0.009599096555618294
0 0.8152480839048003 0.27653867871259175 0.035498184751916094 0.012704686617730096
0 0.172851956434046 0.3277809147374365 0.0826946349334409 0.014680971202710334
0 0.2936668011294877 0.3300395256916996 0.10972166196046793 0.023150762281197064
0 0.390480032271077 0.32580463015245625 0.04437273093989512 0.014680971202710334
0 0.4376764824526019 0.32707509881422925 0.02501008471157725 0.015527950310559006
0 0.4945542557482856 0.3315923207227555 0.0645421540943929 0.020609824957651044
0 0.6042759177087536 0.3341332580463015 0.10326744655102864 0.03077357425183512
0 0.6591367486889875 0.33229813664596275 0.003227107704719645 0.00282326369282891
0 0.6793061718434853 0.32029926595143987 0.004033884630899556 0.007622811970638058
0 0.7123840258168617 0.3255223037831734 0.048406615570794675 0.014116318464144552
0 0.7797498991528842 0.32495765104460755 0.06857603872529246 0.01693958215697346
0 0.8221056877773296 0.3191699604743083 0.0024203307785397336 0.007622811970638058
0 0.8307785397337636 0.33483907396950874 0.004437273093989512 0.007340485601355167
0 0.14259782170229932 0.37732919254658387 0.02702702702702703 0.01383399209486166
0 0.19826542960871318 0.3780350084697911 0.06171843485276321 0.01355166572557877
0 0.24304154901169828 0.38622247317899494 0.004437273093989512 0.007340485601355167
0 0.25857200484066156 0.37140033879164314 0.0024203307785397336 0.007622811970638058
0 0.27874142799515933 0.37732919254658387 0.01855586930213796 0.014398644833427442
0 0.3410649455425575 0.37732919254658387 0.07866075030254134 0.015527950310559006
0 0.39007664380798707 0.3865047995482778 0.004033884630899556 0.006775832862789385
0 0.436668011294877 0.37704686617730093 0.06655909640984267 0.014963297571993224
0 0.49616780960064544 0.3781761716544325 0.020976200080677694 0.013269339356295878
0 0.5240016135538523 0.38071710897797856 0.016942315449778138 0.00818746470920384
0 0.5742234772085518 0.38297571993224166 0.06494554255748286 0.0251270468661773
0 0.6849536103267446 0.3793054771315641 0.11133521581282775 0.009316770186335404
0 0.7507059298104074 0.38311688311688313 0.003227107704719645 0.002258610954263128
0 0.817870108914885 0.3769057029926595 0.1044776119402985 0.015810276679841896
0 0.1645824929407019 0.4321005081874647 0.07341670028237192 0.009881422924901186
0 0.22831787010891488 0.42857142857142855 0.023396530859217425 0.01129305477131564
0 0.27390076643807987 0.42913608130999437 0.033884630899556276 0.012987012987012988
0 0.33299717628075837 0.42857142857142855 0.056070996369503835 0.014680971202710334
0 0.3719241629689391 0.4333709768492377 0.008874546187979023 0.01355166572557877
0 0.40419524001613555 0.4278656126482213 0.03146430012101654 0.013269339356295878
0 0.4409035901573215 0.4268774703557312 0.02016942315449778 0.01355166572557877
0 0.49596611536910046 0.43478260869565216 0.06575231948366277 0.026538678712591756
0 0.5615167406212183 0.42715979672501414 0.04195240016135539 0.014116318464144552
0 0.6169826542960871 0.4302653867871259 0.045582896329164985 0.018633540372670808
0 0.6551028640580879 0.4343591191417278 0.014521984671238403 0.003105590062111801
0 0.6655909640984268 0.43365330321852064 0.003227107704719645 0.002258610954263128
0 0.7158128277531263 0.42758328627893843 0.06010488100040339 0.014963297571993224
0 0.7704719645018152 0.4308300395256917 0.01371520774505849 0.007905138339920948
0 0.8132311415893505 0.43788819875776397 0.04437273093989512 0.023150762281197064
0 0.8501411859620814 0.43351214003387917 0.004437273093989512 0.008752117447769622
0 0.16780960064542155 0.4826369282891022 0.06615570794675273 0.023997741389045736
0 0.26321097216619604 0.4841897233201581 0.07704719645018153 0.020327498588368152
0 0.31141589350544574 0.48546019198193113 0.003227107704719645 0.005928853754940711
0 0.3491327148043566 0.4782608695652174 0.03993545784590561 0.015245623941276116
0 0.4227511093182735 0.4786843591191417 0.05486083098023396 0.014963297571993224
0 0.48204921339249696 0.4798136645962733 0.01936264622831787 0.009316770186335404
0 0.5379185155304558 0.48306041784302656 0.05687777329568374 0.020892151326933936
0 0.6107301331181928 0.4779785431959345 0.0572811617587737 0.014680971202710334
0 0.6478418717224688 0.4823546019198193 0.003227107704719645 0.002540937323546019
0 0.6845502218636547 0.4795313382269904 0.02501008471157725 0.016092603049124788
0 0.7450584913271481 0.4785431959345003 0.06776926179911255 0.014116318464144552
0 0.7882210568777733 0.487012987012987 0.00645421540943929 0.006775832862789385
0 0.8309802339653086 0.48461321287408243 0.063735377168213 0.016657255787690572
0 0.1607503025413473 0.5283738001129306 0.06171843485276321 0.01383399209486166
0 0.2353771682129891 0.5316205533596838 0.050423557886244454 0.009034443817052512
0 0.3027430415490117 0.5327498588368154 0.043969342476805166 0.010163749294184076
0 0.3473174667204518 0.5324675324675324 0.016942315449778138 0.007905138339920948
0 0.4100443727309399 0.5347261434217956 0.06736587333602259 0.02258610954263128
0 0.454417103670835 0.5296442687747036 0.004437273093989512 0.006775832862789385
0 0.5038321903993546 0.5289384528514963 0.05405405405405406 0.014398644833427442
0 0.5697862041145624 0.5290796160361377 0.04154901169826543 0.014680971202710334
0 0.6379588543767648 0.5319028797289667 0.06575231948366277 0.020892151326933936
0 0.6988705123033482 0.5293619424054207 0.021379588543767647 0.011857707509881422
0 0.8037515127067366 0.5319028797289667 0.1536910044372731 0.02258610954263128
0 0.13977410246066962 0.5798983625070582 0.027833803953206938 0.019762845849802372
0 0.1974586526825333 0.5756634669678148 0.040742234772085516 0.014116318464144552
0 0.2779346510689794 0.5762281197063805 0.08551835417507059 0.014680971202710334
0 0.3414683340056474 0.5783455674760023 0.012505042355788625 0.001976284584980237
0 0.3709156918112142 0.5803218520609825 0.018959257765227916 0.00818746470920384
0 0.4651068979427188 0.5797571993224168 0.13795885437676483 0.020045172219085264
0 0.5968132311415894 0.5828627893845285 0.08672851956434045 0.027385657820440428
0 0.6704316256555063 0.5772162619988707 0.024203307785397338 0.013269339356295878
0 0.7148043565954014 0.5831451157538114 0.03227107704719645 0.017221908526256352
0 0.7736990722065349 0.5806041784302653 0.041145623235175476 0.014398644833427442
0 0.808995562726906 0.58399209486166 0.003630496167809601 0.006493506493506494
0 0.21359419120613152 0.6300112930547713 0.16417910447761194 0.02456239412761152
0 0.3313836224283985 0.6294466403162056 0.030254134731746672 0.009881422924901186
0 0.38039532069382814 0.6261998870694523 0.04437273093989512 0.014680971202710334
0 0.4552238805970149 0.6305759457933371 0.08188785800726099 0.022303783173348392
0 0.5397337636143607 0.6288819875776398 0.04517950786607503 0.010446075663466968
0 0.6044776119402985 0.6326933935629587 0.04719645018152481 0.018068887634105024
0 0.6696248487293264 0.6290231507622812 0.048406615570794675 0.020892151326933936
0 0.7033077853973376 0.6338226990400904 0.003630496167809601 0.002258610954263128
0 0.7168212989108511 0.6188594014680971 0.004033884630899556 0.007905138339920948
