0 0.18515530455828963 0.22571993224167136 0.09197256958450989 0.016092603049124788
0 0.27753126260588945 0.2279785431959345 0.045986284792254944 0.020609824957651044
0 0.35599031867688585 0.22628458498023715 0.07382008874546188 0.014398644833427442
0 0.4298104074223477 0.22769621682665162 0.045582896329164985 0.009881422924901186
0 0.4800322710770472 0.22656691134952003 0.02581686163775716 0.011575381140598532
0 0.5417507059298104 0.2267080745341615 0.06696248487293263 0.01355166572557877
0 0.6099233561920129 0.22656691134952003 0.02743041549011698 0.012704686617730096
0 0.6581282775312626 0.2251552795031056 0.038321903993545785 0.012704686617730096
0 0.7418313836224284 0.2264257481648786 0.08551835417507059 0.01355166572557877
0 0.8354175070592981 0.22727272727272727 0.07180314643001211 0.012422360248447204
0 0.1464300121016539 0.27710333145115756 0.022589753933037516 0.01383399209486166
0 0.2291246470350948 0.2769621682665161 0.10165389269866881 0.01355166572557877
0 0.2942718838241226 0.28430265386787124 0.004437273093989512 0.006775832862789385
0 0.33682936668011293 0.2789384528514963 0.053247277127874144 0.009599096555618294
0 0.4281968535699879 0.2811970638057595 0.09398951189995966 0.021456804065499716
0 0.48507462686567165 0.28402032749858835 0.003630496167809601 0.00564652738565782
0 0.54538120209762 0.2826086956521739 0.07664380798709157 0.023715415019762844
0 0.6173860427591771 0.2787972896668549 0.03509479628882614 0.017221908526256352
0 0.6912061315046389 0.2779503105590062 0.08430818878580072 0.014398644833427442
0 0.7386042759177087 0.2833145115753811 0.003227107704719645 0.001976284584980237
0 0.7718838241226301 0.27865612648221344 0.019766034691407825 0.012987012987012988
0 0.8257361839451391 0.28500846979107847 0.06857603872529246 0.026821005081874648
0 0.14622831787010893 0.3277809147374365 0.02702702702702703 0.009034443817052512
0 0.19866881807180314 0.32622811970638055 0.030254134731746672 0.01383399209486166
0 0.28963291649858813 0.3269339356295878 0.11214199273900767 0.01355166572557877
0 0.3874546187979024 0.32608695652173914 0.0391286809197257 0.01355166572557877
0 0.5080677692617991 0.33483907396950874 0.1617587736990722 0.03162055335968379
0 0.6528842275110932 0.3306041784302654 0.08753529649052037 0.023715415019762844
0 0.7353771682129892 0.3265104460756635 0.04356595401371521 0.01383399209486166
0 0.790439693424768 0.327639751552795 0.035901573215006054 0.013269339356295878
0 0.18939088342073418 0.3802936194240542 0.1189995966115369 0.0220214568040655
0 0.2563533682936668 0.38297571993224166 0.003630496167809601 0.002540937323546019
0 0.29265832997176283 0.3774703557312253 0.0326744655102864 0.012422360248447204
0 0.35054457442517145 0.37732919254658387 0.050826946349334406 0.014963297571993224
0 0.46571198063735375 0.378317334839074 0.1399757966922146 0.015810276679841896
0 0.581887858007261 0.37676453980801805 0.050423557886244454 0.01383399209486166
0 0.6415893505445744 0.37859966120835686 0.03428801936264623 0.014116318464144552
0 0.7057281161758774 0.3791643139469226 0.07462686567164178 0.018068887634105024
0 0.8208955223880597 0.3814229249011858 0.10810810810810811 0.024844720496894408
0 0.1383622428398548 0.4292772444946358 0.015328761597418314 0.009881422924901186
0 0.19887051230334812 0.43351214003387917 0.07745058491327148 0.02456239412761152
0 0.2535296490520371 0.4345002823263693 0.0028237192416296895 0.007340485601355167
0 0.3253327954820492 0.4339356295878035 0.11335215812827754 0.025409373235460192
0 0.4257765227914482 0.43125352907961606 0.052843888664784185 0.008752117447769622
0 0.4979830576845502 0.42871259175607 0.051230334812424366 0.013269339356295878
0 0.5478015328761597 0.4311123658949746 0.017749092375958047 0.00846979107848673
0 0.6095199677289229 0.4343591191417278 0.07422347720855184 0.023997741389045736
0 0.6978620411456232 0.4289949181253529 0.048406615570794675 0.014398644833427442
0 0.8011294876966518 0.436617730095991 0.11940298507462686 0.027385657820440428
0 0.1837434449374748 0.4784020327498588 0.11173860427591771 0.014963297571993224
0 0.25655506252521176 0.48560135516657255 0.003227107704719645 0.006211180124223602
0 0.36587333602258976 0.48221343873517786 0.1871722468737394 0.02258610954263128
0 0.5074626865671642 0.47910784867306605 0.04517950786607503 0.01355166572557877
0 0.5970149253731343 0.47967250141163187 0.08551835417507059 0.014116318464144552
0 0.6494554255748286 0.4892715979672501 0.003227107704719645 0.00564652738565782
0 0.6829366680112948 0.48009599096555616 0.03791851553045583 0.01383399209486166
0 0.7601855586930214 0.4848955392433653 0.07785397337636143 0.023997741389045736
0 0.18596208148446955 0.5278091473743648 0.10246066962484873 0.016092603049124788
0 0.24526018555869303 0.5383963862224732 0.005647438483259379 0.007905138339920948
0 0.2942718838241226 0.532608695652174 0.07220653489310205 0.023997741389045736
0 0.3707139975796692 0.5290796160361377 0.045986284792254944 0.01693958215697346
0 0.4745865268253328 0.5359966120835686 0.12948769665187576 0.025691699604743084
0 0.5516337232755143 0.5392433653303218 0.0060508269463493344 0.009599096555618294
0 0.5635336829366681 0.5241389045736872 0.0024203307785397336 0.005928853754940711
0 0.5958047599838645 0.529785431959345 0.03791851553045583 0.01383399209486166
0 0.6532876159741832 0.5296442687747036 0.0326744655102864 0.01355166572557877
0 0.7371924162968939 0.5352907961603613 0.10205728116175877 0.017504234895539244
0 0.81807180314643 0.5295031055900621 0.02581686163775716 0.013269339356295878
0 0.17426381605486083 0.5835686053077357 0.08551835417507059 0.021456804065499716
0 0.25332795482049214 0.5830039525691699 0.02743041549011698 0.019198193111236588
0 0.3108108108108108 0.5848390739695087 0.050423557886244454 0.01101072840203275
0 0.39673255344897135 0.588085827216262 0.06494554255748286 0.030491247882552232
0 0.4824526018555869 0.5813099943534726 0.07422347720855184 0.015245623941276116
0 0.526825332795482 0.5890739695087521 0.003227107704719645 0.002540937323546019
0 0.5324727712787414 0.5749576510446076 0.005647438483259379 0.008752117447769622
