0 0.14622831787010893 0.20426312817617165 0.022993142396127472 0.0251270468661773
0 0.22408229124647036 0.20934500282326368 0.06575231948366277 0.035290796160361376
0 0.2991125453812021 0.204686617730096 0.026220250100847116 0.03387916431394692
0 0.37575635336829366 0.20553359683794467 0.0681726502622025 0.028232636928289104
0 0.46409842678499397 0.21696781479390176 0.06333198870512304 0.025691699604743084
0 0.5473981444130698 0.20285149632975719 0.045986284792254944 0.026256352343308864
0 0.6262605889471561 0.20553359683794467 0.07059298104074223 0.03557312252964427
0 0.7301331181928197 0.20539243365330323 0.08632513110125051 0.027950310559006212
0 0.23840258168616377 0.2552230378317335 0.21702299314239612 0.029361942405420668
0 0.3666801129487697 0.2707509881422925 0.0024203307785397336 0.00846979107848673
0 0.41770875352964904 0.25663466967814796 0.04800322710770472 0.023150762281197064
0 0.553852359822509 0.25451722190852627 0.16780960064542155 0.03303218520609825
0 0.6954417103670835 0.2521174477696217 0.0645421540943929 0.02710333145115754
0 0.1926179911254538 0.3132411067193676 0.1335215812827753 0.041501976284584984
0 0.2765227914481646 0.3181818181818182 0.002016942315449778 0.01129305477131564
0 0.3299717628075837 0.305759457933371 0.0572811617587737 0.028797289666854884
0 0.436668011294877 0.3050536420101638 0.10286405808793868 0.027950310559006212
0 0.5227914481645825 0.3036420101637493 0.026623638563937072 0.026821005081874648
0 0.6141589350544574 0.307029926595144 0.09802339653085922 0.026821005081874648
0 0.7345703912868092 0.3064652738565782 0.10810810810810811 0.034161490683229816
0 0.8217022993142397 0.30335968379446643 0.03065752319483663 0.027950310559006212
0 0.1536910044372731 0.3685770750988142 0.05405405405405406 0.040372670807453416
0 0.23578055667607906 0.35629587803500845 0.04881000403388463 0.019198193111236588
0 0.33098023396530857 0.36307171089779783 0.08834207341670028 0.029361942405420668
0 0.41851553045582895 0.3613777526821005 0.01573215006050827 0.010728402032749858
0 0.49152884227511096 0.3577075098814229 0.06978620411456232 0.018633540372670808
0 0.536708350141186 0.37210615471485037 0.008471157724889069 0.012422360248447204
0 0.627067365873336 0.36024844720496896 0.10851149657119806 0.025974025974025976
0 0.7490923759580476 0.3555900621118012 0.0782573618394514 0.020609824957651044
0 0.8160548608309802 0.3565782044042914 0.02581686163775716 0.02258610954263128
0 0.15691811214199275 0.41205533596837945 0.05647438483259379 0.014963297571993224
0 0.26099233561920127 0.4113495200451722 0.07664380798709157 0.031055900621118012
0 0.43041549011698266 0.40457368718238285 0.17103670835014118 0.025409373235460192
0 0.5857200484066156 0.40584415584415584 0.07422347720855184 0.023997741389045736
0 0.7490923759580476 0.41007905138339923 0.20653489310205728 0.023997741389045736
0 0.18334005647438484 0.4634387351778656 0.09802339653085922 0.015527950310559006
0 0.27611940298507465 0.4608977978543196 0.024606696248487294 0.018351214003387916
0 0.3741427995159338 0.4570863918690006 0.10770471964501815 0.023715415019762844
0 0.4965711980637354 0.4606154714850367 0.05970149253731343 0.017221908526256352
0 0.6048810004033884 0.4614624505928854 0.08188785800726099 0.034161490683229816
0 0.6579265832997176 0.47007340485601357 0.004840661557079467 0.009034443817052512
0 0.7170229931423961 0.45948616600790515 0.06171843485276321 0.020045172219085264
0 0.8079870915691811 0.4556747600225861 0.08148446954417103 0.02258610954263128
0 0.15248083904800322 0.5055053642010163 0.03711173860427592 0.023433088650479956
0 0.26946349334409037 0.5081874647092038 0.11940298507462686 0.02710333145115754
0 0.3840258168616378 0.5095990965556183 0.05647438483259379 0.01637492941840768
0 0.48769665187575634 0.5084697910784868 0.07987091569181122 0.03274985883681536
0 0.6125453812020977 0.5086109542631282 0.118192819685357 0.028514963297571992
0 0.7432432432432432 0.5077639751552795 0.09156918112141993 0.022303783173348392
0 0.8327954820492134 0.5094579333709769 0.021379588543767647 0.010446075663466968
0 0.1952400161355385 0.5592885375494071 0.10326744655102864 0.02766798418972332
0 0.31121419927390076 0.5566064370412197 0.058491327148043566 0.021739130434782608
0 0.40096813231141587 0.5539243365330322 0.06212182331585317 0.02710333145115754
0 0.5300524405002017 0.5560417843026538 0.12827753126260588 0.02456239412761152
0 0.6782977006857603 0.558300395256917 0.09640984267849939 0.021739130434782608
0 0.7767244856797095 0.5570299265951439 0.038321903993545785 0.025409373235460192
0 0.21238402581686164 0.6091191417278374 0.13755546591367487 0.03020892151326934
0 0.2989108511496571 0.6175889328063241 0.00645421540943929 0.013269339356295878
0 0.35599031867688585 0.6085544889892716 0.06575231948366277 0.02456239412761152
0 0.4564340459862848 0.6120835686053078 0.07785397337636143 0.02710333145115754
0 0.5471964501815249 0.6075663466967814 0.04800322710770472 0.021456804065499716
0 0.6619604679306171 0.6108130999435347 0.12989108511496572 0.021174477696216828
0 0.25534489713594194 0.6582439299830605 0.23315853166599435 0.023997741389045736
0 0.3890681726502622 0.6664313946922643 0.0028237192416296895 0.004234895539243365
