0 0.13856393707139975 0.2204968944099379 0.002016942315449778 0.005081874647092038
0 0.17587736990722067 0.22557876905702992 0.05889471561113352 0.014116318464144552
0 0.2319483662767245 0.22868435911914173 0.015328761597418314 0.009034443817052512
0 0.3045582896329165 0.2323546019198193 0.10246066962484873 0.028797289666854884
0 0.39511899959661156 0.2261434217955957 0.05526421944332392 0.01355166572557877
0 0.43485276321097216 0.22233201581027667 0.004033884630899556 0.014963297571993224
0 0.44876966518757566 0.21668548842461885 0.0028237192416296895 0.005364201016374929
0 0.4834610730133118 0.2230378317334839 0.031060911657926585 0.014116318464144552
0 0.5383219039935457 0.22600225861095427 0.06171843485276321 0.012704686617730096
0 0.5802743041549012 0.23136645962732919 0.0028237192416296895 0.001976284584980237
0 0.6050826946349335 0.21880293619424054 0.0024203307785397336 0.00564652738565782
0 0.6192012908430818 0.2267080745341615 0.01371520774505849 0.012422360248447204
0 0.6849536103267446 0.2267080745341615 0.08955223880597014 0.015245623941276116
0 0.7384025816861638 0.22416713721061546 0.0060508269463493344 0.01355166572557877
0 0.7936668011294877 0.2261434217955957 0.05526421944332392 0.015810276679841896
0 0.20229931423961275 0.2790796160361378 0.13110125050423557 0.01948051948051948
0 0.27874142799515933 0.2737154150197628 0.005647438483259379 0.01383399209486166
0 0.36829366680112946 0.27837380011293056 0.11698265429608713 0.023150762281197064
0 0.4606696248487293 0.27639751552795033 0.015328761597418314 0.014116318464144552
0 0.5050423557886244 0.27837380011293056 0.03227107704719645 0.009034443817052512
0 0.5984267849939492 0.2780914737436477 0.12384025816861638 0.018633540372670808
0 0.672448567970956 0.2837380011293055 0.004033884630899556 0.006775832862789385
0 0.7008874546187979 0.27555053642010163 0.0391286809197257 0.014680971202710334
0 0.7428398547801532 0.2768210050818746 0.01653892698668818 0.012140033879164314
0 0.800322710770472 0.2813382269904009 0.06938281565147236 0.022303783173348392
0 0.17809600645421542 0.3266516092603049 0.08511496571198064 0.014116318464144552
0 0.2569584509883017 0.32834556747600224 0.03953206938281565 0.019198193111236588
0 0.30879386849536106 0.33258046301524563 0.0326744655102864 0.01637492941840768
0 0.3892698668818072 0.3296160361377753 0.09519967728922953 0.021174477696216828
0 0.4475594997983058 0.32382834556747603 0.0060508269463493344 0.014680971202710334
0 0.48305768455022186 0.32622811970638055 0.013311819281968536 0.014963297571993224
0 0.527632109721662 0.33130999435347264 0.04437273093989512 0.014398644833427442
0 0.5782573618394514 0.32679277244494637 0.031060911657926585 0.01383399209486166
0 0.6605486083098023 0.32594579333709767 0.1036708350141186 0.015527950310559006
0 0.7224687373941105 0.3346979107848673 0.007260992335619202 0.007622811970638058
0 0.7706736587333602 0.32622811970638055 0.0609116579265833 0.018351214003387916
0 0.826946349334409 0.327639751552795 0.01855586930213796 0.013269339356295878
0 0.14764017749092376 0.4278656126482213 0.029043969342476807 0.01383399209486166
0 0.19423154497781364 0.4289949181253529 0.031060911657926585 0.012704686617730096
0 0.2428398547801533 0.4292772444946358 0.028237192416296894 0.009881422924901186
0 0.2983057684550222 0.4322416713721062 0.058491327148043566 0.024280067758328628
0 0.363251311012505 0.42828910220214567 0.025413473174667203 0.01355166572557877
0 0.40681726502622023 0.42871259175607 0.03751512706736587 0.013269339356295878
0 0.47418313836224285 0.4280067758328628 0.07059298104074223 0.014116318464144552
0 0.5359015732150061 0.429983060417843 0.02218636546994756 0.019762845849802372
0 0.6444130697862042 0.43068887634105024 0.14239612747075434 0.020609824957651044
0 0.7277127874142799 0.4354884246188594 0.004840661557079467 0.006493506493506494
0 0.7628075837031061 0.42758328627893843 0.042759177087535294 0.014963297571993224
0 0.8194836627672448 0.42715979672501414 0.038321903993545785 0.014116318464144552
0 0.1853569987898346 0.4785431959345003 0.10528438886647842 0.014116318464144552
0 0.28721258572004843 0.4784020327498588 0.07099636950383219 0.01383399209486166
0 0.37595804759983864 0.48306041784302656 0.05405405405405406 0.01637492941840768
0 0.43142396127470756 0.4795313382269904 0.01573215006050827 0.008752117447769622
0 0.5225897539330375 0.4774138904573687 0.13110125050423557 0.015245623941276116
0 0.6024606696248487 0.48771880293619424 0.004437273093989512 0.00818746470920384
0 0.6563130294473578 0.4779785431959345 0.0653489310205728 0.01355166572557877
0 0.7289229528035498 0.47783738001129306 0.05486083098023396 0.012704686617730096
0 0.7868091972569584 0.47699040090344436 0.02944735780556676 0.013269339356295878
0 0.8356192012908431 0.47656691134952006 0.04477611940298507 0.014680971202710334
0 0.8676885841064945 0.48546019198193113 0.00645421540943929 0.00818746470920384
0 0.15570794675272287 0.5279503105590062 0.03711173860427592 0.014680971202710334
0 0.20653489310205728 0.5299265951439864 0.03146430012101654 0.012422360248447204
0 0.245461879790238 0.5316205533596838 0.018152480839048003 0.007340485601355167
0 0.3061718434852763 0.5320440429136082 0.0572811617587737 0.009316770186335404
0 0.3672851956434046 0.5307735742518351 0.025413473174667203 0.019198193111236588
0 0.46672045179507865 0.5299265951439864 0.13311819281968534 0.014680971202710334
0 0.54497781363453 0.5391022021456804 0.005647438483259379 0.007058159232072276
0 0.5649455425574829 0.528514963297572 0.014118596208148447 0.015810276679841896
0 0.6103267446551028 0.5293619424054207 0.05244050020169423 0.014116318464144552
0 0.6760790641387656 0.5289384528514963 0.04679306171843485 0.015527950310559006
0 0.7535296490520371 0.527244494635799 0.07099636950383219 0.013269339356295878
0 0.8323920935861234 0.5283738001129306 0.05687777329568374 0.015527950310559006
