0 0.1899959661153691 0.2137210615471485 0.08874546187979024 0.021456804065499716
0 0.29245663574021785 0.2137210615471485 0.0645421540943929 0.019198193111236588
0 0.39955627269060107 0.21428571428571427 0.08753529649052037 0.017504234895539244
0 0.49515933844292054 0.21696781479390176 0.040742234772085516 0.012140033879164314
0 0.5645421540943929 0.21485036702428006 0.026220250100847116 0.019198193111236588
0 0.6427995159338443 0.21259175607001693 0.07624041952400161 0.019762845849802372
0 0.72650262202501 0.21188594014680973 0.03227107704719645 0.018351214003387916
0 0.7751109318273497 0.21414455110107283 0.040742234772085516 0.022868435911914172
0 0.8598225090762405 0.2124505928853755 0.08350141185962082 0.016092603049124788
0 0.18515530455828963 0.2619988706945229 0.08793868495361033 0.019198193111236588
0 0.26603469140782576 0.2619988706945229 0.027833803953206938 0.02258610954263128
0 0.3874546187979024 0.2621400338791643 0.1189995966115369 0.022868435911914172
0 0.4592577652279145 0.2769621682665161 0.014925373134328358 0.012422360248447204
0 0.5250100847115773 0.2649632975719932 0.07139975796692215 0.014963297571993224
0 0.635538523598225 0.2701863354037267 0.10125050423557887 0.037267080745341616
0 0.7014925373134329 0.2732919254658385 0.015328761597418314 0.01129305477131564
0 0.7755143202904397 0.26877470355731226 0.09237595804759983 0.040654997176736304
0 0.864058087938685 0.25663466967814796 0.048406615570794675 0.020892151326933936
0 0.18354175070592982 0.3114059853190288 0.07583703106091166 0.028232636928289104
0 0.23557886244453408 0.3198757763975155 0.0024203307785397336 0.002258610954263128
0 0.27773295683743443 0.31084133258046304 0.021379588543767647 0.02258610954263128
0 0.354780153287616 0.3232636928289102 0.0754336425978217 0.04121964991530209
0 0.436668011294877 0.3160643704121965 0.0318676885841065 0.016092603049124788
0 0.5036304961678096 0.3123941276115189 0.03993545784590561 0.020045172219085264
0 0.6244453408632513 0.3116883116883117 0.16296893908834206 0.023150762281197064
0 0.7549415086728519 0.31084133258046304 0.03428801936264623 0.02258610954263128
0 0.8795885437676483 0.3147939017504235 0.16417910447761194 0.040654997176736304
0 0.19705526421944333 0.36885940146809715 0.11738604275917709 0.036420101637492944
0 0.3370310609116579 0.3654714850367024 0.05929810407422348 0.0251270468661773
0 0.4114562323517547 0.3651891586674195 0.03469140782573618 0.023433088650479956
0 0.5399354578459056 0.371682665160926 0.16256555062525213 0.0471485036702428
0 0.645219846712384 0.378317334839074 0.0060508269463493344 0.003952569169960474
0 0.6936264622831787 0.3606719367588933 0.040742234772085516 0.0251270468661773
0 0.7622025010084712 0.36250705815923207 0.056070996369503835 0.020327498588368152
0 0.8803953206938282 0.3622247317899492 0.13674868898749495 0.028232636928289104
0 0.16861637757160144 0.41318464144551104 0.06131504638967326 0.027950310559006212
0 0.24868898749495763 0.4127611518915867 0.031060911657926585 0.018068887634105024
0 0.3283582089552239 0.41544325239977414 0.08955223880597014 0.021739130434782608
0 0.48083904800322713 0.4256070016939582 0.136345300524405 0.042631281761716544
0 0.5907624041952401 0.41643139469226426 0.01734570391286809 0.018068887634105024
0 0.6740621218233158 0.41967814793901753 0.09197256958450989 0.03585544889892716
0 0.735982250907624 0.42701863354037267 0.01653892698668818 0.01383399209486166
0 0.827551432029044 0.42193675889328064 0.13594191206131503 0.04376058723884811
0 0.18495361032674465 0.4665443252399774 0.0609116579265833 0.016092603049124788
0 0.29850746268656714 0.4640033879164314 0.07018959257765228 0.021739130434782608
0 0.37676482452601856 0.4665443252399774 0.01290843081887858 0.015527950310559006
0 0.46651875756353367 0.4720496894409938 0.10528438886647842 0.03670242800677583
0 0.5927793465106898 0.46597967250141165 0.050423557886244454 0.0251270468661773
0 0.7127874142799516 0.4733201581027668 0.1306978620411456 0.03585544889892716
0 0.8743444937474788 0.46499153020892153 0.1262605889471561 0.020327498588368152
0 0.9316256555062525 0.47586109542631283 0.011698265429608713 0.007622811970638058
0 0.2789431222267043 0.5221626199887069 0.2569584509883017 0.032467532467532464
0 0.4810407422347721 0.5180688876341051 0.05526421944332392 0.02258610954263128
0 0.6044776119402985 0.5170807453416149 0.10770471964501815 0.022303783173348392
0 0.6803146430012101 0.5316205533596838 0.01573215006050827 0.012422360248447204
0 0.736385639370714 0.515527950310559 0.06010488100040339 0.02258610954263128
0 0.8342073416700282 0.5177865612648221 0.10891488503428802 0.03613777526821005
0 0.21339249697458654 0.5653585544889893 0.13311819281968534 0.027385657820440428
0 0.31585316659943524 0.581733483907397 0.017749092375958047 0.021174477696216828
0 0.40520371117386045 0.5667701863354038 0.118192819685357 0.03020892151326934
0 0.5262202501008472 0.564652738565782 0.0536506655909641 0.020327498588368152
0 0.6795078660750302 0.5759457933370977 0.20129084308188785 0.04912478825522304
0 0.8039532069382815 0.5780632411067194 0.011294876966518758 0.007622811970638058
0 0.8426784993949173 0.549124788255223 0.011294876966518758 0.009599096555618294
0 0.8757563533682937 0.5577357425183512 0.050826946349334406 0.017786561264822136
0 0.1897942718838241 0.6136363636363636 0.0326744655102864 0.026821005081874648
0 0.30496167809600644 0.6256352343308865 0.11617587736990723 0.03387916431394692
0 0.418313836224284 0.6160361377752682 0.035498184751916094 0.024844720496894408
0 0.537111738604276 0.622953133822699 0.12948769665187576 0.04488989271597967
0 0.6591367486889875 0.6139186900056465 0.045986284792254944 0.021739130434782608
0 0.7396127470754337 0.6139186900056465 0.0681726502622025 0.017221908526256352
0 0.835820895522388 0.6223884810841332 0.07341670028237192 0.03472614342179559
0 0.21863654699475596 0.6664313946922643 0.08229124647035095 0.021174477696216828
0 0.2688584106494554 0.6740542066629023 0.004437273093989512 0.005364201016374929
0 0.2882210568777733 0.653020892151327 0.01008471157724889 0.011857707509881422
