0 0.16337232755143202 0.21442687747035574 0.04033884630899556 0.0251270468661773
0 0.29810407422347723 0.21287408243929984 0.16861637757160144 0.023150762281197064
0 0.43142396127470756 0.21188594014680973 0.05203711173860428 0.020045172219085264
0 0.5052440500201695 0.2096273291925466 0.043969342476805166 0.020609824957651044
0 0.600242033077854 0.2106154714850367 0.12989108511496572 0.021456804065499716
0 0.6778943122226704 0.22769621682665162 0.018152480839048003 0.011575381140598532
0 0.7410246066962485 0.20863918690005648 0.07503025413473174 0.024280067758328628
0 0.8229124647035094 0.21160361377752682 0.05163372327551432 0.0251270468661773
0 0.20592981040742234 0.26171654432524 0.11173860427591771 0.024280067758328628
0 0.3580072609923356 0.2608695652173913 0.1262605889471561 0.020327498588368152
0 0.5086728519564341 0.26101072840203277 0.136345300524405 0.0189158667419537
0 0.6242436466317063 0.26242236024844723 0.03509479628882614 0.021174477696216828
0 0.7331585316659943 0.27343308865047994 0.13755546591367487 0.04376058723884811
0 0.8327954820492134 0.2618577075098814 0.01573215006050827 0.017786561264822136
0 0.18051633723275515 0.32058159232072275 0.07382008874546188 0.029644268774703556
0 0.2702702702702703 0.3126764539808018 0.04437273093989512 0.016092603049124788
0 0.33985478015328763 0.3114059853190288 0.057684550221863654 0.0220214568040655
0 0.43061718434852764 0.31070016939582157 0.06978620411456232 0.01948051948051948
0 0.5141185962081485 0.3169113495200452 0.03428801936264623 0.017221908526256352
0 0.5705929810407422 0.3008187464709204 0.011698265429608713 0.008752117447769622
0 0.6127470754336426 0.3156408808582722 0.08390480032271078 0.01355166572557877
0 0.7079467527228721 0.313382269904009 0.07099636950383219 0.023715415019762844
0 0.7706736587333602 0.3176171654432524 0.014118596208148447 0.015810276679841896
0 0.8253327954820492 0.3136645962732919 0.05647438483259379 0.021456804065499716
0 0.1772892295280355 0.37238848108413325 0.07139975796692215 0.03613777526821005
0 0.28943122226704315 0.36589497459062675 0.08350141185962082 0.020892151326933936
0 0.3916901976603469 0.3674477696216827 0.06696248487293263 0.021174477696216828
0 0.49394917305365066 0.37012987012987014 0.019766034691407825 0.012987012987012988
0 0.572206534893102 0.365330321852061 0.09560306575231949 0.023715415019762844
0 0.6922146026623639 0.3749294184076793 0.07583703106091166 0.03670242800677583
0 0.7450584913271481 0.35601355166572557 0.009681323114158934 0.011857707509881422
0 0.7587736990722065 0.37662337662337664 0.015328761597418314 0.009034443817052512
0 0.8206938281565147 0.36278938452851495 0.057684550221863654 0.024280067758328628
0 0.15671641791044777 0.4168548842461886 0.02944735780556676 0.015527950310559006
0 0.2781363453005244 0.42165443252399776 0.15046389673255345 0.039243365330321855
0 0.44675272287212586 0.4155844155844156 0.12222670431625655 0.02258610954263128
0 0.5520371117386043 0.41332580463015245 0.03670835014118596 0.01693958215697346
0 0.6791044776119403 0.4212309429700734 0.1472367890278338 0.03500846979107849
0 0.8392496974586526 0.4230660643704122 0.08350141185962082 0.027950310559006212
0 0.22428398547801534 0.46287408243929984 0.1581282775312626 0.025691699604743084
0 0.41085114965711983 0.46710897797854317 0.1383622428398548 0.022868435911914172
0 0.5465913674868899 0.467673630717109 0.06292860024203308 0.014398644833427442
0 0.6218233158531666 0.4645680406549972 0.0318676885841065 0.026821005081874648
0 0.6952400161355385 0.4673913043478261 0.051230334812424366 0.017786561264822136
0 0.7993142396127471 0.4642857142857143 0.08350141185962082 0.022868435911914172
0 0.1663977410246067 0.5105872388481084 0.0391286809197257 0.022868435911914172
0 0.26522791448164584 0.5248447204968945 0.10770471964501815 0.044607566346696784
0 0.32654296087131907 0.5237154150197628 0.0028237192416296895 0.0016939582156973462
0 0.38483259378781765 0.5165160926030491 0.05163372327551432 0.018351214003387916
0 0.4564340459862848 0.5139751552795031 0.03993545784590561 0.018351214003387916
0 0.5401371520774506 0.515527950310559 0.0935861234368697 0.023715415019762844
0 0.6460266236385639 0.5208921513269339 0.05687777329568374 0.015245623941276116
0 0.7303348124243647 0.5136928289102202 0.058491327148043566 0.0251270468661773
0 0.8612343686970553 0.5211744776962168 0.14844695441710368 0.03557312252964427
0 0.946147640177491 0.532326369282891 0.012505042355788625 0.009316770186335404
0 0.1661960467930617 0.5640880858272163 0.05163372327551432 0.0220214568040655
0 0.30798709156918114 0.5742518351214003 0.15449778136345302 0.043478260869565216
0 0.45421540943929006 0.5702992659514399 0.09116579265832997 0.025409373235460192
0 0.5219846712384025 0.5807453416149069 0.01290843081887858 0.012987012987012988
0 0.590964098426785 0.5645115753811406 0.08551835417507059 0.023997741389045736
0 0.7317466720451795 0.5753811405985318 0.1444130697862041 0.042348955392433656
0 0.2291246470350948 0.6177300959909655 0.16377571601452198 0.023715415019762844
0 0.35135135135135137 0.6151891586674195 0.02501008471157725 0.025409373235460192
0 0.4445340863251311 0.6228119706380576 0.06292860024203308 0.040654997176736304
0 0.5578862444534086 0.6182947487295314 0.08955223880597014 0.025409373235460192
0 0.6081081081081081 0.6273291925465838 0.0028237192416296895 0.002258610954263128
