0 0.1444130697862041 0.21569734613212874 0.02016942315449778 0.018068887634105024
0 0.19503832190399353 0.22007340485601354 0.058491327148043566 0.029079616036137776
0 0.24122630092779346 0.21852060982495766 0.02501008471157725 0.023150762281197064
0 0.282170229931424 0.2155561829474873 0.04154901169826543 0.020045172219085264
0 0.33945139169019767 0.22374364765669114 0.058491327148043566 0.016092603049124788
0 0.39653085921742637 0.2183794466403162 0.03227107704719645 0.016657255787690572
0 0.4517950786607503 0.21823828345567475 0.04437273093989512 0.023715415019762844
0 0.5246066962484873 0.21894409937888198 0.06413876563130294 0.021739130434782608
0 0.6611536910044373 0.21640316205533597 0.1734570391286809 0.021174477696216828
0 0.7593787817668415 0.22543760587238848 0.0052440500201694235 0.009316770186335404
0 0.8029447357805567 0.21823828345567475 0.043162565550625254 0.018633540372670808
0 0.1853569987898346 0.26595143986448333 0.10689794271883823 0.032185206098249576
0 0.2799515933844292 0.2663749294184077 0.0500201694231545 0.01948051948051948
0 0.3743444937474788 0.2720214568040655 0.10246066962484873 0.028514963297571992
0 0.43142396127470756 0.27555053642010163 0.0052440500201694235 0.007905138339920948
0 0.46994755949979833 0.26679841897233203 0.04356595401371521 0.018633540372670808
0 0.5417507059298104 0.26566911349520045 0.07583703106091166 0.0220214568040655
0 0.6115369100443727 0.26750423489553926 0.03065752319483663 0.015527950310559006
0 0.6740621218233158 0.2660926030491248 0.07422347720855184 0.023433088650479956
0 0.7698668818071803 0.27089215132693395 0.09721661960467931 0.0251270468661773
0 0.14501815248083905 0.3178994918125353 0.021379588543767647 0.017504234895539244
0 0.18293666801129488 0.32128740824393 0.03993545784590561 0.023715415019762844
0 0.23134328358208955 0.31832298136645965 0.02944735780556676 0.014963297571993224
0 0.2900363049616781 0.3211462450592885 0.06938281565147236 0.0189158667419537
0 0.3491327148043566 0.3210050818746471 0.014925373134328358 0.009599096555618294
0 0.39310205728116177 0.3167701863354037 0.051230334812424366 0.019762845849802372
0 0.4312222670431626 0.3265104460756635 0.004840661557079467 0.007058159232072276
0 0.47862041145623235 0.32086391869000563 0.0681726502622025 0.03020892151326934
0 0.5494150867285196 0.31747600225861095 0.042759177087535294 0.017221908526256352
0 0.5927793465106898 0.3156408808582722 0.02218636546994756 0.019198193111236588
0 0.6347317466720451 0.32128740824393 0.03751512706736587 0.01129305477131564
0 0.6889874949576442 0.32156973461321287 0.05486083098023396 0.03162055335968379
0 0.7783380395320694 0.31832298136645965 0.09963695038321904 0.023433088650479956
0 0.15611133521581283 0.36900056465273856 0.045986284792254944 0.019762845849802372
0 0.2628075837031061 0.3719649915302089 0.1335215812827753 0.0251270468661773
0 0.3781766841468334 0.37295313382269907 0.06655909640984267 0.010728402032749858
0 0.43041549011698266 0.36984754376058726 0.024203307785397338 0.018633540372670808
0 0.4989915288422751 0.36900056465273856 0.07503025413473174 0.017504234895539244
0 0.5687777329568374 0.3715415019762846 0.04437273093989512 0.012422360248447204
0 0.627067365873336 0.3738001129305477 0.05445744251714401 0.023150762281197064
0 0.6605486083098023 0.37859966120835686 0.0052440500201694235 0.009034443817052512
0 0.6986688180718031 0.370412196499153 0.04679306171843485 0.014116318464144552
0 0.7573618394513917 0.36914172783738003 0.05445744251714401 0.017221908526256352
0 0.817466720451795 0.36885940146809715 0.030254134731746672 0.017221908526256352
0 0.17507059298104075 0.42080745341614906 0.07987091569181122 0.022303783173348392
0 0.2488906817265026 0.4233483907396951 0.03872529245663574 0.010446075663466968
0 0.3081887858007261 0.423630717108978 0.05405405405405406 0.0251270468661773
0 0.38321903993545786 0.41953698475437606 0.07987091569181122 0.01693958215697346
0 0.46853569987898347 0.4199604743083004 0.07139975796692215 0.014963297571993224
0 0.5197660346914078 0.42391304347826086 0.014925373134328358 0.007622811970638058
0 0.5778539733763615 0.42066629023150764 0.08108108108108109 0.014680971202710334
0 0.6522791448164582 0.41981931112365894 0.050826946349334406 0.017504234895539244
0 0.709560306575232 0.4213721061547149 0.048406615570794675 0.014963297571993224
0 0.7845905607099637 0.41727837380011296 0.08067769261799113 0.023150762281197064
0 0.1736587333602259 0.47063805759457933 0.07220653489310205 0.015810276679841896
0 0.23840258168616377 0.46922642574816487 0.03065752319483663 0.018068887634105024
0 0.3071803146430012 0.4723320158102767 0.07946752722872126 0.018068887634105024
0 0.35518354175070593 0.47967250141163187 0.0052440500201694235 0.009599096555618294
0 0.3836224283985478 0.4709203839638622 0.029850746268656716 0.014116318464144552
0 0.43606292860024204 0.4761434217955957 0.05405405405405406 0.017221908526256352
0 0.4989915288422751 0.472755505364201 0.033884630899556276 0.013269339356295878
0 0.5673658733360226 0.4712027103331451 0.07462686567164178 0.014680971202710334
0 0.6948366276724486 0.47247317899491814 0.14239612747075434 0.016092603049124788
0 0.7662363856393707 0.47967250141163187 0.002016942315449778 0.0016939582156973462
