0 0.1791044776119403 0.25268210050818746 0.06292860024203308 0.023715415019762844
0 0.2864058087938685 0.2608695652173913 0.09035901573215006 0.029926595143986448
0 0.3380395320693828 0.26651609260304915 0.003227107704719645 0.011857707509881422
0 0.4267849939491731 0.25296442687747034 0.12666397741024607 0.02710333145115754
0 0.4977813634530052 0.26468097120271034 0.0024203307785397336 0.009316770186335404
0 0.5613150463896732 0.2549407114624506 0.0891488503428802 0.031055900621118012
0 0.6323114158935055 0.2549407114624506 0.0060508269463493344 0.025409373235460192
0 0.6895925776522791 0.26242236024844723 0.06655909640984267 0.023433088650479956
0 0.7646228317870108 0.2562111801242236 0.03993545784590561 0.028514963297571992
0 0.8196853569987899 0.2621400338791643 0.01936264622831787 0.013269339356295878
0 0.18878580072609924 0.3105590062111801 0.08793868495361033 0.032185206098249576
0 0.32129891085114964 0.3136645962732919 0.11335215812827754 0.04121964991530209
0 0.40923759580476 0.30787690570299264 0.01573215006050827 0.021739130434782608
0 0.4790237999193223 0.30773574251835123 0.0754336425978217 0.02710333145115754
0 0.5599031867688584 0.30957086391869 0.041145623235175476 0.023997741389045736
0 0.63654699475595 0.3147939017504235 0.06696248487293263 0.018068887634105024
0 0.7202501008471158 0.3176171654432524 0.031060911657926585 0.024280067758328628
0 0.7851956434045986 0.30745341614906835 0.058491327148043566 0.025409373235460192
0 0.8243243243243243 0.3132411067193676 0.0028237192416296895 0.002540937323546019
0 0.16881807180314642 0.35587238848108416 0.043969342476805166 0.029644268774703556
0 0.24203307785397338 0.35629587803500845 0.028237192416296894 0.020327498588368152
0 0.31040742234772084 0.3579898362507058 0.06333198870512304 0.0220214568040655
0 0.4110528438886648 0.3613777526821005 0.0572811617587737 0.012987012987012988
0 0.4925373134328358 0.35813099943534726 0.06212182331585317 0.023997741389045736
0 0.5411456232351755 0.37111801242236025 0.003630496167809601 0.00818746470920384
0 0.5754336425978217 0.35742518351214003 0.007664380798709157 0.024844720496894408
0 0.6901976603469141 0.3591191417278374 0.1782977006857604 0.023150762281197064
0 0.7892295280354982 0.3706945228684359 0.00927793465106898 0.011857707509881422
0 0.8483259378781767 0.35968379446640314 0.0572811617587737 0.023150762281197064
0 0.16518757563533684 0.4097967250141163 0.04477611940298507 0.016092603049124788
0 0.2809600645421541 0.4178430265386787 0.11173860427591771 0.026538678712591756
0 0.3963291649858814 0.4109260304912479 0.0681726502622025 0.029644268774703556
0 0.481444130697862 0.4090909090909091 0.05445744251714401 0.0220214568040655
0 0.5540540540540541 0.4127611518915867 0.043969342476805166 0.032185206098249576
0 0.6738604275917709 0.4178430265386787 0.14078257361839452 0.03557312252964427
0 0.7482855990318676 0.41798418972332013 0.003227107704719645 0.001976284584980237
0 0.7686567164179104 0.39935064935064934 0.004437273093989512 0.010446075663466968
0 0.18697055264219442 0.4569452286843591 0.0826946349334409 0.029079616036137776
0 0.2736990722065349 0.4568040654997177 0.0326744655102864 0.026538678712591756
0 0.34328358208955223 0.4632975719932242 0.05405405405405406 0.01693958215697346
0 0.4112545381202098 0.45821569734613216 0.026220250100847116 0.019762845849802372
0 0.5066559096409843 0.46499153020892153 0.10326744655102864 0.029361942405420668
0 0.6325131101250504 0.4623094297007341 0.08713190802743041 0.022868435911914172
0 0.7337636143606293 0.455957086391869 0.06131504638967326 0.024844720496894408
0 0.8398547801532876 0.4658385093167702 0.0935861234368697 0.030491247882552232
0 0.15308592174263816 0.5135516657255788 0.019766034691407825 0.014680971202710334
0 0.23336022589753933 0.512987012987013 0.057684550221863654 0.015245623941276116
0 0.36385639370713996 0.5136928289102202 0.12585720048406615 0.03472614342179559
0 0.4661153691004437 0.5117165443252399 0.027833803953206938 0.022868435911914172
0 0.5348931020572811 0.5062111801242236 0.05405405405405406 0.02766798418972332
0 0.636345300524405 0.5101637492941841 0.1044776119402985 0.0378317334839074
0 0.7252924566357403 0.5086109542631282 0.035498184751916094 0.026256352343308864
0 0.21520774505849133 0.562394127611519 0.15207745058491326 0.03162055335968379
0 0.40096813231141587 0.5662055335968379 0.15893505445744252 0.023997741389045736
0 0.5611133521581283 0.5630999435347261 0.10084711577248891 0.0189158667419537
0 0.6623638563937071 0.5626764539808018 0.041145623235175476 0.028797289666854884
0 0.7305365066559096 0.5676171654432524 0.04195240016135539 0.012704686617730096
0 0.8388463089955627 0.5626764539808018 0.12464703509479629 0.026538678712591756
0 0.23033481242436465 0.6126482213438735 0.17265026220250101 0.025974025974025976
0 0.36829366680112946 0.6142010163749294 0.03065752319483663 0.026821005081874648
0 0.43303751512706734 0.610248447204969 0.03993545784590561 0.0251270468661773
0 0.5395320693828156 0.6181535855448899 0.11980637353771682 0.03359683794466403
0 0.6881807180314643 0.6190005646527386 0.1306978620411456 0.03077357425183512
0 0.764017749092376 0.6222473178994918 0.0024203307785397336 0.00282326369282891
0 0.837232755143203 0.6079898362507058 0.07785397337636143 0.021739130434782608
0 0.16014521984671237 0.663184641445511 0.03307785397337636 0.03274985883681536
0 0.2379991932230738 0.6603613777526821 0.060508269463493344 0.0220214568040655
0 0.37252924566357404 0.6667137210615471 0.14965711980637353 0.016657255787690572
0 0.5790641387656313 0.6630434782608695 0.1899959661153691 0.022868435911914172
0 0.7648245260185559 0.6661490683229814 0.13876563130294473 0.0189158667419537
0 0.1607503025413473 0.7055335968379447 0.03428801936264623 0.03274985883681536
0 0.25958047599838646 0.7087803500846979 0.10125050423557887 0.03020892151326934
0 0.35720048406615573 0.7069452286843592 0.035901573215006054 0.023150762281197064
0 0.4372730939895119 0.7065217391304348 0.07341670028237192 0.03020892151326934
0 0.5348931020572811 0.7075098814229249 0.06938281565147236 0.02766798418972332
0 0.6732553448971359 0.7130152456239413 0.1427995159338443 0.03303218520609825
0 0.8053650665590965 0.71386222473179 0.0681726502622025 0.018351214003387916
