0 0.13049616780960063 0.21329757199322416 0.002016942315449778 0.010446075663466968
0 0.16438079870915692 0.2224731789949181 0.06252521177894312 0.019762845849802372
0 0.23315853166599435 0.22826086956521738 0.016942315449778138 0.01101072840203275
0 0.3083904800322711 0.22783738001129306 0.09237595804759983 0.029926595143986448
0 0.41226300927793463 0.2245906267645398 0.07503025413473174 0.0189158667419537
0 0.4580475998386446 0.22219085262563523 0.0028237192416296895 0.020892151326933936
0 0.4737797498991529 0.21823828345567475 0.002016942315449778 0.010163749294184076
0 0.5147236789027834 0.22501411631846416 0.03953206938281565 0.019762845849802372
0 0.581484469544171 0.22444946357989837 0.0609116579265833 0.017504234895539244
0 0.6145623235175474 0.2316487859966121 0.002016942315449778 0.001411631846414455
0 0.6403791851553046 0.21696781479390176 0.0028237192416296895 0.009881422924901186
0 0.6536910044372731 0.22233201581027667 0.0052440500201694235 0.017221908526256352
0 0.7148043565954014 0.2264257481648786 0.08390480032271078 0.020892151326933936
0 0.7672448567970956 0.22134387351778656 0.004840661557079467 0.019762845849802372
0 0.8235175473981444 0.2245906267645398 0.05929810407422348 0.01948051948051948
0 0.18132311415893507 0.32368718238283456 0.11335215812827754 0.020609824957651044
0 0.2892295280354982 0.32933370976849236 0.04033884630899556 0.027950310559006212
0 0.3691004437273094 0.33483907396950874 0.04921339249697459 0.021456804065499716
0 0.4747882210568778 0.32792207792207795 0.10084711577248891 0.03020892151326934
0 0.5377168212989109 0.32298136645962733 0.004033884630899556 0.02258610954263128
0 0.5687777329568374 0.3232636928289102 0.00645421540943929 0.0220214568040655
0 0.6244453408632513 0.33145115753811405 0.05808793868495361 0.01693958215697346
0 0.6968535699878984 0.3207227555053642 0.031060911657926585 0.01693958215697346
0 0.790843081887858 0.32481648785996614 0.1044776119402985 0.020045172219085264
0 0.8487293263412666 0.3383681535855449 0.005647438483259379 0.014963297571993224
0 0.1389673255344897 0.4267363071710898 0.035901573215006054 0.023433088650479956
0 0.20471964501815249 0.42603049124788256 0.0536506655909641 0.01693958215697346
0 0.2972972972972973 0.42843026538678713 0.07180314643001211 0.026821005081874648
0 0.37394110528438884 0.4277244494635799 0.041145623235175476 0.01637492941840768
0 0.4332392093586123 0.4265951439864483 0.03307785397337636 0.014680971202710334
0 0.4802339653085922 0.42941840767927725 0.019766034691407825 0.01129305477131564
0 0.5407422347720855 0.43153585544889894 0.05929810407422348 0.0251270468661773
0 0.6066962484872933 0.42758328627893843 0.03227107704719645 0.018351214003387916
0 0.6621621621621622 0.42730095990965555 0.04477611940298507 0.017786561264822136
0 0.7361839451391691 0.42828910220214567 0.07341670028237192 0.017504234895539244
0 0.809600645421541 0.43068887634105024 0.03630496167809601 0.021174477696216828
0 0.2127874142799516 0.47967250141163187 0.16256555062525213 0.025409373235460192
0 0.3061718434852763 0.4848955392433653 0.008067769261799113 0.009881422924901186
0 0.35599031867688585 0.4754376058723885 0.06333198870512304 0.019198193111236588
0 0.4332392093586123 0.47600225861095424 0.05163372327551432 0.019762845849802372
0 0.545582896329165 0.4767080745341615 0.11980637353771682 0.0189158667419537
0 0.6694231544977813 0.4767080745341615 0.06575231948366277 0.016657255787690572
0 0.7523194836627672 0.4847543760587239 0.05647438483259379 0.017504234895539244
0 0.8134328358208955 0.48221343873517786 0.01573215006050827 0.010728402032749858
0 0.2018959257765228 0.5290796160361377 0.14158935054457442 0.019198193111236588
0 0.27874142799515933 0.5412196499153021 0.004840661557079467 0.01129305477131564
0 0.34288019362646227 0.5292207792207793 0.07341670028237192 0.016657255787690572
0 0.43848325937878174 0.5290796160361377 0.05970149253731343 0.01693958215697346
0 0.5056474384832593 0.5309147374364765 0.033481242436466316 0.012140033879164314
0 0.5663574021782977 0.5287972896668549 0.03953206938281565 0.014680971202710334
0 0.5988301734570391 0.538961038961039 0.004437273093989512 0.011857707509881422
0 0.6353368293666801 0.5296442687747036 0.03953206938281565 0.020327498588368152
0 0.6883824122630092 0.5316205533596838 0.02944735780556676 0.014116318464144552
0 0.7238805970149254 0.5317617165443252 0.012505042355788625 0.010446075663466968
0 0.7829770068576039 0.5309147374364765 0.053247277127874144 0.012704686617730096
0 0.13957240822912464 0.5800395256916996 0.03307785397337636 0.022303783173348392
0 0.2571601452198467 0.5787690570299266 0.14965711980637353 0.019762845849802372
0 0.33743444937474787 0.5893562958780351 0.007664380798709157 0.011575381140598532
0 0.37031060911657926 0.5791925465838509 0.021782977006857603 0.014963297571993224
0 0.4441306978620411 0.5804630152456239 0.06938281565147236 0.015245623941276116
0 0.5342880193626462 0.5780632411067194 0.04800322710770472 0.017221908526256352
0 0.6208148446954417 0.5783455674760023 0.06615570794675273 0.017221908526256352
0 0.7053247277127874 0.5798983625070582 0.06736587333602259 0.018633540372670808
0 0.7805566760790641 0.586815358554489 0.05808793868495361 0.017221908526256352
