0 0.1772892295280355 0.27117447769621683 0.08511496571198064 0.021174477696216828
0 0.3061718434852763 0.27300959909655564 0.11940298507462686 0.01637492941840768
0 0.41528842275110933 0.27343308865047994 0.04235578862444534 0.017221908526256352
0 0.5411456232351755 0.27300959909655564 0.12303348124243646 0.020327498588368152
0 0.6155707946752723 0.2844438170525127 0.005647438483259379 0.006493506493506494
0 0.6670028237192416 0.2769621682665161 0.08108108108108109 0.010728402032749858
0 0.7924566357402179 0.27936194240542067 0.10931827349737798 0.035290796160361376
0 0.8505445744251714 0.2841614906832298 0.0060508269463493344 0.00818746470920384
0 0.18152480839048002 0.3294748729531338 0.10165389269866881 0.03670242800677583
0 0.2755143202904397 0.3272162619988707 0.050826946349334406 0.03162055335968379
0 0.3773699072206535 0.32396950875211744 0.11093182734973779 0.0189158667419537
0 0.4427188382412263 0.33046301524562394 0.003630496167809601 0.002540937323546019
0 0.48083904800322713 0.32284020327498586 0.03711173860427592 0.018351214003387916
0 0.5627269060104881 0.33145115753811405 0.09035901573215006 0.033314511575381144
0 0.6522791448164582 0.3277809147374365 0.03872529245663574 0.01129305477131564
0 0.7083501411859621 0.3232636928289102 0.045986284792254944 0.018633540372670808
0 0.8083904800322711 0.3241106719367589 0.11617587736990723 0.019762845849802372
0 0.16014521984671237 0.37140033879164314 0.05889471561113352 0.023433088650479956
0 0.23436869705526422 0.3715415019762846 0.05405405405405406 0.0220214568040655
0 0.3971359419120613 0.3791643139469226 0.21742638160548608 0.0378317334839074
0 0.5867285195643405 0.3800112930547713 0.12948769665187576 0.032185206098249576
0 0.7085518354175071 0.37577639751552794 0.07785397337636143 0.019762845849802372
0 0.7968939088342073 0.3740824392998306 0.058491327148043566 0.0220214568040655
0 0.21379588543767647 0.43125352907961606 0.15248083904800322 0.03190287972896669
0 0.29931423961274706 0.43266516092603047 0.003227107704719645 0.002540937323546019
0 0.3412666397741025 0.42207792207792205 0.04356595401371521 0.021456804065499716
0 0.41609519967728925 0.42292490118577075 0.07139975796692215 0.020327498588368152
0 0.5582896329164986 0.42405420666290233 0.18959257765227913 0.025409373235460192
0 0.7125857200484066 0.42391304347826086 0.07704719645018153 0.01948051948051948
0 0.7829770068576039 0.4234895539243365 0.035498184751916094 0.019762845849802372
0 0.8620411456232352 0.42730095990965555 0.0790641387656313 0.029644268774703556
0 0.20149253731343283 0.4826369282891022 0.1383622428398548 0.03585544889892716
0 0.3027430415490117 0.47896668548842464 0.019766034691407825 0.01101072840203275
0 0.3880597014925373 0.48221343873517786 0.09519967728922953 0.03670242800677583
0 0.4505849132714804 0.4848955392433653 0.008067769261799113 0.009881422924901186
0 0.5403388463089955 0.48306041784302656 0.14804356595401372 0.0378317334839074
0 0.6738604275917709 0.47783738001129306 0.07220653489310205 0.01101072840203275
0 0.7743041549011698 0.4741671372106155 0.08592174263816055 0.020609824957651044
0 0.8495361032674466 0.4782608695652174 0.03065752319483663 0.012987012987012988
0 0.17769261799112546 0.5832862789384529 0.09237595804759983 0.034443817052512704
0 0.2833803953206938 0.5766516092603049 0.07785397337636143 0.021174477696216828
0 0.4164985881403792 0.5741106719367589 0.09883017345703912 0.021174477696216828
0 0.47862041145623235 0.5854037267080745 0.007664380798709157 0.010446075663466968
0 0.5332795482049213 0.5758046301524562 0.07583703106091166 0.021174477696216828
0 0.6480435659540137 0.5863918690005646 0.09883017345703912 0.04009034443817053
0 0.8047599838644615 0.5758046301524562 0.16054860830980233 0.023433088650479956
0 0.8926986688180718 0.5887916431394692 0.010488100040338847 0.009881422924901186
0 0.19564340459862847 0.6305759457933371 0.12585720048406615 0.03020892151326934
0 0.3138362242839855 0.6277526821005082 0.0790641387656313 0.023997741389045736
0 0.46006454215409437 0.6390457368718239 0.17708753529649052 0.0409373235460192
0 0.5623235175473982 0.6389045736871823 0.00645421540943929 0.00846979107848673
0 0.5851149657119806 0.6223884810841332 0.004437273093989512 0.004799548277809147
0 0.6323114158935055 0.6259175607001694 0.08108108108108109 0.020892151326933936
0 0.7150060508269463 0.627046866177301 0.04961678096006454 0.023150762281197064
0 0.8247277127874143 0.6377752682100508 0.12222670431625655 0.025974025974025976
