0 0.16397741024606696 0.20722755505364202 0.05445744251714401 0.020327498588368152
0 0.2827753126260589 0.2077922077922078 0.13150463896732553 0.021456804065499716
0 0.39330375151270675 0.2127329192546584 0.045986284792254944 0.013269339356295878
0 0.44876966518757566 0.21188594014680973 0.020572811617587738 0.029079616036137776
0 0.5262202501008472 0.2127329192546584 0.09963695038321904 0.018351214003387916
0 0.5871319080274304 0.22388481084133258 0.0028237192416296895 0.009034443817052512
0 0.6397741024606697 0.2121682665160926 0.06696248487293263 0.021174477696216828
0 0.7075433642597821 0.21033314511575382 0.03307785397337636 0.024280067758328628
0 0.7843888664784188 0.21132128740824394 0.08430818878580072 0.022303783173348392
0 0.18797902379991932 0.2608695652173913 0.1073013311819282 0.026538678712591756
0 0.33763614360629285 0.2619988706945229 0.12424364663170634 0.02710333145115754
0 0.4419120613150464 0.25804630152456237 0.02702702702702703 0.029926595143986448
0 0.5433642597821702 0.26468097120271034 0.10568777732956837 0.029079616036137776
0 0.6327148043565954 0.26651609260304915 0.012505042355788625 0.010728402032749858
0 0.6936264622831787 0.27399774138904576 0.06010488100040339 0.026821005081874648
0 0.7662363856393707 0.26566911349520045 0.026220250100847116 0.010163749294184076
0 0.826946349334409 0.2595990965556183 0.04437273093989512 0.026821005081874648
0 0.172851956434046 0.3102766798418972 0.0754336425978217 0.024280067758328628
0 0.25574828559903184 0.31648785996612083 0.029043969342476807 0.012987012987012988
0 0.2983057684550222 0.3051948051948052 0.0028237192416296895 0.00846979107848673
0 0.3481242436466317 0.3170525127046866 0.07745058491327148 0.01355166572557877
0 0.4346510689794272 0.31521739130434784 0.058491327148043566 0.022303783173348392
0 0.5064542154094392 0.3201581027667984 0.01573215006050827 0.009034443817052512
0 0.5758370310609117 0.3125352907961604 0.06171843485276321 0.02258610954263128
0 0.6649858814037919 0.3221343873517787 0.06252521177894312 0.019198193111236588
0 0.7569584509883017 0.31648785996612083 0.08108108108108109 0.01693958215697346
0 0.8535699878983461 0.31521739130434784 0.0645421540943929 0.020609824957651044
0 0.14663170633319886 0.36773009599096557 0.013311819281968536 0.009316770186335404
0 0.24667204517950786 0.3634952004517222 0.09802339653085922 0.021174477696216828
0 0.37131908027430416 0.36773009599096557 0.06897942718838242 0.03077357425183512
0 0.4227511093182735 0.35403726708074534 0.003227107704719645 0.007905138339920948
0 0.4374747882210569 0.3769057029926595 0.0060508269463493344 0.010163749294184076
0 0.4935457845905607 0.3644833427442123 0.06010488100040339 0.023715415019762844
0 0.5689794271883825 0.36773009599096557 0.03428801936264623 0.010446075663466968
0 0.699878983461073 0.3708356860530774 0.15570794675272287 0.03020892151326934
0 0.8430818878580073 0.36688311688311687 0.09197256958450989 0.0189158667419537
0 0.14602662363856395 0.4134669678147939 0.029850746268656716 0.028514963297571992
0 0.25877369907220654 0.415725578769057 0.12868091972569584 0.02456239412761152
0 0.3961274707543364 0.42108977978543194 0.08955223880597014 0.0189158667419537
0 0.5502218636546995 0.4158667419536985 0.16700282371924163 0.019762845849802372
0 0.7029043969342477 0.4168548842461886 0.10931827349737798 0.017221908526256352
0 0.8124243646631706 0.4165725578769057 0.0653489310205728 0.01383399209486166
0 0.1446147640177491 0.46287408243929984 0.024606696248487294 0.01948051948051948
0 0.2117789431222267 0.46047430830039526 0.04759983864461476 0.023715415019762844
0 0.2989108511496571 0.46259175607001696 0.07018959257765228 0.021174477696216828
0 0.3810004033884631 0.46612083568605306 0.02864058087938685 0.024844720496894408
0 0.48124243646631704 0.4699322416713721 0.10972166196046793 0.0251270468661773
0 0.54497781363453 0.470214568040655 0.003227107704719645 0.001976284584980237
0 0.609721661960468 0.4647092038396386 0.052843888664784185 0.020327498588368152
0 0.6879790237999194 0.46597967250141165 0.030254134731746672 0.029079616036137776
0 0.7684550221863655 0.46357989836250707 0.07583703106091166 0.023150762281197064
0 0.1607503025413473 0.5179277244494636 0.05526421944332392 0.016657255787690572
0 0.2569584509883017 0.5107284020327498 0.055667607906413875 0.021456804065499716
0 0.4134731746672045 0.5153867871259176 0.1782977006857604 0.03077357425183512
0 0.5143202904396934 0.5296442687747036 0.005647438483259379 0.009034443817052512
0 0.5554659136748689 0.5162337662337663 0.04033884630899556 0.020045172219085264
0 0.672246873739411 0.5220214568040655 0.14481645824929407 0.033314511575381144
0 0.8075837031060912 0.5162337662337663 0.08309802339653086 0.022303783173348392
0 0.864058087938685 0.5299265951439864 0.00645421540943929 0.009599096555618294
0 0.17970956030657523 0.5619706380575946 0.0826946349334409 0.023433088650479956
0 0.32109721661960466 0.5702992659514399 0.12101653892698669 0.031055900621118012
0 0.4854780153287616 0.5677583286278939 0.14078257361839452 0.023150762281197064
0 0.5893505445744252 0.5678994918125353 0.024203307785397338 0.01948051948051948
0 0.6619604679306171 0.5728402032749859 0.06292860024203308 0.03274985883681536
0 0.7533279548204921 0.5695934500282326 0.0681726502622025 0.0189158667419537
0 0.7970956030657523 0.5735460191981931 0.0024203307785397336 0.002540937323546019
