0 0.17789431222267044 0.22430830039525693 0.04517950786607503 0.023997741389045736
0 0.24969745865268253 0.23334274421230944 0.06131504638967326 0.032467532467532464
0 0.2900363049616781 0.2391304347826087 0.003227107704719645 0.006211180124223602
0 0.3557886244453409 0.22656691134952003 0.09439290036304962 0.020045172219085264
0 0.40964098426784995 0.24054206662902314 0.004437273093989512 0.00564652738565782
0 0.4540137152077451 0.22501411631846416 0.0463896732553449 0.021456804065499716
0 0.5052440500201695 0.22811970638057594 0.0052440500201694235 0.018633540372670808
0 0.5510286405808794 0.23673066064370413 0.04437273093989512 0.017221908526256352
0 0.6024606696248487 0.22783738001129306 0.026220250100847116 0.01693958215697346
0 0.6405808793868495 0.23080180688876342 0.01371520774505849 0.008752117447769622
0 0.6883824122630092 0.2339073969508752 0.051230334812424366 0.03472614342179559
0 0.7878176684146834 0.2316487859966121 0.08471157724889068 0.029644268774703556
0 0.8515530455828964 0.22628458498023715 0.02581686163775716 0.021739130434782608
0 0.1690197660346914 0.27428006775832864 0.03630496167809601 0.020045172219085264
0 0.23033481242436465 0.27653867871259175 0.03146430012101654 0.0189158667419537
0 0.28600242033077855 0.2854319593450028 0.04437273093989512 0.021456804065499716
0 0.3465106897942719 0.2876905702992659 0.026623638563937072 0.021456804065499716
0 0.4027833803953207 0.2776679841897233 0.052843888664784185 0.023433088650479956
0 0.4400968132311416 0.28585544889892717 0.003227107704719645 0.003105590062111801
0 0.49213392496974584 0.2769621682665161 0.033884630899556276 0.017504234895539244
0 0.5421540943929004 0.27625635234330886 0.024203307785397338 0.01948051948051948
0 0.5986284792254941 0.2766798418972332 0.04437273093989512 0.020892151326933936
0 0.6702299314239613 0.28077357425183513 0.04154901169826543 0.012704686617730096
0 0.7428398547801532 0.2782326369282891 0.04881000403388463 0.017786561264822136
0 0.7759177087535296 0.2900903444381705 0.0060508269463493344 0.005928853754940711
0 0.8011294876966518 0.2756916996047431 0.005647438483259379 0.015527950310559006
0 0.864058087938685 0.27780914737436474 0.07180314643001211 0.018633540372670808
0 0.1811214199273901 0.3235460191981931 0.06696248487293263 0.023715415019762844
0 0.2309398951189996 0.33794466403162055 0.003630496167809601 0.007340485601355167
0 0.2680516337232755 0.3234048560135517 0.038321903993545785 0.023433088650479956
0 0.3190802743041549 0.3290513833992095 0.021782977006857603 0.008752117447769622
0 0.39511899959661156 0.3352625635234331 0.07704719645018153 0.018351214003387916
0 0.4864864864864865 0.32481648785996614 0.04517950786607503 0.0251270468661773
0 0.5586930213795885 0.3284867306606437 0.03953206938281565 0.020045172219085264
0 0.6317063331988705 0.3307453416149068 0.03227107704719645 0.034161490683229816
0 0.727914481645825 0.33300395256917 0.10609116579265833 0.034161490683229816
0 0.7916498588140379 0.3361095426312818 0.0028237192416296895 0.002540937323546019
0 0.8168616377571601 0.3169113495200452 0.007260992335619202 0.009881422924901186
0 0.281968535699879 0.37450592885375494 0.05889471561113352 0.026256352343308864
0 0.3580072609923356 0.3759175607001694 0.030254134731746672 0.020609824957651044
0 0.41670028237192414 0.38170525127046867 0.04033884630899556 0.009599096555618294
0 0.47398144413069787 0.38015245623941274 0.020976200080677694 0.01383399209486166
0 0.5379185155304558 0.3794466403162055 0.06575231948366277 0.034443817052512704
0 0.6252521177894312 0.37634105025409376 0.04679306171843485 0.020892151326933936
0 0.7006857603872529 0.3749294184076793 0.045986284792254944 0.025409373235460192
0 0.782371924162969 0.38325804630152455 0.07946752722872126 0.027385657820440428
0 0.8523598225090763 0.3824110671936759 0.014521984671238403 0.010446075663466968
0 0.15711980637353773 0.4313946922642575 0.043969342476805166 0.012987012987012988
0 0.25231948366276724 0.4302653867871259 0.08027430415490117 0.03162055335968379
0 0.32513110125050426 0.4301242236024845 0.023396530859217425 0.014398644833427442
0 0.3686970552642194 0.42814793901750425 0.028237192416296894 0.023433088650479956
0 0.4429205324727713 0.4298418972332016 0.07664380798709157 0.029644268774703556
0 0.5149253731343284 0.4333709768492377 0.025413473174667203 0.032185206098249576
0 0.609721661960468 0.4323828345567476 0.12787414279951592 0.03585544889892716
0 0.7595804759983864 0.4374647092038396 0.10810810810810811 0.03190287972896669
0 0.18313836224283986 0.4771315640880858 0.06776926179911255 0.02258610954263128
0 0.2628075837031061 0.4798136645962733 0.03751512706736587 0.03303218520609825
0 0.318273497377975 0.48334274421230944 0.02501008471157725 0.011857707509881422
0 0.4060104881000403 0.4805194805194805 0.08188785800726099 0.034443817052512704
0 0.5354981847519161 0.4767080745341615 0.118192819685357 0.022303783173348392
0 0.6351351351351351 0.48546019198193113 0.02379991932230738 0.03020892151326934
0 0.6799112545381202 0.47967250141163187 0.024606696248487294 0.020327498588368152
0 0.7569584509883017 0.4827780914737436 0.08753529649052037 0.038396386222473176
0 0.19221460266236384 0.5314793901750423 0.08511496571198064 0.029644268774703556
0 0.2525211778943122 0.5372670807453416 0.0024203307785397336 0.002258610954263128
0 0.2956837434449375 0.525974025974026 0.05647438483259379 0.02258610954263128
0 0.36345300524405 0.5328910220214568 0.02743041549011698 0.03472614342179559
0 0.39874949576442115 0.5271033314511575 0.02864058087938685 0.023150762281197064
0 0.49294070189592576 0.5337380011293055 0.10084711577248891 0.012140033879164314
0 0.654901169826543 0.5300677583286278 0.15853166599435256 0.021174477696216828
0 0.8106091165792658 0.5300677583286278 0.09640984267849939 0.016092603049124788
0 0.15772488906817264 0.5774985883681536 0.014521984671238403 0.023997741389045736
0 0.21924162968939087 0.5774985883681536 0.06333198870512304 0.026821005081874648
0 0.290843081887858 0.5769339356295878 0.023396530859217425 0.021174477696216828
0 0.3537716821298911 0.5760869565217391 0.041145623235175476 0.0251270468661773
0 0.41226300927793463 0.5800395256916996 0.04195240016135539 0.020045172219085264
0 0.527027027027027 0.5854037267080745 0.12384025816861638 0.029644268774703556
0 0.6329164985881404 0.5859683794466403 0.05405405405405406 0.012140033879164314
0 0.718031464300121 0.580180688876341 0.05970149253731343 0.017504234895539244
0 0.7900363049616781 0.580180688876341 0.033481242436466316 0.020892151326933936
0 0.8580072609923356 0.5907679277244494 0.06857603872529246 0.023997741389045736
0 0.1708350141185962 0.6247882552230378 0.051230334812424366 0.02710333145115754
0 0.2519160951996773 0.6253529079616036 0.045582896329164985 0.02710333145115754
0 0.3174667204517951 0.6309994353472614 0.053247277127874144 0.03500846979107849
0 0.40237999193223073 0.6266233766233766 0.07220653489310205 0.027385657820440428
0 0.518152480839048 0.6278938452851497 0.11012505042355789 0.023715415019762844
0 0.6569181121419927 0.63085827216262 0.10044372730939895 0.020609824957651044
0 0.7656313029447358 0.6401750423489554 0.06212182331585317 0.022303783173348392
0 0.8519564340459863 0.6322699040090345 0.060508269463493344 0.03472614342179559
0 0.16659943525615167 0.6781479390175043 0.04195240016135539 0.024280067758328628
0 0.2319483662767245 0.6797007340485601 0.03953206938281565 0.021739130434782608
0 0.30133118192819686 0.6832298136645962 0.03065752319483663 0.020327498588368152
0 0.39774102460669625 0.6852060982495765 0.09681323114158935 0.034443817052512704
0 0.5002016942315449 0.6836533032185206 0.060508269463493344 0.035290796160361376
0 0.5393303751512707 0.6883116883116883 0.003227107704719645 0.003952569169960474
