0 0.15711980637353773 0.20496894409937888 0.0060508269463493344 0.010728402032749858
0 0.19402985074626866 0.21174477696216826 0.06131504638967326 0.019762845849802372
0 0.2482855990318677 0.21880293619424054 0.011698265429608713 0.010163749294184076
0 0.33219039935457845 0.22106154714850368 0.12222670431625655 0.037267080745341616
0 0.4505849132714804 0.21541501976284586 0.07583703106091166 0.018068887634105024
0 0.5048406615570795 0.2140033879164314 0.01573215006050827 0.01693958215697346
0 0.5233965308592174 0.20793337097684925 0.0052440500201694235 0.006493506493506494
0 0.5607099636950383 0.21301524562394128 0.026623638563937072 0.0189158667419537
0 0.6311012505042356 0.2121682665160926 0.06494554255748286 0.01948051948051948
0 0.6712384025816862 0.22106154714850368 0.003227107704719645 0.002258610954263128
0 0.7018959257765228 0.2090626764539808 0.008067769261799113 0.00818746470920384
0 0.7141992739007664 0.2127329192546584 0.014925373134328358 0.016657255787690572
0 0.7835820895522388 0.21174477696216826 0.10125050423557887 0.018633540372670808
0 0.8515530455828964 0.21287408243929984 0.01290843081887858 0.015245623941276116
0 0.18253327954820492 0.26468097120271034 0.06333198870512304 0.0189158667419537
0 0.32311415893505446 0.2652456239412761 0.16377571601452198 0.0251270468661773
0 0.4203307785397338 0.2641163184641446 0.012101653892698669 0.017221908526256352
0 0.5010084711577248 0.27300959909655564 0.1218233158531666 0.03500846979107849
0 0.5945945945945946 0.26312817617165446 0.01290843081887858 0.012987012987012988
0 0.6327148043565954 0.26750423489553926 0.040742234772085516 0.01101072840203275
0 0.7535296490520371 0.2660926030491248 0.15167406212182333 0.022303783173348392
0 0.8301734570391287 0.27540937323546016 0.009681323114158934 0.00818746470920384
0 0.8763614360629286 0.26383399209486164 0.043969342476805166 0.016092603049124788
0 0.15671641791044777 0.3170525127046866 0.011698265429608713 0.014116318464144552
0 0.2109721661960468 0.32481648785996614 0.0653489310205728 0.03359683794466403
0 0.32573618394513915 0.3147939017504235 0.09963695038321904 0.018633540372670808
0 0.4136748688987495 0.3169113495200452 0.035901573215006054 0.022868435911914172
0 0.47660346914078255 0.32707509881422925 0.04235578862444534 0.023997741389045736
0 0.5691811214199274 0.3245341614906832 0.10165389269866881 0.031338226990400904
0 0.6427995159338443 0.31719367588932806 0.01734570391286809 0.015527950310559006
0 0.6827349737797499 0.31437041219649914 0.014118596208148447 0.016092603049124788
0 0.7299314239612748 0.327639751552795 0.058491327148043566 0.028514963297571992
0 0.8013311819281969 0.31507622811970637 0.031060911657926585 0.01637492941840768
0 0.21157724889068172 0.366600790513834 0.11496571198063735 0.018351214003387916
0 0.27611940298507465 0.3774703557312253 0.01008471157724889 0.010163749294184076
0 0.33642597821702297 0.36617730095990964 0.07341670028237192 0.017504234895539244
0 0.4058087938684954 0.36490683229813664 0.01290843081887858 0.013269339356295878
0 0.4671238402581686 0.366600790513834 0.0927793465106898 0.017221908526256352
0 0.5613150463896732 0.36645962732919257 0.04719645018152481 0.01637492941840768
0 0.6254538120209762 0.36829474872953133 0.05687777329568374 0.020609824957651044
0 0.7069382815651473 0.3651891586674195 0.06655909640984267 0.018351214003387916
0 0.7739007664380799 0.36307171089779783 0.043969342476805166 0.01637492941840768
0 0.22589753933037515 0.4222190852625635 0.15409439290036306 0.025691699604743084
0 0.3465106897942719 0.4184076792772445 0.033884630899556276 0.021456804065499716
0 0.40500201694231547 0.41770186335403725 0.04033884630899556 0.016092603049124788
0 0.4883017345703913 0.4213721061547149 0.0754336425978217 0.027385657820440428
0 0.5752319483662768 0.41741953698475437 0.04517950786607503 0.014963297571993224
0 0.6288826139572409 0.41798418972332013 0.029043969342476807 0.016092603049124788
0 0.6758773699072207 0.41981931112365894 0.022993142396127472 0.010728402032749858
0 0.7335619201290843 0.4258893280632411 0.09479628882613957 0.03811405985319029
0 0.8110125050423558 0.41756070016939584 0.0326744655102864 0.014680971202710334
0 0.8618394513916902 0.41544325239977414 0.043162565550625254 0.017221908526256352
0 0.17688584106494554 0.5269621682665161 0.0536506655909641 0.021739130434782608
0 0.2418313836224284 0.5241389045736872 0.013311819281968536 0.008752117447769622
0 0.34872932634126663 0.519621682665161 0.1399757966922146 0.020609824957651044
0 0.4277934651068979 0.5295031055900621 0.007664380798709157 0.00818746470920384
0 0.5052440500201695 0.5176453980801807 0.07785397337636143 0.018351214003387916
0 0.600242033077854 0.5182100508187465 0.06615570794675273 0.017221908526256352
0 0.6651875756353368 0.5197628458498024 0.024203307785397338 0.015245623941276116
0 0.7240822912464704 0.5177865612648221 0.060508269463493344 0.020327498588368152
0 0.7468737394110528 0.5306324110671937 0.008471157724889069 0.007058159232072276
0 0.7934651068979427 0.5175042348955392 0.04437273093989512 0.01637492941840768
0 0.8471157724889068 0.5199040090344438 0.03065752319483663 0.016092603049124788
