0 0.1653892698668818 0.2274138904573687 0.05163372327551432 0.01383399209486166
0 0.27611940298507465 0.2274138904573687 0.13513513513513514 0.01383399209486166
0 0.38866478418717226 0.22981366459627328 0.05203711173860428 0.009034443817052512
0 0.4400968132311416 0.23023715415019763 0.02743041549011698 0.020045172219085264
0 0.5302541347317467 0.2274138904573687 0.11738604275917709 0.014398644833427442
0 0.5980233965308592 0.23574251835121401 0.004437273093989512 0.006775832862789385
0 0.6502622025010085 0.22783738001129306 0.06776926179911255 0.01355166572557877
0 0.7196450181524808 0.22811970638057594 0.03872529245663574 0.012422360248447204
0 0.8009277934651069 0.22868435911914173 0.09640984267849939 0.012987012987012988
0 0.18152480839048002 0.27738565782044045 0.08551835417507059 0.014398644833427442
0 0.3027430415490117 0.2780914737436477 0.11415893505445744 0.015810276679841896
0 0.3850342880193626 0.27851496329757197 0.02702702702702703 0.014398644833427442
0 0.4661153691004437 0.282326369282891 0.10205728116175877 0.023715415019762844
0 0.5463896732553449 0.2800677583286279 0.01573215006050827 0.00846979107848673
0 0.5907624041952401 0.2845849802371542 0.05445744251714401 0.017504234895539244
0 0.6492537313432836 0.279785431959345 0.025413473174667203 0.009599096555618294
0 0.6976603469140783 0.27851496329757197 0.04961678096006454 0.012704686617730096
0 0.7698668818071803 0.2790796160361378 0.056070996369503835 0.014963297571993224
0 0.836627672448568 0.281055900621118 0.03065752319483663 0.009316770186335404
0 0.14138765631302944 0.3204404291360813 0.002016942315449778 0.00564652738565782
0 0.1789027833803953 0.33018068887634106 0.05929810407422348 0.009316770186335404
0 0.2505042355788624 0.32891022021456806 0.048406615570794675 0.014116318464144552
0 0.2934651068979427 0.3315923207227555 0.018152480839048003 0.007622811970638058
0 0.33985478015328763 0.3284867306606437 0.052843888664784185 0.01383399209486166
0 0.41407825736183945 0.334274421230943 0.057684550221863654 0.014680971202710334
0 0.49495764421137556 0.32891022021456806 0.06938281565147236 0.015245623941276116
0 0.5734167002823719 0.32820440429136083 0.056070996369503835 0.013269339356295878
0 0.627672448567971 0.3310276679841897 0.01936264622831787 0.009316770186335404
0 0.6906010488100041 0.3286278938452851 0.07987091569181122 0.014116318464144552
0 0.7775312626058895 0.3352625635234331 0.06978620411456232 0.027385657820440428
0 0.8204921339249698 0.32284020327498586 0.004840661557079467 0.010446075663466968
0 0.8327954820492134 0.3362507058159232 0.006857603872529245 0.00846979107848673
0 0.15792658329971762 0.3784584980237154 0.04154901169826543 0.014963297571993224
0 0.21742638160548608 0.38198757763975155 0.03065752319483663 0.009034443817052512
0 0.3136345300524405 0.38664596273291924 0.1254538120209762 0.0251270468661773
0 0.43606292860024204 0.3794466403162055 0.08551835417507059 0.012987012987012988
0 0.5143202904396934 0.37972896668548844 0.028237192416296894 0.020327498588368152
0 0.6042759177087536 0.3814229249011858 0.10891488503428802 0.0220214568040655
0 0.7222670431625655 0.3849520045172219 0.08188785800726099 0.021739130434782608
0 0.20713997579669222 0.4302653867871259 0.1399757966922146 0.014680971202710334
0 0.34509883017345705 0.4298418972332016 0.09560306575231949 0.014963297571993224
0 0.436668011294877 0.4318181818181818 0.04961678096006454 0.009881422924901186
0 0.4963695038321904 0.42913608130999437 0.021379588543767647 0.01355166572557877
0 0.5463896732553449 0.42828910220214567 0.045582896329164985 0.01355166572557877
0 0.6145623235175474 0.4265951439864483 0.0681726502622025 0.014680971202710334
0 0.6782977006857603 0.42941840767927725 0.02702702702702703 0.020327498588368152
0 0.7525211778943123 0.42843026538678713 0.09318273497377975 0.0189158667419537
0 0.8081887858007261 0.43040654997176736 0.004437273093989512 0.001976284584980237
0 0.8473174667204518 0.42504234895539245 0.04477611940298507 0.012704686617730096
0 0.14885034288019364 0.48348390739695085 0.022589753933037516 0.021739130434782608
0 0.2156111335215813 0.4805194805194805 0.07220653489310205 0.015245623941276116
0 0.30052440500201694 0.4823546019198193 0.04759983864461476 0.010446075663466968
0 0.35316659943525613 0.48094297007340486 0.043162565550625254 0.014963297571993224
0 0.4649052037111739 0.4817899491812535 0.13916901976603469 0.021739130434782608
0 0.5463896732553449 0.48658949745906266 0.004437273093989512 0.006493506493506494
0 0.5802743041549012 0.4795313382269904 0.03751512706736587 0.014963297571993224
0 0.6746672045179508 0.48249576510446074 0.11093182734973779 0.023150762281197064
0 0.7940701895925777 0.4776962168266516 0.08188785800726099 0.01355166572557877
0 0.8477208551835418 0.48433088650479955 0.004437273093989512 0.00818746470920384
0 0.1718434852763211 0.5304912478825522 0.06615570794675273 0.014680971202710334
0 0.27974989915288423 0.5358554488989271 0.09560306575231949 0.02766798418972332
0 0.40439693424768053 0.5303500846979108 0.12061315046389673 0.014398644833427442
0 0.4957644211375555 0.5299265951439864 0.023396530859217425 0.01355166572557877
0 0.5504235578862444 0.5331733483907397 0.04961678096006454 0.020609824957651044
0 0.627269060104881 0.5286561264822134 0.05889471561113352 0.013269339356295878
0 0.6674062121823315 0.5341614906832298 0.0028237192416296895 0.002258610954263128
