0 0.15691811214199275 0.22430830039525693 0.02501008471157725 0.025691699604743084
0 0.20774505849132716 0.2217673630717109 0.02743041549011698 0.020609824957651044
0 0.2607906413876563 0.22444946357989837 0.0326744655102864 0.015810276679841896
0 0.31766841468334006 0.2264257481648786 0.02218636546994756 0.020327498588368152
0 0.363251311012505 0.22543760587238848 0.031060911657926585 0.017221908526256352
0 0.4253731343283582 0.22600225861095427 0.0609116579265833 0.015527950310559006
0 0.4901169826542961 0.22543760587238848 0.028237192416296894 0.015527950310559006
0 0.5439693424768052 0.22501411631846416 0.035901573215006054 0.015810276679841896
0 0.6252521177894312 0.23404856013551667 0.09439290036304962 0.033314511575381144
0 0.7004840661557079 0.22543760587238848 0.018959257765227916 0.012140033879164314
0 0.7634126663977411 0.22910784867306608 0.06575231948366277 0.0251270468661773
0 0.8132311415893505 0.23277809147374365 0.004033884630899556 0.003105590062111801
0 0.836224283985478 0.22332015810276679 0.022589753933037516 0.01637492941840768
0 0.16236385639370715 0.27089215132693395 0.04154901169826543 0.0189158667419537
0 0.2628075837031061 0.27936194240542067 0.09076240419524001 0.027385657820440428
0 0.3481242436466317 0.2737154150197628 0.03953206938281565 0.017786561264822136
0 0.4007664380798709 0.2728684359119142 0.02702702702702703 0.018351214003387916
0 0.4735780556676079 0.27936194240542067 0.08229124647035095 0.022868435911914172
0 0.5488100040338846 0.27428006775832864 0.018959257765227916 0.01383399209486166
0 0.5786607503025414 0.27865612648221344 0.018959257765227916 0.009034443817052512
0 0.63695038321904 0.2751270468661773 0.053247277127874144 0.01383399209486166
0 0.6883824122630092 0.2779503105590062 0.018152480839048003 0.00818746470920384
0 0.727511093182735 0.27399774138904576 0.021379588543767647 0.015527950310559006
0 0.7884227511093183 0.27428006775832864 0.0609116579265833 0.017221908526256352
0 0.14764017749092376 0.367871259175607 0.004840661557079467 0.006211180124223602
0 0.1690197660346914 0.37676453980801805 0.01936264622831787 0.012140033879164314
0 0.23315853166599435 0.37676453980801805 0.06615570794675273 0.014398644833427442
0 0.2932634126663977 0.38763410502540935 0.008067769261799113 0.01129305477131564
0 0.3436869705526422 0.37732919254658387 0.05808793868495361 0.012704686617730096
0 0.40964098426784995 0.379587803500847 0.01573215006050827 0.012140033879164314
0 0.4400968132311416 0.37859966120835686 0.012101653892698669 0.007340485601355167
0 0.4919322307382009 0.3818464144551101 0.05445744251714401 0.02456239412761152
0 0.5701895925776522 0.3790231507622812 0.08188785800726099 0.009881422924901186
0 0.6179911254538121 0.38325804630152455 0.0024203307785397336 0.001411631846414455
0 0.6776926179911255 0.37351778656126483 0.06857603872529246 0.017504234895539244
0 0.7646228317870108 0.3802936194240542 0.05526421944332392 0.010163749294184076
0 0.17789431222267044 0.48009599096555616 0.06615570794675273 0.020609824957651044
0 0.21762807583703106 0.48743647656691136 0.003630496167809601 0.007622811970638058
0 0.2656313029447358 0.4779785431959345 0.04235578862444534 0.01637492941840768
0 0.3408632513110125 0.4784020327498588 0.050826946349334406 0.016092603049124788
0 0.3929003630496168 0.4803783173348391 0.009681323114158934 0.006493506493506494
0 0.42860024203307784 0.48249576510446074 0.03509479628882614 0.025409373235460192
0 0.49515933844292054 0.47783738001129306 0.04961678096006454 0.016092603049124788
0 0.5395320693828156 0.4847543760587239 0.003630496167809601 0.0016939582156973462
0 0.5790641387656313 0.4779785431959345 0.026220250100847116 0.01637492941840768
0 0.6341266639774102 0.4805194805194805 0.048406615570794675 0.015810276679841896
0 0.6651875756353368 0.48771880293619424 0.007260992335619202 0.008752117447769622
0 0.709156918112142 0.48644833427442125 0.048406615570794675 0.020327498588368152
0 0.7797498991528842 0.4786843591191417 0.048406615570794675 0.014398644833427442
0 0.16982654296087132 0.5307735742518351 0.03872529245663574 0.007340485601355167
0 0.24021782977006859 0.5317617165443252 0.0326744655102864 0.00818746470920384
0 0.28519564340459863 0.5290796160361377 0.008874546187979023 0.006775832862789385
0 0.34388866478418717 0.5321852060982496 0.058491327148043566 0.024280067758328628
0 0.37938684953610324 0.5319028797289667 0.003630496167809601 0.00846979107848673
0 0.4247680516337233 0.5269621682665161 0.04356595401371521 0.015527950310559006
0 0.47680516337232753 0.5265386787125917 0.022589753933037516 0.014680971202710334
0 0.5369100443727309 0.5319028797289667 0.0645421540943929 0.020327498588368152
0 0.6036708350141186 0.5304912478825522 0.01653892698668818 0.012422360248447204
0 0.7043162565550625 0.532326369282891 0.14037918515530456 0.022303783173348392
0 0.7993142396127471 0.534867306606437 0.018959257765227916 0.02456239412761152
0 0.8428801936264623 0.5303500846979108 0.02864058087938685 0.014963297571993224
0 0.16155707946752723 0.6283173348390739 0.026220250100847116 0.017786561264822136
0 0.2226704316256555 0.6322699040090345 0.048406615570794675 0.022303783173348392
0 0.28398547801532875 0.6315640880858272 0.03146430012101654 0.007340485601355167
0 0.3424768051633723 0.6393280632411067 0.03711173860427592 0.02456239412761152
0 0.3989511899959661 0.6302936194240542 0.029850746268656716 0.021739130434782608
0 0.4292053247277128 0.6348108413325805 0.004033884630899556 0.001411631846414455
0 0.4396934247680516 0.6201298701298701 0.0024203307785397336 0.004799548277809147
