0 0.19987898346107302 0.27752682100508186 0.06494554255748286 0.0220214568040655
0 0.2716821298910851 0.275974025974026 0.0326744655102864 0.012704686617730096
0 0.2944735780556676 0.2854319593450028 0.005647438483259379 0.006211180124223602
0 0.3588140379185155 0.2751270468661773 0.057684550221863654 0.012140033879164314
0 0.4223477208551835 0.2694805194805195 0.003227107704719645 0.006493506493506494
0 0.4759983864461476 0.275974025974026 0.06212182331585317 0.012704686617730096
0 0.608309802339653 0.27625635234330886 0.12827753126260588 0.01383399209486166
0 0.6774909237595804 0.28585544889892717 0.0052440500201694235 0.007058159232072276
0 0.7057281161758774 0.2714568040654997 0.0028237192416296895 0.005364201016374929
0 0.7192416296893909 0.2756916996047431 0.004033884630899556 0.010446075663466968
0 0.7603872529245663 0.27653867871259175 0.048406615570794675 0.013269339356295878
0 0.8553852359822509 0.2768210050818746 0.08753529649052037 0.014398644833427442
0 0.18475191609519967 0.3334274421230943 0.05486083098023396 0.011857707509881422
0 0.2692617991125454 0.3272162619988707 0.05687777329568374 0.012987012987012988
0 0.33864461476401775 0.3287690570299266 0.02864058087938685 0.016092603049124788
0 0.4346510689794272 0.3297571993224167 0.11093182734973779 0.018633540372670808
0 0.5040338846308996 0.32891022021456806 0.002016942315449778 0.002258610954263128
0 0.5250100847115773 0.32142857142857145 0.0028237192416296895 0.0036702428006775835
0 0.5457845905607099 0.326369282891022 0.004033884630899556 0.010728402032749858
0 0.5808793868495361 0.3297571993224167 0.03146430012101654 0.005081874647092038
0 0.6244453408632513 0.3269339356295878 0.03307785397337636 0.014116318464144552
0 0.7127874142799516 0.3296160361377753 0.09035901573215006 0.020045172219085264
0 0.7890278338039532 0.3272162619988707 0.020976200080677694 0.011857707509881422
0 0.8491327148043566 0.3298983625070582 0.0572811617587737 0.020609824957651044
0 0.1809197256958451 0.378317334839074 0.040742234772085516 0.01355166572557877
0 0.2809600645421541 0.3780350084697911 0.11093182734973779 0.012422360248447204
0 0.3781766841468334 0.3802936194240542 0.02864058087938685 0.01693958215697346
0 0.4322307382008875 0.38325804630152455 0.0326744655102864 0.011575381140598532
0 0.5016135538523598 0.38085827216261997 0.038321903993545785 0.01693958215697346
0 0.5594997983057685 0.3771880293619424 0.02501008471157725 0.011857707509881422
0 0.6571198063735377 0.378317334839074 0.10246066962484873 0.01355166572557877
0 0.7236789027833804 0.3870694522868436 0.004033884630899556 0.006775832862789385
0 0.7476805163372328 0.37732919254658387 0.013311819281968536 0.012140033879164314
0 0.8370310609116579 0.38085827216261997 0.11133521581282775 0.006211180124223602
0 0.1700282371924163 0.4817899491812535 0.024606696248487294 0.007058159232072276
0 0.23719241629689392 0.47910784867306605 0.053247277127874144 0.014116318464144552
0 0.3120209762000807 0.47939017504234893 0.031060911657926585 0.012987012987012988
0 0.36405808793868494 0.4813664596273292 0.014925373134328358 0.005081874647092038
0 0.45038321903993545 0.4784020327498588 0.09721661960467931 0.013269339356295878
0 0.5189592577652279 0.4872953133822699 0.004437273093989512 0.007340485601355167
0 0.5512303348124243 0.47882552230378317 0.003630496167809601 0.01129305477131564
0 0.5960064542154094 0.48023715415019763 0.04881000403388463 0.011857707509881422
0 0.6672045179507866 0.48122529644268774 0.045986284792254944 0.016657255787690572
0 0.72730939895119 0.4785431959345003 0.02016942315449778 0.01355166572557877
0 0.7960871319080274 0.4785431959345003 0.0609116579265833 0.012987012987012988
0 0.1811214199273901 0.5369847543760587 0.04195240016135539 0.011857707509881422
0 0.263614360629286 0.5335968379446641 0.040742234772085516 0.015810276679841896
0 0.3408632513110125 0.5287972896668549 0.03791851553045583 0.01355166572557877
0 0.41629689390883423 0.5319028797289667 0.055667607906413875 0.017504234895539244
0 0.47680516337232753 0.5275268210050819 0.015328761597418314 0.013269339356295878
0 0.5262202501008472 0.5296442687747036 0.019766034691407825 0.015245623941276116
0 0.600040338846309 0.5296442687747036 0.07624041952400161 0.014116318464144552
0 0.6682129891085115 0.5304912478825522 0.014925373134328358 0.012987012987012988
0 0.6813231141589351 0.5352907961603613 0.003227107704719645 0.0016939582156973462
