0 0.14340459862847924 0.2199322416713721 0.014925373134328358 0.017504234895539244
0 0.20391286809197257 0.22628458498023715 0.051230334812424366 0.02456239412761152
0 0.263412666397741 0.2245906267645398 0.022589753933037516 0.023997741389045736
0 0.31665994352561516 0.22346132128740825 0.04033884630899556 0.017786561264822136
0 0.37353771682129894 0.23517786561264822 0.0500201694231545 0.023715415019762844
0 0.44251714400968134 0.22275550536420102 0.029043969342476807 0.01637492941840768
0 0.5030254134731746 0.22317899491812535 0.03872529245663574 0.022303783173348392
0 0.5752319483662768 0.2245906267645398 0.0645421540943929 0.0189158667419537
0 0.7071399757966922 0.22402597402597402 0.1581282775312626 0.018351214003387916
0 0.7932634126663978 0.2326369282891022 0.006857603872529245 0.006211180124223602
0 0.8319887051230335 0.22317899491812535 0.0318676885841065 0.014398644833427442
0 0.20229931423961275 0.2758328627893845 0.12706736587333603 0.024844720496894408
0 0.30919725695845096 0.2732919254658385 0.04881000403388463 0.019198193111236588
0 0.40984267849939493 0.27780914737436474 0.09035901573215006 0.029926595143986448
0 0.4606696248487293 0.2824675324675325 0.008874546187979023 0.010446075663466968
0 0.5010084711577248 0.27216261998870694 0.042759177087535294 0.018633540372670808
0 0.5679709560306575 0.27343308865047994 0.063735377168213 0.016092603049124788
0 0.6302944735780557 0.2735742518351214 0.018152480839048003 0.012987012987012988
0 0.6982654296087132 0.2735742518351214 0.07018959257765228 0.018633540372670808
0 0.8051633723275514 0.27936194240542067 0.08632513110125051 0.03472614342179559
0 0.14965711980637353 0.32142857142857145 0.017749092375958047 0.018351214003387916
0 0.20169423154497781 0.33046301524562394 0.04921339249697459 0.021174477696216828
0 0.2755143202904397 0.3234048560135517 0.029850746268656716 0.016657255787690572
0 0.3481242436466317 0.33145115753811405 0.06857603872529246 0.028232636928289104
0 0.41327148043565953 0.32834556747600224 0.011698265429608713 0.009034443817052512
0 0.4653085921742638 0.3245341614906832 0.043969342476805166 0.0189158667419537
0 0.5022186365469947 0.3352625635234331 0.005647438483259379 0.009316770186335404
0 0.5629286002420331 0.33116883116883117 0.0754336425978217 0.03162055335968379
0 0.6587333602258976 0.32284020327498586 0.048406615570794675 0.017786561264822136
0 0.7156111335215812 0.3246753246753247 0.01855586930213796 0.015245623941276116
0 0.7624041952400161 0.3274985883681536 0.03872529245663574 0.009034443817052512
0 0.827349737797499 0.32834556747600224 0.053247277127874144 0.026538678712591756
0 0.200080677692618 0.37337662337662336 0.11375554659136748 0.017786561264822136
0 0.3017345703912868 0.37577639751552794 0.042759177087535294 0.01637492941840768
0 0.42860024203307784 0.3815640880858272 0.16256555062525213 0.029644268774703556
0 0.5766438079870916 0.37662337662337664 0.07624041952400161 0.011857707509881422
0 0.6403791851553046 0.37789384528514963 0.01573215006050827 0.012704686617730096
0 0.7061315046389673 0.37634105025409376 0.07704719645018153 0.018068887634105024
0 0.7920532472771279 0.3747882552230378 0.043969342476805166 0.017221908526256352
0 0.163574021782977 0.43054771315640883 0.04154901169826543 0.03387916431394692
0 0.20028237192416296 0.43591191417278374 0.007664380798709157 0.010728402032749858
0 0.24425171440096813 0.4267363071710898 0.043969342476805166 0.016092603049124788
0 0.3160548608309802 0.4257481648785997 0.051230334812424366 0.015245623941276116
0 0.38120209762000806 0.42631281761716544 0.03065752319483663 0.014116318464144552
0 0.4592577652279145 0.42715979672501414 0.0891488503428802 0.02258610954263128
0 0.5441710367083501 0.4295595708639187 0.04679306171843485 0.009881422924901186
0 0.6107301331181928 0.4323828345567476 0.05163372327551432 0.029079616036137776
0 0.6964501815248084 0.42715979672501414 0.07059298104074223 0.018068887634105024
0 0.7783380395320694 0.42715979672501414 0.0536506655909641 0.015810276679841896
0 0.827349737797499 0.43040654997176736 0.011294876966518758 0.008752117447769622
0 0.18334005647438484 0.47684923771880294 0.07704719645018153 0.019762845849802372
0 0.2767244856797096 0.4776962168266516 0.04437273093989512 0.014116318464144552
0 0.3424768051633723 0.47557876905702995 0.04033884630899556 0.016092603049124788
0 0.43686970552642196 0.47374364765669114 0.0790641387656313 0.021456804065499716
0 0.5290439693424768 0.4754376058723885 0.04800322710770472 0.015245623941276116
0 0.5875352964905204 0.47444946357989837 0.02218636546994756 0.016657255787690572
0 0.6655909640984268 0.4784020327498588 0.07422347720855184 0.021739130434782608
0 0.7135941912061315 0.4860248447204969 0.00645421540943929 0.00818746470920384
0 0.7505042355788625 0.47571993224167136 0.033481242436466316 0.015245623941276116
0 0.8192819685356999 0.4823546019198193 0.06131504638967326 0.03077357425183512
0 0.163574021782977 0.5232919254658385 0.033481242436466316 0.017221908526256352
0 0.24848729326341268 0.5262563523433089 0.0782573618394514 0.021456804065499716
0 0.37878176684146836 0.5251270468661773 0.11940298507462686 0.020892151326933936
0 0.44937474788221055 0.5335968379446641 0.003227107704719645 0.002258610954263128
