0 0.209156918112142 0.27498588368153587 0.1254538120209762 0.018068887634105024
0 0.2880193626462283 0.27555053642010163 0.008067769261799113 0.01693958215697346
0 0.3533682936668011 0.279785431959345 0.0935861234368697 0.023150762281197064
0 0.4233561920129084 0.27540937323546016 0.006857603872529245 0.016092603049124788
0 0.44796288826139574 0.2787972896668549 0.02702702702702703 0.008752117447769622
0 0.536103267446551 0.27625635234330886 0.11133521581282775 0.015527950310559006
0 0.6006454215409439 0.28274985883681536 0.008067769261799113 0.007058159232072276
0 0.6397741024606697 0.274703557312253 0.029850746268656716 0.011857707509881422
0 0.682129891085115 0.2745623941276115 0.004033884630899556 0.014398644833427442
0 0.7269060104881 0.2802089215132693 0.05486083098023396 0.023433088650479956
0 0.8162565550625253 0.2756916996047431 0.07059298104074223 0.014963297571993224
0 0.15732150060508268 0.3266516092603049 0.03146430012101654 0.01693958215697346
0 0.21218233158531666 0.3344155844155844 0.024203307785397338 0.0189158667419537
0 0.2920532472771279 0.3310276679841897 0.07422347720855184 0.022868435911914172
0 0.34509883017345705 0.3253811405985319 0.006857603872529245 0.016657255787690572
0 0.37696651875756354 0.326369282891022 0.004437273093989512 0.014116318464144552
0 0.4134731746672045 0.3331451157538114 0.033884630899556276 0.015810276679841896
0 0.463695038321904 0.32608695652173914 0.02218636546994756 0.01129305477131564
0 0.5469947559499798 0.3255223037831734 0.08955223880597014 0.014116318464144552
0 0.5941912061315047 0.334274421230943 0.004840661557079467 0.00564652738565782
0 0.6520774505849133 0.32382834556747603 0.050423557886244454 0.01637492941840768
0 0.7031060911657927 0.32820440429136083 0.003227107704719645 0.014963297571993224
0 0.7646228317870108 0.3294748729531338 0.0681726502622025 0.012422360248447204
0 0.8432835820895522 0.325098814229249 0.031060911657926585 0.012140033879164314
0 0.163574021782977 0.37775268210050816 0.04235578862444534 0.015810276679841896
0 0.23981444130697863 0.37577639751552794 0.04235578862444534 0.014116318464144552
0 0.3081887858007261 0.3753529079616036 0.03227107704719645 0.013269339356295878
0 0.418313836224284 0.37987012987012986 0.13957240822912464 0.020045172219085264
0 0.5225897539330375 0.3756352343308865 0.019766034691407825 0.01383399209486166
0 0.5800726099233562 0.3750705815923207 0.02581686163775716 0.012704686617730096
0 0.6520774505849133 0.379587803500847 0.06736587333602259 0.021739130434782608
0 0.7379991932230738 0.37775268210050816 0.035901573215006054 0.014680971202710334
0 0.7950786607503025 0.37577639751552794 0.026623638563937072 0.012422360248447204
0 0.8463089955627269 0.37789384528514963 0.021782977006857603 0.009881422924901186
0 0.1754739814441307 0.4332298136645963 0.05486083098023396 0.023997741389045736
0 0.2379991932230738 0.42828910220214567 0.02016942315449778 0.011857707509881422
0 0.28943122226704315 0.427442123094297 0.026220250100847116 0.012987012987012988
0 0.36607503025413474 0.4265951439864483 0.0609116579265833 0.015810276679841896
0 0.43243243243243246 0.42701863354037267 0.023396530859217425 0.016657255787690572
0 0.5423557886244453 0.43153585544889894 0.1399757966922146 0.027385657820440428
0 0.6163775716014522 0.43690005646527386 0.00645421540943929 0.009316770186335404
0 0.6716417910447762 0.4258893280632411 0.042759177087535294 0.018351214003387916
0 0.7386042759177087 0.42701863354037267 0.02743041549011698 0.014398644833427442
0 0.8297700685760387 0.42730095990965555 0.0935861234368697 0.01383399209486166
0 0.17144009681323114 0.47783738001129306 0.05405405405405406 0.0189158667419537
0 0.2527228721258572 0.4851778656126482 0.0463896732553449 0.014398644833427442
0 0.30334812424364666 0.4826369282891022 0.009681323114158934 0.005928853754940711
0 0.3836224283985478 0.4779785431959345 0.11617587736990723 0.01637492941840768
0 0.45018152480839047 0.48842461885940147 0.004840661557079467 0.006211180124223602
0 0.5062525211778943 0.4779785431959345 0.05405405405405406 0.015810276679841896
0 0.5796692214602662 0.47783738001129306 0.045986284792254944 0.012140033879164314
0 0.6438079870915692 0.4748729531338227 0.022589753933037516 0.012987012987012988
0 0.7061315046389673 0.47600225861095424 0.04154901169826543 0.015245623941276116
0 0.7250907624041952 0.48658949745906266 0.004437273093989512 0.006493506493506494
0 0.7714804356595402 0.4776962168266516 0.038321903993545785 0.014680971202710334
0 0.8315853166599435 0.47896668548842464 0.021379588543767647 0.012704686617730096
0 0.871924162968939 0.4816487859966121 0.01008471157724889 0.00846979107848673
