0 0.14199273900766438 0.18097120271033315 0.0024203307785397336 0.006211180124223602
0 0.18313836224283986 0.19042913608130999 0.07018959257765228 0.021739130434782608
0 0.23658733360225898 0.19833427442123094 0.010891488503428802 0.00818746470920384
0 0.31343283582089554 0.1960756634669678 0.11375554659136748 0.027385657820440428
0 0.4219443323920936 0.1932523997741389 0.07503025413473174 0.015527950310559006
0 0.46409842678499397 0.19155844155844157 0.01008471157724889 0.017786561264822136
0 0.4782170229931424 0.18322981366459629 0.004437273093989512 0.006775832862789385
0 0.49959661153691004 0.19184076792772445 0.025413473174667203 0.0189158667419537
0 0.563331988705123 0.19395821569734614 0.07220653489310205 0.01693958215697346
0 0.6117386042759178 0.20115753811405984 0.0052440500201694235 0.001976284584980237
0 0.6315046389673256 0.18435911914172784 0.004437273093989512 0.004517221908526256
0 0.645018152480839 0.19367588932806323 0.01290843081887858 0.015245623941276116
0 0.709560306575232 0.19311123658949747 0.09519967728922953 0.019762845849802372
0 0.7714804356595402 0.19127611518915866 0.01008471157724889 0.021739130434782608
0 0.8045582896329165 0.19127611518915866 0.045582896329164985 0.023433088650479956
0 0.23053650665590963 0.24308300395256918 0.16579265832997175 0.023715415019762844
0 0.32775312626058895 0.2406832298136646 0.008471157724889069 0.020609824957651044
0 0.418112141992739 0.24774138904573687 0.14239612747075434 0.031338226990400904
0 0.5229931423961275 0.24265951439864483 0.010891488503428802 0.014398644833427442
0 0.5566760790641387 0.24802371541501977 0.035498184751916094 0.009316770186335404
0 0.6680112948769665 0.24548277809147373 0.13231141589350545 0.02456239412761152
0 0.7379991932230738 0.25141163184641446 0.007664380798709157 0.00818746470920384
0 0.772892295280355 0.24336533032185206 0.04921339249697459 0.017504234895539244
0 0.809600645421541 0.2456239412761152 0.015328761597418314 0.014680971202710334
0 0.18152480839048002 0.29601919819311123 0.07099636950383219 0.028514963297571992
0 0.28842275110931825 0.2900903444381705 0.10084711577248891 0.021739130434782608
0 0.37394110528438884 0.2909373235460192 0.04195240016135539 0.021174477696216828
0 0.4302137958854377 0.3016657255787691 0.03751512706736587 0.021174477696216828
0 0.5248083904800322 0.2977131564088086 0.10165389269866881 0.025691699604743084
0 0.5885437676482452 0.2886787125917561 0.011294876966518758 0.021739130434782608
0 0.6119402985074627 0.2931959345002823 0.012101653892698669 0.014963297571993224
0 0.6559096409842678 0.3015245623941276 0.050826946349334406 0.018633540372670808
0 0.7083501411859621 0.29446640316205536 0.02581686163775716 0.014680971202710334
0 0.7864058087938685 0.2930547713156409 0.10609116579265833 0.020892151326933936
0 0.8477208551835418 0.3039243365330322 0.0060508269463493344 0.007622811970638058
0 0.17769261799112546 0.34105025409373235 0.06897942718838242 0.020327498588368152
0 0.23073820088745461 0.34443817052512704 0.010488100040338847 0.01637492941840768
0 0.29810407422347723 0.3417560700169396 0.09842678499394918 0.021739130434782608
0 0.38483259378781765 0.3427442123094297 0.0572811617587737 0.015810276679841896
0 0.45482049213392495 0.34443817052512704 0.057684550221863654 0.025409373235460192
0 0.5352964905203711 0.34203839638622247 0.060508269463493344 0.01948051948051948
0 0.5895522388059702 0.34105025409373235 0.03670835014118596 0.020327498588368152
0 0.7131908027430416 0.3455674760022586 0.1799112545381202 0.028232636928289104
0 0.8356192012908431 0.34599096555618297 0.030254134731746672 0.023433088650479956
0 0.16438079870915692 0.3911631846414455 0.03670835014118596 0.020045172219085264
0 0.25110931827349736 0.39624505928853754 0.08188785800726099 0.026256352343308864
0 0.345502218636547 0.39158667419536985 0.06736587333602259 0.020892151326933936
0 0.40681726502622023 0.39257481648785997 0.031060911657926585 0.017221908526256352
0 0.45340863251311014 0.3965273856578204 0.02581686163775716 0.009881422924901186
0 0.5139169019766034 0.4000564652738566 0.08632513110125051 0.032185206098249576
0 0.5845098830173457 0.39271597967250144 0.03146430012101654 0.018068887634105024
0 0.6204114562323517 0.3922924901185771 0.03227107704719645 0.01948051948051948
0 0.7033077853973376 0.3921513269339356 0.09398951189995966 0.020892151326933936
0 0.7918515530455829 0.3948334274421231 0.03469140782573618 0.021174477696216828
0 0.23860427591770875 0.44678147939017504 0.20209762000806777 0.032467532467532464
0 0.34852763210972165 0.45553359683794464 0.00645421540943929 0.006493506493506494
0 0.38463089955627267 0.44311123658949747 0.04800322710770472 0.021174477696216828
0 0.4288019362646228 0.44212309429700736 0.03872529245663574 0.018633540372670808
0 0.5312626058894716 0.44240542066629024 0.11617587736990723 0.019198193111236588
0 0.6520774505849133 0.44367588932806323 0.08027430415490117 0.020609824957651044
0 0.7492940701895926 0.4558159232072276 0.06736587333602259 0.021174477696216828
0 0.8112141992739008 0.4514398644833427 0.020976200080677694 0.009034443817052512
0 0.23618394513916902 0.493647656691135 0.17466720451795079 0.023997741389045736
0 0.3301734570391287 0.5064935064935064 0.008471157724889069 0.009599096555618294
0 0.3961274707543364 0.4912478825522304 0.08793868495361033 0.02258610954263128
0 0.4967728922952804 0.4946357989836251 0.07785397337636143 0.018633540372670808
0 0.5574828559903187 0.4944946357989836 0.029850746268656716 0.014398644833427442
0 0.6133521581282775 0.4946357989836251 0.06333198870512304 0.023715415019762844
0 0.645421540943929 0.5045172219085262 0.008874546187979023 0.007340485601355167
0 0.6964501815248084 0.49520045172219085 0.06978620411456232 0.019198193111236588
0 0.7577652279144816 0.49604743083003955 0.031060911657926585 0.018633540372670808
0 0.7974989915288423 0.4997176736307171 0.02016942315449778 0.010728402032749858
0 0.18152480839048002 0.5487012987012987 0.07583703106091166 0.010446075663466968
0 0.2646228317870109 0.5448898927159797 0.033884630899556276 0.024280067758328628
0 0.3924969745865268 0.5448898927159797 0.1653892698668818 0.0220214568040655
0 0.48083904800322713 0.554488989271598 0.007260992335619202 0.009034443817052512
0 0.5118999596611536 0.544042913608131 0.021782977006857603 0.0220214568040655
0 0.572811617587737 0.5447487295313382 0.06212182331585317 0.020045172219085264
0 0.6585316659943525 0.549124788255223 0.0609116579265833 0.025974025974025976
0 0.7527228721258572 0.5437605872388481 0.09762000806776926 0.02258610954263128
0 0.18394513916901978 0.593167701863354 0.08148446954417103 0.02258610954263128
0 0.27853973376361435 0.6079898362507058 0.06252521177894312 0.021739130434782608
0 0.3949173053650666 0.6012140033879164 0.11133521581282775 0.034161490683229816
0 0.46248487293263413 0.6057312252964426 0.0028237192416296895 0.001976284584980237
