0 0.15893505445744252 0.21527385657820441 0.022589753933037516 0.017786561264822136
0 0.2607906413876563 0.21823828345567475 0.12061315046389673 0.02766798418972332
0 0.3666801129487697 0.21626199887069453 0.04679306171843485 0.019762845849802372
0 0.4509883017345704 0.22120271033314512 0.06212182331585317 0.032467532467532464
0 0.4963695038321904 0.21414455110107283 0.01573215006050827 0.017221908526256352
0 0.5135135135135135 0.22134387351778656 0.016942315449778138 0.002258610954263128
0 0.5641387656313029 0.2127329192546584 0.019766034691407825 0.014963297571993224
0 0.5927793465106898 0.21696781479390176 0.020572811617587738 0.009316770186335404
0 0.6774909237595804 0.22106154714850368 0.10528438886647842 0.03274985883681536
0 0.7851956434045986 0.21259175607001693 0.06333198870512304 0.018068887634105024
0 0.8426784993949173 0.2137210615471485 0.015328761597418314 0.014680971202710334
0 0.17144009681323114 0.2652456239412761 0.055667607906413875 0.017786561264822136
0 0.24606696248487292 0.2689158667419537 0.028237192416296894 0.009316770186335404
0 0.33198870512303347 0.26439864483342745 0.09116579265832997 0.017786561264822136
0 0.43162565550625254 0.2658102766798419 0.04356595401371521 0.014398644833427442
0 0.4923356192012908 0.2658102766798419 0.020572811617587738 0.014963297571993224
0 0.5697862041145624 0.26990400903444384 0.10609116579265833 0.02766798418972332
0 0.6678096006454215 0.26256352343308864 0.03670835014118596 0.015810276679841896
0 0.7400161355385236 0.2632693393562959 0.05445744251714401 0.017221908526256352
0 0.8305768455022187 0.2636928289102202 0.07018959257765228 0.018068887634105024
0 0.15510286405808793 0.31620553359683795 0.02864058087938685 0.018068887634105024
0 0.26119402985074625 0.3160643704121965 0.12141992739007665 0.017786561264822136
0 0.3799919322307382 0.3160643704121965 0.060508269463493344 0.018351214003387916
0 0.4554255748285599 0.3186053077357425 0.05405405405405406 0.009881422924901186
0 0.5373134328358209 0.3188876341050254 0.045986284792254944 0.010446075663466968
0 0.563937071399758 0.32298136645962733 0.0024203307785397336 0.002258610954263128
0 0.6214199273900767 0.3160643704121965 0.0463896732553449 0.017221908526256352
0 0.6827349737797499 0.31592320722755507 0.02379991932230738 0.014116318464144552
0 0.7430415490116983 0.31507622811970637 0.041145623235175476 0.01693958215697346
0 0.8120209762000806 0.31408808582721626 0.0500201694231545 0.017786561264822136
0 0.1591367486889875 0.3705533596837945 0.04154901169826543 0.009881422924901186
0 0.2498991528842275 0.3675889328063241 0.07220653489310205 0.01693958215697346
0 0.32109721661960466 0.3681535855448899 0.03227107704719645 0.02258610954263128
0 0.41670028237192414 0.3740824392998306 0.08632513110125051 0.03557312252964427
0 0.46994755949979833 0.37295313382269907 0.003227107704719645 0.002258610954263128
0 0.49314239612747074 0.3579898362507058 0.007664380798709157 0.009034443817052512
0 0.5550625252117789 0.3654714850367024 0.07180314643001211 0.018351214003387916
0 0.6319080274304155 0.36490683229813664 0.026220250100847116 0.017786561264822136
0 0.6849536103267446 0.3695652173913043 0.04517950786607503 0.011857707509881422
0 0.781766841468334 0.37267080745341613 0.0935861234368697 0.03387916431394692
0 0.21258572004840662 0.4775550536420102 0.13392496974586526 0.037549407114624504
0 0.3973376361436063 0.4717673630717109 0.15490116982654295 0.020892151326933936
0 0.5205728116175877 0.470214568040655 0.0318676885841065 0.020609824957651044
0 0.5802743041549012 0.4683794466403162 0.0463896732553449 0.01637492941840768
0 0.7101653892698668 0.47684923771880294 0.18354175070592982 0.03613777526821005
0 0.8386446147640177 0.47501411631846413 0.029043969342476807 0.03077357425183512
0 0.16417910447761194 0.5176453980801807 0.03469140782573618 0.0189158667419537
0 0.2462686567164179 0.5187747035573123 0.06333198870512304 0.01948051948051948
0 0.3192819685356999 0.519339356295878 0.03428801936264623 0.022303783173348392
0 0.42517144009681324 0.5254093732354602 0.127470754336426 0.03387916431394692
0 0.49858814037918514 0.5244212309429701 0.003227107704719645 0.001976284584980237
