0 0.14521984671238403 0.1839356295878035 0.016942315449778138 0.0189158667419537
0 0.23759580475998388 0.18831168831168832 0.1306978620411456 0.026538678712591756
0 0.34933440903590157 0.18506493506493507 0.053247277127874144 0.023997741389045736
0 0.4354578459056071 0.18718238283455674 0.07624041952400161 0.025409373235460192
0 0.48608309802339655 0.18026538678712592 0.009681323114158934 0.022868435911914172
0 0.5032271077047197 0.1901468097120271 0.02218636546994756 0.003105590062111801
0 0.5550625252117789 0.18407679277244496 0.03227107704719645 0.018068887634105024
0 0.5931827349737797 0.1885940146809712 0.02702702702702703 0.00846979107848673
0 0.6855586930213796 0.18605307735742518 0.12384025816861638 0.029926595143986448
0 0.8073820088745461 0.18068887634105024 0.0681726502622025 0.019198193111236588
0 0.14158935054457442 0.23362507058159232 0.015328761597418314 0.017786561264822136
0 0.19927390076643808 0.2329192546583851 0.0653489310205728 0.020327498588368152
0 0.2678499394917305 0.23983625070581593 0.03146430012101654 0.007622811970638058
0 0.36950383219039934 0.23348390739695088 0.11536910044372731 0.021456804065499716
0 0.481847519160952 0.23277809147374365 0.06897942718838242 0.020045172219085264
0 0.5441710367083501 0.233201581027668 0.02501008471157725 0.018068887634105024
0 0.6423961274707544 0.23616600790513834 0.10931827349737798 0.026821005081874648
0 0.7375958047599839 0.23348390739695088 0.03751512706736587 0.021456804065499716
0 0.8065752319483662 0.23221343873517786 0.0681726502622025 0.0189158667419537
0 0.17325534489713595 0.2816205533596838 0.07946752722872126 0.021174477696216828
0 0.24606696248487292 0.2841614906832298 0.02743041549011698 0.020045172219085264
0 0.34066155707946755 0.2833145115753811 0.11738604275917709 0.021174477696216828
0 0.45219846712384026 0.28303218520609824 0.06776926179911255 0.018351214003387916
0 0.5320693828156515 0.28839638622247316 0.0653489310205728 0.010446075663466968
0 0.6157724889068172 0.2875494071146245 0.056070996369503835 0.009316770186335404
0 0.653892698668818 0.2909373235460192 0.003227107704719645 0.001976284584980237
0 0.7071399757966922 0.2811970638057595 0.06292860024203308 0.019762845849802372
0 0.7613957240822913 0.2792207792207792 0.025413473174667203 0.018068887634105024
0 0.8124243646631706 0.28091473743647655 0.04437273093989512 0.018633540372670808
0 0.1553045582896329 0.334274421230943 0.05405405405405406 0.020892151326933936
0 0.2226704316256555 0.3411914172783738 0.041145623235175476 0.010446075663466968
0 0.3174667204517951 0.3339920948616601 0.08551835417507059 0.018633540372670808
0 0.39209358612343687 0.33356860530773574 0.03146430012101654 0.021174477696216828
0 0.4836627672448568 0.3375211744776962 0.10488100040338846 0.031338226990400904
0 0.5407422347720855 0.34076792772444947 0.0028237192416296895 0.002258610954263128
0 0.5562726906010488 0.32269904009034445 0.004033884630899556 0.009034443817052512
0 0.5927793465106898 0.33116883116883117 0.06010488100040339 0.021456804065499716
0 0.6585316659943525 0.3307453416149068 0.025413473174667203 0.01948051948051948
0 0.7127874142799516 0.3352625635234331 0.05808793868495361 0.009316770186335404
0 0.8047599838644615 0.33455674760022586 0.09197256958450989 0.03613777526821005
0 0.15570794675272287 0.38297571993224166 0.04356595401371521 0.01948051948051948
0 0.2309398951189996 0.3826933935629588 0.07220653489310205 0.023997741389045736
0 0.29850746268656714 0.3812817617165443 0.03227107704719645 0.01948051948051948
0 0.3763614360629286 0.38170525127046867 0.08632513110125051 0.023150762281197064
0 0.4497781363453005 0.3839638622247318 0.029850746268656716 0.0220214568040655
0 0.4891085114965712 0.3800112930547713 0.03670835014118596 0.019762845849802372
0 0.5574828559903187 0.38071710897797856 0.055667607906413875 0.02456239412761152
0 0.608309802339653 0.38509316770186336 0.029043969342476807 0.018633540372670808
0 0.645018152480839 0.3814229249011858 0.03630496167809601 0.018633540372670808
0 0.7285195643404598 0.3870694522868436 0.08632513110125051 0.031055900621118012
0 0.782371924162969 0.39285714285714285 0.00927793465106898 0.00818746470920384
0 0.8172650262202501 0.3825522303783173 0.0500201694231545 0.019762845849802372
0 0.15792658329971762 0.43492377188029363 0.03509479628882614 0.021174477696216828
0 0.2835820895522388 0.43845285149632973 0.1581282775312626 0.029361942405420668
0 0.47983057684550223 0.44212309429700736 0.16982654296087132 0.028797289666854884
0 0.5992335619201291 0.4383116883116883 0.03509479628882614 0.022303783173348392
0 0.6470350947962888 0.4352060982495765 0.03872529245663574 0.01948051948051948
0 0.7680516337232756 0.4385940146809712 0.17265026220250101 0.027385657820440428
0 0.16337232755143202 0.4894127611518916 0.035498184751916094 0.028514963297571992
0 0.2309398951189996 0.4860248447204969 0.040742234772085516 0.020045172219085264
0 0.30233965308592176 0.4847543760587239 0.06333198870512304 0.020892151326933936
0 0.36587333602258976 0.48757763975155277 0.03146430012101654 0.024844720496894408
0 0.48527632109721663 0.48969508752117447 0.16296893908834206 0.029644268774703556
0 0.5786607503025414 0.49491812535290797 0.0028237192416296895 0.002258610954263128
