0 0.16599435256151673 0.21725014116318464 0.06010488100040339 0.023433088650479956
0 0.23295683743444937 0.221485036702428 0.033481242436466316 0.01948051948051948
0 0.299717628075837 0.2204968944099379 0.06857603872529246 0.023150762281197064
0 0.3711173860427592 0.22275550536420102 0.03791851553045583 0.019198193111236588
0 0.42860024203307784 0.22077922077922077 0.04881000403388463 0.023150762281197064
0 0.5623235175473982 0.22444946357989837 0.17507059298104075 0.020327498588368152
0 0.68192819685357 0.2248729531338227 0.045582896329164985 0.01948051948051948
0 0.7115772488906817 0.23574251835121401 0.008067769261799113 0.007905138339920948
0 0.7704719645018152 0.22868435911914173 0.05163372327551432 0.025974025974025976
0 0.845502218636547 0.22967250141163184 0.06776926179911255 0.011575381140598532
0 0.17708753529649052 0.27639751552795033 0.09600645421540945 0.0378317334839074
0 0.25131101250504234 0.2792207792207792 0.008874546187979023 0.012422360248447204
0 0.28499394917305365 0.26976284584980237 0.03428801936264623 0.014963297571993224
0 0.3465106897942719 0.27117447769621683 0.06212182331585317 0.023997741389045736
0 0.4473578055667608 0.27413890457368717 0.09923356192012908 0.020892151326933936
0 0.5147236789027834 0.28402032749858835 0.007260992335619202 0.009599096555618294
0 0.554457442517144 0.2787972896668549 0.0536506655909641 0.01101072840203275
0 0.6401774909237595 0.2803500846979108 0.08148446954417103 0.012422360248447204
0 0.7323517547398144 0.2745623941276115 0.06655909640984267 0.021174477696216828
0 0.8212989108511497 0.27399774138904576 0.07664380798709157 0.021739130434782608
0 0.16579265832997175 0.42758328627893843 0.0790641387656313 0.037549407114624504
0 0.25756353368293666 0.4234895539243365 0.04961678096006454 0.023150762281197064
0 0.3235175473981444 0.4244776962168266 0.05244050020169423 0.022303783173348392
0 0.3939088342073417 0.43195934500282324 0.04477611940298507 0.011857707509881422
0 0.46651875756353367 0.42701863354037267 0.0536506655909641 0.022303783173348392
0 0.5689794271883825 0.43379446640316205 0.11012505042355789 0.03303218520609825
0 0.6619604679306171 0.4301242236024845 0.04679306171843485 0.02456239412761152
0 0.7581686163775716 0.4254658385093168 0.11980637353771682 0.024280067758328628
0 0.8263412666397741 0.4394409937888199 0.01008471157724889 0.010446075663466968
0 0.16438079870915692 0.4709203839638622 0.06252521177894312 0.025409373235460192
0 0.2646228317870109 0.4785431959345003 0.09035901573215006 0.015245623941276116
0 0.4060104881000403 0.48404856013551667 0.12303348124243646 0.04827780914737437
0 0.5752319483662768 0.47473178994918125 0.15409439290036306 0.022868435911914172
0 0.7571601452198468 0.4761434217955957 0.15328761597418314 0.022868435911914172
0 0.18757563533682936 0.5214568040654998 0.11778943122226704 0.030491247882552232
0 0.29507866075030253 0.528514963297572 0.03993545784590561 0.014116318464144552
0 0.46873739411052845 0.5314793901750423 0.25655506252521176 0.047713156408808584
0 0.6609519967728923 0.5248447204968945 0.08511496571198064 0.024844720496894408
0 0.7670431625655506 0.5269621682665161 0.09076240419524001 0.023433088650479956
0 0.20572811617587736 0.5846979107848673 0.15409439290036306 0.053642010163749296
0 0.33299717628075837 0.5735460191981931 0.040742234772085516 0.021174477696216828
0 0.4005647438483259 0.5770750988142292 0.053247277127874144 0.025974025974025976
0 0.5102864058087939 0.5762281197063805 0.12585720048406615 0.0220214568040655
0 0.5897539330375151 0.5862507058159232 0.004033884630899556 0.003105590062111801
