0 0.13775716014521985 0.1979107848673066 0.0012101653892698668 0.009599096555618294
0 0.18515530455828963 0.2044042913608131 0.07180314643001211 0.025974025974025976
0 0.2509076240419524 0.21442687747035574 0.016135538523598225 0.013269339356295878
0 0.34429205324727713 0.2124505928853755 0.12061315046389673 0.04488989271597967
0 0.46329164985881405 0.20638057594579334 0.07220653489310205 0.024844720496894408
0 0.5086728519564341 0.20383963862224733 0.004840661557079467 0.02710333145115754
0 0.5235982250907624 0.1935347261434218 0.0024203307785397336 0.008752117447769622
0 0.5560709963695039 0.205957086391869 0.0326744655102864 0.027385657820440428
0 0.628075837031061 0.20609824957651043 0.07422347720855184 0.02710333145115754
0 0.6758773699072207 0.2127329192546584 0.002016942315449778 0.001976284584980237
0 0.7045179507866075 0.19748729531338227 0.0028237192416296895 0.014398644833427442
0 0.7178297700685761 0.20369847543760589 0.003630496167809601 0.025691699604743084
0 0.7930617184348527 0.20482778091473744 0.1073013311819282 0.026256352343308864
0 0.8626462283178701 0.19960474308300397 0.006857603872529245 0.025974025974025976
0 0.181726502622025 0.2543760587238848 0.08834207341670028 0.028232636928289104
0 0.36163775716014523 0.25734048560135514 0.2045179507866075 0.031338226990400904
0 0.4802339653085922 0.2528232636928289 0.003630496167809601 0.028514963297571992
0 0.5804759983864461 0.25917560700169395 0.1371520774505849 0.029926595143986448
0 0.6843485276321097 0.25451722190852627 0.0028237192416296895 0.0189158667419537
0 0.7333602258975394 0.26143421795595706 0.03953206938281565 0.015245623941276116
0 0.22488906817265025 0.3105590062111801 0.18192819685356998 0.028232636928289104
0 0.3313836224283985 0.3181818181818182 0.0028237192416296895 0.010163749294184076
0 0.37777329568374346 0.30886504799548276 0.056070996369503835 0.023150762281197064
0 0.4318273497377975 0.3081592320722755 0.003630496167809601 0.023433088650479956
0 0.5078660750302542 0.3123941276115189 0.08713190802743041 0.03190287972896669
0 0.6306978620411456 0.30787690570299264 0.10851149657119806 0.026821005081874648
0 0.7333602258975394 0.3101355166572558 0.042759177087535294 0.027385657820440428
0 0.800726099233562 0.31394692264257484 0.03791851553045583 0.020892151326933936
0 0.19342476805163372 0.36335403726708076 0.11496571198063735 0.028232636928289104
0 0.2662363856393707 0.3575663466967815 0.004840661557079467 0.0251270468661773
0 0.30899556272690604 0.3578486730660644 0.004033884630899556 0.026256352343308864
0 0.36789027833803956 0.36645962732919257 0.06292860024203308 0.024844720496894408
0 0.4489713594191206 0.35686053077357427 0.03630496167809601 0.025974025974025976
0 0.5657523194836628 0.35629587803500845 0.14804356595401372 0.025409373235460192
0 0.6528842275110932 0.3675889328063241 0.007664380798709157 0.011857707509881422
0 0.7105687777329568 0.3578486730660644 0.09076240419524001 0.026256352343308864
0 0.7837837837837838 0.3595426312817617 0.004840661557079467 0.020609824957651044
0 0.8670835014118596 0.3619424054206663 0.09237595804759983 0.020327498588368152
0 0.17325534489713595 0.4059853190287973 0.06010488100040339 0.029361942405420668
0 0.27269060104881 0.4090909090909091 0.08229124647035095 0.029361942405420668
0 0.381605486083098 0.40739695087521177 0.0790641387656313 0.026538678712591756
0 0.48124243646631704 0.4051383399209486 0.063735377168213 0.025409373235460192
0 0.6579265832997176 0.41431394692264256 0.23396530859217426 0.029644268774703556
0 0.8170633319887052 0.41431394692264256 0.0391286809197257 0.029079616036137776
0 0.1617587736990722 0.4587803500846979 0.053247277127874144 0.023150762281197064
0 0.26502622025010086 0.4634387351778656 0.10568777732956837 0.029079616036137776
0 0.3697055264219443 0.46047430830039526 0.05929810407422348 0.019198193111236588
0 0.45139169019766034 0.4608977978543196 0.03953206938281565 0.022868435911914172
0 0.5215812827753126 0.467673630717109 0.029043969342476807 0.015527950310559006
0 0.6129487696651875 0.46710897797854317 0.09237595804759983 0.026821005081874648
0 0.7137958854376765 0.45920383963862227 0.043969342476805166 0.020609824957651044
0 0.8005244050020169 0.45821569734613216 0.057684550221863654 0.02258610954263128
0 0.19221460266236384 0.5097402597402597 0.10205728116175877 0.02456239412761152
0 0.29709560306575233 0.5122811970638057 0.03670835014118596 0.026821005081874648
0 0.4509883017345704 0.5143986448334275 0.19846712384025816 0.034443817052512704
0 0.5693828156514724 0.5302089215132694 0.008471157724889069 0.010728402032749858
0 0.6425978217022993 0.5136928289102202 0.07503025413473174 0.02456239412761152
0 0.7450584913271481 0.5119988706945229 0.060508269463493344 0.021739130434782608
0 0.23416700282371924 0.568746470920384 0.16014521984671237 0.025691699604743084
0 0.4005647438483259 0.5694522868435912 0.11698265429608713 0.021456804065499716
0 0.5318676885841065 0.5794748729531338 0.08027430415490117 0.025691699604743084
0 0.6189995966115369 0.5724167137210615 0.021379588543767647 0.011575381140598532
0 0.7559499798305769 0.5681818181818182 0.20169423154497781 0.020609824957651044
0 0.8664784187172246 0.5767927724449463 0.008874546187979023 0.009599096555618294
0 0.21863654699475596 0.6175889328063241 0.11375554659136748 0.027385657820440428
0 0.35397337636143605 0.6150479954827781 0.08753529649052037 0.0251270468661773
0 0.445139169019766 0.6187182382834556 0.040742234772085516 0.022868435911914172
0 0.5221863654699476 0.6171654432523997 0.05687777329568374 0.026538678712591756
0 0.563937071399758 0.6278938452851497 0.004840661557079467 0.010728402032749858
0 0.6248487293263413 0.617871259175607 0.06292860024203308 0.02456239412761152
0 0.7075433642597821 0.6173066064370413 0.05244050020169423 0.020045172219085264
0 0.7605889471561114 0.617871259175607 0.021379588543767647 0.01383399209486166
0 0.8319887051230335 0.6190005646527386 0.07704719645018153 0.017786561264822136
0 0.16922146026623638 0.6725014116318464 0.030254134731746672 0.03162055335968379
0 0.3219039935457846 0.6672783738001129 0.20411456232351755 0.027385657820440428
0 0.445139169019766 0.6768774703557312 0.002016942315449778 0.008752117447769622
0 0.47761194029850745 0.6672783738001129 0.02743041549011698 0.020609824957651044
0 0.5540540540540541 0.6695369847543761 0.0754336425978217 0.023433088650479956
0 0.654296087131908 0.6655844155844156 0.06292860024203308 0.023433088650479956
0 0.7494957644211375 0.6647374364765669 0.09197256958450989 0.023433088650479956
0 0.86385639370714 0.6595143986448334 0.0891488503428802 0.02766798418972332
