0 0.15167406212182333 0.20990965556182947 0.016135538523598225 0.020609824957651044
0 0.19019766034691407 0.2137210615471485 0.04235578862444534 0.028232636928289104
0 0.23336022589753933 0.2127329192546584 0.018959257765227916 0.026256352343308864
0 0.27289229528035497 0.2106154714850367 0.043162565550625254 0.019762845849802372
0 0.3253327954820492 0.21880293619424054 0.043162565550625254 0.020892151326933936
0 0.372730939895119 0.21103896103896103 0.028237192416296894 0.018351214003387916
0 0.41851553045582895 0.21414455110107283 0.04477611940298507 0.025691699604743084
0 0.48406615570794675 0.21485036702428006 0.06212182331585317 0.025409373235460192
0 0.6026623638563937 0.2124505928853755 0.1508672851956434 0.020045172219085264
0 0.6871722468737395 0.22063805759457933 0.004437273093989512 0.009316770186335404
0 0.7283178701089149 0.2121682665160926 0.03751512706736587 0.015527950310559006
0 0.81807180314643 0.2165443252399774 0.12020976200080678 0.026538678712591756
0 0.16841468334005646 0.2598814229249012 0.0463896732553449 0.020609824957651044
0 0.2589753933037515 0.26453980801806887 0.10084711577248891 0.02710333145115754
0 0.31968535699878986 0.27103331451157536 0.004437273093989512 0.009034443817052512
0 0.3537716821298911 0.2621400338791643 0.03953206938281565 0.01948051948051948
0 0.4312222670431626 0.26129305477131565 0.07664380798709157 0.020045172219085264
0 0.4923356192012908 0.2619988706945229 0.019766034691407825 0.018068887634105024
0 0.5526421944332393 0.2619988706945229 0.07099636950383219 0.01693958215697346
0 0.6575231948366277 0.26750423489553926 0.10649455425574829 0.026821005081874648
0 0.7388059701492538 0.26468097120271034 0.020572811617587738 0.016657255787690572
0 0.7749092375958048 0.26778656126482214 0.04437273093989512 0.021174477696216828
0 0.8295683743444937 0.262987012987013 0.03751512706736587 0.016657255787690572
0 0.1801129487696652 0.3169113495200452 0.07624041952400161 0.025691699604743084
0 0.23658733360225898 0.3142292490118577 0.011698265429608713 0.012422360248447204
0 0.27833803953206937 0.31281761716544326 0.042759177087535294 0.018068887634105024
0 0.30677692617991126 0.32058159232072275 0.003630496167809601 0.012140033879164314
0 0.3610326744655103 0.31733483907396953 0.08067769261799113 0.02710333145115754
0 0.44130697862041146 0.3138057594579334 0.048406615570794675 0.017221908526256352
0 0.49152884227511096 0.3123941276115189 0.018152480839048003 0.016657255787690572
0 0.5284388866478419 0.31592320722755507 0.042759177087535294 0.014680971202710334
0 0.5951996772892295 0.31733483907396953 0.06333198870512304 0.025974025974025976
0 0.6928196853569988 0.3132411067193676 0.10689794271883823 0.0189158667419537
0 0.7878176684146834 0.3135234330886505 0.05244050020169423 0.01948051948051948
0 0.22287212585720048 0.36773009599096557 0.16014521984671237 0.028514963297571992
0 0.36607503025413474 0.36561264822134387 0.0899556272690601 0.014116318464144552
0 0.4376764824526019 0.3650479954827781 0.02016942315449778 0.01637492941840768
0 0.49495764421137556 0.3642010163749294 0.07180314643001211 0.019198193111236588
0 0.5649455425574829 0.3642010163749294 0.043969342476805166 0.019198193111236588
0 0.6335215812827754 0.3687182382834557 0.056070996369503835 0.030491247882552232
0 0.6744655102864058 0.3718238283455675 0.004033884630899556 0.009599096555618294
0 0.7152077450584913 0.3642010163749294 0.048406615570794675 0.018068887634105024
0 0.781766841468334 0.3644833427442123 0.04921339249697459 0.018633540372670808
0 0.8331988705123033 0.3643421795595709 0.024606696248487294 0.017786561264822136
0 0.18858410649455426 0.4155844155844156 0.08511496571198064 0.024280067758328628
0 0.27228721258572003 0.4162902315076228 0.045986284792254944 0.015527950310559006
0 0.3372327551432029 0.41671372106154714 0.060508269463493344 0.026538678712591756
0 0.427390076643808 0.4140316205533597 0.08188785800726099 0.0189158667419537
0 0.5207745058491328 0.415725578769057 0.06615570794675273 0.016657255787690572
0 0.572206534893102 0.4171372106154715 0.013311819281968536 0.013269339356295878
0 0.6339249697458653 0.4134669678147939 0.07462686567164178 0.020045172219085264
0 0.7079467527228721 0.4148785996612084 0.045986284792254944 0.020609824957651044
0 0.7654296087131908 0.4134669678147939 0.0463896732553449 0.020045172219085264
0 0.1853569987898346 0.4642857142857143 0.08430818878580072 0.020609824957651044
0 0.28055667607906415 0.46485036702428006 0.06575231948366277 0.01948051948051948
0 0.34207341670028235 0.4652738565782044 0.028237192416296894 0.01693958215697346
0 0.41226300927793463 0.4644268774703557 0.09681323114158935 0.02258610954263128
0 0.47196450181524807 0.4710615471485037 0.003227107704719645 0.010446075663466968
0 0.5102864058087939 0.4658385093167702 0.04033884630899556 0.018068887634105024
0 0.5752319483662768 0.4704968944099379 0.05486083098023396 0.026256352343308864
0 0.6317063331988705 0.46696781479390176 0.029043969342476807 0.018068887634105024
0 0.7055264219443323 0.46725014116318464 0.09600645421540945 0.019198193111236588
0 0.21863654699475596 0.5153867871259176 0.14925373134328357 0.021739130434782608
0 0.30354981847519164 0.5204686617730095 0.0028237192416296895 0.001976284584980237
