0 0.1645824929407019 0.21527385657820441 0.033884630899556276 0.023433088650479956
0 0.21399757966922145 0.2111801242236025 0.031060911657926585 0.017504234895539244
0 0.272488906817265 0.21174477696216826 0.0318676885841065 0.01693958215697346
0 0.32311415893505446 0.2134387351778656 0.01855586930213796 0.019762845849802372
0 0.372932634126664 0.21146245059288538 0.0326744655102864 0.019198193111236588
0 0.436668011294877 0.21188594014680973 0.056070996369503835 0.0189158667419537
0 0.5052440500201695 0.21174477696216826 0.02864058087938685 0.020327498588368152
0 0.5627269060104881 0.21188594014680973 0.03630496167809601 0.018351214003387916
0 0.6448164582492941 0.21470920383963862 0.08027430415490117 0.023433088650479956
0 0.7164179104477612 0.2137210615471485 0.016135538523598225 0.015810276679841896
0 0.7712787414279951 0.2140033879164314 0.0572811617587737 0.0220214568040655
0 0.8037515127067366 0.2199322416713721 0.002016942315449778 0.0016939582156973462
0 0.8289632916498588 0.21047430830039526 0.029850746268656716 0.0189158667419537
0 0.17103670835014118 0.2605872388481084 0.03307785397337636 0.020327498588368152
0 0.2571601452198467 0.2651044607566347 0.09640984267849939 0.028232636928289104
0 0.34207341670028235 0.26101072840203277 0.04033884630899556 0.01948051948051948
0 0.39431222267043164 0.2607284020327499 0.02944735780556676 0.021174477696216828
0 0.46430012101653895 0.26595143986448333 0.06131504638967326 0.023715415019762844
0 0.5278338039532069 0.2627046866177301 0.018959257765227916 0.016657255787690572
0 0.5603065752319484 0.2660926030491248 0.01855586930213796 0.009881422924901186
0 0.6133521581282775 0.26383399209486164 0.0463896732553449 0.016092603049124788
0 0.6611536910044373 0.2662337662337662 0.01936264622831787 0.009034443817052512
0 0.7006857603872529 0.26157538114059853 0.03227107704719645 0.020045172219085264
0 0.7583703106091165 0.2611518915866742 0.05889471561113352 0.019762845849802372
0 0.8370310609116579 0.26439864483342745 0.07503025413473174 0.021174477696216828
0 0.16821298910851148 0.31154714850367027 0.03630496167809601 0.021174477696216828
0 0.22307382008874546 0.31154714850367027 0.023396530859217425 0.0189158667419537
0 0.2855990318676886 0.31804065499717676 0.04679306171843485 0.021174477696216828
0 0.37394110528438884 0.3170525127046866 0.0790641387656313 0.026538678712591756
0 0.41609519967728925 0.320016939582157 0.002016942315449778 0.001411631846414455
0 0.4356595401371521 0.3081592320722755 0.004840661557079467 0.005928853754940711
0 0.4653085921742638 0.3132411067193676 0.038321903993545785 0.01948051948051948
0 0.518354175070593 0.31197063805759456 0.04759983864461476 0.019198193111236588
0 0.5415490116982654 0.3046301524562394 0.003630496167809601 0.004517221908526256
0 0.5570794675272287 0.31959345002823264 0.0024203307785397336 0.006211180124223602
0 0.5853166599435257 0.3123941276115189 0.02743041549011698 0.020045172219085264
0 0.6308995562726906 0.3132411067193676 0.04195240016135539 0.017221908526256352
0 0.6587333602258976 0.322557876905703 0.0024203307785397336 0.005928853754940711
0 0.6700282371924163 0.30632411067193677 0.003227107704719645 0.00564652738565782
0 0.690802743041549 0.3138057594579334 0.018152480839048003 0.015527950310559006
0 0.7412263009277935 0.3126764539808018 0.057684550221863654 0.017786561264822136
0 0.780960064542154 0.32171089779785433 0.0024203307785397336 0.0036702428006775835
0 0.8146430012101654 0.313382269904009 0.04881000403388463 0.018068887634105024
0 0.8614360629286002 0.3145115753811406 0.018152480839048003 0.017504234895539244
0 0.15893505445744252 0.366600790513834 0.010488100040338847 0.009316770186335404
0 0.20411456232351755 0.3674477696216827 0.042759177087535294 0.026821005081874648
0 0.2833803953206938 0.36773009599096557 0.06978620411456232 0.009881422924901186
0 0.32775312626058895 0.3699887069452287 0.002016942315449778 0.001411631846414455
0 0.38584106494554254 0.36278938452851495 0.08108108108108109 0.019198193111236588
0 0.4715611133521581 0.36716544325239975 0.045986284792254944 0.009316770186335404
0 0.5217829770068576 0.3616600790513834 0.022993142396127472 0.019198193111236588
0 0.5619201290843082 0.3619424054206663 0.02743041549011698 0.019762845849802372
0 0.6189995966115369 0.36180124223602483 0.04477611940298507 0.01948051948051948
0 0.6496571198063735 0.3709768492377188 0.003630496167809601 0.010163749294184076
0 0.6807180314643001 0.3619424054206663 0.024606696248487294 0.019762845849802372
0 0.718031464300121 0.36476566911349523 0.016135538523598225 0.015810276679841896
0 0.7638160548608309 0.36801242236024845 0.04477611940298507 0.02456239412761152
0 0.8158531665994353 0.36278938452851495 0.030254134731746672 0.01637492941840768
0 0.17305365066559097 0.41417278373800115 0.03146430012101654 0.024844720496894408
0 0.20250100847115773 0.4212309429700734 0.014521984671238403 0.002258610954263128
0 0.21641791044776118 0.4215132693393563 0.002016942315449778 0.0016939582156973462
0 0.263412666397741 0.41417278373800115 0.05405405405405406 0.017504234895539244
0 0.30677692617991126 0.4189723320158103 0.01008471157724889 0.007905138339920948
0 0.3469140782573618 0.422360248447205 0.03227107704719645 0.01693958215697346
0 0.36789027833803956 0.42292490118577075 0.0024203307785397336 0.004517221908526256
0 0.4058087938684954 0.41727837380011296 0.04921339249697459 0.025974025974025976
0 0.47519160951996775 0.41770186335403725 0.05163372327551432 0.022868435911914172
0 0.5074626865671642 0.422360248447205 0.0024203307785397336 0.005081874647092038
0 0.5359015732150061 0.4147374364765669 0.033481242436466316 0.01693958215697346
0 0.5970149253731343 0.41431394692264256 0.04437273093989512 0.0189158667419537
0 0.6423961274707544 0.41854884246188595 0.010891488503428802 0.00818746470920384
0 0.6906010488100041 0.4162902315076228 0.048406615570794675 0.029079616036137776
0 0.7503025413473174 0.4127611518915867 0.04517950786607503 0.019198193111236588
0 0.7872125857200484 0.4203839638622247 0.003630496167809601 0.002258610954263128
0 0.809600645421541 0.41304347826086957 0.024203307785397338 0.019762845849802372
0 0.17870108914885036 0.46357989836250707 0.045986284792254944 0.019762845849802372
0 0.21137555465913674 0.4719085262563523 0.0024203307785397336 0.004799548277809147
0 0.2498991528842275 0.4719085262563523 0.04154901169826543 0.014963297571993224
0 0.3053650665590964 0.46485036702428006 0.03307785397337636 0.017786561264822136
0 0.3620411456232352 0.46852060982495763 0.03751512706736587 0.009316770186335404
0 0.418313836224284 0.46922642574816487 0.033884630899556276 0.009599096555618294
0 0.463695038321904 0.46950875211744775 0.011698265429608713 0.00846979107848673
0 0.5264219443323921 0.46710897797854317 0.04679306171843485 0.026256352343308864
0 0.5613150463896732 0.46809712027103334 0.0028237192416296895 0.003952569169960474
0 0.6042759177087536 0.4644268774703557 0.03953206938281565 0.017504234895539244
0 0.664179104477612 0.46301524562394125 0.030254134731746672 0.018633540372670808
0 0.7208551835417507 0.46725014116318464 0.048406615570794675 0.026538678712591756
0 0.772892295280355 0.4655561829474873 0.016942315449778138 0.015245623941276116
0 0.8418717224687374 0.4668266516092603 0.08793868495361033 0.020609824957651044
0 0.1690197660346914 0.5176453980801807 0.026623638563937072 0.026256352343308864
0 0.21379588543767647 0.5145398080180689 0.024203307785397338 0.0189158667419537
0 0.2757160145219847 0.5158102766798419 0.051230334812424366 0.018068887634105024
0 0.3192819685356999 0.5160926030491247 0.0060508269463493344 0.0016939582156973462
0 0.3511496571198064 0.5197628458498024 0.013311819281968536 0.00846979107848673
0 0.43142396127470756 0.5163749294184077 0.09721661960467931 0.023715415019762844
0 0.5302541347317467 0.5186335403726708 0.058491327148043566 0.023715415019762844
0 0.5863251311012505 0.5182100508187465 0.018152480839048003 0.014398644833427442
0 0.6323114158935055 0.52343308865048 0.031060911657926585 0.01693958215697346
0 0.6809197256958451 0.5224449463579899 0.02501008471157725 0.017221908526256352
0 0.7053247277127874 0.5249858836815359 0.0028237192416296895 0.005364201016374929
0 0.7658329971762807 0.5190570299265952 0.10044372730939895 0.025691699604743084
0 0.8428801936264623 0.5203274985883681 0.019766034691407825 0.007905138339920948
0 0.17386042759177087 0.564935064935065 0.03065752319483663 0.018633540372670808
0 0.2472771278741428 0.5669113495200452 0.055667607906413875 0.02258610954263128
0 0.30919725695845096 0.5698757763975155 0.026220250100847116 0.00818746470920384
0 0.363251311012505 0.5756634669678148 0.035901573215006054 0.018633540372670808
0 0.42174263816054863 0.5680406549971767 0.03751512706736587 0.025974025974025976
0 0.445542557482856 0.5729813664596274 0.002016942315449778 0.001976284584980237
0 0.44937474788221055 0.558300395256917 0.004033884630899556 0.006493506493506494
