0 0.17507059298104075 0.2727272727272727 0.045986284792254944 0.030491247882552232
0 0.24747882210568778 0.274703557312253 0.06978620411456232 0.028797289666854884
0 0.29043969342476805 0.2789384528514963 0.0024203307785397336 0.006211180124223602
0 0.3499394917305365 0.2676453980801807 0.09640984267849939 0.01693958215697346
0 0.40197660346914077 0.2776679841897233 0.002016942315449778 0.004234895539243365
0 0.4386849536103267 0.2689158667419537 0.04961678096006454 0.017786561264822136
0 0.47781363453005243 0.269339356295878 0.004437273093989512 0.015810276679841896
0 0.518757563533683 0.2751270468661773 0.053247277127874144 0.017221908526256352
0 0.5720048406615571 0.2683512140033879 0.022589753933037516 0.01948051948051948
0 0.5968132311415894 0.2725861095426313 0.013311819281968536 0.00818746470920384
0 0.6432029043969343 0.27526821005081875 0.04881000403388463 0.029361942405420668
0 0.7240822912464704 0.2735742518351214 0.08551835417507059 0.021456804065499716
0 0.7837837837837838 0.2701863354037267 0.015328761597418314 0.01637492941840768
0 0.8338039532069382 0.2696216826651609 0.0572811617587737 0.017504234895539244
0 0.16841468334005646 0.3178994918125353 0.031060911657926585 0.015810276679841896
0 0.22226704316256554 0.3274985883681536 0.05405405405405406 0.019762845849802372
0 0.26946349334409037 0.327639751552795 0.02501008471157725 0.020045172219085264
0 0.31968535699878986 0.31931112365894976 0.04881000403388463 0.01637492941840768
0 0.34973779749899153 0.32495765104460755 0.003227107704719645 0.0016939582156973462
0 0.3890681726502622 0.3190287972896669 0.040742234772085516 0.01637492941840768
0 0.4322307382008875 0.31846414455110106 0.03751512706736587 0.019198193111236588
0 0.4828559903186769 0.3181818181818182 0.04679306171843485 0.018633540372670808
0 0.5401371520774506 0.3235460191981931 0.04195240016135539 0.010163749294184076
0 0.5937878176684147 0.31846414455110106 0.04517950786607503 0.01637492941840768
0 0.6244453408632513 0.32792207792207795 0.003227107704719645 0.004799548277809147
0 0.6456232351754739 0.3186053077357425 0.007664380798709157 0.018351214003387916
0 0.7305365066559096 0.32086391869000563 0.136345300524405 0.017221908526256352
0 0.8059701492537313 0.3296160361377753 0.003227107704719645 0.005928853754940711
0 0.8440903590157322 0.3221343873517787 0.04235578862444534 0.014680971202710334
0 0.16680112948769665 0.3715415019762846 0.0318676885841065 0.010728402032749858
0 0.24263816054860832 0.3747882552230378 0.08834207341670028 0.014398644833427442
0 0.3327954820492134 0.3706945228684359 0.05163372327551432 0.01693958215697346
0 0.39854780153287617 0.3681535855448899 0.05163372327551432 0.018633540372670808
0 0.4564340459862848 0.37634105025409376 0.038321903993545785 0.023715415019762844
0 0.5510286405808794 0.37634105025409376 0.12020976200080678 0.02710333145115754
0 0.6085114965711981 0.3771880293619424 0.0028237192416296895 0.002258610954263128
0 0.6101250504235579 0.3654714850367024 0.0028237192416296895 0.006493506493506494
0 0.1809197256958451 0.4191134952004517 0.06171843485276321 0.016092603049124788
0 0.2353771682129891 0.4192546583850932 0.024606696248487294 0.01637492941840768
0 0.27853973376361435 0.423630717108978 0.0391286809197257 0.012140033879164314
0 0.31887858007260994 0.42080745341614906 0.018152480839048003 0.014963297571993224
0 0.3781766841468334 0.4227837380011293 0.07785397337636143 0.023433088650479956
0 0.45582896329164985 0.4202428006775833 0.0500201694231545 0.017786561264822136
0 0.5114965711980637 0.41953698475437606 0.041145623235175476 0.01637492941840768
0 0.5847115772488907 0.42476002258610956 0.08350141185962082 0.022868435911914172
0 0.645219846712384 0.4246188594014681 0.011698265429608713 0.010163749294184076
0 0.6912061315046389 0.42377188029361945 0.04477611940298507 0.01129305477131564
0 0.7712787414279951 0.4254658385093168 0.08713190802743041 0.025409373235460192
0 0.8400564743848326 0.42179559570863917 0.018959257765227916 0.01355166572557877
0 0.16337232755143202 0.46597967250141165 0.033884630899556276 0.0189158667419537
0 0.24223477208551836 0.4733201581027668 0.08672851956434045 0.027950310559006212
0 0.3083904800322711 0.4764257481648786 0.02702702702702703 0.0251270468661773
0 0.3973376361436063 0.4743083003952569 0.11859620814844696 0.02710333145115754
0 0.536103267446551 0.4767080745341615 0.12424364663170634 0.021739130434782608
0 0.6419927390076644 0.4719085262563523 0.07301331181928197 0.014963297571993224
0 0.7079467527228721 0.4771315640880858 0.03791851553045583 0.02710333145115754
0 0.7539330375151271 0.4748729531338227 0.03065752319483663 0.010728402032749858
0 0.20169423154497781 0.5249858836815359 0.10407422347720856 0.0251270468661773
0 0.3327954820492134 0.5221626199887069 0.12585720048406615 0.01948051948051948
0 0.42073416700282373 0.5282326369282891 0.02743041549011698 0.024280067758328628
0 0.4616780960064542 0.5231507622811971 0.033481242436466316 0.015245623941276116
0 0.5344897135941912 0.5265386787125917 0.08390480032271078 0.025974025974025976
0 0.6343283582089553 0.5265386787125917 0.0899556272690601 0.024280067758328628
0 0.6879790237999194 0.5304912478825522 0.0028237192416296895 0.002258610954263128
0 0.7311415893505446 0.5210333145115754 0.05687777329568374 0.017221908526256352
0 0.7855990318676885 0.5282326369282891 0.024606696248487294 0.026538678712591756
0 0.836829366680113 0.5224449463579899 0.03993545784590561 0.016092603049124788
0 0.20875352964905203 0.5735460191981931 0.11657926583299717 0.01101072840203275
0 0.3580072609923356 0.5735460191981931 0.15046389673255345 0.017786561264822136
0 0.5054457442517144 0.5721343873517787 0.10246066962484873 0.015527950310559006
0 0.5812827753126261 0.5719932241671372 0.020976200080677694 0.01693958215697346
0 0.6399757966922146 0.571005081874647 0.07139975796692215 0.01948051948051948
0 0.7057281161758774 0.5714285714285714 0.02864058087938685 0.019762845849802372
0 0.7488906817265026 0.5728402032749859 0.043162565550625254 0.017504234895539244
0 0.8063735377168213 0.5732636928289102 0.04921339249697459 0.017221908526256352
0 0.21117386042759176 0.6261998870694523 0.1189995966115369 0.02766798418972332
0 0.3061718434852763 0.6253529079616036 0.04517950786607503 0.009599096555618294
0 0.36829366680112946 0.6238001129305477 0.05647438483259379 0.013269339356295878
0 0.42496974586526826 0.6221061547148503 0.0318676885841065 0.016092603049124788
0 0.509883017345704 0.6288819875776398 0.11778943122226704 0.022868435911914172
0 0.6010488100040339 0.6225296442687747 0.03711173860427592 0.017504234895539244
0 0.654901169826543 0.629587803500847 0.04881000403388463 0.025974025974025976
0 0.7208551835417507 0.6242236024844721 0.0645421540943929 0.015245623941276116
0 0.8100040338846309 0.6221061547148503 0.0782573618394514 0.01948051948051948
0 0.18293666801129488 0.6715132693393563 0.06494554255748286 0.020609824957651044
0 0.290843081887858 0.6717955957086392 0.12101653892698669 0.018351214003387916
0 0.4025816861637757 0.6833709768492378 0.0572811617587737 0.0251270468661773
0 0.4792254941508673 0.6757481648785997 0.06857603872529246 0.026256352343308864
0 0.5463896732553449 0.6717955957086392 0.040742234772085516 0.018351214003387916
0 0.6030657523194837 0.6726425748164878 0.042759177087535294 0.0189158667419537
0 0.6563130294473578 0.6736307171089779 0.03872529245663574 0.018633540372670808
0 0.7355788624445341 0.6801242236024845 0.09883017345703912 0.02766798418972332
0 0.8311819281968535 0.6809712027103332 0.06897942718838242 0.02766798418972332
0 0.8741427995159339 0.6837944664031621 0.004033884630899556 0.0016939582156973462
