0 0.14622831787010893 0.20920383963862224 0.004437273093989512 0.005081874647092038
0 0.17789431222267044 0.2186617730095991 0.04679306171843485 0.017786561264822136
0 0.22851956434045986 0.22289666854884246 0.01008471157724889 0.007622811970638058
0 0.30919725695845096 0.22444946357989837 0.07624041952400161 0.03274985883681536
0 0.3949173053650666 0.22261434217955958 0.05244050020169423 0.015527950310559006
0 0.4318273497377975 0.22077922077922077 0.004437273093989512 0.015245623941276116
0 0.4445340863251311 0.21047430830039526 0.004033884630899556 0.006493506493506494
0 0.47418313836224285 0.22035573122529645 0.021379588543767647 0.017786561264822136
0 0.5300524405002017 0.22063805759457933 0.055667607906413875 0.015527950310559006
0 0.5667607906413876 0.22783738001129306 0.004033884630899556 0.0016939582156973462
0 0.5984267849939492 0.2127329192546584 0.003630496167809601 0.005364201016374929
0 0.6024606696248487 0.22077922077922077 0.0052440500201694235 0.018068887634105024
0 0.6569181121419927 0.21922642574816487 0.07059298104074223 0.018351214003387916
0 0.7063331988705123 0.2180971202710333 0.007260992335619202 0.016092603049124788
0 0.7664380798709157 0.21936758893280633 0.05889471561113352 0.019198193111236588
0 0.20129084308188785 0.2732919254658385 0.11214199273900767 0.02258610954263128
0 0.27289229528035497 0.2714568040654997 0.006857603872529245 0.017221908526256352
0 0.35498184751916095 0.2761151891586674 0.09600645421540945 0.025974025974025976
0 0.43243243243243246 0.2715979672501412 0.008067769261799113 0.019198193111236588
0 0.4683340056474385 0.27442123094297005 0.02501008471157725 0.007340485601355167
0 0.5562726906010488 0.2738565782044043 0.09762000806776926 0.021456804065499716
0 0.6079064138765631 0.28274985883681536 0.004840661557079467 0.006493506493506494
0 0.6387656313029447 0.2728684359119142 0.026220250100847116 0.016092603049124788
0 0.682129891085115 0.2715979672501412 0.007260992335619202 0.015245623941276116
0 0.7222670431625655 0.2756916996047431 0.043162565550625254 0.027385657820440428
0 0.7952803549818476 0.2723037831733484 0.06494554255748286 0.017221908526256352
0 0.1498588140379185 0.3232636928289102 0.024606696248487294 0.019198193111236588
0 0.1972569584509883 0.33272162619988704 0.026623638563937072 0.016657255787690572
0 0.2753126260588947 0.3290513833992095 0.06575231948366277 0.0251270468661773
0 0.32553448971359417 0.32269904009034445 0.00645421540943929 0.014116318464144552
0 0.3563937071399758 0.3204404291360813 0.0052440500201694235 0.014680971202710334
0 0.39552238805970147 0.33201581027667987 0.0318676885841065 0.018633540372670808
0 0.44231544977813636 0.32269904009034445 0.018152480839048003 0.01355166572557877
0 0.5161355385235982 0.32269904009034445 0.09479628882613957 0.015245623941276116
0 0.5792658329971763 0.3328627893845285 0.004033884630899556 0.00846979107848673
0 0.6325131101250504 0.3234048560135517 0.05486083098023396 0.014398644833427442
0 0.6841468334005647 0.3241106719367589 0.00645421540943929 0.014680971202710334
0 0.745663574021783 0.3242518351214003 0.07139975796692215 0.01383399209486166
0 0.8087938684953611 0.32495765104460755 0.03146430012101654 0.015245623941276116
0 0.1680112948769665 0.37577639751552794 0.03993545784590561 0.024844720496894408
0 0.23517547398144414 0.3771880293619424 0.04033884630899556 0.01637492941840768
0 0.3061718434852763 0.37676453980801805 0.03469140782573618 0.016657255787690572
0 0.4056070996369504 0.38099943534726144 0.13432835820895522 0.022868435911914172
0 0.509076240419524 0.37775268210050816 0.022589753933037516 0.019762845849802372
0 0.563331988705123 0.3793054771315641 0.033481242436466316 0.017221908526256352
0 0.6331181928196854 0.38226990400903443 0.06897942718838242 0.023150762281197064
0 0.7101653892698668 0.37549407114624506 0.02864058087938685 0.014680971202710334
0 0.7501008471157725 0.383399209486166 0.027833803953206938 0.014116318464144552
0 0.7932634126663978 0.37987012987012986 0.02218636546994756 0.007058159232072276
0 0.18313836224283986 0.43266516092603047 0.05647438483259379 0.02456239412761152
0 0.2599838644614764 0.42843026538678713 0.021379588543767647 0.012140033879164314
0 0.2952803549818475 0.4277244494635799 0.026623638563937072 0.01355166572557877
0 0.3590157321500605 0.4264539808018069 0.05808793868495361 0.014963297571993224
0 0.4247680516337233 0.42828910220214567 0.029043969342476807 0.019762845849802372
0 0.5286405808793868 0.4302653867871259 0.12868091972569584 0.026538678712591756
0 0.5984267849939492 0.43492377188029363 0.0060508269463493344 0.007058159232072276
0 0.6423961274707544 0.4244776962168266 0.03670835014118596 0.01383399209486166
0 0.6920129084308189 0.4265951439864483 0.027833803953206938 0.014680971202710334
0 0.7603872529245663 0.4311123658949746 0.07583703106091166 0.009034443817052512
0 0.17930617184348527 0.47600225861095424 0.051230334812424366 0.015810276679841896
0 0.26744655102864057 0.48461321287408243 0.048406615570794675 0.015527950310559006
0 0.33400564743848327 0.47896668548842464 0.008874546187979023 0.005928853754940711
0 0.4225494150867285 0.47600225861095424 0.1044776119402985 0.015810276679841896
0 0.4868898749495764 0.48743647656691136 0.007260992335619202 0.007058159232072276
0 0.5282371924162969 0.4784020327498588 0.04881000403388463 0.014398644833427442
0 0.5951996772892295 0.4798136645962733 0.043969342476805166 0.01383399209486166
0 0.6379588543767648 0.47910784867306605 0.013311819281968536 0.012422360248447204
0 0.6841468334005647 0.4775550536420102 0.03711173860427592 0.01383399209486166
0 0.7129891085114965 0.4839073969508752 0.003630496167809601 0.007340485601355167
0 0.7482855990318676 0.4764257481648786 0.03872529245663574 0.016657255787690572
0 0.7831787010891489 0.47684923771880294 0.020572811617587738 0.015245623941276116
0 0.8166599435256152 0.48023715415019763 0.013311819281968536 0.006775832862789385
