0 0.16498588140379186 0.31719367588932806 0.01855586930213796 0.016657255787690572
0 0.208955223880597 0.32580463015245625 0.04356595401371521 0.024844720496894408
0 0.2591770875352965 0.31874647092038394 0.0318676885841065 0.017504234895539244
0 0.33118192819685355 0.3243929983060418 0.08471157724889068 0.025409373235460192
0 0.39330375151270675 0.32269904009034445 0.01290843081887858 0.009599096555618294
0 0.44332392093586126 0.3181818181818182 0.05244050020169423 0.017504234895539244
0 0.4780153287615974 0.32919254658385094 0.0024203307785397336 0.005081874647092038
0 0.5308592174263816 0.32382834556747603 0.08713190802743041 0.024280067758328628
0 0.608713190802743 0.31945228684359117 0.04921339249697459 0.018351214003387916
0 0.655304558289633 0.31832298136645965 0.01573215006050827 0.015527950310559006
0 0.6952400161355385 0.32298136645962733 0.040742234772085516 0.009599096555618294
0 0.7613957240822913 0.32142857142857145 0.06333198870512304 0.022303783173348392
0 0.20935861234368697 0.36928289102202144 0.11698265429608713 0.019198193111236588
0 0.3051633723275514 0.36984754376058726 0.0463896732553449 0.018068887634105024
0 0.4199273900766438 0.3740824392998306 0.15893505445744252 0.02766798418972332
0 0.554860830980234 0.37337662337662336 0.07785397337636143 0.011575381140598532
0 0.6198063735377168 0.3697063805759458 0.020572811617587738 0.016657255787690572
0 0.691407825736184 0.36984754376058726 0.0927793465106898 0.021456804065499716
0 0.7745058491327148 0.370412196499153 0.04759983864461476 0.015810276679841896
0 0.8414683340056475 0.37422360248447206 0.05647438483259379 0.028514963297571992
0 0.881403791851553 0.38015245623941274 0.004033884630899556 0.007058159232072276
0 0.17265026220250101 0.41967814793901753 0.04437273093989512 0.017221908526256352
0 0.23961274707543365 0.4192546583850932 0.055667607906413875 0.017504234895539244
0 0.2928600242033078 0.4193958215697346 0.023396530859217425 0.017786561264822136
0 0.36244453408632515 0.42193675889328064 0.0899556272690601 0.02456239412761152
0 0.44050020169423154 0.4243365330321852 0.04517950786607503 0.010728402032749858
0 0.5010084711577248 0.4230660643704122 0.0572811617587737 0.0251270468661773
0 0.581686163775716 0.41883116883116883 0.08229124647035095 0.020609824957651044
0 0.6663977410246067 0.42165443252399776 0.06292860024203308 0.015527950310559006
0 0.7162162162162162 0.42405420666290233 0.013311819281968536 0.00846979107848673
0 0.7745058491327148 0.4209486166007905 0.0790641387656313 0.018068887634105024
0 0.17244856797095603 0.4719085262563523 0.043162565550625254 0.015527950310559006
0 0.23134328358208955 0.47035573122529645 0.03751512706736587 0.017504234895539244
0 0.3162565550625252 0.4710615471485037 0.08955223880597014 0.0189158667419537
0 0.40964098426784995 0.47219085262563526 0.06575231948366277 0.017786561264822136
0 0.46994755949979833 0.4709203839638622 0.023396530859217425 0.015245623941276116
0 0.5443727309398951 0.47571993224167136 0.09883017345703912 0.024844720496894408
0 0.6006454215409439 0.48122529644268774 0.003227107704719645 0.004234895539243365
0 0.6319080274304155 0.47247317899491814 0.03670835014118596 0.016092603049124788
0 0.6883824122630092 0.47586109542631283 0.051230334812424366 0.028514963297571992
0 0.7438483259378782 0.4709203839638622 0.03953206938281565 0.018633540372670808
0 0.8249294070189592 0.4720496894409938 0.08793868495361033 0.019198193111236588
0 0.22690601048810005 0.5173630717108978 0.1472367890278338 0.023433088650479956
0 0.31040742234772084 0.5265386787125917 0.0028237192416296895 0.0016939582156973462
