0 0.1744655102864058 0.22501411631846416 0.02702702702702703 0.014116318464144552
0 0.2408229124647035 0.22699040090344438 0.06212182331585317 0.01355166572557877
0 0.3225090762404195 0.2264257481648786 0.04800322710770472 0.012422360248447204
0 0.4189189189189189 0.2329192546583851 0.06333198870512304 0.010728402032749858
0 0.5213795885437676 0.2285431959345003 0.09237595804759983 0.017786561264822136
0 0.572206534893102 0.2341897233201581 0.006857603872529245 0.007058159232072276
0 0.6567164179104478 0.22571993224167136 0.09923356192012908 0.015527950310559006
0 0.7509076240419524 0.22826086956521738 0.033481242436466316 0.005928853754940711
0 0.7993142396127471 0.22543760587238848 0.024606696248487294 0.012704686617730096
0 0.18757563533682936 0.2790796160361378 0.055667607906413875 0.005364201016374929
0 0.2254941508672852 0.28402032749858835 0.003227107704719645 0.00564652738565782
0 0.272488906817265 0.275974025974026 0.057684550221863654 0.012140033879164314
0 0.3414683340056474 0.279785431959345 0.04235578862444534 0.00564652738565782
0 0.3973376361436063 0.27936194240542067 0.022589753933037516 0.004799548277809147
0 0.46329164985881405 0.28147939017504237 0.05687777329568374 0.014116318464144552
0 0.5641387656313029 0.2789384528514963 0.09076240419524001 0.019762845849802372
0 0.6651875756353368 0.2758328627893845 0.05405405405405406 0.014116318464144552
0 0.7260992335619201 0.277244494635799 0.003227107704719645 0.010728402032749858
0 0.7690601048810004 0.27526821005081875 0.038321903993545785 0.01355166572557877
0 0.2035094796288826 0.326369282891022 0.08430818878580072 0.015810276679841896
0 0.31766841468334006 0.3277809147374365 0.07866075030254134 0.017504234895539244
0 0.39552238805970147 0.3255223037831734 0.019766034691407825 0.01355166572557877
0 0.4618797902379992 0.3287690570299266 0.07583703106091166 0.007058159232072276
0 0.5082694634933441 0.33540372670807456 0.004033884630899556 0.00564652738565782
0 0.5572811617587737 0.3256634669678148 0.035901573215006054 0.012140033879164314
0 0.6161758773699072 0.32594579333709767 0.04154901169826543 0.012704686617730096
0 0.6678096006454215 0.3315923207227555 0.02218636546994756 0.01101072840203275
0 0.7148043565954014 0.3245341614906832 0.023396530859217425 0.012140033879164314
0 0.7851956434045986 0.3287690570299266 0.06171843485276321 0.017786561264822136
0 0.19322307382008874 0.3761998870694523 0.07745058491327148 0.012140033879164314
0 0.2876159741831384 0.37888198757763975 0.04759983864461476 0.006775832862789385
0 0.3501411859620815 0.3761998870694523 0.01936264622831787 0.013269339356295878
0 0.42174263816054863 0.37874082439299833 0.06333198870512304 0.017221908526256352
0 0.45885437676482455 0.3815640880858272 0.0028237192416296895 0.001976284584980237
0 0.5102864058087939 0.3805759457933371 0.033884630899556276 0.015245623941276116
0 0.581484469544171 0.3793054771315641 0.06333198870512304 0.015527950310559006
0 0.6573215006050827 0.3804347826086957 0.0391286809197257 0.020045172219085264
0 0.7226704316256555 0.38198757763975155 0.0463896732553449 0.010728402032749858
0 0.7981040742234772 0.38114059853190285 0.057684550221863654 0.012422360248447204
