0 0.1855586930213796 0.22035573122529645 0.07503025413473174 0.034161490683229816
0 0.27833803953206937 0.2180971202710333 0.11214199273900767 0.0409373235460192
0 0.3336022589753933 0.2236024844720497 0.01290843081887858 0.010728402032749858
0 0.40883420734167003 0.2124505928853755 0.11980637353771682 0.022868435911914172
0 0.4846712384025817 0.2220496894409938 0.014118596208148447 0.009316770186335404
0 0.54497781363453 0.20821569734613213 0.0790641387656313 0.026256352343308864
0 0.609721661960468 0.20878035008469792 0.043969342476805166 0.026256352343308864
0 0.6446147640177491 0.21894409937888198 0.055667607906413875 0.029079616036137776
0 0.7047196450181524 0.2106154714850367 0.041145623235175476 0.021456804065499716
0 0.754538120209762 0.2149915302089215 0.024606696248487294 0.01383399209486166
0 0.8130294473578056 0.21414455110107283 0.08350141185962082 0.03190287972896669
0 0.17244856797095603 0.3105590062111801 0.07220653489310205 0.024280067758328628
0 0.25514320290439696 0.31747600225861095 0.07301331181928197 0.014398644833427442
0 0.35074626865671643 0.31211180124223603 0.07704719645018153 0.027385657820440428
0 0.38563937071399756 0.32735742518351213 0.01371520774505849 0.008752117447769622
0 0.4376764824526019 0.3132411067193676 0.03791851553045583 0.026821005081874648
0 0.5806776926179911 0.3123941276115189 0.24162968939088342 0.026256352343308864
0 0.691407825736184 0.32495765104460755 0.014521984671238403 0.007905138339920948
0 0.7615974183138362 0.3125352907961604 0.07664380798709157 0.024844720496894408
0 0.817870108914885 0.31592320722755507 0.038321903993545785 0.014116318464144552
0 0.1980637353771682 0.3699887069452287 0.10488100040338846 0.020609824957651044
0 0.32109721661960466 0.3643421795595709 0.08551835417507059 0.02456239412761152
0 0.41528842275110933 0.3629305477131564 0.07059298104074223 0.021739130434782608
0 0.4927390076643808 0.36589497459062675 0.0609116579265833 0.031055900621118012
0 0.6034691407825736 0.36984754376058726 0.17103670835014118 0.03896103896103896
0 0.6942315449778136 0.3705533596837945 0.0024203307785397336 0.002540937323546019
0 0.7214602662363856 0.3526256352343309 0.00927793465106898 0.006211180124223602
0 0.20956030657523195 0.41360813099943533 0.09883017345703912 0.025409373235460192
0 0.29790237999193225 0.41445511010728403 0.04477611940298507 0.0220214568040655
0 0.3676885841064946 0.41798418972332013 0.0754336425978217 0.014398644833427442
0 0.4505849132714804 0.41417278373800115 0.04759983864461476 0.0220214568040655
0 0.5603065752319484 0.4165725578769057 0.11859620814844696 0.03020892151326934
0 0.6750705929810408 0.41332580463015245 0.08430818878580072 0.024844720496894408
0 0.7759177087535296 0.41360813099943533 0.09318273497377975 0.021456804065499716
0 0.18838241226300928 0.5177865612648221 0.055667607906413875 0.03162055335968379
0 0.3313836224283985 0.5230095990965556 0.1891891891891892 0.040372670807453416
0 0.5387252924566357 0.5211744776962168 0.19402985074626866 0.042348955392433656
0 0.7198467123840259 0.5160926030491247 0.118192819685357 0.025974025974025976
0 0.8142396127470755 0.5183512140033879 0.06655909640984267 0.03162055335968379
0 0.2373941105284389 0.6214003387916431 0.15207745058491326 0.031055900621118012
0 0.3325937878176684 0.6226708074534162 0.004437273093989512 0.001411631846414455
0 0.39209358612343687 0.6170242800677583 0.07260992335619201 0.01948051948051948
0 0.47983057684550223 0.6175889328063241 0.04719645018152481 0.028514963297571992
0 0.5316659943525616 0.6149068322981367 0.053247277127874144 0.023150762281197064
0 0.6575231948366277 0.6212591756070017 0.15732150060508268 0.016092603049124788
0 0.7946752722872126 0.6201298701298701 0.07018959257765228 0.014398644833427442
0 0.24868898749495763 0.665725578769057 0.1754739814441307 0.023715415019762844
0 0.4243646631706333 0.6664313946922643 0.14844695441710368 0.023433088650479956
0 0.5302541347317467 0.6661490683229814 0.043162565550625254 0.02456239412761152
0 0.6260588947156112 0.6667137210615471 0.1218233158531666 0.021739130434782608
0 0.7214602662363856 0.6668548842461886 0.043969342476805166 0.020327498588368152
0 0.800726099233562 0.6671372106154715 0.08874546187979024 0.020892151326933936
0 0.18313836224283986 0.7162619988706945 0.06857603872529246 0.0220214568040655
0 0.34066155707946755 0.7219085262563524 0.19241629689390882 0.034443817052512704
0 0.5002016942315449 0.7206380575945793 0.063735377168213 0.01383399209486166
0 0.5857200484066156 0.7178147939017504 0.08471157724889068 0.025691699604743084
0 0.6813231141589351 0.7171089779785432 0.05647438483259379 0.0220214568040655
0 0.8104074223477209 0.7224731789949181 0.1581282775312626 0.039525691699604744
