0 0.1718434852763211 0.20976849237718803 0.04356595401371521 0.019762845849802372
0 0.2716821298910851 0.21174477696216826 0.09721661960467931 0.018068887634105024
0 0.36405808793868494 0.21739130434782608 0.03751512706736587 0.009034443817052512
0 0.4171036708350141 0.2149915302089215 0.01936264622831787 0.023433088650479956
0 0.47882210568777733 0.21456804065499718 0.06776926179911255 0.015810276679841896
0 0.5256151674062122 0.22162619988706944 0.0024203307785397336 0.003952569169960474
0 0.5703912868091973 0.2124505928853755 0.048406615570794675 0.017786561264822136
0 0.6302944735780557 0.21230942970073405 0.02944735780556676 0.019762845849802372
0 0.6809197256958451 0.21230942970073405 0.05970149253731343 0.019762845849802372
0 0.7579669221460267 0.21287408243929984 0.06696248487293263 0.019198193111236588
0 0.8469140782573619 0.2155561829474873 0.0681726502622025 0.015527950310559006
0 0.16962484872932634 0.2607284020327499 0.020572811617587738 0.020045172219085264
0 0.23759580475998388 0.26439864483342745 0.0782573618394514 0.02456239412761152
0 0.2964905203711174 0.26750423489553926 0.010488100040338847 0.007622811970638058
0 0.33743444937474787 0.2707509881422925 0.0326744655102864 0.015245623941276116
0 0.3795885437676482 0.26750423489553926 0.015328761597418314 0.008752117447769622
0 0.4211375554659137 0.2621400338791643 0.03630496167809601 0.018351214003387916
0 0.48305768455022186 0.2632693393562959 0.04235578862444534 0.017786561264822136
0 0.5320693828156515 0.2673630717108978 0.01936264622831787 0.007905138339920948
0 0.5607099636950383 0.2576228119706381 0.004840661557079467 0.005364201016374929
0 0.5903590157321501 0.2684923771880294 0.03670835014118596 0.007905138339920948
0 0.6474384832593788 0.26256352343308864 0.035498184751916094 0.018633540372670808
0 0.6887858007260992 0.2684923771880294 0.01008471157724889 0.007905138339920948
0 0.7353771682129892 0.2652456239412761 0.03469140782573618 0.028514963297571992
0 0.7896329164985881 0.26905702992659514 0.03670835014118596 0.010728402032749858
0 0.8418717224687374 0.264257481648786 0.03953206938281565 0.01637492941840768
0 0.17648245260185558 0.3125352907961604 0.03428801936264623 0.018633540372670808
0 0.2198467123840258 0.3188876341050254 0.010488100040338847 0.007622811970638058
0 0.27228721258572003 0.31281761716544326 0.0572811617587737 0.020327498588368152
0 0.3424768051633723 0.3154997176736307 0.05163372327551432 0.026256352343308864
0 0.36506655909640984 0.3059006211180124 0.003227107704719645 0.005928853754940711
0 0.38140379185155304 0.32185206098249575 0.002016942315449778 0.004517221908526256
0 0.4146833400564744 0.31281761716544326 0.04195240016135539 0.020892151326933936
0 0.45784590560709965 0.3188876341050254 0.01936264622831787 0.00818746470920384
0 0.5310609116579266 0.3188876341050254 0.08430818878580072 0.0189158667419537
0 0.6238402581686163 0.3147939017504235 0.058491327148043566 0.014680971202710334
0 0.6859620814844696 0.3167701863354037 0.01734570391286809 0.020327498588368152
0 0.7533279548204921 0.3169113495200452 0.06978620411456232 0.0189158667419537
0 0.8293666801129488 0.3221343873517787 0.0500201694231545 0.01693958215697346
0 0.20613150463896732 0.36335403726708076 0.09600645421540945 0.017504234895539244
0 0.30677692617991126 0.36462450592885376 0.06494554255748286 0.017221908526256352
0 0.37777329568374346 0.367871259175607 0.03509479628882614 0.009034443817052512
0 0.42416296893908834 0.36645962732919257 0.018152480839048003 0.015245623941276116
0 0.46672045179507865 0.36363636363636365 0.029043969342476807 0.018068887634105024
0 0.5312626058894716 0.36490683229813664 0.04356595401371521 0.017786561264822136
0 0.5798709156918113 0.3663184641445511 0.01653892698668818 0.021739130434782608
0 0.6377571601452199 0.3654714850367024 0.060508269463493344 0.021174477696216828
0 0.6718434852763211 0.3718238283455675 0.002016942315449778 0.0016939582156973462
0 0.7057281161758774 0.364059853190288 0.0326744655102864 0.0189158667419537
0 0.7472771278741428 0.3663184641445511 0.01734570391286809 0.021739130434782608
0 0.7938684953610327 0.36476566911349523 0.04759983864461476 0.019198193111236588
0 0.8442920532472771 0.3695652173913043 0.03146430012101654 0.007905138339920948
0 0.17164179104477612 0.41459627329192544 0.025413473174667203 0.017786561264822136
0 0.25312626058894716 0.41643139469226426 0.09479628882613957 0.019762845849802372
0 0.31242436466317064 0.4234895539243365 0.0028237192416296895 0.005081874647092038
0 0.3354175070592981 0.415725578769057 0.024606696248487294 0.017786561264822136
0 0.39975796692214605 0.41953698475437606 0.0790641387656313 0.024280067758328628
0 0.4780153287615974 0.4147374364765669 0.05244050020169423 0.017504234895539244
0 0.5175473981444131 0.42320722755505363 0.0024203307785397336 0.004517221908526256
0 0.5570794675272287 0.4153020892151327 0.04921339249697459 0.01693958215697346
0 0.6381605486083098 0.4192546583850932 0.08067769261799113 0.023150762281197064
0 0.7430415490116983 0.41727837380011296 0.08309802339653086 0.015245623941276116
0 0.8188785800726099 0.4171372106154715 0.01936264622831787 0.014963297571993224
