0 0.14804356595401372 0.220214568040655 0.03711173860427592 0.03162055335968379
0 0.21964501815248083 0.21146245059288538 0.052843888664784185 0.023150762281197064
0 0.3011294876966519 0.2090626764539808 0.0536506655909641 0.021174477696216828
0 0.3755546591367487 0.2137210615471485 0.03227107704719645 0.02766798418972332
0 0.43848325937878174 0.21075663466967814 0.04921339249697459 0.023433088650479956
0 0.5334812424364663 0.2100508187464709 0.10125050423557887 0.023150762281197064
0 0.6262605889471561 0.20793337097684925 0.03428801936264623 0.021739130434782608
0 0.6865671641791045 0.2106154714850367 0.05405405405405406 0.020892151326933936
0 0.8093989511899959 0.2121682665160926 0.14078257361839452 0.03190287972896669
0 0.14784187172246874 0.2662337662337662 0.027833803953206938 0.018633540372670808
0 0.24062121823315852 0.26016374929418407 0.09398951189995966 0.027385657820440428
0 0.2972972972972973 0.2651044607566347 0.003227107704719645 0.00282326369282891
0 0.35175473981444133 0.26312817617165446 0.04679306171843485 0.021456804065499716
0 0.42517144009681324 0.2618577075098814 0.060508269463493344 0.023997741389045736
0 0.5697862041145624 0.2648221343873518 0.15772488906817264 0.026538678712591756
0 0.7111738604275918 0.2598814229249012 0.07987091569181122 0.023997741389045736
0 0.7974989915288423 0.25691699604743085 0.04921339249697459 0.018633540372670808
0 0.20108914885034287 0.3201581027667984 0.12141992739007665 0.037267080745341616
0 0.299919322307382 0.30999435347261434 0.02944735780556676 0.024280067758328628
0 0.35962081484469544 0.3176171654432524 0.030254134731746672 0.014680971202710334
0 0.45340863251311014 0.31084133258046304 0.09762000806776926 0.023715415019762844
0 0.5419524001613554 0.3129587803500847 0.031060911657926585 0.012140033879164314
0 0.6117386042759178 0.3073122529644269 0.043969342476805166 0.01948051948051948
0 0.7083501411859621 0.3059006211180124 0.10165389269866881 0.01948051948051948
0 0.2117789431222267 0.37238848108413325 0.14199273900766438 0.039525691699604744
0 0.3370310609116579 0.36278938452851495 0.05445744251714401 0.02258610954263128
0 0.4100443727309399 0.36377752682100506 0.027833803953206938 0.0251270468661773
0 0.4947559499798306 0.36716544325239975 0.0826946349334409 0.03190287972896669
0 0.6345300524405002 0.3684359119141728 0.1371520774505849 0.031055900621118012
0 0.7127874142799516 0.3687182382834557 0.0024203307785397336 0.0033879164313946925
0 0.7468737394110528 0.3468379446640316 0.003630496167809601 0.010446075663466968
0 0.7843888664784188 0.3538961038961039 0.057684550221863654 0.021174477696216828
0 0.86385639370714 0.3512140033879164 0.06333198870512304 0.02710333145115754
0 0.9045986284792255 0.33921513269339354 0.003630496167809601 0.010446075663466968
0 0.918313836224284 0.36773009599096557 0.0060508269463493344 0.009881422924901186
0 0.1672045179507866 0.41219649915302087 0.03751512706736587 0.025974025974025976
0 0.2593787817668415 0.410643704121965 0.08390480032271078 0.023997741389045736
0 0.31847519160952 0.4202428006775833 0.006857603872529245 0.008752117447769622
0 0.3467123840258169 0.40132693393562957 0.0028237192416296895 0.009316770186335404
0 0.3783783783783784 0.4105025409373235 0.023396530859217425 0.02766798418972332
0 0.4792254941508673 0.4134669678147939 0.11214199273900767 0.023997741389045736
0 0.5613150463896732 0.4257481648785997 0.004437273093989512 0.012422360248447204
0 0.63695038321904 0.4083850931677019 0.10649455425574829 0.023433088650479956
0 0.7218636546994756 0.40669113495200454 0.02218636546994756 0.020045172219085264
0 0.7684550221863655 0.4103613777526821 0.017749092375958047 0.011575381140598532
0 0.8475191609519968 0.41318464144551104 0.08955223880597014 0.03077357425183512
0 0.22428398547801534 0.46597967250141165 0.1290843081887858 0.0189158667419537
0 0.2983057684550222 0.46485036702428006 0.004437273093989512 0.001976284584980237
0 0.4056070996369504 0.4621682665160926 0.14400968132311415 0.029361942405420668
0 0.5619201290843082 0.46414455110107283 0.09439290036304962 0.019762845849802372
0 0.645824929407019 0.46259175607001696 0.029043969342476807 0.023997741389045736
0 0.7018959257765228 0.4601919819311124 0.03307785397337636 0.023715415019762844
0 0.7753126260588947 0.4570863918690006 0.08148446954417103 0.024844720496894408
0 0.827551432029044 0.4673913043478261 0.010891488503428802 0.020609824957651044
0 0.873336022589754 0.45412196499153024 0.03953206938281565 0.023433088650479956
0 0.16498588140379186 0.5141163184641445 0.022589753933037516 0.0220214568040655
0 0.263816054860831 0.5220214568040655 0.06857603872529246 0.03274985883681536
0 0.3501411859620815 0.5158102766798419 0.04921339249697459 0.0220214568040655
0 0.43142396127470756 0.5165160926030491 0.06655909640984267 0.029079616036137776
0 0.4802339653085922 0.5206098249576511 0.024606696248487294 0.00282326369282891
0 0.5038321903993546 0.5199040090344438 0.004033884630899556 0.001976284584980237
0 0.572206534893102 0.5134105025409373 0.08753529649052037 0.022303783173348392
0 0.6464300121016539 0.512987012987013 0.018959257765227916 0.011857707509881422
0 0.7234772085518354 0.5215979672501412 0.06736587333602259 0.026256352343308864
0 0.7706736587333602 0.5175042348955392 0.006857603872529245 0.010728402032749858
0 0.8356192012908431 0.5098814229249012 0.09318273497377975 0.029926595143986448
0 0.2055264219443324 0.5708639186900056 0.09721661960467931 0.03557312252964427
0 0.2626058894715611 0.5718520609824957 0.005647438483259379 0.011575381140598532
0 0.31968535699878986 0.5647939017504235 0.05929810407422348 0.021739130434782608
0 0.41770875352964904 0.5604178430265386 0.08108108108108109 0.024280067758328628
0 0.4864864864864865 0.5639469226425748 0.017749092375958047 0.012140033879164314
0 0.5457845905607099 0.564935064935065 0.07987091569181122 0.03274985883681536
0 0.6409842678499394 0.55957086391869 0.07583703106091166 0.02710333145115754
0 0.6932230738200887 0.5662055335968379 0.0028237192416296895 0.0036702428006775835
0 0.7488906817265026 0.5574534161490683 0.045582896329164985 0.025691699604743084
0 0.8321903993545785 0.5587238848108413 0.08551835417507059 0.025974025974025976
0 0.8929003630496167 0.5708639186900056 0.0060508269463493344 0.010163749294184076
0 0.1865671641791045 0.6259175607001694 0.06897942718838242 0.023715415019762844
0 0.3100040338846309 0.6109542631281761 0.08834207341670028 0.029926595143986448
0 0.4156918112141993 0.6147656691134952 0.06897942718838242 0.017221908526256352
0 0.4987898346107301 0.6164596273291926 0.0609116579265833 0.017786561264822136
0 0.5724082291246471 0.6133540372670807 0.02016942315449778 0.011575381140598532
0 0.6563130294473578 0.6175889328063241 0.09681323114158935 0.034161490683229816
0 0.7164179104477612 0.6136363636363636 0.004033884630899556 0.007622811970638058
0 0.7783380395320694 0.6079898362507058 0.07382008874546188 0.02456239412761152
0 0.8672851956434046 0.6054488989271598 0.05405405405405406 0.022303783173348392
0 0.19564340459862847 0.6750423489553924 0.08713190802743041 0.03896103896103896
0 0.27934651068979427 0.6688311688311688 0.022993142396127472 0.0220214568040655
0 0.43485276321097216 0.6706662902315076 0.19927390076643808 0.03867871259175607
0 0.5752319483662768 0.6653020892151327 0.029850746268656716 0.035290796160361376
0 0.63695038321904 0.6653020892151327 0.048406615570794675 0.021174477696216828
0 0.736385639370714 0.6634669678147939 0.11093182734973779 0.020892151326933936
0 0.8204921339249698 0.6605025409373235 0.016942315449778138 0.002540937323546019
0 0.15994352561516742 0.7193675889328063 0.01573215006050827 0.015245623941276116
0 0.299717628075837 0.7145680406549971 0.15570794675272287 0.038396386222473176
0 0.4663170633319887 0.7166854884246189 0.1145623235175474 0.03359683794466403
0 0.564340459862848 0.7114624505928854 0.029043969342476807 0.018633540372670808
0 0.6345300524405002 0.722755505364201 0.04759983864461476 0.024280067758328628
0 0.717628075837031 0.7196499153020892 0.0572811617587737 0.026538678712591756
0 0.7761194029850746 0.7172501411631846 0.00645421540943929 0.012704686617730096
