0 0.18878580072609924 0.27851496329757197 0.08632513110125051 0.0251270468661773
0 0.24707543364259782 0.2826086956521739 0.007664380798709157 0.01129305477131564
0 0.2843888664784187 0.2756916996047431 0.04195240016135539 0.01383399209486166
0 0.3755546591367487 0.2758328627893845 0.08793868495361033 0.015810276679841896
0 0.44332392093586126 0.27442123094297005 0.01936264622831787 0.014116318464144552
0 0.5026220250100847 0.2737154150197628 0.04679306171843485 0.015527950310559006
0 0.5625252117789431 0.2738565782044043 0.02218636546994756 0.018068887634105024
0 0.5986284792254941 0.2748447204968944 0.02581686163775716 0.01383399209486166
0 0.6603469140782574 0.27540937323546016 0.06292860024203308 0.01383399209486166
0 0.708753529649052 0.2795031055900621 0.0024203307785397336 0.0016939582156973462
0 0.7339653085921742 0.2735742518351214 0.014925373134328358 0.015810276679841896
0 0.7783380395320694 0.2738565782044043 0.0391286809197257 0.018068887634105024
0 0.19322307382008874 0.32495765104460755 0.0927793465106898 0.018633540372670808
0 0.2569584509883017 0.33554488989271597 0.00645421540943929 0.009881422924901186
0 0.2864058087938685 0.32495765104460755 0.022589753933037516 0.01693958215697346
0 0.345502218636547 0.3265104460756635 0.04235578862444534 0.008752117447769622
0 0.3918918918918919 0.31521739130434784 0.003630496167809601 0.008752117447769622
0 0.43485276321097216 0.3298983625070582 0.07583703106091166 0.03190287972896669
0 0.5002016942315449 0.3287690570299266 0.017749092375958047 0.00818746470920384
0 0.5597014925373134 0.3246753246753247 0.06252521177894312 0.015810276679841896
0 0.6016538926986689 0.31634669678147936 0.004437273093989512 0.007058159232072276
0 0.6044776119402985 0.33667419536984755 0.004437273093989512 0.00818746470920384
0 0.6381605486083098 0.32396950875211744 0.03065752319483663 0.0189158667419537
0 0.6974586526825333 0.32891022021456806 0.063735377168213 0.024844720496894408
0 0.7307382008874547 0.3341332580463015 0.0052440500201694235 0.009316770186335404
0 0.7630092779346511 0.3235460191981931 0.02218636546994756 0.01693958215697346
0 0.8170633319887052 0.32368718238283456 0.04154901169826543 0.015527950310559006
0 0.18253327954820492 0.37337662337662336 0.06333198870512304 0.017221908526256352
0 0.23053650665590963 0.3825522303783173 0.004437273093989512 0.009034443817052512
0 0.2535296490520371 0.36589497459062675 0.0028237192416296895 0.005081874647092038
0 0.2682533279548205 0.3730942970073405 0.016135538523598225 0.018351214003387916
0 0.32210568777732956 0.3753529079616036 0.040742234772085516 0.020609824957651044
0 0.37575635336829366 0.37422360248447206 0.02864058087938685 0.016657255787690572
0 0.43384429205324726 0.37704686617730093 0.04881000403388463 0.020045172219085264
0 0.5114965711980637 0.38438735177865613 0.060508269463493344 0.023997741389045736
0 0.5736183945139169 0.37351778656126483 0.03711173860427592 0.01637492941840768
0 0.6212182331585316 0.37859966120835686 0.029850746268656716 0.00846979107848673
0 0.672246873739411 0.3749294184076793 0.050423557886244454 0.017504234895539244
0 0.7317466720451795 0.3761998870694523 0.035498184751916094 0.014963297571993224
0 0.7934651068979427 0.37987012987012986 0.05889471561113352 0.021739130434782608
0 0.8350141185962081 0.38170525127046867 0.003227107704719645 0.002258610954263128
0 0.1619604679306172 0.42207792207792205 0.0318676885841065 0.01637492941840768
0 0.23073820088745461 0.429983060417843 0.07422347720855184 0.025409373235460192
0 0.30879386849536106 0.4233483907396951 0.03428801936264623 0.017221908526256352
0 0.36607503025413474 0.4254658385093168 0.04235578862444534 0.017504234895539244
0 0.445542557482856 0.4323828345567476 0.07382008874546188 0.026256352343308864
0 0.509479628882614 0.4295595708639187 0.03065752319483663 0.007622811970638058
0 0.5308592174263816 0.4354884246188594 0.00645421540943929 0.01101072840203275
0 0.5605082694634933 0.43040654997176736 0.01734570391286809 0.009316770186335404
0 0.6113352158128278 0.4268774703557312 0.043162565550625254 0.017504234895539244
0 0.6565147236789027 0.42504234895539245 0.02379991932230738 0.017786561264822136
0 0.7010891488503429 0.4258893280632411 0.04195240016135539 0.017221908526256352
0 0.7688584106494554 0.42617165443252397 0.050826946349334406 0.016092603049124788
0 0.8243243243243243 0.4264539808018069 0.03670835014118596 0.012704686617730096
0 0.18959257765227913 0.5278091473743648 0.063735377168213 0.028514963297571992
0 0.2579669221460266 0.5269621682665161 0.021379588543767647 0.01948051948051948
0 0.2983057684550222 0.529785431959345 0.00927793465106898 0.00818746470920384
0 0.3533682936668011 0.5275268210050819 0.03307785397337636 0.020045172219085264
0 0.38785800726099234 0.5334556747600225 0.01008471157724889 0.002540937323546019
