0 0.19947559499798306 0.21301524562394128 0.1036708350141186 0.01948051948051948
0 0.3162565550625252 0.21470920383963862 0.05647438483259379 0.0251270468661773
0 0.40399354578459057 0.21188594014680973 0.07624041952400161 0.020045172219085264
0 0.4889068172650262 0.2161208356860531 0.04195240016135539 0.010446075663466968
0 0.5514320290439694 0.2127329192546584 0.02016942315449778 0.016657255787690572
0 0.6119402985074627 0.21329757199322416 0.06292860024203308 0.018351214003387916
0 0.6772892295280355 0.21442687747035574 0.01936264622831787 0.01948051948051948
0 0.7222670431625655 0.21315640880858272 0.033481242436466316 0.019198193111236588
0 0.8176684146833401 0.21188594014680973 0.10246066962484873 0.021739130434782608
0 0.19060104881000403 0.26341050254093734 0.08592174263816055 0.018633540372670808
0 0.27309398951189995 0.2641163184641446 0.026623638563937072 0.016092603049124788
0 0.34751916095199675 0.2639751552795031 0.08672851956434045 0.018633540372670808
0 0.39673255344897135 0.275974025974026 0.01008471157724889 0.009881422924901186
0 0.45320693828156516 0.26679841897233203 0.052843888664784185 0.009599096555618294
0 0.5508269463493344 0.2748447204968944 0.08672851956434045 0.03980801806888763
0 0.6032674465510286 0.27315076228119706 0.00927793465106898 0.007622811970638058
0 0.6655909640984268 0.2723037831733484 0.07987091569181122 0.037549407114624504
0 0.7446551028640581 0.2648221343873518 0.03307785397337636 0.021456804065499716
0 0.8170633319887052 0.26256352343308864 0.07624041952400161 0.018068887634105024
0 0.86304961678096 0.2707509881422925 0.003630496167809601 0.002258610954263128
0 0.1565147236789028 0.3145115753811406 0.016942315449778138 0.01637492941840768
0 0.22045179507866075 0.32382834556747603 0.06010488100040339 0.03387916431394692
0 0.28176684146833403 0.31804065499717676 0.018959257765227916 0.008752117447769622
0 0.3259378781766841 0.3126764539808018 0.028237192416296894 0.017221908526256352
0 0.42174263816054863 0.3147939017504235 0.12706736587333603 0.021456804065499716
0 0.5207745058491328 0.31592320722755507 0.03791851553045583 0.014680971202710334
0 0.6522791448164582 0.320016939582157 0.18071803146430013 0.03190287972896669
0 0.8079870915691811 0.31832298136645965 0.10972166196046793 0.022303783173348392
0 0.17164179104477612 0.36476566911349523 0.05445744251714401 0.019198193111236588
0 0.24647035094796288 0.36476566911349523 0.03711173860427592 0.015245623941276116
0 0.3565954013715208 0.3718238283455675 0.1290843081887858 0.031055900621118012
0 0.42517144009681324 0.37450592885375494 0.003227107704719645 0.001976284584980237
0 0.472569584509883 0.36645962732919257 0.027833803953206938 0.015245623941276116
0 0.5352964905203711 0.36476566911349523 0.05808793868495361 0.018068887634105024
0 0.6587333602258976 0.36490683229813664 0.1581282775312626 0.01948051948051948
0 0.7958854376764825 0.36674195369847545 0.06212182331585317 0.01637492941840768
0 0.8501411859620814 0.36645962732919257 0.026220250100847116 0.015245623941276116
0 0.18515530455828963 0.41883116883116883 0.08471157724889068 0.022868435911914172
0 0.2962888261395724 0.42405420666290233 0.1044776119402985 0.03274985883681536
0 0.3830173457039129 0.4199604743083004 0.013311819281968536 0.008752117447769622
0 0.4505849132714804 0.4234895539243365 0.06938281565147236 0.031055900621118012
0 0.48870512303348124 0.42843026538678713 0.01008471157724889 0.009881422924901186
0 0.5812827753126261 0.4222190852625635 0.11536910044372731 0.031338226990400904
0 0.6940298507462687 0.41981931112365894 0.05445744251714401 0.010163749294184076
0 0.7775312626058895 0.41459627329192544 0.06171843485276321 0.0189158667419537
0 0.8350141185962081 0.41953698475437606 0.01290843081887858 0.009599096555618294
0 0.18051633723275515 0.4733201581027668 0.0899556272690601 0.034161490683229816
0 0.2843888664784187 0.46696781479390176 0.055667607906413875 0.018068887634105024
0 0.39229528035498185 0.4762845849802372 0.12303348124243646 0.037267080745341616
0 0.5500201694231545 0.4658385093167702 0.11980637353771682 0.021456804065499716
0 0.6179911254538121 0.4776962168266516 0.011294876966518758 0.009034443817052512
0 0.7587736990722065 0.46908526256352345 0.21863654699475596 0.026256352343308864
0 0.1663977410246067 0.5166572557876906 0.05445744251714401 0.018633540372670808
0 0.25433642597821704 0.5173630717108978 0.08108108108108109 0.01948051948051948
0 0.30395320693828154 0.5287972896668549 0.008471157724889069 0.007905138339920948
0 0.3527632109721662 0.5184923771880293 0.043162565550625254 0.016657255787690572
0 0.4346510689794272 0.5268210050818747 0.07301331181928197 0.033314511575381144
0 0.5605082694634933 0.5175042348955392 0.12303348124243646 0.020327498588368152
0 0.6200080677692618 0.5293619424054207 0.012101653892698669 0.010163749294184076
0 0.7029043969342477 0.5211744776962168 0.11738604275917709 0.02710333145115754
0 0.8065752319483662 0.5169395821569734 0.06494554255748286 0.019198193111236588
0 0.20794675272287214 0.577922077922078 0.13674868898749495 0.03500846979107849
0 0.2843888664784187 0.5790513833992095 0.008874546187979023 0.009599096555618294
0 0.318273497377975 0.5639469226425748 0.008067769261799113 0.009316770186335404
0 0.34933440903590157 0.5683229813664596 0.042759177087535294 0.017504234895539244
0 0.3993545784590561 0.5697346132128741 0.023396530859217425 0.01355166572557877
0 0.4802339653085922 0.5782044042913608 0.09479628882613957 0.02258610954263128
0 0.5613150463896732 0.5691699604743083 0.021379588543767647 0.017504234895539244
0 0.6389673255344898 0.5715697346132129 0.09842678499394918 0.023997741389045736
0 0.7277127874142799 0.5698757763975155 0.03065752319483663 0.021174477696216828
0 0.7791448164582493 0.5721343873517787 0.05526421944332392 0.009881422924901186
0 0.18212989108511496 0.6304347826086957 0.07382008874546188 0.04009034443817053
0 0.28055667607906415 0.6283173348390739 0.05929810407422348 0.03303218520609825
0 0.3949173053650666 0.6177300959909655 0.0790641387656313 0.019762845849802372
0 0.4318273497377975 0.6259175607001694 0.0028237192416296895 0.002258610954263128
0 0.4552238805970149 0.6146245059288538 0.010891488503428802 0.01129305477131564
