0 0.16498588140379186 0.21019198193111235 0.03065752319483663 0.0189158667419537
0 0.2200484066155708 0.21259175607001693 0.018959257765227916 0.01637492941840768
0 0.26421944332392094 0.2111801242236025 0.03711173860427592 0.020327498588368152
0 0.3128277531262606 0.2111801242236025 0.021379588543767647 0.019762845849802372
0 0.35720048406615573 0.21259175607001693 0.022993142396127472 0.01693958215697346
0 0.4308188785800726 0.21428571428571427 0.07341670028237192 0.015810276679841896
0 0.49717628075837034 0.21329757199322416 0.01653892698668818 0.015527950310559006
0 0.5135135135135135 0.22077922077922077 0.0016135538523598225 0.0033879164313946925
0 0.5471964501815249 0.21386222473178995 0.026220250100847116 0.02456239412761152
0 0.5899556272690601 0.21781479390175043 0.02864058087938685 0.007622811970638058
0 0.6500605082694635 0.21725014116318464 0.0536506655909641 0.026256352343308864
0 0.6847519160951997 0.2230378317334839 0.0028237192416296895 0.004517221908526256
0 0.7141992739007664 0.21442687747035574 0.01573215006050827 0.014398644833427442
0 0.7507059298104074 0.2137210615471485 0.026623638563937072 0.018068887634105024
0 0.808592174263816 0.21414455110107283 0.058491327148043566 0.017786561264822136
0 0.8444937474788221 0.22416713721061546 0.0028237192416296895 0.005081874647092038
0 0.15752319483662766 0.2648221343873518 0.018959257765227916 0.010163749294184076
0 0.20068576038725291 0.265527950310559 0.0326744655102864 0.009881422924901186
0 0.2505042355788624 0.26030491247882553 0.03469140782573618 0.019198193111236588
0 0.31585316659943524 0.2607284020327499 0.041145623235175476 0.018351214003387916
0 0.38321903993545786 0.26256352343308864 0.0500201694231545 0.023715415019762844
0 0.4429205324727713 0.26228119706380576 0.026623638563937072 0.02258610954263128
0 0.49213392496974584 0.2627046866177301 0.028237192416296894 0.017786561264822136
0 0.5556676079064139 0.26341050254093734 0.03751512706736587 0.01693958215697346
0 0.6409842678499394 0.2641163184641446 0.09197256958450989 0.017221908526256352
0 0.6990722065348931 0.27103331451157536 0.0016135538523598225 0.0016939582156973462
0 0.7212585720048407 0.26312817617165446 0.023396530859217425 0.01693958215697346
0 0.7704719645018152 0.2673630717108978 0.041145623235175476 0.021456804065499716
0 0.817466720451795 0.2684923771880294 0.018152480839048003 0.007905138339920948
0 0.17406212182331585 0.31182947487295315 0.050423557886244454 0.0189158667419537
0 0.20855183541750705 0.3221343873517787 0.0024203307785397336 0.004517221908526256
0 0.2436466317063332 0.3138057594579334 0.03953206938281565 0.015527950310559006
0 0.32029043969342474 0.31521739130434784 0.07664380798709157 0.023997741389045736
0 0.41427995159338443 0.3135234330886505 0.07018959257765228 0.0189158667419537
0 0.5167406212182332 0.3147939017504235 0.06938281565147236 0.024844720496894408
0 0.5832997176280759 0.31437041219649914 0.020976200080677694 0.017221908526256352
0 0.6234368697055265 0.3147939017504235 0.024606696248487294 0.018633540372670808
0 0.6611536910044373 0.3197346132128741 0.017749092375958047 0.007058159232072276
0 0.6948366276724486 0.3138057594579334 0.031060911657926585 0.0189158667419537
0 0.7494957644211375 0.31804065499717676 0.04356595401371521 0.022303783173348392
0 0.7924566357402179 0.31648785996612083 0.018959257765227916 0.023715415019762844
0 0.8313836224283986 0.3156408808582722 0.03953206938281565 0.01693958215697346
0 0.8580072609923356 0.3234048560135517 0.0024203307785397336 0.005364201016374929
0 0.1645824929407019 0.36180124223602483 0.02501008471157725 0.01948051948051948
0 0.2099636950383219 0.367871259175607 0.02864058087938685 0.007905138339920948
0 0.2771278741427995 0.36589497459062675 0.063735377168213 0.02766798418972332
0 0.3664784187172247 0.36490683229813664 0.06252521177894312 0.016657255787690572
0 0.44372730939895116 0.36561264822134387 0.05808793868495361 0.01637492941840768
0 0.5240016135538523 0.3643421795595709 0.06131504638967326 0.0189158667419537
0 0.5867285195643405 0.3695652173913043 0.01734570391286809 0.00846979107848673
0 0.6696248487293264 0.3687182382834557 0.11536910044372731 0.02766798418972332
0 0.7609923356192013 0.36589497459062675 0.03509479628882614 0.017504234895539244
0 0.8156514723678903 0.3643421795595709 0.03146430012101654 0.018351214003387916
