0 0.1663977410246067 0.22586109542631283 0.06010488100040339 0.014116318464144552
0 0.2325534489713594 0.22656691134952003 0.03993545784590561 0.016092603049124788
0 0.3108108108108108 0.23193111236589498 0.08753529649052037 0.027950310559006212
0 0.40883420734167003 0.2267080745341615 0.08350141185962082 0.010163749294184076
0 0.49072206534893104 0.2274138904573687 0.04477611940298507 0.008752117447769622
0 0.5506252521177895 0.22967250141163184 0.05244050020169423 0.022868435911914172
0 0.590964098426785 0.23531902879728966 0.004033884630899556 0.007622811970638058
0 0.6250504235578862 0.2245906267645398 0.02944735780556676 0.012140033879164314
0 0.6791044776119403 0.2245906267645398 0.051230334812424366 0.01383399209486166
0 0.7611940298507462 0.22529644268774704 0.07503025413473174 0.01637492941840768
0 0.8535699878983461 0.22600225861095427 0.06212182331585317 0.013269339356295878
0 0.14683340056474384 0.27851496329757197 0.026623638563937072 0.014398644833427442
0 0.22186365469947558 0.28387916431394694 0.09519967728922953 0.029644268774703556
0 0.2801532876159742 0.28500846979107847 0.003630496167809601 0.004799548277809147
0 0.32210568777732956 0.27738565782044045 0.043969342476805166 0.014963297571993224
0 0.4100443727309399 0.27780914737436474 0.09802339653085922 0.015245623941276116
0 0.4868898749495764 0.275974025974026 0.028237192416296894 0.014398644833427442
0 0.5514320290439694 0.27752682100508186 0.07260992335619201 0.01693958215697346
0 0.6238402581686163 0.27964426877470355 0.0391286809197257 0.018351214003387916
0 0.6748688987494957 0.2766798418972332 0.04356595401371521 0.012987012987012988
0 0.7523194836627672 0.2756916996047431 0.07260992335619201 0.01383399209486166
0 0.7934651068979427 0.28063241106719367 0.003227107704719645 0.0016939582156973462
0 0.8307785397337636 0.2751270468661773 0.022993142396127472 0.012704686617730096
0 0.8737394110528439 0.27639751552795033 0.04195240016135539 0.015245623941276116
0 0.16780960064542155 0.43153585544889894 0.0782573618394514 0.020609824957651044
0 0.2127874142799516 0.4330886504799548 0.0028237192416296895 0.0016939582156973462
0 0.2569584509883017 0.42843026538678713 0.04679306171843485 0.013269339356295878
0 0.3446954417103671 0.43365330321852064 0.09721661960467931 0.0220214568040655
0 0.43243243243243246 0.42871259175607 0.04437273093989512 0.01383399209486166
0 0.509479628882614 0.4289949181253529 0.05647438483259379 0.011575381140598532
0 0.6046793061718435 0.4342179559570864 0.09035901573215006 0.025974025974025976
0 0.6835417507059298 0.429983060417843 0.03751512706736587 0.009034443817052512
0 0.709156918112142 0.4364765669113495 0.004033884630899556 0.007905138339920948
0 0.7398144413069786 0.43153585544889894 0.029850746268656716 0.009881422924901186
0 0.7989108511496571 0.42828910220214567 0.06736587333602259 0.01355166572557877
0 0.8654699475594998 0.42814793901750425 0.04235578862444534 0.014963297571993224
0 0.1591367486889875 0.4792490118577075 0.05445744251714401 0.014398644833427442
0 0.2373941105284389 0.4792490118577075 0.0609116579265833 0.014398644833427442
0 0.30879386849536106 0.4816487859966121 0.051230334812424366 0.014116318464144552
0 0.372932634126664 0.47939017504234893 0.04881000403388463 0.014116318464144552
0 0.4515933844292053 0.48306041784302656 0.06655909640984267 0.023150762281197064
0 0.49697458652682536 0.4847543760587239 0.004840661557079467 0.006211180124223602
0 0.5336829366680113 0.47939017504234893 0.03872529245663574 0.014680971202710334
0 0.5873336022589754 0.4792490118577075 0.04195240016135539 0.013269339356295878
0 0.6924162968939088 0.48334274421230944 0.15288422751109318 0.024280067758328628
0 0.7938684953610327 0.47967250141163187 0.021782977006857603 0.014116318464144552
0 0.8404598628479225 0.48433088650479955 0.04800322710770472 0.027950310559006212
0 0.890278338039532 0.4761434217955957 0.015328761597418314 0.016092603049124788
0 0.13432835820895522 0.5316205533596838 0.01371520774505849 0.014680971202710334
0 0.19060104881000403 0.5313382269904009 0.0536506655909641 0.014116318464144552
0 0.2515127067365873 0.5317617165443252 0.03993545784590561 0.014963297571993224
0 0.30354981847519164 0.5344438170525128 0.03751512706736587 0.02258610954263128
0 0.3882613957240823 0.5368435911914172 0.0899556272690601 0.029644268774703556
0 0.46793061718434853 0.5338791643139469 0.02581686163775716 0.0220214568040655
0 0.5020169423154498 0.5330321852060983 0.014925373134328358 0.00846979107848673
0 0.5463896732553449 0.532608695652174 0.052843888664784185 0.020045172219085264
0 0.5945945945945946 0.536420101637493 0.017749092375958047 0.00282326369282891
0 0.6123436869705526 0.536420101637493 0.004033884630899556 0.002258610954263128
