0 0.15227914481645824 0.22473178994918125 0.0391286809197257 0.02710333145115754
0 0.20169423154497781 0.22134387351778656 0.03630496167809601 0.015810276679841896
0 0.25534489713594194 0.2220496894409938 0.042759177087535294 0.014963297571993224
0 0.3055667607906414 0.22035573122529645 0.02379991932230738 0.023997741389045736
0 0.34308188785800725 0.22035573122529645 0.031060911657926585 0.017221908526256352
0 0.40863251311012505 0.21894409937888198 0.06696248487293263 0.01948051948051948
0 0.4707543364259782 0.22007340485601354 0.023396530859217425 0.017221908526256352
0 0.5155304558289633 0.21908526256352343 0.04033884630899556 0.019762845849802372
0 0.5867285195643405 0.22332015810276679 0.07866075030254134 0.030491247882552232
0 0.6496571198063735 0.2204968944099379 0.019766034691407825 0.01693958215697346
0 0.7051230334812424 0.2245906267645398 0.063735377168213 0.022868435911914172
0 0.7428398547801532 0.22713156408808582 0.0028237192416296895 0.003105590062111801
0 0.7759177087535296 0.22190852625635235 0.027833803953206938 0.014680971202710334
0 0.8313836224283986 0.22120271033314512 0.04033884630899556 0.0189158667419537
0 0.18939088342073418 0.27442123094297005 0.11254538120209762 0.024844720496894408
0 0.28317870108914883 0.27117447769621683 0.048406615570794675 0.017221908526256352
0 0.33219039935457845 0.27188029361942406 0.02379991932230738 0.015810276679841896
0 0.3979427188382412 0.27413890457368717 0.08511496571198064 0.026538678712591756
0 0.46551028640580877 0.27089215132693395 0.022589753933037516 0.017221908526256352
0 0.49737797498991526 0.27442123094297005 0.024203307785397338 0.009034443817052512
0 0.5457845905607099 0.2738565782044043 0.055667607906413875 0.014116318464144552
0 0.6018555869302138 0.27555053642010163 0.02581686163775716 0.01129305477131564
0 0.6440096813231142 0.2704686617730096 0.03751512706736587 0.018633540372670808
0 0.7210568777732956 0.27117447769621683 0.07462686567164178 0.0189158667419537
0 0.18777732956837434 0.3231225296442688 0.10528438886647842 0.025691699604743084
0 0.2753126260588947 0.320016939582157 0.04235578862444534 0.0189158667419537
0 0.32210568777732956 0.3207227555053642 0.026220250100847116 0.017504234895539244
0 0.37252924566357404 0.3242518351214003 0.05526421944332392 0.029644268774703556
0 0.46772892295280355 0.32368718238283456 0.09883017345703912 0.026821005081874648
0 0.5242033077853974 0.32891022021456806 0.004437273093989512 0.003952569169960474
0 0.5536506655909641 0.3160643704121965 0.0028237192416296895 0.004234895539243365
0 0.5754336425978217 0.32156973461321287 0.035901573215006054 0.015245623941276116
0 0.6395724082291246 0.32284020327498586 0.05526421944332392 0.017221908526256352
0 0.672246873739411 0.3176171654432524 0.0028237192416296895 0.007340485601355167
0 0.68192819685357 0.33018068887634106 0.003630496167809601 0.005928853754940711
0 0.7051230334812424 0.322557876905703 0.020976200080677694 0.014963297571993224
0 0.7579669221460267 0.32185206098249575 0.0645421540943929 0.018068887634105024
0 0.817870108914885 0.3170525127046866 0.0028237192416296895 0.004517221908526256
0 0.8340056474384833 0.32185206098249575 0.02379991932230738 0.01637492941840768
0 0.17789431222267044 0.3706945228684359 0.08471157724889068 0.020892151326933936
0 0.22791448164582492 0.3812817617165443 0.003227107704719645 0.007622811970638058
0 0.26946349334409037 0.3709768492377188 0.063735377168213 0.020327498588368152
0 0.3259378781766841 0.3697063805759458 0.02016942315449778 0.021739130434782608
0 0.35296490520371115 0.37732919254658387 0.014521984671238403 0.00818746470920384
0 0.4037918515530456 0.3774703557312253 0.06292860024203308 0.021456804065499716
0 0.4991932230738201 0.3760587238848108 0.09721661960467931 0.011857707509881422
0 0.5506252521177895 0.3804347826086957 0.003227107704719645 0.002540937323546019
0 0.6155707946752723 0.36885940146809715 0.100040338846309 0.021739130434782608
0 0.7077450584913272 0.3759175607001694 0.0609116579265833 0.011575381140598532
0 0.7654296087131908 0.3725296442687747 0.030254134731746672 0.014963297571993224
0 0.8138362242839855 0.37323546019198195 0.0318676885841065 0.012987012987012988
0 0.16337232755143202 0.4213721061547149 0.05405405405405406 0.021174477696216828
0 0.19281968535699878 0.42970073404856013 0.009681323114158934 0.01637492941840768
0 0.22146026623638565 0.42165443252399776 0.01936264622831787 0.017221908526256352
0 0.25413473174667206 0.42193675889328064 0.017749092375958047 0.0189158667419537
0 0.30395320693828154 0.4268774703557312 0.058491327148043566 0.026538678712591756
0 0.3662767244856797 0.4222190852625635 0.04195240016135539 0.0189158667419537
0 0.4189189189189189 0.42405420666290233 0.0391286809197257 0.020327498588368152
0 0.454417103670835 0.43040654997176736 0.022993142396127472 0.004799548277809147
0 0.47438483259378783 0.42941840767927725 0.004840661557079467 0.0033879164313946925
0 0.5240016135538523 0.4222190852625635 0.06292860024203308 0.017221908526256352
0 0.5724082291246471 0.42518351214003386 0.014521984671238403 0.009034443817052512
0 0.6137555465913674 0.4309712027103331 0.04477611940298507 0.0189158667419537
0 0.6476401774909237 0.4321005081874647 0.003630496167809601 0.007058159232072276
0 0.6887858007260992 0.423630717108978 0.057684550221863654 0.029644268774703556
0 0.7739007664380799 0.4268774703557312 0.06978620411456232 0.019198193111236588
0 0.8210972166196047 0.4311123658949746 0.004437273093989512 0.007340485601355167
0 0.1563130294473578 0.474025974025974 0.04719645018152481 0.015810276679841896
0 0.22166196046793063 0.47374364765669114 0.06575231948366277 0.018633540372670808
0 0.2781363453005244 0.47656691134952006 0.012505042355788625 0.009599096555618294
0 0.3327954820492134 0.47896668548842464 0.06212182331585317 0.026256352343308864
0 0.40863251311012505 0.4751552795031056 0.060508269463493344 0.017504234895539244
0 0.44251714400968134 0.4829192546583851 0.003227107704719645 0.001976284584980237
0 0.4794271883824123 0.4730378317334839 0.027833803953206938 0.016092603049124788
0 0.5350947962888262 0.47360248447204967 0.057684550221863654 0.018351214003387916
0 0.5685760387252925 0.4823546019198193 0.003630496167809601 0.007622811970638058
0 0.6153691004437273 0.4805194805194805 0.07139975796692215 0.018633540372670808
0 0.6958450988301734 0.47459062676453984 0.0653489310205728 0.015810276679841896
0 0.7662363856393707 0.47684923771880294 0.05526421944332392 0.012422360248447204
0 0.8394513916901977 0.4774138904573687 0.04356595401371521 0.010728402032749858
0 0.14239612747075434 0.5269621682665161 0.011294876966518758 0.011575381140598532
0 0.1954417103670835 0.5254093732354602 0.06413876563130294 0.025409373235460192
0 0.23719241629689392 0.5278091473743648 0.004033884630899556 0.009316770186335404
0 0.28035498184751917 0.5237154150197628 0.04356595401371521 0.015810276679841896
0 0.32230738200887454 0.5235742518351214 0.02501008471157725 0.017786561264822136
0 0.37777329568374346 0.5239977413890458 0.06010488100040339 0.02766798418972332
0 0.42517144009681324 0.5238565782044043 0.01855586930213796 0.016092603049124788
0 0.517950786607503 0.527244494635799 0.13150463896732553 0.021174477696216828
0 0.6127470754336426 0.5299265951439864 0.03307785397337636 0.023150762281197064
0 0.6565147236789027 0.5238565782044043 0.03670835014118596 0.017221908526256352
0 0.7254941508672852 0.5197628458498024 0.08188785800726099 0.026538678712591756
0 0.7811617587736991 0.5252682100508187 0.00927793465106898 0.002540937323546019
0 0.8152480839048003 0.5275268210050819 0.02016942315449778 0.007622811970638058
0 0.1920129084308189 0.577922077922078 0.12020976200080678 0.024280067758328628
0 0.3100040338846309 0.5774985883681536 0.08350141185962082 0.022303783173348392
0 0.3761597418313836 0.5724167137210615 0.02218636546994756 0.020609824957651044
0 0.4225494150867285 0.5824392998306042 0.040742234772085516 0.017504234895539244
0 0.46974586526825335 0.5827216261998871 0.033481242436466316 0.018633540372670808
0 0.4903186768858411 0.5838509316770186 0.0060508269463493344 0.00846979107848673
0 0.573013311819282 0.5760869565217391 0.14158935054457442 0.027950310559006212
0 0.664179104477612 0.5773574251835122 0.024606696248487294 0.01129305477131564
0 0.7045179507866075 0.5743929983060417 0.03670835014118596 0.017221908526256352
0 0.7751109318273497 0.5759457933370977 0.08027430415490117 0.019762845849802372
0 0.15429608713190804 0.6276115189158668 0.040742234772085516 0.012422360248447204
0 0.21077047196450183 0.6329757199322417 0.0463896732553449 0.018633540372670808
0 0.26744655102864057 0.6256352343308865 0.04033884630899556 0.024844720496894408
0 0.29245663574021785 0.6322699040090345 0.004840661557079467 0.004799548277809147
0 0.2989108511496571 0.6211180124223602 0.003227107704719645 0.00564652738565782
