0 0.1827349737797499 0.20990965556182947 0.08067769261799113 0.025691699604743084
0 0.25756353368293666 0.21287408243929984 0.045582896329164985 0.03162055335968379
0 0.32230738200887454 0.2127329192546584 0.05889471561113352 0.01948051948051948
0 0.38342073416700284 0.21583850931677018 0.038321903993545785 0.013269339356295878
0 0.4189189189189189 0.21301524562394128 0.01734570391286809 0.017786561264822136
0 0.4628882613957241 0.21301524562394128 0.050423557886244454 0.020609824957651044
0 0.509076240419524 0.21301524562394128 0.02016942315449778 0.020609824957651044
0 0.5461879790237999 0.21357989836250707 0.028237192416296894 0.020045172219085264
0 0.6159741831383623 0.21485036702428006 0.07987091569181122 0.018633540372670808
0 0.7099636950383219 0.21287408243929984 0.0790641387656313 0.018068887634105024
0 0.7700685760387252 0.21301524562394128 0.023396530859217425 0.018351214003387916
0 0.8348124243646632 0.21301524562394128 0.08592174263816055 0.01948051948051948
0 0.8807987091569182 0.2245906267645398 0.0052440500201694235 0.013269339356295878
0 0.16881807180314642 0.26566911349520045 0.043969342476805166 0.01693958215697346
0 0.24485679709560307 0.26679841897233203 0.07583703106091166 0.03162055335968379
0 0.28963291649858813 0.2756916996047431 0.004033884630899556 0.012140033879164314
0 0.3336022589753933 0.26665725578769056 0.06938281565147236 0.02456239412761152
0 0.39572408229124645 0.2658102766798419 0.029850746268656716 0.02456239412761152
0 0.454417103670835 0.26383399209486164 0.06575231948366277 0.020609824957651044
0 0.4935457845905607 0.2723037831733484 0.0028237192416296895 0.001976284584980237
0 0.518152480839048 0.2619988706945229 0.024606696248487294 0.0220214568040655
0 0.5687777329568374 0.26665725578769056 0.05808793868495361 0.026256352343308864
0 0.6212182331585316 0.2651044607566347 0.02581686163775716 0.01355166572557877
0 0.6607503025413474 0.26157538114059853 0.023396530859217425 0.017786561264822136
0 0.7329568374344494 0.2618577075098814 0.10326744655102864 0.0189158667419537
0 0.8249294070189592 0.26312817617165446 0.04759983864461476 0.019762845849802372
0 0.16942315449778136 0.364059853190288 0.04517950786607503 0.020609824957651044
0 0.21520774505849133 0.3642010163749294 0.022993142396127472 0.01693958215697346
0 0.2672448567970956 0.3651891586674195 0.06413876563130294 0.02456239412761152
0 0.3697055264219443 0.3685770750988142 0.09883017345703912 0.029644268774703556
0 0.4398951189995966 0.36688311688311687 0.010891488503428802 0.01383399209486166
0 0.491125453812021 0.3695652173913043 0.07301331181928197 0.028232636928289104
0 0.5322710770471965 0.37422360248447206 0.0028237192416296895 0.009316770186335404
0 0.5986284792254941 0.37027103331451156 0.11536910044372731 0.025691699604743084
0 0.6920129084308189 0.36688311688311687 0.04881000403388463 0.014963297571993224
0 0.7644211375554659 0.364059853190288 0.055667607906413875 0.022303783173348392
0 0.8102057281161759 0.36490683229813664 0.014118596208148447 0.013269339356295878
0 0.18676885841064947 0.41967814793901753 0.07664380798709157 0.03190287972896669
0 0.2628075837031061 0.41516092603049126 0.04961678096006454 0.022303783173348392
0 0.3608309802339653 0.4192546583850932 0.10770471964501815 0.026538678712591756
0 0.4925373134328358 0.415725578769057 0.11940298507462686 0.0189158667419537
0 0.5605082694634933 0.4256070016939582 0.0028237192416296895 0.01101072840203275
0 0.6587333602258976 0.4184076792772445 0.1782977006857604 0.03162055335968379
0 0.7853973376361436 0.4148785996612084 0.04759983864461476 0.021174477696216828
0 0.19221460266236384 0.4665443252399774 0.08027430415490117 0.01948051948051948
0 0.23779749899152886 0.4761434217955957 0.0028237192416296895 0.008752117447769622
0 0.272488906817265 0.46499153020892153 0.040742234772085516 0.019762845849802372
0 0.3392496974586527 0.46795595708639187 0.06776926179911255 0.0251270468661773
0 0.43848325937878174 0.4654150197628458 0.09439290036304962 0.020609824957651044
0 0.4965711980637354 0.474025974025974 0.003227107704719645 0.014116318464144552
0 0.5621218233158531 0.4719085262563523 0.08753529649052037 0.031338226990400904
0 0.6438079870915692 0.46485036702428006 0.04517950786607503 0.01948051948051948
0 0.7577652279144816 0.47289666854884244 0.14239612747075434 0.033314511575381144
0 0.837232755143203 0.475296442687747 0.007664380798709157 0.009316770186335404
0 0.14905203711173862 0.5071993224167137 0.0028237192416296895 0.006493506493506494
0 0.17688584106494554 0.5160926030491247 0.04235578862444534 0.020892151326933936
0 0.22932634126663978 0.5162337662337663 0.02864058087938685 0.0189158667419537
0 0.30677692617991126 0.5227272727272727 0.10689794271883823 0.025691699604743084
0 0.3898749495764421 0.514257481648786 0.02379991932230738 0.021174477696216828
0 0.4618797902379992 0.5206098249576511 0.09519967728922953 0.028232636928289104
0 0.5387252924566357 0.5170807453416149 0.025413473174667203 0.026821005081874648
0 0.5871319080274304 0.5189158667419537 0.04800322710770472 0.01693958215697346
0 0.6569181121419927 0.5215979672501412 0.0609116579265833 0.03585544889892716
0 0.7406212182331585 0.5149632975719932 0.063735377168213 0.021456804065499716
0 0.7811617587736991 0.5225861095426313 0.0028237192416296895 0.0016939582156973462
0 0.7964905203711173 0.5074816487859967 0.003630496167809601 0.007622811970638058
