0 0.16780960064542155 0.21089779785431959 0.04679306171843485 0.015245623941276116
0 0.2658329971762808 0.2121682665160926 0.10488100040338846 0.01383399209486166
0 0.3553852359822509 0.21470920383963862 0.03469140782573618 0.008752117447769622
0 0.400363049616781 0.21089779785431959 0.02218636546994756 0.014680971202710334
0 0.4757966922146027 0.21188594014680973 0.08672851956434045 0.015527950310559006
0 0.5284388866478419 0.22275550536420102 0.004840661557079467 0.00564652738565782
0 0.5770471964501815 0.21089779785431959 0.058491327148043566 0.01637492941840768
0 0.654699475594998 0.21019198193111235 0.03711173860427592 0.01383399209486166
0 0.735982250907624 0.2121682665160926 0.08511496571198064 0.016092603049124788
0 0.1855586930213796 0.2607284020327499 0.08713190802743041 0.016657255787690572
0 0.3061718434852763 0.26355166572557875 0.1145623235175474 0.016657255787690572
0 0.3929003630496168 0.2632693393562959 0.02016942315449778 0.012704686617730096
0 0.4774102460669625 0.26792772444946356 0.09721661960467931 0.02258610954263128
0 0.5482049213392497 0.2672219085262564 0.009681323114158934 0.007622811970638058
0 0.5939895118999596 0.26990400903444384 0.0463896732553449 0.015810276679841896
0 0.645219846712384 0.26750423489553926 0.022993142396127472 0.007058159232072276
0 0.700080677692618 0.26171654432524 0.0391286809197257 0.017504234895539244
0 0.7821702299314239 0.26228119706380576 0.0572811617587737 0.017504234895539244
0 0.845502218636547 0.26538678712591757 0.03065752319483663 0.00846979107848673
0 0.15046389673255345 0.3016657255787691 0.003227107704719645 0.005928853754940711
0 0.17970956030657523 0.31493506493506496 0.04881000403388463 0.008752117447769622
0 0.25030254134731744 0.3123941276115189 0.03751512706736587 0.014398644833427442
0 0.28862444534086323 0.31620553359683795 0.012505042355788625 0.007340485601355167
0 0.34288019362646227 0.3135234330886505 0.04679306171843485 0.014963297571993224
0 0.4154901169826543 0.3204404291360813 0.05405405405405406 0.01693958215697346
0 0.49596611536910046 0.3136645962732919 0.051230334812424366 0.014680971202710334
0 0.5711980637353772 0.31408808582721626 0.04679306171843485 0.014963297571993224
0 0.6192012908430818 0.31719367588932806 0.010488100040338847 0.006493506493506494
0 0.6831383622428399 0.3126764539808018 0.06575231948366277 0.016092603049124788
0 0.7670431625655506 0.31733483907396953 0.05526421944332392 0.024280067758328628
0 0.8005244050020169 0.30561829474872954 0.0028237192416296895 0.004799548277809147
0 0.809600645421541 0.3256634669678148 0.004033884630899556 0.006493506493506494
0 0.8507462686567164 0.3125352907961604 0.03953206938281565 0.015810276679841896
0 0.16014521984671237 0.36589497459062675 0.028237192416296894 0.010163749294184076
0 0.25776522791448164 0.3673066064370412 0.1145623235175474 0.028797289666854884
0 0.37595804759983864 0.3643421795595709 0.07341670028237192 0.012704686617730096
0 0.44150867285195644 0.36236589497459065 0.022993142396127472 0.016092603049124788
0 0.536506655909641 0.36645962732919257 0.10246066962484873 0.023715415019762844
0 0.6510689794271883 0.37125917560700167 0.06776926179911255 0.018068887634105024
0 0.7888261395724082 0.36462450592885376 0.12384025816861638 0.0189158667419537
0 0.18475191609519967 0.4127611518915867 0.08309802339653086 0.01637492941840768
0 0.2624041952400161 0.4162902315076228 0.03993545784590561 0.009316770186335404
0 0.3138362242839855 0.41304347826086957 0.016942315449778138 0.01637492941840768
0 0.35841064945542556 0.41332580463015245 0.0318676885841065 0.014680971202710334
0 0.42698668818071805 0.4147374364765669 0.06413876563130294 0.015810276679841896
0 0.4991932230738201 0.41459627329192544 0.024606696248487294 0.016657255787690572
0 0.5713997579669221 0.4192546583850932 0.07785397337636143 0.021456804065499716
0 0.6173860427591771 0.422360248447205 0.0028237192416296895 0.002258610954263128
0 0.6684146833400565 0.4162902315076228 0.03711173860427592 0.013269339356295878
0 0.7263009277934651 0.4150197628458498 0.02702702702702703 0.015245623941276116
0 0.791246470350948 0.41459627329192544 0.05526421944332392 0.014398644833427442
0 0.19685356998789835 0.5175042348955392 0.10407422347720856 0.031055900621118012
0 0.3293666801129488 0.5156691134952005 0.10770471964501815 0.017221908526256352
0 0.4156918112141993 0.5151044607566346 0.01734570391286809 0.014963297571993224
0 0.4759983864461476 0.5199040090344438 0.03630496167809601 0.023433088650479956
0 0.5580879386849537 0.5163749294184077 0.057684550221863654 0.014680971202710334
0 0.5875352964905204 0.5230095990965556 0.0028237192416296895 0.002540937323546019
