0 0.1661960467930617 0.2137210615471485 0.033884630899556276 0.018068887634105024
0 0.21520774505849133 0.21287408243929984 0.014118596208148447 0.01693958215697346
0 0.2688584106494554 0.21357989836250707 0.04477611940298507 0.0189158667419537
0 0.3259378781766841 0.21202710333145117 0.029850746268656716 0.019198193111236588
0 0.3743444937474788 0.21259175607001693 0.03227107704719645 0.019198193111236588
0 0.4616780960064542 0.21386222473178995 0.10044372730939895 0.020045172219085264
0 0.545986284792255 0.2124505928853755 0.031060911657926585 0.01948051948051948
0 0.5697862041145624 0.22430830039525693 0.0028237192416296895 0.009316770186335404
0 0.618192819685357 0.21541501976284586 0.03993545784590561 0.024844720496894408
0 0.691004437273094 0.21696781479390176 0.05405405405405406 0.01383399209486166
0 0.7692617991125453 0.21513269339356295 0.07018959257765228 0.025409373235460192
0 0.8152480839048003 0.22430830039525693 0.0024203307785397336 0.008752117447769622
0 0.8420734167002824 0.2137210615471485 0.02218636546994756 0.021456804065499716
0 0.16337232755143202 0.2641163184641446 0.04437273093989512 0.017786561264822136
0 0.2472771278741428 0.26453980801806887 0.0782573618394514 0.018068887634105024
0 0.2991125453812021 0.2748447204968944 0.004437273093989512 0.008752117447769622
0 0.336022589753933 0.26778656126482214 0.02581686163775716 0.009316770186335404
0 0.4037918515530456 0.2672219085262564 0.05486083098023396 0.01101072840203275
0 0.4772085518354175 0.26242236024844723 0.03791851553045583 0.021174477696216828
0 0.553852359822509 0.2628458498023715 0.05405405405405406 0.021456804065499716
0 0.6423961274707544 0.262987012987013 0.06978620411456232 0.026256352343308864
0 0.7204517950786608 0.2648221343873518 0.03630496167809601 0.026538678712591756
0 0.7942718838241226 0.26383399209486164 0.05647438483259379 0.016657255787690572
0 0.1789027833803953 0.3142292490118577 0.05203711173860428 0.019198193111236588
0 0.30475998386446146 0.3126764539808018 0.13594191206131503 0.021739130434782608
0 0.38241226300927794 0.3231225296442688 0.005647438483259379 0.002540937323546019
0 0.4189189189189189 0.313382269904009 0.02864058087938685 0.020892151326933936
0 0.4854780153287616 0.3147939017504235 0.06494554255748286 0.024280067758328628
0 0.5490116982654296 0.3178994918125353 0.02501008471157725 0.010163749294184076
0 0.6157724889068172 0.313382269904009 0.06171843485276321 0.01693958215697346
0 0.6575231948366277 0.32523997741389044 0.003227107704719645 0.006775832862789385
0 0.7053247277127874 0.31493506493506496 0.06010488100040339 0.017221908526256352
0 0.8033481242436467 0.3170525127046866 0.09479628882613957 0.029926595143986448
0 0.19342476805163372 0.3650479954827781 0.08753529649052037 0.020892151326933936
0 0.30677692617991126 0.36561264822134387 0.08672851956434045 0.029361942405420668
0 0.3945139169019766 0.3632128740824393 0.02581686163775716 0.020609824957651044
0 0.45784590560709965 0.36307171089779783 0.028237192416296894 0.0220214568040655
0 0.5028237192416297 0.36885940146809715 0.0318676885841065 0.010446075663466968
0 0.5713997579669221 0.36462450592885376 0.04961678096006454 0.0189158667419537
0 0.6484469544171036 0.3681535855448899 0.05687777329568374 0.02766798418972332
0 0.7141992739007664 0.3651891586674195 0.027833803953206938 0.03303218520609825
0 0.7837837837837838 0.36180124223602483 0.06776926179911255 0.02456239412761152
0 0.827954820492134 0.3759175607001694 0.003630496167809601 0.010446075663466968
0 0.16780960064542155 0.4147374364765669 0.048406615570794675 0.020327498588368152
0 0.23578055667607906 0.4189723320158103 0.043162565550625254 0.01129305477131564
0 0.34288019362646227 0.42080745341614906 0.09439290036304962 0.03020892151326934
0 0.47962888261395725 0.4148785996612084 0.09681323114158935 0.020609824957651044
0 0.5984267849939492 0.41445511010728403 0.08188785800726099 0.019762845849802372
0 0.7178297700685761 0.4162902315076228 0.07785397337636143 0.018351214003387916
0 0.7956837434449375 0.4189723320158103 0.026220250100847116 0.010163749294184076
0 0.22690601048810005 0.4696499153020892 0.15853166599435256 0.032467532467532464
0 0.3580072609923356 0.4644268774703557 0.043162565550625254 0.019762845849802372
0 0.4489713594191206 0.46612083568605306 0.055667607906413875 0.019762845849802372
0 0.5599031867688584 0.4710615471485037 0.08551835417507059 0.027950310559006212
0 0.6462283178701089 0.4678147939017504 0.026623638563937072 0.020892151326933936
0 0.6994755949979831 0.4652738565782044 0.02743041549011698 0.019762845849802372
0 0.7805566760790641 0.46499153020892153 0.07503025413473174 0.0220214568040655
0 0.8259378781766842 0.4731789949181254 0.006857603872529245 0.002258610954263128
