0 0.18777732956837434 0.2140033879164314 0.08753529649052037 0.017504234895539244
0 0.2918515530455829 0.21414455110107283 0.043969342476805166 0.027385657820440428
0 0.3743444937474788 0.21357989836250707 0.06212182331585317 0.017221908526256352
0 0.4616780960064542 0.21696781479390176 0.0391286809197257 0.00818746470920384
0 0.5161355385235982 0.21287408243929984 0.02218636546994756 0.01355166572557877
0 0.5845098830173457 0.21428571428571427 0.0572811617587737 0.015810276679841896
0 0.6502622025010085 0.21301524562394128 0.02016942315449778 0.014398644833427442
0 0.6906010488100041 0.21315640880858272 0.026623638563937072 0.01637492941840768
0 0.7779346510689794 0.21315640880858272 0.07301331181928197 0.014680971202710334
0 0.1791044776119403 0.26439864483342745 0.06857603872529246 0.016657255787690572
0 0.2559499798305768 0.26383399209486164 0.02218636546994756 0.016657255787690572
0 0.35699878983461075 0.264257481648786 0.11133521581282775 0.019762845849802372
0 0.4376764824526019 0.2737154150197628 0.0024203307785397336 0.004799548277809147
0 0.4838644614764018 0.2689158667419537 0.04800322710770472 0.010446075663466968
0 0.5812827753126261 0.2707509881422925 0.08390480032271078 0.03274985883681536
0 0.6375554659136748 0.2748447204968944 0.002016942315449778 0.003105590062111801
0 0.6928196853569988 0.269339356295878 0.06413876563130294 0.031055900621118012
0 0.7787414279951593 0.2648221343873518 0.0326744655102864 0.024844720496894408
0 0.18394513916901978 0.3170525127046866 0.07583703106091166 0.01637492941840768
0 0.24142799515933844 0.322557876905703 0.002016942315449778 0.001411631846414455
0 0.282170229931424 0.3156408808582722 0.01573215006050827 0.015810276679841896
0 0.3666801129487697 0.32382834556747603 0.0572811617587737 0.02766798418972332
0 0.43485276321097216 0.3178994918125353 0.023396530859217425 0.009034443817052512
0 0.4854780153287616 0.3156408808582722 0.02218636546994756 0.014680971202710334
0 0.5839048003227107 0.3154997176736307 0.09398951189995966 0.016092603049124788
0 0.6845502218636547 0.3154997176736307 0.02581686163775716 0.014963297571993224
0 0.7938684953610327 0.31931112365894976 0.136345300524405 0.029926595143986448
0 0.16841468334005646 0.41643139469226426 0.04235578862444534 0.014680971202710334
0 0.2319483662767245 0.41770186335403725 0.02581686163775716 0.01383399209486166
0 0.30395320693828154 0.41854884246188595 0.052843888664784185 0.025691699604743084
0 0.4290036304961678 0.4243365330321852 0.10609116579265833 0.029361942405420668
0 0.5193626462283178 0.42108977978543194 0.010891488503428802 0.006493506493506494
0 0.5849132714804357 0.423630717108978 0.05808793868495361 0.03359683794466403
0 0.6345300524405002 0.42828910220214567 0.0024203307785397336 0.003952569169960474
0 0.7016942315449778 0.423630717108978 0.10044372730939895 0.03077357425183512
0 0.8049616780960065 0.41967814793901753 0.03993545784590561 0.008752117447769622
0 0.16680112948769665 0.4658385093167702 0.04235578862444534 0.017504234895539244
0 0.2263009277934651 0.4720496894409938 0.011294876966518758 0.007905138339920948
0 0.3045582896329165 0.475296442687747 0.06212182331585317 0.029644268774703556
0 0.39330375151270675 0.46809712027103334 0.03469140782573618 0.014116318464144552
0 0.491125453812021 0.47501411631846413 0.09883017345703912 0.028514963297571992
0 0.6337232755143203 0.46795595708639187 0.10972166196046793 0.017786561264822136
0 0.7039128680919726 0.4761434217955957 0.005647438483259379 0.007622811970638058
0 0.8049616780960065 0.46936758893280633 0.17224687373941105 0.02456239412761152
0 0.1617587736990722 0.5177865612648221 0.03630496167809601 0.015810276679841896
0 0.2670431625655506 0.5189158667419537 0.08067769261799113 0.014680971202710334
0 0.326946349334409 0.5268210050818747 0.004437273093989512 0.005081874647092038
0 0.36062928600242034 0.5187747035573123 0.03307785397337636 0.016657255787690572
0 0.4322307382008875 0.5241389045736872 0.06575231948366277 0.02456239412761152
0 0.5413473174667205 0.5175042348955392 0.09116579265832997 0.017504234895539244
0 0.6107301331181928 0.5262563523433089 0.0016135538523598225 0.005081874647092038
0 0.6738604275917709 0.5206098249576511 0.07624041952400161 0.023715415019762844
0 0.7601855586930214 0.5203274985883681 0.03993545784590561 0.012987012987012988
0 0.18212989108511496 0.5726990400903444 0.07139975796692215 0.020045172219085264
0 0.3162565550625252 0.5772162619988707 0.13231141589350545 0.027385657820440428
0 0.40298507462686567 0.5784867306606437 0.004840661557079467 0.00564652738565782
0 0.43303751512706734 0.560841332580463 0.002016942315449778 0.0036702428006775835
0 0.4580475998386446 0.5684641445511011 0.030254134731746672 0.014963297571993224
0 0.5125050423557886 0.5691699604743083 0.020572811617587738 0.014680971202710334
0 0.5980233965308592 0.5755223037831734 0.09156918112141993 0.017221908526256352
0 0.681726502622025 0.5697346132128741 0.017749092375958047 0.01129305477131564
0 0.7591770875352964 0.5739695087521175 0.08229124647035095 0.021456804065499716
0 0.836829366680113 0.5691699604743083 0.021379588543767647 0.023150762281197064
0 0.16337232755143202 0.6219649915302089 0.03953206938281565 0.010163749294184076
0 0.25655506252521176 0.6254940711462451 0.06212182331585317 0.031338226990400904
0 0.35215812827753123 0.6192828910220215 0.05970149253731343 0.017221908526256352
0 0.39209358612343687 0.626764539808018 0.0024203307785397336 0.0016939582156973462
0 0.4080274304154901 0.6125070581592321 0.002016942315449778 0.005364201016374929
