0 0.17930617184348527 0.208498023715415 0.07785397337636143 0.017221908526256352
0 0.2519160951996773 0.21033314511575382 0.045582896329164985 0.012422360248447204
0 0.31887858007260994 0.2100508187464709 0.06010488100040339 0.012422360248447204
0 0.46046793061718433 0.20722755505364202 0.1891891891891892 0.01693958215697346
0 0.627470754336426 0.20652173913043478 0.11980637353771682 0.015527950310559006
0 0.7613957240822913 0.2075098814229249 0.10851149657119806 0.014116318464144552
0 0.8231141589350545 0.2137210615471485 0.003630496167809601 0.004517221908526256
0 0.17930617184348527 0.2583286278938453 0.06252521177894312 0.015245623941276116
0 0.28156514723678905 0.25734048560135514 0.10972166196046793 0.017221908526256352
0 0.4056070996369504 0.2586109542631282 0.09156918112141993 0.01355166572557877
0 0.48305768455022186 0.2593167701863354 0.0326744655102864 0.011575381140598532
0 0.5786607503025414 0.2574816487859966 0.13513513513513514 0.015810276679841896
0 0.7402178297700686 0.25691699604743085 0.13795885437676483 0.01637492941840768
0 0.19483662767244858 0.30759457933370976 0.09762000806776926 0.016092603049124788
0 0.290843081887858 0.3090062111801242 0.0653489310205728 0.013269339356295878
0 0.35034288019362647 0.30787690570299264 0.02944735780556676 0.015527950310559006
0 0.4126663977410246 0.3092885375494071 0.05970149253731343 0.012140033879164314
0 0.5318676885841065 0.3071710897797854 0.15127067365873337 0.01637492941840768
0 0.7139975796692215 0.3081592320722755 0.18394513916901978 0.014398644833427442
0 0.8057684550221864 0.3132411067193676 0.0028237192416296895 0.0036702428006775835
0 0.8481242436466317 0.3080180688876341 0.05203711173860428 0.014680971202710334
0 0.17849939491730538 0.36038961038961037 0.056070996369503835 0.01383399209486166
0 0.24122630092779346 0.3616600790513834 0.03872529245663574 0.010163749294184076
0 0.3426784993949173 0.36024844720496896 0.1254538120209762 0.012422360248447204
0 0.4715611133521581 0.3598249576510446 0.09842678499394918 0.012704686617730096
0 0.5756353368293666 0.35841332580463015 0.06857603872529246 0.014398644833427442
0 0.6734570391286809 0.35841332580463015 0.08672851956434045 0.014398644833427442
0 0.7793465106897943 0.3577075098814229 0.09197256958450989 0.015245623941276116
0 0.873336022589754 0.35841332580463015 0.0500201694231545 0.012704686617730096
0 0.22327551432029044 0.4103613777526821 0.14239612747075434 0.017786561264822136
0 0.3501411859620815 0.41120835686053075 0.07260992335619201 0.013269339356295878
0 0.4526018555869302 0.409373235460192 0.09842678499394918 0.015245623941276116
0 0.5716014521984671 0.4095143986448334 0.09519967728922953 0.012704686617730096
0 0.6787010891488503 0.40894974590626765 0.08027430415490117 0.012140033879164314
0 0.7962888261395724 0.4062676453980802 0.1145623235175474 0.01637492941840768
0 0.1791044776119403 0.461038961038961 0.05808793868495361 0.015810276679841896
0 0.26321097216619604 0.4608977978543196 0.0826946349334409 0.015527950310559006
0 0.33945139169019767 0.46160361377752684 0.043162565550625254 0.012987012987012988
0 0.4342476805163372 0.4608977978543196 0.11738604275917709 0.014398644833427442
0 0.5290439693424768 0.461038961038961 0.033481242436466316 0.01355166572557877
0 0.63695038321904 0.4600508187464709 0.13311819281968534 0.014963297571993224
0 0.763614360629286 0.4606154714850367 0.07987091569181122 0.013269339356295878
0 0.8559903186768858 0.45962732919254656 0.07099636950383219 0.014116318464144552
0 0.21924162968939087 0.5136928289102202 0.12061315046389673 0.011575381140598532
0 0.3344090359015732 0.5134105025409373 0.06696248487293263 0.009881422924901186
0 0.37252924566357404 0.5043760587238848 0.004437273093989512 0.006493506493506494
0 0.481645824929407 0.5103049124788255 0.19685356998789835 0.016092603049124788
0 0.6811214199273901 0.5100225861095427 0.14400968132311415 0.015527950310559006
0 0.8025413473174667 0.5076228119706381 0.0536506655909641 0.018068887634105024
0 0.21903993545784592 0.5626764539808018 0.11294876966518758 0.012987012987012988
0 0.28600242033077855 0.5530773574251835 0.003227107704719645 0.005081874647092038
0 0.2956837434449375 0.5630999435347261 0.011294876966518758 0.001976284584980237
0 0.33844292053247277 0.5639469226425748 0.05244050020169423 0.01101072840203275
0 0.39431222267043164 0.5618294748729531 0.03428801936264623 0.015810276679841896
0 0.47539330375151273 0.5625352907961604 0.08834207341670028 0.014963297571993224
0 0.5586930213795885 0.5635234330886505 0.042759177087535294 0.01355166572557877
0 0.6645824929407019 0.5622529644268774 0.13594191206131503 0.017221908526256352
0 0.7835820895522388 0.5657820440429137 0.058491327148043566 0.01355166572557877
0 0.854578459056071 0.5622529644268774 0.05203711173860428 0.017786561264822136
0 0.24223477208551836 0.609966120835686 0.17063331988705124 0.017221908526256352
0 0.40096813231141587 0.6105307735742518 0.1073013311819282 0.014963297571993224
0 0.4628882613957241 0.6149068322981367 0.003630496167809601 0.005081874647092038
0 0.509277934651069 0.6103896103896104 0.06252521177894312 0.014116318464144552
0 0.5935861234368697 0.6086956521739131 0.06736587333602259 0.01693958215697346
0 0.6942315449778136 0.6085544889892716 0.09600645421540945 0.016657255787690572
0 0.8315853166599435 0.6095426312817617 0.13110125050423557 0.014116318464144552
0 0.2765227914481646 0.661914172783738 0.2254941508672852 0.01383399209486166
0 0.400161355385236 0.6651609260304913 0.004840661557079467 0.006211180124223602
0 0.45865268253327957 0.6599378881987578 0.09439290036304962 0.017221908526256352
0 0.5143202904396934 0.6542913608130999 0.0024203307785397336 0.006493506493506494
0 0.5956030657523195 0.6605025409373235 0.1464300121016539 0.014963297571993224
0 0.7202501008471158 0.6592320722755506 0.0754336425978217 0.01693958215697346
0 0.8142396127470755 0.6607848673066065 0.06655909640984267 0.013269339356295878
0 0.8848325937878176 0.6610671936758893 0.035901573215006054 0.011575381140598532
