0 0.16317063331988704 0.21950875211744778 0.03509479628882614 0.01383399209486166
0 0.2200484066155708 0.2224731789949181 0.05203711173860428 0.00846979107848673
0 0.28075837031060913 0.2217673630717109 0.03872529245663574 0.009316770186335404
0 0.354578459056071 0.2217673630717109 0.07745058491327148 0.010446075663466968
0 0.4715611133521581 0.22473178994918125 0.13473174667204518 0.024280067758328628
0 0.5681726502622025 0.22190852625635235 0.03509479628882614 0.020327498588368152
0 0.6222267043162566 0.21908526256352343 0.050423557886244454 0.01637492941840768
0 0.6942315449778136 0.2186617730095991 0.06212182331585317 0.01383399209486166
0 0.8093989511899959 0.22190852625635235 0.12303348124243646 0.0220214568040655
0 0.18797902379991932 0.27498588368153587 0.08229124647035095 0.02258610954263128
0 0.2599838644614764 0.27117447769621683 0.02944735780556676 0.012704686617730096
0 0.33219039935457845 0.2704686617730096 0.08430818878580072 0.01355166572557877
0 0.4203307785397338 0.2672219085262564 0.05405405405405406 0.01383399209486166
0 0.5032271077047197 0.2689158667419537 0.07382008874546188 0.016092603049124788
0 0.5774505849132715 0.2732919254658385 0.02944735780556676 0.02258610954263128
0 0.636345300524405 0.27442123094297005 0.06575231948366277 0.023715415019762844
0 0.7113755546591367 0.2676453980801807 0.05687777329568374 0.015810276679841896
0 0.7708753529649052 0.2672219085262564 0.04195240016135539 0.014963297571993224
0 0.836425978217023 0.2673630717108978 0.06010488100040339 0.01355166572557877
0 0.17970956030657523 0.32156973461321287 0.0754336425978217 0.015245623941276116
0 0.24848729326341268 0.322557876905703 0.03469140782573618 0.014398644833427442
0 0.3206938281565147 0.3222755505364201 0.08148446954417103 0.012140033879164314
0 0.39209358612343687 0.320016939582157 0.03065752319483663 0.014963297571993224
0 0.436264622831787 0.3235460191981931 0.03428801936264623 0.02258610954263128
0 0.5008067769261799 0.32171089779785433 0.08027430415490117 0.012704686617730096
0 0.6492537313432836 0.3243929983060418 0.1827349737797499 0.02258610954263128
0 0.7970956030657523 0.320016939582157 0.08955223880597014 0.014398644833427442
0 0.19786204114562322 0.3771880293619424 0.11012505042355789 0.029361942405420668
0 0.2843888664784187 0.3709768492377188 0.03469140782573618 0.015245623941276116
0 0.35518354175070593 0.3725296442687747 0.07139975796692215 0.013269339356295878
0 0.44776119402985076 0.37125917560700167 0.08551835417507059 0.015245623941276116
0 0.5302541347317467 0.3719649915302089 0.056070996369503835 0.013269339356295878
0 0.6236385639370714 0.3746470920383964 0.09600645421540945 0.024280067758328628
0 0.7420330778539733 0.3685770750988142 0.11657926583299717 0.015527950310559006
0 0.8305768455022187 0.3681535855448899 0.026623638563937072 0.012987012987012988
0 0.163574021782977 0.42165443252399776 0.0318676885841065 0.015527950310559006
0 0.24324324324324326 0.42377188029361945 0.10165389269866881 0.015810276679841896
0 0.4154901169826543 0.42828910220214567 0.21621621621621623 0.02766798418972332
0 0.5478015328761597 0.4209486166007905 0.03791851553045583 0.01693958215697346
0 0.6044776119402985 0.42292490118577075 0.050423557886244454 0.020327498588368152
0 0.6444130697862042 0.4256070016939582 0.004437273093989512 0.001411631846414455
0 0.6833400564743848 0.4212309429700734 0.0500201694231545 0.014680971202710334
0 0.745461879790238 0.4215132693393563 0.05970149253731343 0.015245623941276116
0 0.8225090762404196 0.4203839638622247 0.06938281565147236 0.015245623941276116
0 0.18071803146430013 0.4733201581027668 0.07422347720855184 0.014398644833427442
0 0.25231948366276724 0.47289666854884244 0.043969342476805166 0.014680971202710334
0 0.35155304558289635 0.47501411631846413 0.11980637353771682 0.009316770186335404
0 0.47398144413069787 0.47247317899491814 0.08309802339653086 0.016092603049124788
0 0.5554659136748689 0.47219085262563526 0.053247277127874144 0.014398644833427442
0 0.6339249697458653 0.4723320158102767 0.08108108108108109 0.014680971202710334
0 0.7077450584913272 0.4710615471485037 0.04154901169826543 0.012704686617730096
0 0.7700685760387252 0.4775550536420102 0.04921339249697459 0.01948051948051948
0 0.8253327954820492 0.4719085262563523 0.03307785397337636 0.01948051948051948
0 0.16559096409842677 0.5235742518351214 0.043162565550625254 0.014398644833427442
0 0.23114158935054457 0.528514963297572 0.06615570794675273 0.024844720496894408
0 0.3473174667204518 0.528514963297572 0.13957240822912464 0.024844720496894408
0 0.44473578055667606 0.5249858836815359 0.020572811617587738 0.00818746470920384
0 0.5488100040338846 0.5268210050818747 0.15933844292053248 0.02258610954263128
0 0.654901169826543 0.5211744776962168 0.02218636546994756 0.014680971202710334
0 0.6962484872932634 0.5199040090344438 0.03307785397337636 0.012704686617730096
0 0.7216619604679306 0.5295031055900621 0.00645421540943929 0.009881422924901186
0 0.7589753933037515 0.5210333145115754 0.0536506655909641 0.013269339356295878
0 0.8241226300927793 0.5206098249576511 0.04679306171843485 0.014680971202710334
0 0.1754739814441307 0.57128740824393 0.0572811617587737 0.017221908526256352
0 0.2390076643807987 0.5746753246753247 0.04961678096006454 0.014398644833427442
0 0.3563937071399758 0.5742518351214003 0.145623235175474 0.015245623941276116
0 0.44029850746268656 0.5811688311688312 0.0052440500201694235 0.009881422924901186
0 0.48971359419120614 0.5777809147374364 0.08955223880597014 0.02456239412761152
0 0.5796692214602662 0.5735460191981931 0.05647438483259379 0.012140033879164314
0 0.6419927390076644 0.5741106719367589 0.03751512706736587 0.00818746470920384
0 0.7585720048406616 0.5769339356295878 0.1536910044372731 0.03303218520609825
0 0.1845502218636547 0.6273291925465838 0.07866075030254134 0.010728402032749858
0 0.254739814441307 0.6269057029926595 0.02218636546994756 0.021174477696216828
0 0.31988705123033484 0.629305477131564 0.07180314643001211 0.019198193111236588
0 0.37353771682129894 0.6300112930547713 0.003227107704719645 0.007622811970638058
0 0.40217829770068575 0.6233766233766234 0.033884630899556276 0.018068887634105024
0 0.5080677692617991 0.6301524562394127 0.15207745058491326 0.029926595143986448
0 0.6210165389269867 0.6226708074534162 0.03993545784590561 0.016092603049124788
0 0.6936264622831787 0.6225296442687747 0.06413876563130294 0.01693958215697346
0 0.7718838241226301 0.6225296442687747 0.05929810407422348 0.01637492941840768
0 0.8303751512706736 0.6240824392998306 0.024606696248487294 0.013269339356295878
0 0.18071803146430013 0.6756070016939583 0.0645421540943929 0.015810276679841896
0 0.2517144009681323 0.6744776962168266 0.041145623235175476 0.01693958215697346
0 0.31867688584106496 0.6821005081874647 0.055667607906413875 0.020327498588368152
0 0.40863251311012505 0.6770186335403726 0.07422347720855184 0.026538678712591756
0 0.4790237999193223 0.6746188594014682 0.03993545784590561 0.015527950310559006
0 0.5841064945542558 0.6743365330321852 0.1355385235982251 0.017221908526256352
0 0.6589350544574425 0.6829474872953134 0.006857603872529245 0.009034443817052512
0 0.6782977006857603 0.6669960474308301 0.003630496167809601 0.007058159232072276
0 0.7146026623638564 0.6740542066629023 0.06252521177894312 0.014963297571993224
0 0.8019362646228317 0.6734895539243365 0.07260992335619201 0.016657255787690572
0 0.8438886647841872 0.6689723320158103 0.003227107704719645 0.005928853754940711
0 0.8602258975393303 0.6826651609260305 0.0052440500201694235 0.009034443817052512
0 0.1645824929407019 0.7298136645962733 0.02743041549011698 0.009599096555618294
0 0.2200484066155708 0.7268492377188029 0.05203711173860428 0.0189158667419537
0 0.3118192819685357 0.730660643704122 0.08955223880597014 0.021456804065499716
0 0.4203307785397338 0.7272727272727273 0.09197256958450989 0.012987012987012988
0 0.5155304558289633 0.7247317899491813 0.06615570794675273 0.017504234895539244
0 0.563331988705123 0.7337662337662337 0.004437273093989512 0.009599096555618294
0 0.6187979023799919 0.7268492377188029 0.08874546187979024 0.012704686617730096
0 0.7236789027833804 0.72656691134952 0.07745058491327148 0.009881422924901186
0 0.7995159338442921 0.7285431959345002 0.033884630899556276 0.022868435911914172
