0 0.18394513916901978 0.22233201581027667 0.08148446954417103 0.03077357425183512
0 0.2736990722065349 0.22289666854884246 0.06010488100040339 0.03020892151326934
0 0.34530052440500203 0.21781479390175043 0.04195240016135539 0.0189158667419537
0 0.40439693424768053 0.21880293619424054 0.043969342476805166 0.01355166572557877
0 0.5070592981040742 0.22275550536420102 0.1290843081887858 0.034443817052512704
0 0.6536910044372731 0.21936758893280633 0.12141992739007665 0.021456804065499716
0 0.7164179104477612 0.2248729531338227 0.00645421540943929 0.005364201016374929
0 0.7622025010084712 0.21597967250141162 0.06333198870512304 0.012987012987012988
0 0.8285599031867689 0.2171089779785432 0.07099636950383219 0.014680971202710334
0 0.15449778136345302 0.2691981931112366 0.035498184751916094 0.0189158667419537
0 0.21198063735377168 0.2738565782044043 0.0609116579265833 0.03613777526821005
0 0.29144816458249295 0.2713156408808583 0.06494554255748286 0.028797289666854884
0 0.37373941105284386 0.2732919254658385 0.06413876563130294 0.029926595143986448
0 0.4398951189995966 0.2662337662337662 0.04881000403388463 0.01693958215697346
0 0.499798305768455 0.26665725578769056 0.0572811617587737 0.018351214003387916
0 0.6022589753933038 0.26877470355731226 0.12263009277934651 0.015810276679841896
0 0.6791044776119403 0.2694805194805195 0.018152480839048003 0.012140033879164314
0 0.735982250907624 0.2648221343873518 0.06978620411456232 0.017504234895539244
0 0.8126260588947156 0.2720214568040655 0.07220653489310205 0.025691699604743084
0 0.16216216216216217 0.31804065499717676 0.04437273093989512 0.015527950310559006
0 0.19423154497781364 0.32029926595143987 0.007664380798709157 0.009881422924901186
0 0.21964501815248083 0.31620553359683795 0.013311819281968536 0.019762845849802372
0 0.2579669221460266 0.31634669678147936 0.05929810407422348 0.020609824957651044
0 0.33763614360629285 0.32679277244494637 0.07422347720855184 0.03980801806888763
0 0.41508672851956435 0.31874647092038394 0.055667607906413875 0.014116318464144552
0 0.48850342880193626 0.3160643704121965 0.0653489310205728 0.023433088650479956
0 0.5665590964098427 0.3232636928289102 0.08592174263816055 0.03162055335968379
0 0.6240419524001614 0.3190287972896669 0.008874546187979023 0.0016939582156973462
0 0.6688180718031465 0.31733483907396953 0.07099636950383219 0.01637492941840768
0 0.7398144413069786 0.3191699604743083 0.05405405405405406 0.016657255787690572
0 0.8140379185155304 0.3277809147374365 0.05405405405405406 0.03162055335968379
0 0.1964501815248084 0.37704686617730093 0.12827753126260588 0.041501976284584984
0 0.29588543767648245 0.37351778656126483 0.04800322710770472 0.03162055335968379
0 0.37031060911657926 0.38283455674760025 0.05889471561113352 0.028232636928289104
0 0.4715611133521581 0.3719649915302089 0.09681323114158935 0.013269339356295878
0 0.5615167406212183 0.36914172783738003 0.04437273093989512 0.017221908526256352
0 0.6347317466720451 0.37549407114624506 0.07301331181928197 0.026538678712591756
0 0.772488906817265 0.36900056465273856 0.1661960467930617 0.014116318464144552
0 0.8656716417910447 0.37012987012987014 0.008874546187979023 0.0016939582156973462
0 0.1619604679306172 0.4699322416713721 0.06736587333602259 0.018351214003387916
0 0.2462686567164179 0.4761434217955957 0.08350141185962082 0.026256352343308864
0 0.34751916095199675 0.4764257481648786 0.1036708350141186 0.034161490683229816
0 0.409035901573215 0.4772727272727273 0.004033884630899556 0.001976284584980237
0 0.4552238805970149 0.4683794466403162 0.05929810407422348 0.019762845849802372
0 0.5907624041952401 0.47656691134952006 0.16659943525615167 0.03613777526821005
0 0.7476805163372328 0.4741671372106155 0.10689794271883823 0.031338226990400904
0 0.8404598628479225 0.4710615471485037 0.050423557886244454 0.014398644833427442
0 0.1482452601855587 0.5208921513269339 0.021379588543767647 0.01637492941840768
0 0.21077047196450183 0.5238565782044043 0.056070996369503835 0.010446075663466968
0 0.28620411456232353 0.5283738001129306 0.033481242436466316 0.029079616036137776
0 0.3465106897942719 0.5200451722190853 0.05163372327551432 0.017504234895539244
0 0.43606292860024204 0.5224449463579899 0.08390480032271078 0.017221908526256352
0 0.5409439290036305 0.5200451722190853 0.08713190802743041 0.018068887634105024
0 0.6206131504638968 0.529785431959345 0.03509479628882614 0.03077357425183512
0 0.7234772085518354 0.5271033314511575 0.1399757966922146 0.024844720496894408
0 0.8039532069382815 0.5255505364201016 0.004840661557079467 0.003105590062111801
