0 0.12989108511496572 0.20341614906832298 0.007260992335619202 0.02456239412761152
0 0.2045179507866075 0.20454545454545456 0.1073013311819282 0.020045172219085264
0 0.3317870108914885 0.20581592320722755 0.11093182734973779 0.020327498588368152
0 0.4300121016538927 0.20892151326933936 0.04356595401371521 0.012422360248447204
0 0.5254134731746672 0.2080745341614907 0.1036708350141186 0.01693958215697346
0 0.673053650665591 0.2106154714850367 0.16982654296087132 0.020892151326933936
0 0.7898346107301332 0.20863918690005648 0.03469140782573618 0.0220214568040655
0 0.8533682936668011 0.21047430830039526 0.07139975796692215 0.016092603049124788
0 0.8977410246066962 0.21781479390175043 0.0052440500201694235 0.003105590062111801
0 0.9033884630899556 0.20341614906832298 0.0052440500201694235 0.00818746470920384
0 0.1508672851956434 0.25578769057029926 0.07583703106091166 0.02710333145115754
0 0.2291246470350948 0.2584697910784867 0.04679306171843485 0.010446075663466968
0 0.30919725695845096 0.26016374929418407 0.08188785800726099 0.022303783173348392
0 0.39511899959661156 0.26030491247882553 0.05687777329568374 0.018068887634105024
0 0.43162565550625254 0.2684923771880294 0.0024203307785397336 0.006775832862789385
0 0.509883017345704 0.25889328063241107 0.11617587736990723 0.01637492941840768
0 0.6194029850746269 0.2574816487859966 0.07624041952400161 0.021456804065499716
0 0.727511093182735 0.25818746470920384 0.11738604275917709 0.022868435911914172
0 0.18475191609519967 0.3073122529644269 0.16296893908834206 0.027950310559006212
0 0.3691004437273094 0.3102766798418972 0.16700282371924163 0.023150762281197064
0 0.46228317870108915 0.3145115753811406 0.0024203307785397336 0.00846979107848673
0 0.5391286809197257 0.307029926595144 0.118192819685357 0.01948051948051948
0 0.663574021782977 0.307029926595144 0.09842678499394918 0.016092603049124788
0 0.7418313836224284 0.30745341614906835 0.03791851553045583 0.015245623941276116
0 0.8126260588947156 0.30477131564088084 0.07704719645018153 0.01948051948051948
0 0.17043162565550626 0.3598249576510446 0.12706736587333603 0.027385657820440428
0 0.3315853166599435 0.3613777526821005 0.15248083904800322 0.019198193111236588
0 0.4124647035094796 0.36716544325239975 0.003630496167809601 0.00818746470920384
0 0.46046793061718433 0.3564370412196499 0.06333198870512304 0.020609824957651044
0 0.5346914078257362 0.3570016939582157 0.05203711173860428 0.0189158667419537
0 0.6589350544574425 0.3613777526821005 0.18192819685356998 0.025409373235460192
0 0.7934651068979427 0.3606719367588933 0.06131504638967326 0.017786561264822136
0 0.8834207341670028 0.358695652173913 0.08874546187979024 0.01948051948051948
0 0.19947559499798306 0.409373235460192 0.18676885841064947 0.020892151326933936
0 0.3027430415490117 0.4161490683229814 0.0060508269463493344 0.004517221908526256
0 0.35074626865671643 0.40767927724449465 0.0754336425978217 0.02258610954263128
0 0.4536103267446551 0.4137492941840768 0.10286405808793868 0.021174477696216828
0 0.5635336829366681 0.4083850931677019 0.0927793465106898 0.013269339356295878
0 0.7099636950383219 0.4117730095990966 0.1782977006857604 0.022868435911914172
0 0.8247277127874143 0.4095143986448334 0.0391286809197257 0.015527950310559006
0 0.8939088342073417 0.41120835686053075 0.0645421540943929 0.016657255787690572
0 0.19564340459862847 0.46174477696216826 0.1799112545381202 0.0189158667419537
0 0.32654296087131907 0.4608977978543196 0.0391286809197257 0.022868435911914172
0 0.43848325937878174 0.46174477696216826 0.14764017749092376 0.023433088650479956
0 0.6288826139572409 0.4614624505928854 0.19846712384025816 0.02456239412761152
0 0.8239209358612344 0.46160361377752684 0.145623235175474 0.024280067758328628
0 0.11617587736990723 0.5122811970638057 0.03711173860427592 0.01948051948051948
0 0.21319080274304156 0.5117165443252399 0.10125050423557887 0.018351214003387916
0 0.3043565954013715 0.514257481648786 0.038321903993545785 0.016092603049124788
0 0.3916901976603469 0.5146809712027103 0.10810810810810811 0.017504234895539244
0 0.5066559096409843 0.5166572557876906 0.07583703106091166 0.014680971202710334
0 0.5935861234368697 0.5148221343873518 0.06655909640984267 0.017221908526256352
0 0.6645824929407019 0.5158102766798419 0.04719645018152481 0.01129305477131564
0 0.7666397741024606 0.5153867871259176 0.1254538120209762 0.016092603049124788
0 0.872327551432029 0.5151044607566346 0.05203711173860428 0.016092603049124788
0 0.1446147640177491 0.5639469226425748 0.06494554255748286 0.01948051948051948
0 0.2801532876159742 0.5647939017504235 0.16498588140379186 0.021739130434782608
0 0.4290036304961678 0.5626764539808018 0.09479628882613957 0.017504234895539244
0 0.48749495764421136 0.5684641445511011 0.004437273093989512 0.002540937323546019
