0 0.17265026220250101 0.21908526256352343 0.04759983864461476 0.018068887634105024
0 0.2382008874546188 0.22317899491812535 0.04961678096006454 0.010446075663466968
0 0.3152480839048003 0.22162619988706944 0.07624041952400161 0.012987012987012988
0 0.46974586526825335 0.2264257481648786 0.19887051230334812 0.02710333145115754
0 0.6345300524405002 0.22628458498023715 0.09600645421540945 0.02456239412761152
0 0.7131908027430416 0.21964991530208922 0.02581686163775716 0.015245623941276116
0 0.7634126663977411 0.21979107848673066 0.0463896732553449 0.014963297571993224
0 0.2263009277934651 0.27639751552795033 0.14844695441710368 0.025974025974025976
0 0.33783783783783783 0.2751270468661773 0.024606696248487294 0.023997741389045736
0 0.40298507462686567 0.2717391304347826 0.06696248487293263 0.01383399209486166
0 0.5463896732553449 0.27032749858836813 0.17950786607503025 0.0189158667419537
0 0.645018152480839 0.27936194240542067 0.00645421540943929 0.008752117447769622
0 0.6867688584106495 0.27032749858836813 0.05929810407422348 0.014963297571993224
0 0.7628075837031061 0.2704686617730096 0.0653489310205728 0.014680971202710334
0 0.8305768455022187 0.27300959909655564 0.0500201694231545 0.009599096555618294
0 0.17849939491730538 0.3231225296442688 0.0536506655909641 0.01383399209486166
0 0.26200080677692617 0.3272162619988707 0.07624041952400161 0.023150762281197064
0 0.336224283985478 0.3219932241671372 0.035901573215006054 0.017221908526256352
0 0.41851553045582895 0.3222755505364201 0.08672851956434045 0.014398644833427442
0 0.5010084711577248 0.3219932241671372 0.0500201694231545 0.017221908526256352
0 0.5687777329568374 0.3246753246753247 0.05163372327551432 0.009034443817052512
0 0.6333198870512303 0.32156973461321287 0.04437273093989512 0.014116318464144552
0 0.7260992335619201 0.3274985883681536 0.12020976200080678 0.024280067758328628
0 0.8317870108914885 0.3201581027667984 0.06131504638967326 0.01637492941840768
0 0.1680112948769665 0.37874082439299833 0.03751512706736587 0.03077357425183512
0 0.24223477208551836 0.3719649915302089 0.08027430415490117 0.016092603049124788
0 0.2888261395724082 0.3771880293619424 0.003227107704719645 0.002258610954263128
0 0.35215812827753123 0.3708356860530774 0.07422347720855184 0.016657255787690572
0 0.46793061718434853 0.37027103331451156 0.10891488503428802 0.017786561264822136
0 0.5461879790237999 0.37422360248447206 0.016942315449778138 0.00818746470920384
0 0.6234368697055265 0.37295313382269907 0.10205728116175877 0.015245623941276116
0 0.718434852763211 0.37140033879164314 0.05647438483259379 0.014963297571993224
0 0.7662363856393707 0.3746470920383964 0.013311819281968536 0.009034443817052512
0 0.8158531665994353 0.37267080745341613 0.05203711173860428 0.01129305477131564
0 0.8684953610326744 0.37351778656126483 0.014521984671238403 0.002258610954263128
0 0.15348931020572812 0.4268774703557312 0.02218636546994756 0.009599096555618294
0 0.19786204114562322 0.4257481648785997 0.05203711173860428 0.011857707509881422
0 0.25958047599838646 0.42617165443252397 0.027833803953206938 0.009881422924901186
0 0.3662767244856797 0.42701863354037267 0.13473174667204518 0.022303783173348392
0 0.48124243646631704 0.42391304347826086 0.06615570794675273 0.012704686617730096
0 0.5457845905607099 0.42701863354037267 0.01855586930213796 0.007622811970638058
0 0.6218233158531666 0.42320722755505363 0.10205728116175877 0.014680971202710334
0 0.7016942315449778 0.4256070016939582 0.031060911657926585 0.010446075663466968
0 0.7507059298104074 0.4225014116318464 0.04517950786607503 0.023997741389045736
0 0.8281565147236789 0.4212309429700734 0.07341670028237192 0.023715415019762844
0 0.20794675272287214 0.4733201581027668 0.12948769665187576 0.018351214003387916
0 0.3110125050423558 0.474025974025974 0.03872529245663574 0.017504234895539244
0 0.36345300524405 0.4731789949181254 0.029850746268656716 0.015810276679841896
0 0.45784590560709965 0.4795313382269904 0.11940298507462686 0.022868435911914172
0 0.5705929810407422 0.47600225861095424 0.07059298104074223 0.024844720496894408
0 0.6434045986284792 0.4707792207792208 0.04679306171843485 0.017221908526256352
0 0.7317466720451795 0.47557876905702995 0.09762000806776926 0.0251270468661773
0 0.7968939088342073 0.4686617730095991 0.008471157724889069 0.018068887634105024
0 0.17123840258168616 0.5245623941276115 0.06252521177894312 0.018633540372670808
0 0.2936668011294877 0.5290796160361377 0.12827753126260588 0.024844720496894408
0 0.40338846308995563 0.5249858836815359 0.050826946349334406 0.012704686617730096
0 0.46591367486889873 0.528514963297572 0.03791851553045583 0.029361942405420668
0 0.5385235982250908 0.5238565782044043 0.07180314643001211 0.016657255787690572
0 0.628075837031061 0.5293619424054207 0.07987091569181122 0.02710333145115754
0 0.7141992739007664 0.5330321852060983 0.057684550221863654 0.021456804065499716
0 0.8215006050826946 0.5239977413890458 0.10931827349737798 0.015810276679841896
0 0.8799919322307382 0.5335968379446641 0.006857603872529245 0.007340485601355167
0 0.18777732956837434 0.5755223037831734 0.08350141185962082 0.016657255787690572
0 0.24384832593787817 0.5718520609824957 0.007664380798709157 0.017786561264822136
0 0.32573618394513915 0.5743929983060417 0.0826946349334409 0.014398644833427442
0 0.4673255344897136 0.580180688876341 0.14481645824929407 0.030491247882552232
0 0.5772488906817265 0.572557876905703 0.03630496167809601 0.018068887634105024
0 0.6240419524001614 0.5739695087521175 0.03791851553045583 0.015810276679841896
0 0.6970552642194433 0.5756634669678148 0.07503025413473174 0.009599096555618294
0 0.7890278338039532 0.5741106719367589 0.07422347720855184 0.014398644833427442
0 0.8479225494150867 0.5721343873517787 0.01371520774505849 0.018351214003387916
