0 0.14945542557482855 0.1681253529079616 0.00927793465106898 0.014398644833427442
0 0.18293666801129488 0.16883116883116883 0.043162565550625254 0.014116318464144552
0 0.2418313836224284 0.16897233201581027 0.05445744251714401 0.014963297571993224
0 0.2936668011294877 0.17320722755505363 0.02581686163775716 0.006493506493506494
0 0.35155304558289635 0.1681253529079616 0.06494554255748286 0.015527950310559006
0 0.436264622831787 0.17476002258610954 0.08753529649052037 0.024280067758328628
0 0.5006050826946349 0.17137210615471485 0.021782977006857603 0.017504234895539244
0 0.5346914078257362 0.1681253529079616 0.03993545784590561 0.012140033879164314
0 0.5641387656313029 0.17348955392433654 0.0028237192416296895 0.001411631846414455
0 0.5760387252924566 0.1627611518915867 0.004033884630899556 0.004234895539243365
0 0.6058894715611134 0.16784302653867872 0.04679306171843485 0.014963297571993224
0 0.6508672851956434 0.17165443252399773 0.02218636546994756 0.007340485601355167
0 0.7069382815651473 0.1686900056465274 0.06413876563130294 0.017221908526256352
0 0.7712787414279951 0.16883116883116883 0.04759983864461476 0.010728402032749858
0 0.7898346107301332 0.17941840767927725 0.003227107704719645 0.003105590062111801
0 0.845502218636547 0.16883116883116883 0.07745058491327148 0.014116318464144552
0 0.16438079870915692 0.22571993224167136 0.0463896732553449 0.017786561264822136
0 0.2265026220250101 0.22416713721061546 0.05203711173860428 0.015245623941276116
0 0.3120209762000807 0.22557876905702992 0.09398951189995966 0.024844720496894408
0 0.42396127470754336 0.22388481084133258 0.10568777732956837 0.015810276679841896
0 0.4772085518354175 0.22910784867306608 0.004840661557079467 0.004799548277809147
0 0.5240016135538523 0.22529644268774704 0.07583703106091166 0.023150762281197064
0 0.5982250907624042 0.21823828345567475 0.0500201694231545 0.015245623941276116
0 0.6411859620814845 0.21908526256352343 0.014118596208148447 0.01129305477131564
0 0.68192819685357 0.21852060982495766 0.051230334812424366 0.012987012987012988
0 0.7553448971359419 0.2245906267645398 0.07785397337636143 0.023433088650479956
0 0.8398547801532876 0.21880293619424054 0.07341670028237192 0.014680971202710334
0 0.8828156514723678 0.22755505364201017 0.004437273093989512 0.0033879164313946925
0 0.16397741024606696 0.27399774138904576 0.045582896329164985 0.01101072840203275
0 0.20835014118596207 0.2725861095426313 0.031060911657926585 0.011575381140598532
0 0.28701089148850345 0.2787972896668549 0.09883017345703912 0.022303783173348392
0 0.3620411456232352 0.2725861095426313 0.0326744655102864 0.012704686617730096
0 0.40843081887858007 0.27300959909655564 0.0463896732553449 0.010728402032749858
0 0.4935457845905607 0.27428006775832864 0.10286405808793868 0.017221908526256352
0 0.5480032271077048 0.27710333145115756 0.0028237192416296895 0.001411631846414455
0 0.5812827753126261 0.2701863354037267 0.03630496167809601 0.012422360248447204
0 0.6403791851553046 0.27639751552795033 0.06413876563130294 0.010163749294184076
0 0.7057281161758774 0.2723037831733484 0.04235578862444534 0.00818746470920384
0 0.7924566357402179 0.2724449463579898 0.1044776119402985 0.018068887634105024
0 0.8682936668011295 0.2683512140033879 0.01734570391286809 0.011575381140598532
0 0.15429608713190804 0.3221343873517787 0.021379588543767647 0.011857707509881422
0 0.22408229124647036 0.32820440429136083 0.09802339653085922 0.01101072840203275
0 0.2928600242033078 0.3265104460756635 0.029043969342476807 0.017786561264822136
0 0.3565954013715208 0.3294748729531338 0.0782573618394514 0.025409373235460192
0 0.4854780153287616 0.32792207792207795 0.14239612747075434 0.022303783173348392
0 0.6085114965711981 0.3266516092603049 0.08511496571198064 0.02258610954263128
0 0.6754739814441307 0.32241671372106157 0.019766034691407825 0.009034443817052512
0 0.718434852763211 0.32128740824393 0.04679306171843485 0.011857707509881422
0 0.7591770875352964 0.31959345002823264 0.016135538523598225 0.01129305477131564
0 0.8049616780960065 0.31874647092038394 0.05526421944332392 0.012422360248447204
