0 0.19887051230334812 0.20327498588368154 0.10246066962484873 0.02710333145115754
0 0.32331585316659944 0.19960474308300397 0.0891488503428802 0.019198193111236588
0 0.445340863251311 0.20073404856013552 0.08551835417507059 0.030491247882552232
0 0.5496167809600645 0.19579333709768493 0.05687777329568374 0.020045172219085264
0 0.6478418717224688 0.1981931112365895 0.07018959257765228 0.01355166572557877
0 0.7682533279548205 0.20228684359119142 0.10609116579265833 0.027385657820440428
0 0.8515530455828964 0.19805194805194806 0.02501008471157725 0.027385657820440428
0 0.1700282371924163 0.2502823263692829 0.04961678096006454 0.022303783173348392
0 0.2690601048810004 0.2519762845849802 0.08390480032271078 0.03020892151326934
0 0.4017749092375958 0.24830604178430266 0.11375554659136748 0.023997741389045736
0 0.5546591367486889 0.24858836815358554 0.11375554659136748 0.021174477696216828
0 0.6684146833400565 0.25254093732354604 0.03065752319483663 0.013269339356295878
0 0.7170229931423961 0.2522586109542631 0.01653892698668818 0.01383399209486166
0 0.8067769261799113 0.24802371541501977 0.1145623235175474 0.021174477696216828
0 0.1591367486889875 0.3050536420101638 0.027833803953206938 0.023997741389045736
0 0.22287212585720048 0.3051948051948052 0.0326744655102864 0.020327498588368152
0 0.32210568777732956 0.3061829474872953 0.08834207341670028 0.012704686617730096
0 0.43041549011698266 0.3005364201016375 0.06696248487293263 0.025691699604743084
0 0.5498184751916095 0.3071710897797854 0.11617587736990723 0.032185206098249576
0 0.6258572004840661 0.31394692264257484 0.003630496167809601 0.007340485601355167
0 0.6668011294876967 0.30477131564088084 0.03065752319483663 0.014398644833427442
0 0.7321500605082695 0.30237154150197626 0.04437273093989512 0.029361942405420668
0 0.8146430012101654 0.3027950310559006 0.06333198870512304 0.027950310559006212
0 0.18697055264219442 0.36236589497459065 0.07624041952400161 0.029644268774703556
0 0.3390480032271077 0.3546019198193111 0.16417910447761194 0.03162055335968379
0 0.48850342880193626 0.35290796160361376 0.03711173860427592 0.025409373235460192
0 0.5488100040338846 0.3500846979107849 0.052843888664784185 0.021456804065499716
0 0.6692214602662364 0.35502540937323546 0.11375554659136748 0.03020892151326934
0 0.7648245260185559 0.353613777526821 0.03146430012101654 0.029079616036137776
0 0.8287615974183138 0.34853190287972896 0.051230334812424366 0.022303783173348392
0 0.2099636950383219 0.4096555618294749 0.12384025816861638 0.028797289666854884
0 0.28620411456232353 0.4137492941840768 0.003630496167809601 0.007058159232072276
0 0.33662767244856795 0.3996329757199322 0.058491327148043566 0.020045172219085264
0 0.42860024203307784 0.40033879164313946 0.06655909640984267 0.023150762281197064
0 0.5314643001210165 0.4048560135516657 0.06736587333602259 0.03274985883681536
0 0.6506655909640984 0.4051383399209486 0.10407422347720856 0.029926595143986448
0 0.7878176684146834 0.4052795031055901 0.11859620814844696 0.03077357425183512
0 0.20028237192416296 0.4579333709768492 0.10125050423557887 0.03274985883681536
0 0.3071803146430012 0.4558159232072276 0.051230334812424366 0.0189158667419537
0 0.4257765227914482 0.45313382269904007 0.11496571198063735 0.02710333145115754
0 0.5227914481645825 0.4514398644833427 0.03227107704719645 0.02258610954263128
0 0.5768455022186365 0.4505928853754941 0.04356595401371521 0.02258610954263128
0 0.654497781363453 0.45101637492941843 0.06736587333602259 0.023433088650479956
0 0.7008874546187979 0.4580745341614907 0.004437273093989512 0.012704686617730096
0 0.7609923356192013 0.45214568040654995 0.04881000403388463 0.021174477696216828
0 0.8241226300927793 0.45214568040654995 0.022589753933037516 0.023997741389045736
0 0.18031464300121017 0.5053642010163749 0.05970149253731343 0.020327498588368152
0 0.2974989915288423 0.5032467532467533 0.07220653489310205 0.020045172219085264
0 0.4390883420734167 0.5023997741389046 0.11738604275917709 0.01948051948051948
0 0.6125453812020977 0.5115753811405985 0.15046389673255345 0.023715415019762844
0 0.753731343283582 0.5035290796160361 0.0318676885841065 0.018351214003387916
0 0.8168616377571601 0.5039525691699605 0.042759177087535294 0.020327498588368152
0 0.18838241226300928 0.5518068887634106 0.07583703106091166 0.020609824957651044
0 0.29064138765631303 0.549407114624506 0.026220250100847116 0.024280067758328628
0 0.4118596208148447 0.554488989271598 0.1371520774505849 0.03162055335968379
0 0.5401371520774506 0.5488424618859401 0.048406615570794675 0.023150762281197064
0 0.6246470350947962 0.554488989271598 0.03509479628882614 0.014116318464144552
0 0.6829366680112948 0.5503952569169961 0.02743041549011698 0.0189158667419537
0 0.7430415490116983 0.5512422360248447 0.04356595401371521 0.0251270468661773
0 0.8535699878983461 0.5570299265951439 0.12989108511496572 0.02710333145115754
0 0.15469947559499797 0.6068605307735743 0.02218636546994756 0.016092603049124788
0 0.2172246873739411 0.6020609824957651 0.04800322710770472 0.021739130434782608
0 0.36163775716014523 0.6062958780350085 0.17466720451795079 0.028514963297571992
0 0.4673255344897136 0.6146245059288538 0.003630496167809601 0.007340485601355167
0 0.5393303751512707 0.6026256352343309 0.05889471561113352 0.0189158667419537
0 0.6288826139572409 0.6012140033879164 0.033884630899556276 0.020045172219085264
0 0.7099636950383219 0.6019198193111237 0.060508269463493344 0.019762845849802372
0 0.8315853166599435 0.6089779785431959 0.12706736587333603 0.028797289666854884
0 0.16922146026623638 0.6559853190287973 0.06978620411456232 0.021739130434782608
0 0.26764824526018555 0.652738565782044 0.02944735780556676 0.025409373235460192
0 0.3336022589753933 0.65527950310559 0.04437273093989512 0.02258610954263128
0 0.4429205324727713 0.6607848673066065 0.08148446954417103 0.03190287972896669
0 0.5845098830173457 0.6572557876905702 0.11778943122226704 0.020327498588368152
0 0.7226704316256555 0.6588085827216262 0.06736587333602259 0.027950310559006212
0 0.7801532876159741 0.6645962732919255 0.004033884630899556 0.00282326369282891
