0 0.1308995562726906 0.2542348955392434 0.014118596208148447 0.01948051948051948
0 0.1811214199273901 0.26157538114059853 0.06131504638967326 0.017786561264822136
0 0.26119402985074625 0.2533879164313947 0.08108108108108109 0.016092603049124788
0 0.35034288019362647 0.2528232636928289 0.07946752722872126 0.01383399209486166
0 0.43606292860024204 0.2521174477696217 0.06615570794675273 0.014680971202710334
0 0.508471157724889 0.2508469791078487 0.05929810407422348 0.014963297571993224
0 0.608309802339653 0.24816487859966121 0.12989108511496572 0.019198193111236588
0 0.7527228721258572 0.2456239412761152 0.1371520774505849 0.01637492941840768
0 0.8487293263412666 0.24590626764539808 0.03146430012101654 0.01355166572557877
0 0.8914885034288019 0.24463579898362506 0.03711173860427592 0.014398644833427442
0 0.14360629286002422 0.3049124788255223 0.041145623235175476 0.017504234895539244
0 0.23618394513916902 0.30547713156408807 0.11738604275917709 0.020327498588368152
0 0.29810407422347723 0.30872388481084134 0.004840661557079467 0.001976284584980237
0 0.4045986284792255 0.3015245623941276 0.18394513916901978 0.017504234895539244
0 0.5354981847519161 0.2996894409937888 0.06171843485276321 0.012704686617730096
0 0.627672448567971 0.3008187464709204 0.0927793465106898 0.016092603049124788
0 0.7178297700685761 0.3046301524562394 0.06010488100040339 0.012987012987012988
0 0.7829770068576039 0.30350084697910784 0.0500201694231545 0.012987012987012988
0 0.8684953610326744 0.3029361942405421 0.09197256958450989 0.01637492941840768
0 0.22246873739411052 0.3570016939582157 0.20613150463896732 0.017221908526256352
0 0.37777329568374346 0.3613777526821005 0.08834207341670028 0.014680971202710334
0 0.45139169019766034 0.35629587803500845 0.029850746268656716 0.019198193111236588
0 0.5042355788624445 0.35841332580463015 0.055667607906413875 0.01383399209486166
0 0.5808793868495361 0.3544607566346697 0.07745058491327148 0.014398644833427442
0 0.6500605082694635 0.35403726708074534 0.043162565550625254 0.014116318464144552
0 0.7563533682936668 0.35403726708074534 0.14764017749092376 0.014680971202710334
0 0.8493344090359016 0.3575663466967815 0.01573215006050827 0.009881422924901186
0 0.9013715207745059 0.35587238848108416 0.06575231948366277 0.015527950310559006
0 0.13674868898749495 0.4097967250141163 0.028237192416296894 0.0189158667419537
0 0.20613150463896732 0.4103613777526821 0.0935861234368697 0.017221908526256352
0 0.3797902379991932 0.4082439299830604 0.22952803549818476 0.018068887634105024
0 0.5024203307785398 0.4140316205533597 0.0028237192416296895 0.00818746470920384
0 0.5284388866478419 0.4052795031055901 0.04356595401371521 0.015527950310559006
0 0.6232351754739814 0.4049971767363072 0.12101653892698669 0.014963297571993224
0 0.7529245663574021 0.4095143986448334 0.11577248890681727 0.016092603049124788
0 0.846107301331182 0.4072557876905703 0.057684550221863654 0.013269339356295878
0 0.908632513110125 0.41120835686053075 0.035901573215006054 0.014398644833427442
0 0.13755546591367487 0.5598531902879729 0.04437273093989512 0.015810276679841896
0 0.21077047196450183 0.5598531902879729 0.07220653489310205 0.02258610954263128
0 0.30052440500201694 0.5597120271033315 0.0782573618394514 0.017786561264822136
0 0.35155304558289635 0.5616883116883117 0.01573215006050827 0.001976284584980237
0 0.3860427591770875 0.5597120271033315 0.03711173860427592 0.021174477696216828
0 0.4346510689794272 0.5575945793337098 0.04477611940298507 0.015810276679841896
0 0.4647035094796289 0.5511010728402033 0.0024203307785397336 0.00564652738565782
0 0.5369100443727309 0.55957086391869 0.11294876966518758 0.017504234895539244
0 0.63695038321904 0.5616883116883117 0.053247277127874144 0.015527950310559006
0 0.7369907220653489 0.5619706380575946 0.1290843081887858 0.022303783173348392
0 0.8285599031867689 0.5618294748729531 0.028237192416296894 0.019198193111236588
0 0.8596208148446954 0.5639469226425748 0.014521984671238403 0.011575381140598532
0 0.9126663977410246 0.564935064935065 0.0681726502622025 0.018068887634105024
0 0.2008874546187979 0.6106719367588933 0.17103670835014118 0.018633540372670808
0 0.3424768051633723 0.6142010163749294 0.100040338846309 0.017221908526256352
0 0.3918918918918919 0.5995200451722191 0.004437273093989512 0.007622811970638058
0 0.4136748688987495 0.6086956521739131 0.01734570391286809 0.0016939582156973462
0 0.45240016135538524 0.6086956521739131 0.04719645018152481 0.01693958215697346
0 0.527228721258572 0.6089779785431959 0.07503025413473174 0.023150762281197064
0 0.6434045986284792 0.6125070581592321 0.1306978620411456 0.012140033879164314
0 0.7501008471157725 0.6081309994353472 0.058491327148043566 0.018068887634105024
0 0.8100040338846309 0.6086956521739131 0.04517950786607503 0.014116318464144552
0 0.8965308592174264 0.611518915866742 0.10770471964501815 0.023150762281197064
0 0.1464300121016539 0.661914172783738 0.06131504638967326 0.021174477696216828
0 0.20572811617587736 0.6629023150762281 0.029043969342476807 0.02258610954263128
0 0.31464300121016536 0.6641727837380011 0.16861637757160144 0.022303783173348392
0 0.4072206534893102 0.6689723320158103 0.0028237192416296895 0.008752117447769622
0 0.43828156514723676 0.6595143986448334 0.0463896732553449 0.01693958215697346
0 0.5121016538926987 0.6627611518915867 0.07624041952400161 0.01101072840203275
0 0.6470350947962888 0.6634669678147939 0.16135538523598225 0.017504234895539244
0 0.7496974586526826 0.663184641445511 0.03670835014118596 0.01637492941840768
0 0.8578055667607907 0.6661490683229814 0.15449778136345302 0.023433088650479956
0 0.1663977410246067 0.7614342179559571 0.10770471964501815 0.025409373235460192
0 0.2624041952400161 0.7610107284020328 0.050423557886244454 0.013269339356295878
0 0.3299717628075837 0.7583286278938453 0.06615570794675273 0.019198193111236588
0 0.47983057684550223 0.7614342179559571 0.1980637353771682 0.024844720496894408
0 0.5881403791851553 0.7679277244494636 0.003227107704719645 0.010728402032749858
0 0.6331181928196854 0.7595990965556183 0.0609116579265833 0.015527950310559006
0 0.7135941912061315 0.7601637492941841 0.07422347720855184 0.017221908526256352
0 0.7868091972569584 0.7598814229249012 0.05445744251714401 0.015527950310559006
0 0.8709156918112142 0.7660926030491247 0.09519967728922953 0.0189158667419537
