0 0.23275514320290439 0.27216261998870694 0.17103670835014118 0.014116318464144552
0 0.3346107301331182 0.2723037831733484 0.018959257765227916 0.01101072840203275
0 0.40237999193223073 0.2732919254658385 0.09479628882613957 0.012987012987012988
0 0.48124243646631704 0.2728684359119142 0.041145623235175476 0.009316770186335404
0 0.5693828156514724 0.2715979672501412 0.10931827349737798 0.01129305477131564
0 0.6655909640984268 0.2720214568040655 0.05889471561113352 0.012140033879164314
0 0.7414279951593384 0.277244494635799 0.07664380798709157 0.02766798418972332
0 0.8225090762404196 0.27555053642010163 0.05889471561113352 0.020892151326933936
0 0.872932634126664 0.2723037831733484 0.014521984671238403 0.011575381140598532
0 0.19766034691407824 0.37888198757763975 0.10084711577248891 0.025409373235460192
0 0.282170229931424 0.37224731789949184 0.0391286809197257 0.01383399209486166
0 0.3434852763210972 0.37577639751552794 0.06575231948366277 0.006211180124223602
0 0.3945139169019766 0.37323546019198195 0.016135538523598225 0.010728402032749858
0 0.4320290439693425 0.37295313382269907 0.04679306171843485 0.011857707509881422
0 0.4899152884227511 0.37337662337662336 0.04477611940298507 0.01101072840203275
0 0.5484066155707946 0.3781761716544325 0.058491327148043566 0.021739130434782608
0 0.5921742638160549 0.37704686617730093 0.021782977006857603 0.0189158667419537
0 0.617789431222267 0.37295313382269907 0.022993142396127472 0.010728402032749858
0 0.6625655506252521 0.37224731789949184 0.04800322710770472 0.012140033879164314
0 0.7232755143202905 0.37210615471485037 0.05244050020169423 0.014680971202710334
0 0.7930617184348527 0.37210615471485037 0.060508269463493344 0.011857707509881422
0 0.17063331988705124 0.43040654997176736 0.0782573618394514 0.028514963297571992
0 0.29709560306575233 0.4280067758328628 0.15691811214199275 0.015245623941276116
0 0.3963291649858814 0.4246188594014681 0.024606696248487294 0.010728402032749858
0 0.4606696248487293 0.4257481648785997 0.08713190802743041 0.009599096555618294
0 0.5233965308592174 0.42828910220214567 0.020572811617587738 0.018633540372670808
0 0.5516337232755143 0.42701863354037267 0.02864058087938685 0.005928853754940711
0 0.6284792254941509 0.4246188594014681 0.1073013311819282 0.01129305477131564
0 0.7267043162565551 0.4256070016939582 0.07866075030254134 0.020045172219085264
0 0.7827753126260589 0.4227837380011293 0.02218636546994756 0.010446075663466968
0 0.8287615974183138 0.422360248447205 0.05445744251714401 0.014116318464144552
0 0.8757563533682937 0.42730095990965555 0.012101653892698669 0.001411631846414455
0 0.8920935861234369 0.42603049124788256 0.002016942315449778 0.001129305477131564
0 0.9045986284792255 0.415725578769057 0.003630496167809601 0.0036702428006775835
0 0.181726502622025 0.5827216261998871 0.08511496571198064 0.023715415019762844
0 0.29588543767648245 0.575098814229249 0.10689794271883823 0.014680971202710334
0 0.39007664380798707 0.5818746470920384 0.08309802339653086 0.023150762281197064
0 0.44876966518757566 0.5762281197063805 0.01734570391286809 0.012987012987012988
0 0.4893102057281162 0.5759457933370977 0.041145623235175476 0.012987012987012988
0 0.563331988705123 0.5763692828910221 0.08592174263816055 0.012704686617730096
0 0.6125453812020977 0.5846979107848673 0.003630496167809601 0.003952569169960474
0 0.63654699475595 0.5729813664596274 0.022589753933037516 0.014398644833427442
0 0.6899959661153691 0.5763692828910221 0.08027430415490117 0.013269339356295878
0 0.7400161355385236 0.5854037267080745 0.03670835014118596 0.01948051948051948
0 0.7811617587736991 0.577639751552795 0.0391286809197257 0.019762845849802372
0 0.8319887051230335 0.5742518351214003 0.02218636546994756 0.012422360248447204
0 0.19342476805163372 0.6283173348390739 0.09318273497377975 0.016657255787690572
0 0.26946349334409037 0.6260587238848109 0.03307785397337636 0.012704686617730096
0 0.34973779749899153 0.6266233766233766 0.09600645421540945 0.020609824957651044
0 0.427390076643808 0.6261998870694523 0.01734570391286809 0.010728402032749858
0 0.49213392496974584 0.6271880293619424 0.06938281565147236 0.01383399209486166
0 0.5853166599435257 0.6309994353472614 0.10165389269866881 0.02258610954263128
0 0.6557079467527229 0.6254940711462451 0.0318676885841065 0.016657255787690572
0 0.6932230738200887 0.627046866177301 0.027833803953206938 0.012422360248447204
0 0.7470754336425979 0.638481084133258 0.07583703106091166 0.025691699604743084
0 0.20391286809197257 0.6750423489553924 0.10689794271883823 0.015245623941276116
0 0.3327954820492134 0.6815358554488989 0.0927793465106898 0.014116318464144552
0 0.3884630899556273 0.6833709768492378 0.0024203307785397336 0.001411631846414455
