0 0.1871722468737394 0.20638057594579334 0.07341670028237192 0.019198193111236588
0 0.2833803953206938 0.20878035008469792 0.06736587333602259 0.014963297571993224
0 0.3745461879790238 0.20482778091473744 0.056070996369503835 0.02456239412761152
0 0.4693424768051634 0.20609824957651043 0.08027430415490117 0.029926595143986448
0 0.554860830980234 0.2031338226990401 0.02379991932230738 0.017786561264822136
0 0.6793061718434853 0.20736871823828346 0.1444130697862041 0.029079616036137776
0 0.8128277531262605 0.20143986448334275 0.07664380798709157 0.02456239412761152
0 0.18233158531665994 0.2531055900621118 0.05163372327551432 0.025691699604743084
0 0.21803146430012102 0.26171654432524 0.0028237192416296895 0.006211180124223602
0 0.2743041549011698 0.2511293054771316 0.042759177087535294 0.029079616036137776
0 0.33763614360629285 0.251270468661773 0.035498184751916094 0.02710333145115754
0 0.45038321903993545 0.24971767363071712 0.15046389673255345 0.022868435911914172
0 0.6107301331181928 0.25296442687747034 0.09681323114158935 0.029926595143986448
0 0.6960467930617185 0.2490118577075099 0.020572811617587738 0.021456804065499716
0 0.7700685760387252 0.25169395821569734 0.053247277127874144 0.01383399209486166
0 0.8041549011698266 0.2598814229249012 0.004437273093989512 0.005928853754940711
0 0.845300524405002 0.2471767363071711 0.058491327148043566 0.022868435911914172
0 0.18253327954820492 0.3002540937323546 0.0536506655909641 0.023997741389045736
0 0.24929407018959257 0.30011293054771315 0.041145623235175476 0.023715415019762844
0 0.32977006857603874 0.3040654997176736 0.06736587333602259 0.012422360248447204
0 0.4292053247277128 0.2977131564088086 0.06857603872529246 0.022868435911914172
0 0.5185558693021379 0.29672501411631846 0.050423557886244454 0.021456804065499716
0 0.6789027833803953 0.30251270468661773 0.1936264622831787 0.029644268774703556
0 0.8440903590157322 0.30194805194805197 0.08188785800726099 0.03303218520609825
0 0.1871722468737394 0.3520609824957651 0.06131504638967326 0.02710333145115754
0 0.3007260992335619 0.3551665725578769 0.09883017345703912 0.032185206098249576
0 0.4267849939491731 0.351072840203275 0.09116579265832997 0.022868435911914172
0 0.5473981444130698 0.3555900621118012 0.08955223880597014 0.03190287972896669
0 0.6042759177087536 0.36123658949745907 0.0024203307785397336 0.009316770186335404
0 0.6672045179507866 0.351072840203275 0.07664380798709157 0.01948051948051948
0 0.7603872529245663 0.35093167701863354 0.050826946349334406 0.020327498588368152
0 0.8356192012908431 0.3495200451722191 0.051230334812424366 0.0220214568040655
0 0.18898749495764422 0.39920948616600793 0.06736587333602259 0.023150762281197064
0 0.2890278338039532 0.4000564652738566 0.06413876563130294 0.0220214568040655
0 0.3662767244856797 0.4018915866741954 0.033884630899556276 0.01383399209486166
0 0.4762000806776926 0.40767927724449465 0.13029447357805568 0.033314511575381144
0 0.6216216216216216 0.4054206662902315 0.09681323114158935 0.03387916431394692
0 0.6837434449374747 0.41219649915302087 0.0024203307785397336 0.009034443817052512
0 0.7250907624041952 0.40160926030491245 0.0463896732553449 0.018351214003387916
0 0.7968939088342073 0.4009034443817053 0.052843888664784185 0.020327498588368152
0 0.8848325937878176 0.4004799548277809 0.08188785800726099 0.023433088650479956
0 0.18596208148446955 0.5103049124788255 0.05889471561113352 0.013269339356295878
0 0.2956837434449375 0.5052230378317335 0.10407422347720856 0.022303783173348392
0 0.4015732150060508 0.5033879164313947 0.0463896732553449 0.0220214568040655
0 0.4883017345703913 0.5095990965556183 0.07220653489310205 0.031055900621118012
0 0.5724082291246471 0.5036702428006776 0.026623638563937072 0.020892151326933936
0 0.6540943929003631 0.5028232636928289 0.08834207341670028 0.020892151326933936
0 0.7638160548608309 0.502540937323546 0.06655909640984267 0.019198193111236588
0 0.2779346510689794 0.5568887634105025 0.23557886244453408 0.026256352343308864
0 0.41871722468737393 0.5585827216261999 0.003227107704719645 0.009316770186335404
0 0.4868898749495764 0.5536420101637493 0.033884630899556276 0.020327498588368152
0 0.5617184348527632 0.5532185206098249 0.05929810407422348 0.023433088650479956
0 0.7073416700282372 0.5527950310559007 0.1383622428398548 0.021456804065499716
0 0.8652682533279549 0.5597120271033315 0.10891488503428802 0.036420101637492944
0 0.19221460266236384 0.607707509881423 0.06655909640984267 0.028514963297571992
0 0.28963291649858813 0.6051665725578769 0.04759983864461476 0.0189158667419537
0 0.4144816458249294 0.6034726143421796 0.11173860427591771 0.020609824957651044
0 0.5306575231948366 0.6030491247882552 0.0463896732553449 0.019198193111236588
0 0.609318273497378 0.6022021456804065 0.040742234772085516 0.020892151326933936
0 0.7053247277127874 0.5995200451722191 0.06897942718838242 0.022303783173348392
0 0.7494957644211375 0.6109542631281761 0.00645421540943929 0.009599096555618294
0 0.8491327148043566 0.6029079616036138 0.12585720048406615 0.02456239412761152
0 0.17930617184348527 0.6561264822134387 0.051230334812424366 0.02258610954263128
0 0.2599838644614764 0.659373235460192 0.05203711173860428 0.015527950310559006
0 0.3358208955223881 0.6558441558441559 0.04235578862444534 0.020327498588368152
0 0.4154901169826543 0.6595143986448334 0.053247277127874144 0.031055900621118012
0 0.491125453812021 0.6544325239977414 0.031060911657926585 0.025974025974025976
0 0.5857200484066156 0.6565499717673631 0.0927793465106898 0.017221908526256352
0 0.772488906817265 0.659373235460192 0.21298910851149658 0.03303218520609825
0 0.1791044776119403 0.7070863918690006 0.04356595401371521 0.022868435911914172
0 0.2519160951996773 0.7086391869000565 0.04477611940298507 0.024844720496894408
0 0.3709156918112142 0.708498023715415 0.09963695038321904 0.01948051948051948
0 0.5256151674062122 0.711038961038961 0.13231141589350545 0.025691699604743084
0 0.6446147640177491 0.709768492377188 0.03227107704719645 0.02710333145115754
0 0.7057281161758774 0.705957086391869 0.04154901169826543 0.020045172219085264
0 0.827551432029044 0.7123094297007341 0.12464703509479629 0.034443817052512704
0 0.9015732150060508 0.7106154714850367 0.004033884630899556 0.00282326369282891
