0 0.17063331988705124 0.20454545454545456 0.0782573618394514 0.021174477696216828
0 0.2571601452198467 0.20200451722190851 0.07462686567164178 0.023997741389045736
0 0.36708350141185964 0.20242800677583286 0.10488100040338846 0.023150762281197064
0 0.49072206534893104 0.20398080180688877 0.09883017345703912 0.023997741389045736
0 0.5504235578862444 0.21132128740824394 0.0028237192416296895 0.009316770186335404
0 0.5863251311012505 0.2025691699604743 0.05526421944332392 0.017786561264822136
0 0.6599435256151674 0.20271033314511575 0.06131504638967326 0.019198193111236588
0 0.7414279951593384 0.1994635798983625 0.07745058491327148 0.022303783173348392
0 0.21762807583703106 0.2584697910784867 0.17063331988705124 0.023997741389045736
0 0.3491327148043566 0.2564935064935065 0.06494554255748286 0.015527950310559006
0 0.390883420734167 0.26341050254093734 0.003227107704719645 0.006775832862789385
0 0.4854780153287616 0.2556465273856578 0.1609519967728923 0.02456239412761152
0 0.6135538523598225 0.2519762845849802 0.06696248487293263 0.017221908526256352
0 0.691004437273094 0.25296442687747034 0.05808793868495361 0.014680971202710334
0 0.7878176684146834 0.2533879164313947 0.10246066962484873 0.0189158667419537
0 0.8467123840258168 0.26595143986448333 0.0024203307785397336 0.009599096555618294
0 0.8749495764421138 0.256352343308865 0.03711173860427592 0.015810276679841896
0 0.15248083904800322 0.307029926595144 0.05244050020169423 0.016092603049124788
0 0.22831787010891488 0.30448898927159795 0.06776926179911255 0.01948051948051948
0 0.3588140379185155 0.3105590062111801 0.16337232755143202 0.02258610954263128
0 0.4838644614764018 0.30759457933370976 0.06171843485276321 0.014963297571993224
0 0.5254134731746672 0.3157820440429136 0.0028237192416296895 0.008752117447769622
0 0.5584913271480436 0.30561829474872954 0.0536506655909641 0.016657255787690572
0 0.6486486486486487 0.30787690570299264 0.09439290036304962 0.0189158667419537
0 0.7492940701895926 0.30477131564088084 0.06655909640984267 0.021174477696216828
0 0.8487293263412666 0.3081592320722755 0.09197256958450989 0.021174477696216828
0 0.1661960467930617 0.3589779785431959 0.08067769261799113 0.01101072840203275
0 0.23941105284388867 0.3595426312817617 0.018959257765227916 0.01101072840203275
0 0.30939895118999594 0.3599661208356861 0.0782573618394514 0.019762845849802372
0 0.41206131504638965 0.3606719367588933 0.07785397337636143 0.015527950310559006
0 0.49052037111738606 0.35742518351214003 0.03630496167809601 0.02258610954263128
0 0.5681726502622025 0.3565782044042914 0.0826946349334409 0.01693958215697346
0 0.6194029850746269 0.3654714850367024 0.0028237192416296895 0.008752117447769622
0 0.7057281161758774 0.35968379446640314 0.14078257361839452 0.024844720496894408
0 0.8126260588947156 0.3575663466967815 0.045582896329164985 0.011575381140598532
0 0.871924162968939 0.3588368153585545 0.050423557886244454 0.017504234895539244
0 0.22609923356192013 0.41007905138339923 0.22307382008874546 0.0251270468661773
0 0.3924969745865268 0.4114906832298137 0.07664380798709157 0.022868435911914172
0 0.4398951189995966 0.41671372106154714 0.0028237192416296895 0.009034443817052512
0 0.5393303751512707 0.410643704121965 0.1653892698668818 0.0251270468661773
0 0.6653892698668818 0.4085262563523433 0.050423557886244454 0.018633540372670808
0 0.7313432835820896 0.4103613777526821 0.0572811617587737 0.016657255787690572
0 0.7870108914885035 0.409373235460192 0.03953206938281565 0.021456804065499716
0 0.8805970149253731 0.4105025409373235 0.10568777732956837 0.0220214568040655
0 0.1526825332795482 0.45920383963862227 0.06171843485276321 0.016657255787690572
0 0.3041549011698265 0.4634387351778656 0.20492133924969747 0.021739130434782608
0 0.47781363453005243 0.4621682665160926 0.1044776119402985 0.020327498588368152
0 0.5703912868091973 0.4593450028232637 0.05405405405405406 0.015245623941276116
0 0.6597418313836224 0.4618859401468097 0.1044776119402985 0.011857707509881422
0 0.8156514723678903 0.461038961038961 0.16780960064542155 0.020327498588368152
0 0.15348931020572812 0.5118577075098815 0.07059298104074223 0.020892151326933936
0 0.24868898749495763 0.5125635234330886 0.07624041952400161 0.017221908526256352
0 0.32654296087131907 0.5057876905702993 0.05526421944332392 0.015527950310559006
0 0.400363049616781 0.506352343308865 0.06655909640984267 0.017786561264822136
0 0.48870512303348124 0.5084697910784868 0.06494554255748286 0.012422360248447204
0 0.5891488503428802 0.5071993224167137 0.09479628882613957 0.016092603049124788
0 0.6865671641791045 0.51270468661773 0.05808793868495361 0.01355166572557877
0 0.7263009277934651 0.5186335403726708 0.0028237192416296895 0.009599096555618294
0 0.8148446954417103 0.5115753811405985 0.14764017749092376 0.025409373235460192
0 0.15167406212182333 0.5614059853190287 0.06776926179911255 0.018351214003387916
0 0.2767244856797096 0.5653585544889893 0.14199273900766438 0.02456239412761152
0 0.40923759580476 0.5660643704121965 0.0826946349334409 0.02258610954263128
0 0.4844695441710367 0.564652738565782 0.03791851553045583 0.020892151326933936
0 0.5431625655506253 0.5640880858272163 0.06010488100040339 0.01693958215697346
0 0.6740621218233158 0.5636645962732919 0.16861637757160144 0.022303783173348392
0 0.77269060104881 0.5636645962732919 0.004437273093989512 0.009881422924901186
0 0.8287615974183138 0.5594297007340485 0.0681726502622025 0.022868435911914172
0 0.18031464300121017 0.6137775268210051 0.1290843081887858 0.025409373235460192
0 0.3392496974586527 0.6133540372670807 0.16054860830980233 0.02456239412761152
0 0.46672045179507865 0.612789384528515 0.0645421540943929 0.018351214003387916
0 0.5110931827349737 0.6208356860530774 0.0024203307785397336 0.009599096555618294
0 0.5605082694634933 0.6123658949745906 0.058491327148043566 0.020892151326933936
0 0.63695038321904 0.6126482213438735 0.07180314643001211 0.018633540372670808
0 0.7398144413069786 0.6177300959909655 0.10407422347720856 0.019198193111236588
0 0.8293666801129488 0.6136363636363636 0.03711173860427592 0.017221908526256352
0 0.9015732150060508 0.6142010163749294 0.07422347720855184 0.022868435911914172
0 0.14764017749092376 0.6583850931677019 0.06696248487293263 0.023150762281197064
0 0.2678499394917305 0.659373235460192 0.11940298507462686 0.018351214003387916
0 0.3654699475594998 0.6600790513833992 0.04033884630899556 0.015810276679841896
0 0.44695441710367084 0.6605025409373235 0.09600645421540945 0.018351214003387916
0 0.5383219039935457 0.6612083568605308 0.06575231948366277 0.018068887634105024
0 0.581081081081081 0.6662902315076228 0.0060508269463493344 0.00282326369282891
