0 0.1510689794271884 0.21386222473178995 0.04800322710770472 0.023997741389045736
0 0.2198467123840258 0.21329757199322416 0.053247277127874144 0.022868435911914172
0 0.3138362242839855 0.21259175607001693 0.11859620814844696 0.017504234895539244
0 0.40439693424768053 0.2121682665160926 0.03993545784590561 0.021739130434782608
0 0.5175473981444131 0.22416713721061546 0.1444130697862041 0.033314511575381144
0 0.6242436466317063 0.22430830039525693 0.030254134731746672 0.03077357425183512
0 0.7202501008471158 0.2220496894409938 0.1399757966922146 0.029644268774703556
0 0.826946349334409 0.22190852625635235 0.05405405405405406 0.02766798418972332
0 0.1553045582896329 0.2670807453416149 0.04356595401371521 0.019198193111236588
0 0.22609923356192013 0.2683512140033879 0.02864058087938685 0.014963297571993224
0 0.30334812424364666 0.27780914737436474 0.0935861234368697 0.031055900621118012
0 0.40782573618394513 0.26905702992659514 0.06696248487293263 0.017504234895539244
0 0.48043565954013717 0.2673630717108978 0.03872529245663574 0.015810276679841896
0 0.5697862041145624 0.27428006775832864 0.10851149657119806 0.03472614342179559
0 0.6843485276321097 0.268068887634105 0.09640984267849939 0.018351214003387916
0 0.7878176684146834 0.26538678712591757 0.07260992335619201 0.015245623941276116
0 0.15772488906817264 0.31804065499717676 0.042759177087535294 0.017786561264822136
0 0.22730939895118998 0.3198757763975155 0.058491327148043566 0.01355166572557877
0 0.3061718434852763 0.31945228684359117 0.05970149253731343 0.0189158667419537
0 0.3795885437676482 0.3306041784302654 0.055667607906413875 0.034443817052512704
0 0.5145219846712384 0.32382834556747603 0.1811214199273901 0.024280067758328628
0 0.6417910447761194 0.3154997176736307 0.048406615570794675 0.018351214003387916
0 0.6762807583703107 0.32523997741389044 0.008471157724889069 0.003952569169960474
0 0.7210568777732956 0.3177583286278938 0.0609116579265833 0.012704686617730096
0 0.7944735780556677 0.3181818181818182 0.08350141185962082 0.017504234895539244
0 0.1607503025413473 0.36773009599096557 0.05203711173860428 0.020609824957651044
0 0.2753126260588947 0.3746470920383964 0.14320290439693426 0.03557312252964427
0 0.39854780153287617 0.3753529079616036 0.07018959257765228 0.03698475437605872
0 0.48204921339249696 0.36900056465273856 0.0653489310205728 0.01637492941840768
0 0.5984267849939492 0.3740824392998306 0.13029447357805568 0.024280067758328628
0 0.7071399757966922 0.36885940146809715 0.05889471561113352 0.016092603049124788
0 0.7860024203307785 0.36928289102202144 0.03509479628882614 0.015245623941276116
0 0.1674062121823316 0.4171372106154715 0.07987091569181122 0.017221908526256352
0 0.25776522791448164 0.4233483907396951 0.035498184751916094 0.012140033879164314
0 0.3283582089552239 0.42165443252399776 0.06292860024203308 0.012704686617730096
0 0.418112141992739 0.42066629023150764 0.08350141185962082 0.012987012987012988
0 0.5169423154497781 0.4295595708639187 0.0826946349334409 0.03077357425183512
0 0.6440096813231142 0.41967814793901753 0.1044776119402985 0.01948051948051948
0 0.7075433642597821 0.4280067758328628 0.008874546187979023 0.007905138339920948
0 0.7730939895119 0.42814793901750425 0.10528438886647842 0.03190287972896669
0 0.145421540943929 0.4707792207792208 0.043162565550625254 0.017786561264822136
0 0.23436869705526422 0.4709203839638622 0.10165389269866881 0.018068887634105024
0 0.3194836627672449 0.46809712027103334 0.03469140782573618 0.018633540372670808
0 0.3797902379991932 0.4816487859966121 0.09076240419524001 0.03387916431394692
0 0.48225090762404194 0.47007340485601357 0.0681726502622025 0.018633540372670808
0 0.6323114158935055 0.47459062676453984 0.17305365066559097 0.024844720496894408
0 0.77349737797499 0.47219085262563526 0.06655909640984267 0.014398644833427442
0 0.2144009681323114 0.5232919254658385 0.19402985074626866 0.028514963297571992
0 0.381605486083098 0.5292207792207793 0.11778943122226704 0.029079616036137776
0 0.4945542557482856 0.5289384528514963 0.07180314643001211 0.022303783173348392
0 0.5762404195240016 0.519339356295878 0.043969342476805166 0.022303783173348392
0 0.6813231141589351 0.5268210050818747 0.12827753126260588 0.03387916431394692
0 0.7519160951996773 0.5275268210050819 0.005647438483259379 0.003105590062111801
