0 0.17809600645421542 0.26468097120271034 0.06575231948366277 0.022303783173348392
0 0.24304154901169828 0.2704686617730096 0.025413473174667203 0.007905138339920948
0 0.30032271077047196 0.26383399209486164 0.04961678096006454 0.023997741389045736
0 0.35841064945542556 0.27060982495765107 0.024606696248487294 0.00818746470920384
0 0.4233561920129084 0.26453980801806887 0.06413876563130294 0.023150762281197064
0 0.5139169019766034 0.2686335403726708 0.08067769261799113 0.03359683794466403
0 0.6056877773295684 0.26312817617165446 0.05687777329568374 0.02258610954263128
0 0.6605486083098023 0.27089215132693395 0.025413473174667203 0.00818746470920384
0 0.7498991528842275 0.2683512140033879 0.10568777732956837 0.03077357425183512
0 0.8329971762807584 0.26341050254093734 0.03469140782573618 0.019762845849802372
0 0.1827349737797499 0.3181818181818182 0.08793868495361033 0.029361942405420668
0 0.3108108108108108 0.31747600225861095 0.11738604275917709 0.03077357425183512
0 0.4227511093182735 0.31507622811970637 0.05244050020169423 0.020892151326933936
0 0.5141185962081485 0.31874647092038394 0.09156918112141993 0.033314511575381144
0 0.5853166599435257 0.32029926595143987 0.01290843081887858 0.007622811970638058
0 0.654296087131908 0.32156973461321287 0.08390480032271078 0.032185206098249576
0 0.7406212182331585 0.313382269904009 0.04921339249697459 0.020892151326933936
0 0.8255344897135942 0.3186053077357425 0.10770471964501815 0.03359683794466403
0 0.18031464300121017 0.4147374364765669 0.08632513110125051 0.023150762281197064
0 0.26845502218636547 0.4161490683229814 0.02944735780556676 0.020327498588368152
0 0.3721258572004841 0.4153020892151327 0.12384025816861638 0.024844720496894408
0 0.4903186768858411 0.41643139469226426 0.06252521177894312 0.023150762281197064
0 0.5756353368293666 0.41544325239977414 0.048406615570794675 0.020609824957651044
0 0.6851553045582897 0.4192546583850932 0.1262605889471561 0.029361942405420668
0 0.7769261799112546 0.42165443252399776 0.023396530859217425 0.00818746470920384
0 0.8481242436466317 0.42066629023150764 0.08027430415490117 0.03557312252964427
0 0.16236385639370715 0.4668266516092603 0.04961678096006454 0.022303783173348392
0 0.26946349334409037 0.4730378317334839 0.11133521581282775 0.031338226990400904
0 0.336224283985478 0.47995482778091475 0.003630496167809601 0.006775832862789385
0 0.37918515530455826 0.46725014116318464 0.05405405405405406 0.019762845849802372
0 0.44352561516740624 0.4678147939017504 0.03751512706736587 0.020327498588368152
0 0.5250100847115773 0.4668266516092603 0.08592174263816055 0.021739130434782608
0 0.6085114965711981 0.4666854884246189 0.02864058087938685 0.019198193111236588
0 0.6754739814441307 0.47473178994918125 0.06655909640984267 0.03472614342179559
0 0.7573618394513917 0.4733201581027668 0.07220653489310205 0.010446075663466968
0 0.8465106897942719 0.4743083003952569 0.06736587333602259 0.009599096555618294
0 0.15611133521581283 0.5220214568040655 0.04679306171843485 0.03557312252964427
0 0.21883824122630094 0.5225861095426313 0.0318676885841065 0.03274985883681536
0 0.2823719241629689 0.5176453980801807 0.05808793868495361 0.022303783173348392
0 0.40782573618394513 0.5170807453416149 0.1218233158531666 0.025691699604743084
0 0.4705526421944332 0.5254093732354602 0.0028237192416296895 0.002258610954263128
