0 0.17527228721258573 0.22430830039525693 0.056070996369503835 0.022303783173348392
0 0.25433642597821704 0.23080180688876342 0.07220653489310205 0.013269339356295878
0 0.3400564743848326 0.22811970638057594 0.06212182331585317 0.01693958215697346
0 0.40681726502622023 0.22388481084133258 0.038321903993545785 0.023150762281197064
0 0.46752722872125857 0.22444946357989837 0.04195240016135539 0.024280067758328628
0 0.5139169019766034 0.22826086956521738 0.020976200080677694 0.013269339356295878
0 0.5746268656716418 0.22501411631846416 0.06333198870512304 0.019762845849802372
0 0.6411859620814845 0.22571993224167136 0.0326744655102864 0.022303783173348392
0 0.7323517547398144 0.2261434217955957 0.10689794271883823 0.020892151326933936
0 0.8410649455425575 0.2316487859966121 0.08874546187979024 0.03077357425183512
0 0.17648245260185558 0.27555053642010163 0.06897942718838242 0.021456804065499716
0 0.27390076643807987 0.2821852060982496 0.08713190802743041 0.034161490683229816
0 0.34772085518354173 0.27653867871259175 0.04759983864461476 0.01948051948051948
0 0.4540137152077451 0.2737154150197628 0.1254538120209762 0.026256352343308864
0 0.5254134731746672 0.28500846979107847 0.003630496167809601 0.002540937323546019
0 0.5584913271480436 0.2756916996047431 0.03670835014118596 0.021174477696216828
0 0.626663977410246 0.27639751552795033 0.06655909640984267 0.023150762281197064
0 0.6964501815248084 0.27540937323546016 0.038321903993545785 0.020609824957651044
0 0.763614360629286 0.2841614906832298 0.06776926179911255 0.018351214003387916
0 0.8257361839451391 0.2737154150197628 0.03307785397337636 0.021174477696216828
0 0.8612343686970553 0.27526821005081875 0.035498184751916094 0.023150762281197064
0 0.16478418717224688 0.3804347826086957 0.043162565550625254 0.010446075663466968
0 0.22065348931020573 0.3740824392998306 0.028237192416296894 0.021456804065499716
0 0.27208551835417505 0.37648221343873517 0.03670835014118596 0.02456239412761152
0 0.3402581686163776 0.3759175607001694 0.05445744251714401 0.0251270468661773
0 0.400363049616781 0.37648221343873517 0.031060911657926585 0.022303783173348392
0 0.4509883017345704 0.3761998870694523 0.03953206938281565 0.021739130434782608
0 0.54538120209762 0.38170525127046867 0.10246066962484873 0.03387916431394692
0 0.6262605889471561 0.37662337662337664 0.0318676885841065 0.020892151326933936
0 0.7025010084711577 0.38382269904009036 0.08672851956434045 0.034161490683229816
0 0.782371924162969 0.37859966120835686 0.04719645018152481 0.017504234895539244
0 0.8507462686567164 0.3759175607001694 0.05486083098023396 0.022303783173348392
0 0.20814844695441712 0.42814793901750425 0.1355385235982251 0.021739130434782608
0 0.32210568777732956 0.42758328627893843 0.04800322710770472 0.020045172219085264
0 0.3741427995159338 0.42730095990965555 0.021379588543767647 0.021174477696216828
0 0.4300121016538927 0.42857142857142855 0.05486083098023396 0.0220214568040655
0 0.5391286809197257 0.42857142857142855 0.1254538120209762 0.020892151326933936
0 0.6066962484872933 0.4354884246188594 0.003227107704719645 0.002540937323546019
0 0.6434045986284792 0.42617165443252397 0.033884630899556276 0.025691699604743084
0 0.7144009681323115 0.4264539808018069 0.06696248487293263 0.021174477696216828
0 0.7525211778943123 0.4401468097120271 0.0052440500201694235 0.006211180124223602
0 0.7855990318676885 0.42701863354037267 0.033481242436466316 0.021739130434782608
0 0.8660750302541347 0.42730095990965555 0.0790641387656313 0.01948051948051948
0 0.15832997176280758 0.5271033314511575 0.035901573215006054 0.023150762281197064
0 0.2507059298104074 0.5368435911914172 0.10205728116175877 0.023433088650479956
0 0.3491327148043566 0.5287972896668549 0.05445744251714401 0.018633540372670808
0 0.4649052037111739 0.5347261434217956 0.13432835820895522 0.03500846979107849
0 0.5843081887858007 0.5350084697910785 0.07382008874546188 0.03162055335968379
0 0.6593384429205325 0.5278091473743648 0.0391286809197257 0.022868435911914172
0 0.7317466720451795 0.5289384528514963 0.0782573618394514 0.01948051948051948
0 0.7736990722065349 0.5412196499153021 0.003227107704719645 0.007340485601355167
0 0.8186768858410649 0.528514963297572 0.04961678096006454 0.019198193111236588
0 0.873336022589754 0.5289384528514963 0.035498184751916094 0.017786561264822136
0 0.2101653892698669 0.5773574251835122 0.13392496974586526 0.024280067758328628
0 0.37474788221056876 0.5886504799548278 0.14037918515530456 0.02710333145115754
0 0.4957644211375555 0.5780632411067194 0.0645421540943929 0.023997741389045736
0 0.5340863251311012 0.5930265386787126 0.005647438483259379 0.005364201016374929
0 0.5659540137152077 0.5834274421230943 0.02581686163775716 0.01101072840203275
0 0.627470754336426 0.5753811405985318 0.043162565550625254 0.023715415019762844
0 0.6954417103670835 0.5767927724449463 0.0572811617587737 0.024280067758328628
0 0.7601855586930214 0.5774985883681536 0.033481242436466316 0.020045172219085264
0 0.8126260588947156 0.577639751552795 0.04235578862444534 0.024280067758328628
0 0.21500605082694635 0.629587803500847 0.1508672851956434 0.021456804065499716
0 0.31343283582089554 0.6324110671936759 0.015328761597418314 0.015245623941276116
0 0.3745461879790238 0.6290231507622812 0.03993545784590561 0.0220214568040655
0 0.4903186768858411 0.6280350084697911 0.13029447357805568 0.0251270468661773
0 0.6460266236385639 0.6291643139469226 0.12141992739007665 0.023997741389045736
0 0.7162162162162162 0.6377752682100508 0.003630496167809601 0.00282326369282891
