0 0.15449778136345302 0.22769621682665162 0.048406615570794675 0.0189158667419537
0 0.2809600645421541 0.22840203274985885 0.17950786607503025 0.020892151326933936
0 0.41327148043565953 0.2274138904573687 0.033481242436466316 0.016657255787690572
0 0.46591367486889873 0.2264257481648786 0.04356595401371521 0.019762845849802372
0 0.5482049213392497 0.2285431959345003 0.06857603872529246 0.014398644833427442
0 0.6518757563533683 0.23094297007340486 0.09439290036304962 0.01637492941840768
0 0.7047196450181524 0.2409655561829475 0.004840661557079467 0.005928853754940711
0 0.7662363856393707 0.23249576510446077 0.09802339653085922 0.029644268774703556
0 0.8557886244453409 0.2289666854884246 0.04477611940298507 0.0220214568040655
0 0.18576038725292457 0.2831733483907397 0.13029447357805568 0.028232636928289104
0 0.3299717628075837 0.281055900621118 0.10407422347720856 0.014963297571993224
0 0.4417103670835014 0.28063241106719367 0.07987091569181122 0.0220214568040655
0 0.5780556676079064 0.28486730660643705 0.17265026220250101 0.02766798418972332
0 0.7591770875352964 0.2795031055900621 0.15974183138362244 0.020892151326933936
0 0.14320290439693426 0.3269339356295878 0.035498184751916094 0.024844720496894408
0 0.2589753933037515 0.33243929983060416 0.1508672851956434 0.022303783173348392
0 0.3465106897942719 0.3416149068322981 0.007260992335619202 0.00846979107848673
0 0.3937071399757967 0.33258046301524563 0.0500201694231545 0.01129305477131564
0 0.4663170633319887 0.3307453416149068 0.03953206938281565 0.017786561264822136
0 0.5429608713190803 0.33243929983060416 0.06857603872529246 0.020045172219085264
0 0.6105284388866479 0.3351214003387916 0.0326744655102864 0.024844720496894408
0 0.7396127470754337 0.33032185206098247 0.21581282775312627 0.023150762281197064
0 0.13876563130294473 0.37577639751552794 0.041145623235175476 0.024844720496894408
0 0.20129084308188785 0.3749294184076793 0.04759983864461476 0.020327498588368152
0 0.2712787414279952 0.3756352343308865 0.06413876563130294 0.022868435911914172
0 0.34590560709963697 0.3818464144551101 0.035901573215006054 0.01101072840203275
0 0.4247680516337233 0.3883399209486166 0.07664380798709157 0.031338226990400904
0 0.5679709560306575 0.38509316770186336 0.16135538523598225 0.021456804065499716
0 0.6595401371520775 0.3889045736871824 0.003227107704719645 0.002540937323546019
0 0.7077450584913272 0.3805759457933371 0.06655909640984267 0.021456804065499716
0 0.8017345703912868 0.38114059853190285 0.10689794271883823 0.019198193111236588
0 0.2156111335215813 0.42970073404856013 0.1964501815248084 0.023715415019762844
0 0.3717224687373941 0.43591191417278374 0.07785397337636143 0.014116318464144552
0 0.4431222267043163 0.42941840767927725 0.02379991932230738 0.023150762281197064
0 0.4864864864864865 0.4298418972332016 0.03791851553045583 0.0189158667419537
0 0.572206534893102 0.43379446640316205 0.1036708350141186 0.015527950310559006
0 0.6589350544574425 0.43252399774138905 0.04154901169826543 0.026538678712591756
0 0.7299314239612748 0.42941840767927725 0.08350141185962082 0.019198193111236588
0 0.8624445340863252 0.43478260869565216 0.15490116982654295 0.024280067758328628
0 0.1427995159338443 0.4754376058723885 0.03791851553045583 0.012422360248447204
0 0.263412666397741 0.48461321287408243 0.13876563130294473 0.021174477696216828
0 0.4419120613150464 0.4841897233201581 0.1609519967728923 0.017504234895539244
0 0.5667607906413876 0.4829192546583851 0.04356595401371521 0.03190287972896669
0 0.6744655102864058 0.4871541501976285 0.16780960064542155 0.023433088650479956
0 0.8126260588947156 0.481931112365895 0.0681726502622025 0.011857707509881422
0 0.18858410649455426 0.5338791643139469 0.1553045582896329 0.018068887634105024
0 0.3083904800322711 0.5343026538678712 0.0463896732553449 0.0251270468661773
0 0.4164985881403792 0.5320440429136082 0.15691811214199275 0.020609824957651044
0 0.5344897135941912 0.5331733483907397 0.04517950786607503 0.017221908526256352
0 0.6068979427188382 0.5311970638057595 0.04235578862444534 0.017786561264822136
0 0.6807180314643001 0.5359966120835686 0.06494554255748286 0.014963297571993224
0 0.7539330375151271 0.5321852060982496 0.03953206938281565 0.020892151326933936
0 0.8481242436466317 0.5372670807453416 0.11335215812827754 0.018068887634105024
0 0.16498588140379186 0.5862507058159232 0.100040338846309 0.023997741389045736
0 0.27228721258572003 0.5822981366459627 0.08229124647035095 0.02456239412761152
0 0.35155304558289635 0.5841332580463016 0.038321903993545785 0.012987012987012988
0 0.43041549011698266 0.5883681535855448 0.07583703106091166 0.03274985883681536
0 0.5687777329568374 0.5883681535855448 0.1581282775312626 0.02766798418972332
0 0.709560306575232 0.585544889892716 0.05808793868495361 0.01355166572557877
0 0.8501411859620814 0.5851214003387917 0.1811214199273901 0.023433088650479956
0 0.13937071399757966 0.6363636363636364 0.05687777329568374 0.028232636928289104
0 0.3106091165792658 0.6356578204404292 0.22186365469947558 0.0189158667419537
0 0.46147640177490923 0.6360813099943535 0.03469140782573618 0.012987012987012988
0 0.5590964098426785 0.6353754940711462 0.12827753126260588 0.021174477696216828
0 0.6831383622428399 0.6314229249011858 0.07139975796692215 0.0251270468661773
0 0.7676482452601856 0.6326933935629587 0.05163372327551432 0.017504234895539244
0 0.8537716821298911 0.637210615471485 0.0826946349334409 0.018633540372670808
