0 0.1500605082694635 0.2652456239412761 0.02016942315449778 0.016092603049124788
0 0.20108914885034287 0.26129305477131565 0.038321903993545785 0.023433088650479956
0 0.2589753933037515 0.26651609260304915 0.04195240016135539 0.015810276679841896
0 0.3299717628075837 0.2618577075098814 0.05244050020169423 0.020609824957651044
0 0.41306978620411455 0.2676453980801807 0.08390480032271078 0.029361942405420668
0 0.48850342880193626 0.2627046866177301 0.03227107704719645 0.022868435911914172
0 0.5724082291246471 0.262987012987013 0.09197256958450989 0.0251270468661773
0 0.6577248890681726 0.2618577075098814 0.027833803953206938 0.022303783173348392
0 0.7486889874949576 0.26792772444946356 0.11778943122226704 0.015245623941276116
0 0.20048406615570794 0.31846414455110106 0.12989108511496572 0.03387916431394692
0 0.3150463896732553 0.3198757763975155 0.04679306171843485 0.01129305477131564
0 0.37252924566357404 0.3178994918125353 0.02702702702702703 0.01129305477131564
0 0.43303751512706734 0.3167701863354037 0.051230334812424366 0.034443817052512704
0 0.4844695441710367 0.3201581027667984 0.015328761597418314 0.006775832862789385
0 0.553852359822509 0.3190287972896669 0.08713190802743041 0.03557312252964427
0 0.6278741427995159 0.3186053077357425 0.026220250100847116 0.009881422924901186
0 0.6988705123033482 0.31874647092038394 0.08753529649052037 0.03162055335968379
0 0.7478822105687777 0.3246753246753247 0.004840661557079467 0.006775832862789385
0 0.7757160145219847 0.31804065499717676 0.022589753933037516 0.010446075663466968
0 0.8331988705123033 0.31182947487295315 0.038321903993545785 0.023997741389045736
0 0.19039935457845905 0.36914172783738003 0.11052843888664785 0.03077357425183512
0 0.2823719241629689 0.36363636363636365 0.03146430012101654 0.019762845849802372
0 0.36304961678096004 0.36391869000564653 0.09197256958450989 0.0220214568040655
0 0.5118999596611536 0.3681535855448899 0.16296893908834206 0.03387916431394692
0 0.6252521177894312 0.36617730095990964 0.020976200080677694 0.01355166572557877
0 0.6811214199273901 0.36180124223602483 0.03670835014118596 0.021739130434782608
0 0.754739814441307 0.3695652173913043 0.06615570794675273 0.03896103896103896
0 0.8331988705123033 0.3746470920383964 0.043162565550625254 0.023715415019762844
0 0.1718434852763211 0.42476002258610956 0.07341670028237192 0.022303783173348392
0 0.2156111335215813 0.42292490118577075 0.0028237192416296895 0.002258610954263128
0 0.25574828559903184 0.41360813099943533 0.035498184751916094 0.024280067758328628
0 0.32956837434449376 0.4129023150762281 0.06615570794675273 0.02456239412761152
0 0.41508672851956435 0.41219649915302087 0.05647438483259379 0.024280067758328628
0 0.5649455425574829 0.41360813099943533 0.18515530455828963 0.024280067758328628
0 0.6962484872932634 0.4117730095990966 0.03630496167809601 0.0251270468661773
0 0.7882210568777733 0.4193958215697346 0.10246066962484873 0.036420101637492944
0 0.15308592174263816 0.4709203839638622 0.0318676885841065 0.009599096555618294
0 0.21359419120613152 0.4631564088085827 0.03993545784590561 0.025691699604743084
0 0.2972972972972973 0.46908526256352345 0.08632513110125051 0.03698475437605872
0 0.363654699475595 0.46386222473178995 0.022993142396127472 0.02258610954263128
0 0.42315449778136344 0.4678147939017504 0.06212182331585317 0.03274985883681536
0 0.5193626462283178 0.46273291925465837 0.07624041952400161 0.025974025974025976
0 0.6046793061718435 0.47035573122529645 0.05244050020169423 0.01129305477131564
0 0.7057281161758774 0.46612083568605306 0.11577248890681727 0.023715415019762844
0 0.7894312222670432 0.47063805759457933 0.03065752319483663 0.011857707509881422
0 0.19866881807180314 0.5203274985883681 0.12061315046389673 0.030491247882552232
0 0.263412666397741 0.5230095990965556 0.003227107704719645 0.001976284584980237
0 0.30496167809600644 0.5143986448334275 0.042759177087535294 0.021456804065499716
0 0.39511899959661156 0.519339356295878 0.10044372730939895 0.03472614342179559
0 0.4870915691811214 0.5189158667419537 0.04719645018152481 0.012987012987012988
0 0.563937071399758 0.5128458498023716 0.04679306171843485 0.026821005081874648
0 0.6440096813231142 0.5141163184641445 0.08188785800726099 0.023715415019762844
0 0.7117789431222267 0.5191981931112366 0.026220250100847116 0.014680971202710334
0 0.781968535699879 0.5151044607566346 0.0681726502622025 0.023433088650479956
0 0.8196853569987899 0.5300677583286278 0.00645421540943929 0.007622811970638058
0 0.8614360629286002 0.5141163184641445 0.052843888664784185 0.02258610954263128
0 0.16276724485679708 0.5684641445511011 0.05203711173860428 0.013269339356295878
0 0.2529245663574022 0.575098814229249 0.06938281565147236 0.029926595143986448
0 0.3283582089552239 0.5654997176736307 0.03227107704719645 0.023150762281197064
0 0.4035901573215006 0.5719932241671372 0.08672851956434045 0.033314511575381144
0 0.509277934651069 0.5652173913043478 0.05929810407422348 0.02258610954263128
0 0.5855183541750706 0.5652173913043478 0.024606696248487294 0.018068887634105024
0 0.6653892698668818 0.5660643704121965 0.06494554255748286 0.023715415019762844
0 0.7006857603872529 0.5748164878599661 0.0024203307785397336 0.0016939582156973462
