0 0.16962484872932634 0.21682665160926032 0.0318676885841065 0.014680971202710334
0 0.2488906817265026 0.22233201581027667 0.09116579265832997 0.025691699604743084
0 0.3239209358612344 0.22190852625635235 0.023396530859217425 0.019762845849802372
0 0.36809197256958454 0.22092038396386224 0.0391286809197257 0.016657255787690572
0 0.4189189189189189 0.2248729531338227 0.03509479628882614 0.009316770186335404
0 0.5060508269463493 0.22586109542631283 0.09883017345703912 0.019198193111236588
0 0.5599031867688584 0.2329192546583851 0.004033884630899556 0.00846979107848673
0 0.5826946349334409 0.22755505364201017 0.020572811617587738 0.01129305477131564
0 0.6117386042759178 0.22416713721061546 0.024606696248487294 0.01129305477131564
0 0.7144009681323115 0.22501411631846416 0.14360629286002422 0.014680971202710334
0 0.8098023396530859 0.22332015810276679 0.022993142396127472 0.01693958215697346
0 0.8325937878176685 0.2295313382269904 0.009681323114158934 0.00846979107848673
0 0.19342476805163372 0.26990400903444384 0.07704719645018153 0.015810276679841896
0 0.23759580475998388 0.2768210050818746 0.003227107704719645 0.007058159232072276
0 0.254739814441307 0.27089215132693395 0.019766034691407825 0.01383399209486166
0 0.327148043565954 0.2714568040654997 0.09197256958450989 0.015527950310559006
0 0.3918918918918919 0.27413890457368717 0.01008471157724889 0.006775832862789385
0 0.4560306575231948 0.27103331451157536 0.08753529649052037 0.01637492941840768
0 0.5619201290843082 0.2761151891586674 0.09035901573215006 0.020327498588368152
0 0.6331181928196854 0.27117447769621683 0.022993142396127472 0.015527950310559006
0 0.6893908834207342 0.2803500846979108 0.07018959257765228 0.015810276679841896
0 0.7557482855990318 0.274703557312253 0.043969342476805166 0.014680971202710334
0 0.8251311012505043 0.2800677583286279 0.06736587333602259 0.01693958215697346
0 0.20129084308188785 0.32580463015245625 0.10488100040338846 0.025409373235460192
0 0.29931423961274706 0.3256634669678148 0.053247277127874144 0.020609824957651044
0 0.36264622831787013 0.3241106719367589 0.042759177087535294 0.015245623941276116
0 0.4035901573215006 0.32396950875211744 0.022993142396127472 0.016657255787690572
0 0.4661153691004437 0.32269904009034445 0.06897942718838242 0.017504234895539244
0 0.5354981847519161 0.32156973461321287 0.04800322710770472 0.015245623941276116
0 0.5869302137958854 0.3235460191981931 0.03791851553045583 0.012422360248447204
0 0.6319080274304155 0.3255223037831734 0.00927793465106898 0.007905138339920948
0 0.6865671641791045 0.3222755505364201 0.07583703106091166 0.014963297571993224
0 0.7321500605082695 0.3331451157538114 0.005647438483259379 0.010163749294184076
0 0.7595804759983864 0.327639751552795 0.026623638563937072 0.009881422924901186
0 0.7914481645824929 0.3272162619988707 0.010488100040338847 0.006775832862789385
0 0.8440903590157322 0.3231225296442688 0.06333198870512304 0.018351214003387916
0 0.17325534489713595 0.47289666854884244 0.045582896329164985 0.015810276679841896
0 0.2823719241629689 0.47783738001129306 0.14118596208148446 0.0251270468661773
0 0.4027833803953207 0.47374364765669114 0.06736587333602259 0.017504234895539244
0 0.49052037111738606 0.4798136645962733 0.0572811617587737 0.020045172219085264
0 0.5494150867285196 0.474025974025974 0.022589753933037516 0.015810276679841896
0 0.5982250907624042 0.48320158102766797 0.0572811617587737 0.026821005081874648
0 0.6593384429205325 0.48094297007340486 0.024606696248487294 0.023433088650479956
0 0.6887858007260992 0.481931112365895 0.01008471157724889 0.007340485601355167
0 0.7327551432029044 0.4813664596273292 0.04961678096006454 0.023715415019762844
0 0.8227107704719645 0.48094297007340486 0.10205728116175877 0.023997741389045736
0 0.19705526421944333 0.5228684359119141 0.09802339653085922 0.018633540372670808
0 0.3303751512706737 0.5278091473743648 0.12263009277934651 0.022303783173348392
0 0.4336425978217023 0.5262563523433089 0.050826946349334406 0.014680971202710334
0 0.5225897539330375 0.5286561264822134 0.09640984267849939 0.028514963297571992
0 0.609318273497378 0.5275268210050819 0.033481242436466316 0.023433088650479956
0 0.6829366680112948 0.53613777526821 0.0927793465106898 0.018633540372670808
0 0.7628075837031061 0.5269621682665161 0.03065752319483663 0.020609824957651044
