0 0.1680112948769665 0.21668548842461885 0.01653892698668818 0.0189158667419537
0 0.17305365066559097 0.22416713721061546 0.0024203307785397336 0.0016939582156973462
0 0.21520774505849133 0.21541501976284586 0.02864058087938685 0.01637492941840768
0 0.3239209358612344 0.21696781479390176 0.14844695441710368 0.018351214003387916
0 0.4302137958854377 0.21880293619424054 0.02944735780556676 0.023150762281197064
0 0.49052037111738606 0.21470920383963862 0.04033884630899556 0.014963297571993224
0 0.5806776926179911 0.21513269339356295 0.10205728116175877 0.015810276679841896
0 0.6587333602258976 0.2149915302089215 0.028237192416296894 0.015527950310559006
0 0.7305365066559096 0.21569734613212874 0.08551835417507059 0.01693958215697346
0 0.8338039532069382 0.21569734613212874 0.06615570794675273 0.015245623941276116
0 0.1645824929407019 0.26778656126482214 0.023396530859217425 0.01948051948051948
0 0.2101653892698669 0.27032749858836813 0.028237192416296894 0.011575381140598532
0 0.27329568374344493 0.26679841897233203 0.056070996369503835 0.017504234895539244
0 0.38342073416700284 0.268068887634105 0.11577248890681727 0.020609824957651044
0 0.48608309802339655 0.26778656126482214 0.05163372327551432 0.016657255787690572
0 0.6123436869705526 0.26679841897233203 0.15893505445744252 0.018068887634105024
0 0.7386042759177087 0.268068887634105 0.04921339249697459 0.01101072840203275
0 0.8406615570794675 0.27089215132693395 0.11778943122226704 0.025691699604743084
0 0.16135538523598225 0.3232636928289102 0.028237192416296894 0.03162055335968379
0 0.19120613150463897 0.3197346132128741 0.014521984671238403 0.012140033879164314
0 0.2753126260588947 0.31804065499717676 0.09398951189995966 0.018351214003387916
0 0.3588140379185155 0.3211462450592885 0.027833803953206938 0.027385657820440428
0 0.4292053247277128 0.3232636928289102 0.07180314643001211 0.03162055335968379
0 0.4981847519160952 0.3181818181818182 0.029043969342476807 0.01129305477131564
0 0.5469947559499798 0.3178994918125353 0.04033884630899556 0.01637492941840768
0 0.5966115369100444 0.3176171654432524 0.01936264622831787 0.01693958215697346
0 0.6425978217022993 0.3157820440429136 0.03872529245663574 0.016657255787690572
0 0.7311415893505446 0.3210050818746471 0.09398951189995966 0.025409373235460192
0 0.8432835820895522 0.31648785996612083 0.07704719645018153 0.018068887634105024
0 0.17164179104477612 0.3705533596837945 0.05203711173860428 0.014963297571993224
0 0.23436869705526422 0.36688311688311687 0.03953206938281565 0.016092603049124788
0 0.3465106897942719 0.37365894974590624 0.13473174667204518 0.03359683794466403
0 0.4505849132714804 0.3709768492377188 0.04517950786607503 0.026538678712591756
0 0.5556676079064139 0.36773009599096557 0.12706736587333603 0.020609824957651044
0 0.654699475594998 0.3663184641445511 0.022589753933037516 0.020045172219085264
0 0.72730939895119 0.37676453980801805 0.07987091569181122 0.034161490683229816
0 0.8049616780960065 0.3697063805759458 0.0326744655102864 0.01101072840203275
0 0.22025010084711577 0.42193675889328064 0.1500605082694635 0.03020892151326934
0 0.3592174263816055 0.41798418972332013 0.07139975796692215 0.01948051948051948
0 0.4374747882210569 0.4178430265386787 0.03751512706736587 0.017504234895539244
0 0.5522388059701493 0.42701863354037267 0.13473174667204518 0.03980801806888763
0 0.6793061718434853 0.42405420666290233 0.07099636950383219 0.034443817052512704
0 0.7593787817668415 0.41643139469226426 0.04800322710770472 0.019198193111236588
0 0.7791448164582493 0.42814793901750425 0.010891488503428802 0.01101072840203275
0 0.8426784993949173 0.4162902315076228 0.05808793868495361 0.0189158667419537
0 0.8620411456232352 0.42941840767927725 0.012101653892698669 0.011857707509881422
0 0.1617587736990722 0.47247317899491814 0.028237192416296894 0.014398644833427442
0 0.21500605082694635 0.4658385093167702 0.03953206938281565 0.0220214568040655
0 0.3402581686163776 0.47459062676453984 0.1399757966922146 0.03162055335968379
0 0.5185558693021379 0.46809712027103334 0.13594191206131503 0.020327498588368152
0 0.6220250100847116 0.4665443252399774 0.05163372327551432 0.018351214003387916
0 0.654296087131908 0.4762845849802372 0.011294876966518758 0.00846979107848673
0 0.6974586526825333 0.46710897797854317 0.050826946349334406 0.0189158667419537
0 0.7240822912464704 0.48009599096555616 0.008874546187979023 0.007058159232072276
0 0.7779346510689794 0.4673913043478261 0.0609116579265833 0.020609824957651044
0 0.8493344090359016 0.46597967250141165 0.057684550221863654 0.022303783173348392
0 0.17164179104477612 0.5189158667419537 0.043162565550625254 0.01693958215697346
0 0.22025010084711577 0.5213156408808582 0.023396530859217425 0.012704686617730096
0 0.26321097216619604 0.5223037831733484 0.040742234772085516 0.030491247882552232
0 0.34509883017345705 0.5183512140033879 0.05445744251714401 0.020327498588368152
0 0.48850342880193626 0.5177865612648221 0.17749092375958048 0.020327498588368152
0 0.6224283985478015 0.5211744776962168 0.04195240016135539 0.03162055335968379
0 0.7220653489310206 0.5172219085262564 0.09197256958450989 0.020892151326933936
0 0.8033481242436467 0.5220214568040655 0.0318676885841065 0.012987012987012988
0 0.19564340459862847 0.5753811405985318 0.09842678499394918 0.020327498588368152
0 0.24848729326341268 0.5760869565217391 0.0024203307785397336 0.001411631846414455
