0 0.16236385639370715 0.2728684359119142 0.0536506655909641 0.021174477696216828
0 0.18313836224283986 0.2826086956521739 0.003227107704719645 0.0016939582156973462
0 0.2345703912868092 0.2748447204968944 0.04154901169826543 0.022303783173348392
0 0.34852763210972165 0.2802089215132693 0.16780960064542155 0.028514963297571992
0 0.47519160951996775 0.27188029361942406 0.07099636950383219 0.020892151326933936
0 0.5661557079467527 0.27300959909655564 0.07866075030254134 0.020892151326933936
0 0.6278741427995159 0.2738565782044043 0.03509479628882614 0.019198193111236588
0 0.7135941912061315 0.2780914737436477 0.09600645421540945 0.014680971202710334
0 0.891085114965712 0.27498588368153587 0.200080677692618 0.021456804065499716
0 0.22509076240419523 0.33568605307735744 0.17668414683340056 0.037267080745341616
0 0.3862444534086325 0.3361095426312818 0.10205728116175877 0.03359683794466403
0 0.49757966922146024 0.3310276679841897 0.07785397337636143 0.015527950310559006
0 0.609318273497378 0.338085827216262 0.09398951189995966 0.03303218520609825
0 0.7553448971359419 0.3308865047995483 0.14804356595401372 0.024280067758328628
0 0.8664784187172246 0.3269339356295878 0.04033884630899556 0.020327498588368152
0 0.18293666801129488 0.4267363071710898 0.0754336425978217 0.022303783173348392
0 0.24707543364259782 0.4309712027103331 0.02379991932230738 0.009881422924901186
0 0.33864461476401775 0.4289949181253529 0.11093182734973779 0.021739130434782608
0 0.47539330375151273 0.4295595708639187 0.12787414279951592 0.020609824957651044
0 0.5760387252924566 0.42871259175607 0.03953206938281565 0.020045172219085264
0 0.7230738200887454 0.4292772444946358 0.21339249697458654 0.020609824957651044
0 0.8576038725292456 0.42758328627893843 0.03469140782573618 0.017221908526256352
0 0.9402985074626866 0.43054771315640883 0.09035901573215006 0.029926595143986448
0 0.18313836224283986 0.4847543760587239 0.0927793465106898 0.03274985883681536
0 0.29144816458249295 0.48221343873517786 0.08834207341670028 0.025974025974025976
0 0.37252924566357404 0.48207227555053644 0.03993545784590561 0.013269339356295878
0 0.4352561516740621 0.47995482778091475 0.05486083098023396 0.030491247882552232
0 0.5082694634933441 0.4815076228119706 0.0572811617587737 0.014963297571993224
0 0.5877369907220653 0.4817899491812535 0.06615570794675273 0.016657255787690572
0 0.7283178701089149 0.48546019198193113 0.1754739814441307 0.023433088650479956
0 0.8563937071399758 0.48122529644268774 0.053247277127874144 0.025691699604743084
0 0.9384832593787817 0.48094297007340486 0.0681726502622025 0.021739130434782608
0 0.20129084308188785 0.532608695652174 0.127470754336426 0.027950310559006212
0 0.31565147236789026 0.5304912478825522 0.045582896329164985 0.028797289666854884
0 0.36950383219039934 0.5292207792207793 0.050826946349334406 0.020045172219085264
0 0.49838644614764016 0.5334556747600225 0.17708753529649052 0.03190287972896669
0 0.5954013715207745 0.5393845285149633 0.003227107704719645 0.001976284584980237
0 0.6645824929407019 0.532326369282891 0.09479628882613957 0.032467532467532464
0 0.8039532069382815 0.5381140598531903 0.15732150060508268 0.037267080745341616
0 0.9235578862444535 0.5337380011293055 0.05445744251714401 0.011575381140598532
0 0.22125857200484067 0.5822981366459627 0.17950786607503025 0.015527950310559006
0 0.3509479628882614 0.5806041784302653 0.03146430012101654 0.01948051948051948
0 0.4497781363453005 0.5824392998306042 0.11698265429608713 0.015245623941276116
0 0.5830980233965308 0.5890739695087521 0.11093182734973779 0.023433088650479956
0 0.754739814441307 0.5818746470920384 0.2008874546187979 0.020892151326933936
0 0.9110528438886648 0.584274421230943 0.05687777329568374 0.029079616036137776
0 0.17789431222267044 0.6936758893280632 0.08309802339653086 0.01637492941840768
0 0.36385639370713996 0.6885940146809713 0.24687373941105284 0.023150762281197064
0 0.5976200080677693 0.6871823828345568 0.14078257361839452 0.019762845849802372
0 0.7416296893908835 0.685347261434218 0.11657926583299717 0.020609824957651044
0 0.8430818878580073 0.6866177300959909 0.042759177087535294 0.009599096555618294
0 0.9378781766841469 0.6847826086956522 0.11617587736990723 0.01948051948051948
