0 0.18253327954820492 0.2267080745341615 0.04719645018152481 0.012422360248447204
0 0.27490923759580477 0.22317899491812535 0.051230334812424366 0.014963297571993224
0 0.363654699475595 0.22473178994918125 0.07624041952400161 0.012422360248447204
0 0.4419120613150464 0.22543760587238848 0.02944735780556676 0.016657255787690572
0 0.5294473578055667 0.22924901185770752 0.0899556272690601 0.020892151326933936
0 0.6591367486889875 0.22910784867306608 0.10246066962484873 0.008752117447769622
0 0.7821702299314239 0.2289666854884246 0.08309802339653086 0.019198193111236588
0 0.1863654699475595 0.2795031055900621 0.05163372327551432 0.019198193111236588
0 0.2563533682936668 0.27653867871259175 0.033481242436466316 0.013269339356295878
0 0.3190802743041549 0.281055900621118 0.04517950786607503 0.010446075663466968
0 0.3880597014925373 0.2800677583286279 0.03469140782573618 0.006775832862789385
0 0.4745865268253328 0.27851496329757197 0.06010488100040339 0.012704686617730096
0 0.5163372327551432 0.28500846979107847 0.004033884630899556 0.005364201016374929
0 0.5526421944332393 0.2826086956521739 0.02501008471157725 0.00564652738565782
0 0.6389673255344898 0.2789384528514963 0.0935861234368697 0.012987012987012988
0 0.7196450181524808 0.2782326369282891 0.023396530859217425 0.016092603049124788
0 0.7696651875756353 0.27540937323546016 0.016135538523598225 0.01101072840203275
0 0.817466720451795 0.2803500846979108 0.051230334812424366 0.00564652738565782
0 0.1772892295280355 0.32679277244494637 0.03509479628882614 0.012140033879164314
0 0.245461879790238 0.32679277244494637 0.04477611940298507 0.013269339356295878
0 0.32210568777732956 0.3307453416149068 0.035901573215006054 0.015527950310559006
0 0.40338846308995563 0.32735742518351213 0.055667607906413875 0.011575381140598532
0 0.4407018959257765 0.3318746470920384 0.0028237192416296895 0.001976284584980237
0 0.5072609923356192 0.32735742518351213 0.0891488503428802 0.012704686617730096
0 0.5673658733360226 0.3372388481084133 0.003630496167809601 0.006493506493506494
0 0.6113352158128278 0.3277809147374365 0.03509479628882614 0.011857707509881422
0 0.6871722468737395 0.32679277244494637 0.07301331181928197 0.011575381140598532
0 0.7555465913674869 0.3286278938452851 0.029850746268656716 0.01693958215697346
0 0.21056877773295685 0.3790231507622812 0.10488100040338846 0.017221908526256352
0 0.3416700282371924 0.3771880293619424 0.09600645421540945 0.014680971202710334
0 0.48749495764421136 0.37676453980801805 0.12464703509479629 0.014398644833427442
0 0.5949979830576846 0.3781761716544325 0.04517950786607503 0.013269339356295878
0 0.7059298104074223 0.38071710897797856 0.11536910044372731 0.007058159232072276
0 0.8079870915691811 0.3791643139469226 0.03791851553045583 0.014116318464144552
0 0.1865671641791045 0.43280632411067194 0.0536506655909641 0.015810276679841896
0 0.2734973779749899 0.42871259175607 0.04679306171843485 0.010446075663466968
0 0.34045986284792257 0.4298418972332016 0.010488100040338847 0.016657255787690572
0 0.3674868898749496 0.4295595708639187 0.02501008471157725 0.009881422924901186
0 0.4136748688987495 0.43054771315640883 0.025413473174667203 0.014680971202710334
0 0.4735780556676079 0.4295595708639187 0.05163372327551432 0.011575381140598532
0 0.5536506655909641 0.429983060417843 0.05203711173860428 0.015810276679841896
0 0.5875352964905204 0.42814793901750425 0.006857603872529245 0.01383399209486166
0 0.6381605486083098 0.4280067758328628 0.01855586930213796 0.012422360248447204
0 0.7146026623638564 0.42814793901750425 0.0609116579265833 0.010446075663466968
0 0.7811617587736991 0.42758328627893843 0.025413473174667203 0.012704686617730096
0 0.18212989108511496 0.47967250141163187 0.043162565550625254 0.010163749294184076
0 0.2498991528842275 0.4803783173348391 0.00927793465106898 0.014963297571993224
0 0.27753126260588945 0.48009599096555616 0.029850746268656716 0.009881422924901186
0 0.33985478015328763 0.48207227555053644 0.050423557886244454 0.0189158667419537
0 0.372932634126664 0.4776962168266516 0.01008471157724889 0.014116318464144552
0 0.4138765631302945 0.47896668548842464 0.016135538523598225 0.012140033879164314
0 0.4800322710770472 0.47995482778091475 0.04759983864461476 0.010728402032749858
0 0.5080677692617991 0.4841897233201581 0.002016942315449778 0.00282326369282891
0 0.5671641791044776 0.4785431959345003 0.048406615570794675 0.015245623941276116
0 0.6381605486083098 0.47910784867306605 0.04356595401371521 0.011857707509881422
0 0.7321500605082695 0.4782608695652174 0.08632513110125051 0.012987012987012988
0 0.8061718434852764 0.4775550536420102 0.01653892698668818 0.012140033879164314
0 0.17265026220250101 0.5299265951439864 0.033884630899556276 0.011857707509881422
0 0.26663977410246065 0.5299265951439864 0.07099636950383219 0.01129305477131564
0 0.3400564743848326 0.5304912478825522 0.026623638563937072 0.015810276679841896
0 0.4356595401371521 0.5324675324675324 0.10568777732956837 0.006775832862789385
0 0.5647438483259378 0.5307735742518351 0.08551835417507059 0.019198193111236588
0 0.6736587333602259 0.5263975155279503 0.08390480032271078 0.014963297571993224
0 0.7472771278741428 0.5268210050818747 0.018959257765227916 0.012987012987012988
0 0.7902379991932231 0.527244494635799 0.03227107704719645 0.013269339356295878
0 0.20129084308188785 0.6332580463015246 0.08793868495361033 0.020892151326933936
0 0.2789431222267043 0.6312817617165444 0.02944735780556676 0.01355166572557877
0 0.32553448971359417 0.6326933935629587 0.01371520774505849 0.00564652738565782
0 0.3836224283985478 0.6332580463015246 0.06131504638967326 0.006775832862789385
0 0.4237595804759984 0.6398927159796725 0.003630496167809601 0.006493506493506494
0 0.49294070189592576 0.6298701298701299 0.08148446954417103 0.01355166572557877
0 0.54538120209762 0.639751552795031 0.004840661557079467 0.007340485601355167
0 0.5931827349737797 0.6284584980237155 0.058491327148043566 0.01637492941840768
0 0.655304558289633 0.6350931677018633 0.02702702702702703 0.005928853754940711
0 0.7148043565954014 0.629305477131564 0.0572811617587737 0.012987012987012988
0 0.7507059298104074 0.6381987577639752 0.005647438483259379 0.007622811970638058
0 0.8049616780960065 0.6309994353472614 0.06897942718838242 0.01355166572557877
0 0.1926179911254538 0.6799830604178431 0.058491327148043566 0.014398644833427442
0 0.26663977410246065 0.6839356295878035 0.03469140782573618 0.005928853754940711
0 0.3208955223880597 0.6846414455110107 0.02379991932230738 0.005081874647092038
0 0.40661557079467525 0.6821005081874647 0.0927793465106898 0.011857707509881422
0 0.49939491730536506 0.6813946922642575 0.029850746268656716 0.016657255787690572
0 0.5768455022186365 0.6799830604178431 0.07180314643001211 0.014963297571993224
0 0.7063331988705123 0.678994918125353 0.12585720048406615 0.014680971202710334
0 0.8160548608309802 0.6818181818181818 0.04679306171843485 0.014680971202710334
0 0.18898749495764422 0.7312252964426877 0.04800322710770472 0.011857707509881422
0 0.2607906413876563 0.7313664596273292 0.022993142396127472 0.012704686617730096
0 0.3247277127874143 0.7317899491812535 0.04679306171843485 0.010163749294184076
0 0.35760387252924564 0.7374364765669114 0.0028237192416296895 0.0016939582156973462
