0 0.1811214199273901 0.22600225861095427 0.026623638563937072 0.012140033879164314
0 0.25857200484066156 0.22967250141163184 0.07745058491327148 0.01948051948051948
0 0.36042759177087536 0.2300959909655562 0.058491327148043566 0.018633540372670808
0 0.47680516337232753 0.22811970638057594 0.10972166196046793 0.01637492941840768
0 0.5947962888261396 0.22699040090344438 0.06494554255748286 0.011857707509881422
0 0.6966518757563533 0.2264257481648786 0.06776926179911255 0.012987012987012988
0 0.7821702299314239 0.22981366459627328 0.05889471561113352 0.019762845849802372
0 0.8432835820895522 0.2295313382269904 0.027833803953206938 0.015245623941276116
0 0.22146026623638565 0.2800677583286279 0.10407422347720856 0.019198193111236588
0 0.35619201290843083 0.281055900621118 0.11133521581282775 0.006493506493506494
0 0.41670028237192414 0.2852907961603614 0.008874546187979023 0.007058159232072276
0 0.48769665187575634 0.27752682100508186 0.07341670028237192 0.012422360248447204
0 0.5683743444937475 0.27837380011293056 0.028237192416296894 0.010728402032749858
0 0.6238402581686163 0.27865612648221344 0.02944735780556676 0.014116318464144552
0 0.6754739814441307 0.2779503105590062 0.03509479628882614 0.012704686617730096
0 0.7626058894715612 0.27738565782044045 0.0891488503428802 0.012704686617730096
0 0.8420734167002824 0.27837380011293056 0.03509479628882614 0.012422360248447204
0 0.8650665590964098 0.28585544889892717 0.0060508269463493344 0.00818746470920384
0 0.20149253731343283 0.327639751552795 0.05929810407422348 0.011575381140598532
0 0.245663574021783 0.33540372670807456 0.004840661557079467 0.006211180124223602
0 0.31222267043162566 0.3310276679841897 0.08390480032271078 0.020045172219085264
0 0.4505849132714804 0.3286278938452851 0.12585720048406615 0.01637492941840768
0 0.5546591367486889 0.32891022021456806 0.029850746268656716 0.01693958215697346
0 0.6306978620411456 0.327639751552795 0.06897942718838242 0.014398644833427442
0 0.7406212182331585 0.3306041784302654 0.08793868495361033 0.019198193111236588
0 0.21661960467930616 0.3818464144551101 0.11052843888664785 0.00818746470920384
0 0.3136345300524405 0.3769057029926595 0.02218636546994756 0.011857707509881422
0 0.3765631302944736 0.37859966120835686 0.04881000403388463 0.010728402032749858
0 0.46006454215409437 0.37789384528514963 0.07301331181928197 0.01383399209486166
0 0.5750302541347317 0.38114059853190285 0.08592174263816055 0.019198193111236588
0 0.6585316659943525 0.3800112930547713 0.02944735780556676 0.014116318464144552
0 0.7480839048003227 0.37888198757763975 0.09479628882613957 0.012987012987012988
0 0.8075837031060912 0.3883399209486166 0.004840661557079467 0.007058159232072276
0 0.20592981040742234 0.4289949181253529 0.0899556272690601 0.012140033879164314
0 0.29064138765631303 0.4333709768492377 0.02379991932230738 0.005081874647092038
0 0.34187172246873737 0.42814793901750425 0.03751512706736587 0.014398644833427442
0 0.4203307785397338 0.43125352907961606 0.053247277127874144 0.01948051948051948
0 0.5070592981040742 0.4289949181253529 0.063735377168213 0.013269339356295878
0 0.5782573618394514 0.4292772444946358 0.018152480839048003 0.012140033879164314
0 0.6474384832593788 0.43167701863354035 0.06292860024203308 0.021456804065499716
0 0.68192819685357 0.4352060982495765 0.0028237192416296895 0.001976284584980237
0 0.7666397741024606 0.4322416713721062 0.09398951189995966 0.01637492941840768
0 0.8481242436466317 0.4309712027103331 0.02864058087938685 0.012140033879164314
0 0.190802743041549 0.4805194805194805 0.0500201694231545 0.015245623941276116
0 0.28479225494150867 0.4817899491812535 0.07341670028237192 0.017221908526256352
0 0.3574021782977007 0.4808018068887634 0.03065752319483663 0.015245623941276116
0 0.4505849132714804 0.4826369282891022 0.08713190802743041 0.018351214003387916
0 0.5895522388059702 0.4829192546583851 0.1189995966115369 0.00818746470920384
0 0.7285195643404598 0.48207227555053644 0.09197256958450989 0.0189158667419537
0 0.8053650665590965 0.4813664596273292 0.018959257765227916 0.01129305477131564
0 0.18676885841064947 0.5300677583286278 0.045986284792254944 0.010446075663466968
0 0.2265026220250101 0.5362789384528515 0.0060508269463493344 0.011575381140598532
0 0.27934651068979427 0.5328910220214568 0.038321903993545785 0.012140033879164314
0 0.3527632109721662 0.5338791643139469 0.051230334812424366 0.020327498588368152
0 0.42053247277127875 0.5324675324675324 0.02944735780556676 0.01637492941840768
0 0.509076240419524 0.5335968379446641 0.11375554659136748 0.006775832862789385
0 0.6175877369907221 0.5307735742518351 0.06131504638967326 0.014116318464144552
0 0.6968535699878984 0.5306324110671937 0.04477611940298507 0.013269339356295878
0 0.7549415086728519 0.5295031055900621 0.018959257765227916 0.013269339356295878
0 0.8059701492537313 0.5303500846979108 0.028237192416296894 0.014398644833427442
0 0.21621621621621623 0.5827216261998871 0.09681323114158935 0.018068887634105024
0 0.3029447357805567 0.5835686053077357 0.03469140782573618 0.006211180124223602
0 0.3672851956434046 0.5818746470920384 0.0326744655102864 0.012987012987012988
0 0.4265832997176281 0.5804630152456239 0.03751512706736587 0.01355166572557877
0 0.48668818071803144 0.5803218520609825 0.01653892698668818 0.012704686617730096
0 0.536506655909641 0.5815923207227555 0.03469140782573618 0.01129305477131564
0 0.6242436466317063 0.5848390739695087 0.07624041952400161 0.022303783173348392
0 0.690399354578459 0.5821569734613213 0.021379588543767647 0.011857707509881422
0 0.7432432432432432 0.5821569734613213 0.0326744655102864 0.01129305477131564
0 0.8210972166196047 0.5837097684923772 0.07946752722872126 0.016092603049124788
0 0.8648648648648649 0.5892151326933935 0.003227107704719645 0.002258610954263128
