0 0.20572811617587736 0.21089779785431959 0.0645421540943929 0.02258610954263128
0 0.409035901573215 0.21160361377752682 0.2855990318676886 0.023997741389045736
0 0.5931827349737797 0.21456804065499718 0.050423557886244454 0.029926595143986448
0 0.6791044776119403 0.22106154714850368 0.09318273497377975 0.019762845849802372
0 0.8132311415893505 0.2111801242236025 0.1427995159338443 0.020327498588368152
0 0.1952400161355385 0.26383399209486164 0.029043969342476807 0.021174477696216828
0 0.2515127067365873 0.26651609260304915 0.05687777329568374 0.0220214568040655
0 0.34308188785800725 0.2651044607566347 0.1036708350141186 0.019762845849802372
0 0.48305768455022186 0.2641163184641446 0.13029447357805568 0.021739130434782608
0 0.599838644614764 0.2641163184641446 0.060508269463493344 0.021174477696216828
0 0.7105687777329568 0.2670807453416149 0.14239612747075434 0.02710333145115754
0 0.8132311415893505 0.2636928289102202 0.03872529245663574 0.0220214568040655
0 0.2382008874546188 0.3198757763975155 0.09156918112141993 0.028232636928289104
0 0.37373941105284386 0.31521739130434784 0.12948769665187576 0.01948051948051948
0 0.4774102460669625 0.31309994353472614 0.031060911657926585 0.019198193111236588
0 0.5395320693828156 0.3147939017504235 0.057684550221863654 0.019198193111236588
0 0.6321097216619604 0.31733483907396953 0.09519967728922953 0.02766798418972332
0 0.745260185558693 0.3160643704121965 0.08672851956434045 0.0189158667419537
0 0.8374344493747479 0.31507622811970637 0.06212182331585317 0.019198193111236588
0 0.26200080677692617 0.365330321852061 0.13029447357805568 0.0220214568040655
0 0.39411052843888666 0.36928289102202144 0.10165389269866881 0.029361942405420668
0 0.49173053650665594 0.36716544325239975 0.05163372327551432 0.026821005081874648
0 0.5768455022186365 0.36984754376058726 0.09681323114158935 0.014116318464144552
0 0.6599435256151674 0.371682665160926 0.04517950786607503 0.027950310559006212
0 0.7214602662363856 0.36984754376058726 0.05929810407422348 0.019762845849802372
0 0.31988705123033484 0.41981931112365894 0.24122630092779346 0.028797289666854884
0 0.5066559096409843 0.4162902315076228 0.09197256958450989 0.020609824957651044
0 0.6115369100443727 0.4181253529079616 0.09681323114158935 0.0220214568040655
0 0.727914481645825 0.41643139469226426 0.10931827349737798 0.0220214568040655
0 0.272488906817265 0.46936758893280633 0.1327148043565954 0.01948051948051948
0 0.409035901573215 0.4709203839638622 0.11294876966518758 0.032185206098249576
0 0.5274304154901169 0.4654150197628458 0.09156918112141993 0.021739130434782608
0 0.6629689390883421 0.47007340485601357 0.15288422751109318 0.025409373235460192
0 0.8025413473174667 0.4704968944099379 0.09883017345703912 0.013269339356295878
0 0.29043969342476805 0.5187747035573123 0.18152480839048002 0.03077357425183512
0 0.39975796692214605 0.5254093732354602 0.003227107704719645 0.00282326369282891
0 0.5123033481242436 0.519339356295878 0.16216216216216217 0.028514963297571992
0 0.627269060104881 0.5206098249576511 0.04195240016135539 0.011857707509881422
0 0.6984671238402582 0.5163749294184077 0.07059298104074223 0.020892151326933936
0 0.8079870915691811 0.5175042348955392 0.10891488503428802 0.019762845849802372
0 0.22609923356192013 0.6228119706380576 0.051230334812424366 0.033314511575381144
0 0.3325937878176684 0.6201298701298701 0.11415893505445744 0.020045172219085264
0 0.45219846712384026 0.6184359119141728 0.08471157724889068 0.020045172219085264
0 0.5484066155707946 0.6192828910220215 0.06575231948366277 0.020045172219085264
0 0.6708350141185963 0.617871259175607 0.1371520774505849 0.021739130434782608
0 0.7666397741024606 0.6199887069452287 0.03993545784590561 0.017504234895539244
0 0.23295683743444937 0.6664313946922643 0.06333198870512304 0.022868435911914172
0 0.3741427995159338 0.6686900056465274 0.16659943525615167 0.023433088650479956
0 0.4977813634530052 0.6722190852625636 0.050826946349334406 0.029361942405420668
0 0.5673658733360226 0.6699604743083004 0.06333198870512304 0.021456804065499716
0 0.6736587333602259 0.6677018633540373 0.10891488503428802 0.023150762281197064
0 0.8057684550221864 0.6677018633540373 0.12706736587333603 0.023150762281197064
