0 0.15308592174263816 0.21894409937888198 0.0463896732553449 0.02456239412761152
0 0.2755143202904397 0.22162619988706944 0.15328761597418314 0.034443817052512704
0 0.4564340459862848 0.22261434217955958 0.13916901976603469 0.036420101637492944
0 0.5716014521984671 0.2106154714850367 0.045986284792254944 0.023715415019762844
0 0.6694231544977813 0.21964991530208922 0.11496571198063735 0.034443817052512704
0 0.7862041145623235 0.21626199887069453 0.07180314643001211 0.03613777526821005
0 0.1801129487696652 0.320016939582157 0.08672851956434045 0.03303218520609825
0 0.28680919725695847 0.32171089779785433 0.10165389269866881 0.036420101637492944
0 0.34590560709963697 0.31719367588932806 0.006857603872529245 0.020609824957651044
0 0.3781766841468334 0.3145115753811406 0.020572811617587738 0.0220214568040655
0 0.4253731343283582 0.31394692264257484 0.03993545784590561 0.023715415019762844
0 0.5038321903993546 0.31804065499717676 0.05647438483259379 0.031338226990400904
0 0.5711980637353772 0.3204404291360813 0.03227107704719645 0.03387916431394692
0 0.6567164179104478 0.32171089779785433 0.10810810810810811 0.039243365330321855
0 0.782371924162969 0.3211462450592885 0.11254538120209762 0.03811405985319029
0 0.18858410649455426 0.3759175607001694 0.09883017345703912 0.03698475437605872
0 0.2811617587736991 0.36490683229813664 0.023396530859217425 0.025691699604743084
0 0.34530052440500203 0.36490683229813664 0.055667607906413875 0.023433088650479956
0 0.40439693424768053 0.36391869000564653 0.03670835014118596 0.023715415019762844
0 0.47660346914078255 0.36490683229813664 0.051230334812424366 0.023997741389045736
0 0.5407422347720855 0.36801242236024845 0.027833803953206938 0.031338226990400904
0 0.6258572004840661 0.371682665160926 0.12061315046389673 0.032467532467532464
0 0.7851956434045986 0.3740824392998306 0.15449778136345302 0.044042913608131
0 0.8660750302541347 0.3743647656691135 0.009681323114158934 0.009599096555618294
0 0.16115369100443727 0.42108977978543194 0.04235578862444534 0.017786561264822136
0 0.23981444130697863 0.4227837380011293 0.052843888664784185 0.020045172219085264
0 0.3190802743041549 0.41643139469226426 0.05163372327551432 0.0220214568040655
0 0.4138765631302945 0.4165725578769057 0.08309802339653086 0.0251270468661773
0 0.518757563533683 0.4191134952004517 0.05486083098023396 0.016092603049124788
0 0.6238402581686163 0.4230660643704122 0.11335215812827754 0.037549407114624504
0 0.7178297700685761 0.4213721061547149 0.02379991932230738 0.01383399209486166
0 0.7680516337232756 0.4184076792772445 0.02016942315449778 0.011857707509881422
0 0.21944332392093585 0.47684923771880294 0.15732150060508268 0.03274985883681536
0 0.3805970149253731 0.4683794466403162 0.09237595804759983 0.024844720496894408
0 0.445542557482856 0.4785431959345003 0.004437273093989512 0.0016939582156973462
0 0.5082694634933441 0.4709203839638622 0.09923356192012908 0.03274985883681536
0 0.6036708350141186 0.47148503670242803 0.05526421944332392 0.014116318464144552
0 0.7065348931020573 0.4761434217955957 0.10851149657119806 0.039243365330321855
0 0.7787414279951593 0.4795313382269904 0.004437273093989512 0.00818746470920384
0 0.8231141589350545 0.46612083568605306 0.06736587333602259 0.023150762281197064
0 0.1609519967728923 0.5694522868435912 0.023396530859217425 0.023715415019762844
0 0.22872125857200484 0.5774985883681536 0.06696248487293263 0.017786561264822136
0 0.3128277531262606 0.5745341614906833 0.0609116579265833 0.014116318464144552
0 0.3807987091569181 0.5759457933370977 0.020976200080677694 0.012987012987012988
0 0.4598628479225494 0.568746470920384 0.07180314643001211 0.023433088650479956
0 0.5603065752319484 0.5681818181818182 0.07341670028237192 0.022303783173348392
0 0.6319080274304155 0.5670525127046866 0.022993142396127472 0.020609824957651044
0 0.6752722872125857 0.5652173913043478 0.03469140782573618 0.025409373235460192
0 0.7474788221056877 0.5667701863354038 0.04759983864461476 0.022303783173348392
0 0.845703912868092 0.5759457933370977 0.08753529649052037 0.04517221908526256
0 0.17567567567567569 0.6254940711462451 0.043162565550625254 0.03077357425183512
0 0.22670431625655507 0.6247882552230378 0.015328761597418314 0.010728402032749858
0 0.2942718838241226 0.6242236024844721 0.06897942718838242 0.03162055335968379
0 0.4126663977410246 0.6205533596837944 0.10246066962484873 0.02710333145115754
0 0.5002016942315449 0.6184359119141728 0.020976200080677694 0.022303783173348392
0 0.5530455828963292 0.6195652173913043 0.04517950786607503 0.022868435911914172
0 0.6210165389269867 0.61914172783738 0.0326744655102864 0.020327498588368152
0 0.6970552642194433 0.6228119706380576 0.08390480032271078 0.03500846979107849
0 0.799717628075837 0.6242236024844721 0.06494554255748286 0.032185206098249576
0 0.1865671641791045 0.672077922077922 0.07220653489310205 0.023997741389045736
0 0.2613957240822912 0.6706662902315076 0.021782977006857603 0.0189158667419537
0 0.31766841468334006 0.6686900056465274 0.038321903993545785 0.022303783173348392
0 0.40661557079467525 0.668266516092603 0.07664380798709157 0.02258610954263128
0 0.4572408229124647 0.6780067758328628 0.003630496167809601 0.003105590062111801
