0 0.1700282371924163 0.20609824957651043 0.06010488100040339 0.021456804065499716
0 0.2529245663574022 0.20539243365330323 0.07987091569181122 0.029079616036137776
0 0.3170633319887051 0.20765104460756634 0.01936264622831787 0.025691699604743084
0 0.3523598225090762 0.20496894409937888 0.027833803953206938 0.021456804065499716
0 0.43384429205324726 0.2090626764539808 0.10205728116175877 0.029079616036137776
0 0.509479628882614 0.20863918690005648 0.01855586930213796 0.028797289666854884
0 0.5766438079870916 0.20666290231507622 0.08430818878580072 0.0220214568040655
0 0.63654699475595 0.2186617730095991 0.0024203307785397336 0.00818746470920384
0 0.6885841064945543 0.21089779785431959 0.09600645421540945 0.032185206098249576
0 0.7638160548608309 0.20722755505364202 0.024606696248487294 0.02710333145115754
0 0.8334005647438483 0.2069452286843591 0.0927793465106898 0.02258610954263128
0 0.19826542960871318 0.26143421795595706 0.1189995966115369 0.020327498588368152
0 0.2920532472771279 0.25903444381705254 0.04195240016135539 0.021739130434782608
0 0.3642597821702299 0.2597402597402597 0.06615570794675273 0.021456804065499716
0 0.46571198063735375 0.2597402597402597 0.09479628882613957 0.024280067758328628
0 0.5457845905607099 0.2673630717108978 0.03711173860427592 0.009599096555618294
0 0.590964098426785 0.26044607566346695 0.023396530859217425 0.025691699604743084
0 0.6500605082694635 0.26651609260304915 0.06978620411456232 0.009599096555618294
0 0.7587736990722065 0.26044607566346695 0.12585720048406615 0.025691699604743084
0 0.8481242436466317 0.265527950310559 0.022993142396127472 0.010446075663466968
0 0.17325534489713595 0.3098531902879729 0.08592174263816055 0.029079616036137776
0 0.23658733360225898 0.3081592320722755 0.02218636546994756 0.020609824957651044
0 0.2767244856797096 0.3067476002258611 0.029043969342476807 0.022868435911914172
0 0.3130294473578056 0.307029926595144 0.02581686163775716 0.022303783173348392
0 0.36809197256958454 0.30759457933370976 0.0681726502622025 0.023433088650479956
0 0.4060104881000403 0.3181818181818182 0.002016942315449778 0.001129305477131564
0 0.45784590560709965 0.30872388481084134 0.08713190802743041 0.021739130434782608
0 0.5217829770068576 0.3105590062111801 0.020572811617587738 0.024280067758328628
0 0.5590964098426785 0.30872388481084134 0.035498184751916094 0.020045172219085264
0 0.63654699475595 0.30872388481084134 0.1073013311819282 0.020045172219085264
0 0.7240822912464704 0.3169113495200452 0.03791851553045583 0.017786561264822136
0 0.8013311819281969 0.3085827216261999 0.10286405808793868 0.019762845849802372
0 0.14764017749092376 0.3608130999435347 0.01936264622831787 0.025409373235460192
0 0.1855586930213796 0.3589779785431959 0.028237192416296894 0.022868435911914172
0 0.23598225090762404 0.36391869000564653 0.04033884630899556 0.007905138339920948
0 0.2864058087938685 0.3577075098814229 0.055667607906413875 0.018633540372670808
0 0.39975796692214605 0.36038961038961037 0.14037918515530456 0.027950310559006212
0 0.5110931827349737 0.35686053077357427 0.03711173860427592 0.019198193111236588
0 0.5885437676482452 0.35968379446640314 0.09035901573215006 0.019198193111236588
0 0.6569181121419927 0.36391869000564653 0.02379991932230738 0.0220214568040655
0 0.7299314239612748 0.3619424054206663 0.0891488503428802 0.021456804065499716
0 0.8327954820492134 0.36589497459062675 0.09560306575231949 0.03387916431394692
0 0.2373941105284389 0.41699604743083 0.1980637353771682 0.031055900621118012
0 0.3783783783783784 0.42193675889328064 0.03630496167809601 0.020045172219085264
0 0.41085114965711983 0.41854884246188595 0.003630496167809601 0.007058159232072276
0 0.4759983864461476 0.41120835686053075 0.1073013311819282 0.028514963297571992
0 0.5566760790641387 0.4148785996612084 0.02743041549011698 0.01101072840203275
0 0.590964098426785 0.41431394692264256 0.016942315449778138 0.009881422924901186
0 0.6766841468334006 0.4117730095990966 0.1383622428398548 0.03190287972896669
0 0.7690601048810004 0.4113495200451722 0.021379588543767647 0.025409373235460192
0 0.8114158935054457 0.41022021456804064 0.0326744655102864 0.019198193111236588
0 0.17688584106494554 0.45948616600790515 0.05526421944332392 0.023997741389045736
0 0.28680919725695847 0.4621682665160926 0.12505042355788623 0.029926595143986448
0 0.36143606292860025 0.4697910784867307 0.003227107704719645 0.007905138339920948
0 0.3854376764824526 0.45948616600790515 0.04477611940298507 0.01948051948051948
0 0.4489713594191206 0.45863918690005645 0.05889471561113352 0.01948051948051948
0 0.5165389269866881 0.45835686053077357 0.04800322710770472 0.016657255787690572
0 0.5766438079870916 0.4577922077922078 0.04881000403388463 0.022303783173348392
0 0.6290843081887858 0.4603331451157538 0.022993142396127472 0.020609824957651044
0 0.6801129487696652 0.45863918690005645 0.07503025413473174 0.0251270468661773
0 0.7549415086728519 0.45962732919254656 0.038321903993545785 0.023715415019762844
0 0.1954417103670835 0.510446075663467 0.10931827349737798 0.024844720496894408
0 0.3301734570391287 0.5175042348955392 0.09963695038321904 0.020892151326933936
0 0.39572408229124645 0.5191981931112366 0.004840661557079467 0.002258610954263128
