0 0.16337232755143202 0.21230942970073405 0.04356595401371521 0.021456804065499716
0 0.2767244856797096 0.21287408243929984 0.14683340056474384 0.025409373235460192
0 0.4443323920935861 0.2090626764539808 0.15207745058491326 0.026821005081874648
0 0.5659540137152077 0.20722755505364202 0.06131504638967326 0.018633540372670808
0 0.6589350544574425 0.20934500282326368 0.09398951189995966 0.026821005081874648
0 0.7505042355788625 0.2080745341614907 0.06333198870512304 0.030491247882552232
0 0.24021782977006859 0.2531055900621118 0.18676885841064947 0.022303783173348392
0 0.345703912868092 0.2553642010163749 0.009681323114158934 0.021739130434782608
0 0.3763614360629286 0.2540937323546019 0.020976200080677694 0.023150762281197064
0 0.4608713190802743 0.2533879164313947 0.10770471964501815 0.022303783173348392
0 0.5324727712787414 0.25395256916996045 0.01855586930213796 0.022303783173348392
0 0.5774505849132715 0.2531055900621118 0.04477611940298507 0.022868435911914172
0 0.6605486083098023 0.25254093732354604 0.09640984267849939 0.02456239412761152
0 0.7250907624041952 0.2502823263692829 0.019766034691407825 0.022303783173348392
0 0.7948769665187576 0.25381140598531904 0.08834207341670028 0.029926595143986448
0 0.191004437273094 0.3085827216261999 0.09237595804759983 0.02258610954263128
0 0.245663574021783 0.30321852060982496 0.005647438483259379 0.021456804065499716
0 0.26865671641791045 0.30434782608695654 0.02016942315449778 0.021456804065499716
0 0.3128277531262606 0.30335968379446643 0.031060911657926585 0.021739130434782608
0 0.3761597418313836 0.30660643704121965 0.058491327148043566 0.024844720496894408
0 0.4255748285599032 0.3027950310559006 0.017749092375958047 0.027950310559006212
0 0.5006050826946349 0.3037831733483907 0.10326744655102864 0.02766798418972332
0 0.6179911254538121 0.30434782608695654 0.10407422347720856 0.02710333145115754
0 0.7311415893505446 0.3042066629023151 0.09398951189995966 0.031338226990400904
0 0.7960871319080274 0.3029361942405421 0.01734570391286809 0.020327498588368152
0 0.8374344493747479 0.3015245623941276 0.04759983864461476 0.025409373235460192
0 0.16115369100443727 0.35319028797289664 0.02864058087938685 0.020892151326933936
0 0.22730939895118998 0.3547430830039526 0.06333198870512304 0.021174477696216828
0 0.28842275110931825 0.35615471485036704 0.024203307785397338 0.026821005081874648
0 0.3807987091569181 0.3570016939582157 0.12827753126260588 0.027950310559006212
0 0.5403388463089955 0.3585544889892716 0.16821298910851148 0.029926595143986448
0 0.6335215812827754 0.3651891586674195 0.004437273093989512 0.008752117447769622
0 0.6716417910447762 0.352343308865048 0.04437273093989512 0.02258610954263128
0 0.7394110528438886 0.3543195934500282 0.05647438483259379 0.014116318464144552
0 0.8077853973376361 0.3526256352343309 0.052843888664784185 0.023150762281197064
0 0.19039935457845905 0.4054206662902315 0.09197256958450989 0.026538678712591756
0 0.2866075030254135 0.41304347826086957 0.057684550221863654 0.011857707509881422
0 0.3937071399757967 0.40894974590626765 0.12666397741024607 0.03077357425183512
0 0.48305768455022186 0.41007905138339923 0.02944735780556676 0.014398644833427442
0 0.5171440096813231 0.4095143986448334 0.010488100040338847 0.01101072840203275
0 0.6085114965711981 0.40711462450592883 0.14078257361839452 0.02766798418972332
0 0.7371924162968939 0.40372670807453415 0.09156918112141993 0.02258610954263128
0 0.7924566357402179 0.41304347826086957 0.002016942315449778 0.001129305477131564
0 0.18596208148446955 0.4599096555618295 0.09035901573215006 0.02710333145115754
0 0.27228721258572003 0.46047430830039526 0.05647438483259379 0.009599096555618294
0 0.3807987091569181 0.4600508187464709 0.1306978620411456 0.026256352343308864
0 0.45966115369100446 0.46499153020892153 0.0028237192416296895 0.007905138339920948
0 0.4933440903590157 0.4558159232072276 0.053247277127874144 0.023433088650479956
0 0.5564743848325938 0.45638057594579334 0.05929810407422348 0.0189158667419537
0 0.6427995159338443 0.4577922077922078 0.08753529649052037 0.027950310559006212
0 0.7154094392900363 0.45553359683794464 0.035901573215006054 0.022868435911914172
0 0.754538120209762 0.46273291925465837 0.026220250100847116 0.009034443817052512
0 0.8225090762404196 0.45948616600790515 0.08229124647035095 0.01948051948051948
0 0.1645824929407019 0.5581592320722756 0.03146430012101654 0.024280067758328628
0 0.2281161758773699 0.5597120271033315 0.05929810407422348 0.020609824957651044
0 0.3208955223880597 0.5614059853190287 0.09318273497377975 0.031338226990400904
0 0.4027833803953207 0.560841332580463 0.027833803953206938 0.027385657820440428
0 0.4346510689794272 0.5625352907961604 0.010891488503428802 0.007622811970638058
0 0.4967728922952804 0.5590062111801242 0.07462686567164178 0.023715415019762844
0 0.5984267849939492 0.5609824957651045 0.10044372730939895 0.02258610954263128
0 0.6750705929810408 0.5622529644268774 0.026220250100847116 0.020045172219085264
0 0.7252924566357403 0.5577357425183512 0.05486083098023396 0.021739130434782608
0 0.7779346510689794 0.5591473743647657 0.019766034691407825 0.021174477696216828
0 0.8402581686163776 0.5615471485036703 0.07341670028237192 0.031055900621118012
