0 0.06292860024203308 0.3609542631281762 0.03791851553045583 0.0251270468661773
0 0.16417910447761194 0.3620835686053077 0.1290843081887858 0.025691699604743084
0 0.2946752722872126 0.36053077357425184 0.09479628882613957 0.029361942405420668
0 0.4253731343283582 0.3577075098814229 0.1262605889471561 0.028797289666854884
0 0.5653489310205728 0.3577075098814229 0.09802339653085922 0.02766798418972332
0 0.6238402581686163 0.3740824392998306 0.007664380798709157 0.007905138339920948
0 0.6698265429608713 0.358695652173913 0.056070996369503835 0.020045172219085264
0 0.7466720451795079 0.36024844720496896 0.07099636950383219 0.03896103896103896
0 0.8176684146833401 0.36180124223602483 0.029850746268656716 0.010446075663466968
0 0.8572004840661557 0.3629305477131564 0.014521984671238403 0.009881422924901186
0 0.9158935054457442 0.3551665725578769 0.07301331181928197 0.025409373235460192
