0 0.1661960467930617 0.2186617730095991 0.05486083098023396 0.021174477696216828
0 0.24768051633723276 0.221485036702428 0.0782573618394514 0.028514963297571992
0 0.3208955223880597 0.22063805759457933 0.04235578862444534 0.012140033879164314
0 0.39007664380798707 0.217673630717109 0.0645421540943929 0.015810276679841896
0 0.47660346914078255 0.21880293619424054 0.08753529649052037 0.02710333145115754
0 0.5847115772488907 0.21597967250141162 0.0681726502622025 0.020892151326933936
0 0.6593384429205325 0.21428571428571427 0.0391286809197257 0.018633540372670808
0 0.7757160145219847 0.21456804065499718 0.14199273900766438 0.020892151326933936
0 0.19967728922952804 0.2717391304347826 0.11052843888664785 0.022303783173348392
0 0.2662363856393707 0.27837380011293056 0.012101653892698669 0.01129305477131564
0 0.3164582492940702 0.2676453980801807 0.05687777329568374 0.015245623941276116
0 0.39854780153287617 0.2769621682665161 0.05808793868495361 0.028232636928289104
0 0.4790237999193223 0.26439864483342745 0.02702702702702703 0.021739130434782608
0 0.5625252117789431 0.26792772444946356 0.10528438886647842 0.03162055335968379
0 0.6462283178701089 0.2608695652173913 0.021782977006857603 0.018068887634105024
0 0.7460669624848729 0.2605872388481084 0.12303348124243646 0.0220214568040655
0 0.8348124243646632 0.2694805194805195 0.018959257765227916 0.010446075663466968
0 0.16680112948769665 0.3178994918125353 0.057684550221863654 0.020327498588368152
0 0.23275514320290439 0.32156973461321287 0.028237192416296894 0.025409373235460192
0 0.3152480839048003 0.3181818181818182 0.11335215812827754 0.020892151326933936
0 0.4058087938684954 0.31620553359683795 0.026623638563937072 0.01693958215697346
0 0.46228317870108915 0.31747600225861095 0.06615570794675273 0.017221908526256352
0 0.5231948366276724 0.3169113495200452 0.026623638563937072 0.020045172219085264
0 0.5609116579265833 0.31437041219649914 0.03428801936264623 0.020045172219085264
0 0.628075837031061 0.31521739130434784 0.06615570794675273 0.020045172219085264
0 0.6704316256555063 0.3232636928289102 0.0024203307785397336 0.0016939582156973462
0 0.6968535699878984 0.31521739130434784 0.027833803953206938 0.015527950310559006
0 0.7460669624848729 0.314652738565782 0.03509479628882614 0.020609824957651044
0 0.8154497781363453 0.3138057594579334 0.07059298104074223 0.0189158667419537
0 0.19281968535699878 0.4171372106154715 0.1073013311819282 0.028514963297571992
0 0.3644614764017749 0.4244776962168266 0.18596208148446955 0.031338226990400904
0 0.5 0.41756070016939584 0.06171843485276321 0.018633540372670808
0 0.5592981040742234 0.4212309429700734 0.03993545784590561 0.012987012987012988
0 0.6331181928196854 0.42165443252399776 0.08188785800726099 0.03472614342179559
0 0.7644211375554659 0.4225014116318464 0.13795885437676483 0.03077357425183512
0 0.15248083904800322 0.47035573122529645 0.02581686163775716 0.015245623941276116
0 0.22851956434045986 0.47557876905702995 0.08672851956434045 0.029644268774703556
0 0.34227511093182733 0.4741671372106155 0.1254538120209762 0.03585544889892716
0 0.4138765631302945 0.480660643704122 0.011294876966518758 0.01101072840203275
0 0.47882210568777733 0.4665443252399774 0.09681323114158935 0.023997741389045736
0 0.5659540137152077 0.4697910784867307 0.053247277127874144 0.01693958215697346
0 0.6623638563937071 0.46710897797854317 0.12343686970552642 0.021174477696216828
0 0.7611940298507462 0.47444946357989837 0.03630496167809601 0.03077357425183512
0 0.22771278741427994 0.52343308865048 0.1762807583703106 0.03274985883681536
0 0.3217022993142396 0.5295031055900621 0.004437273093989512 0.0036702428006775835
0 0.4100443727309399 0.5213156408808582 0.13432835820895522 0.020609824957651044
0 0.5308592174263816 0.5273856578204404 0.08148446954417103 0.028232636928289104
0 0.6534893102057281 0.5169395821569734 0.12989108511496572 0.024280067758328628
0 0.7670431625655506 0.5160926030491247 0.05445744251714401 0.018068887634105024
0 0.8217022993142397 0.5227272727272727 0.022589753933037516 0.010446075663466968
0 0.8626462283178701 0.5179277244494636 0.03509479628882614 0.018351214003387916
0 0.22589753933037515 0.5735460191981931 0.17587736990722067 0.03303218520609825
0 0.3602258975393304 0.5745341614906833 0.04517950786607503 0.033314511575381144
0 0.4203307785397338 0.5731225296442688 0.06696248487293263 0.03387916431394692
0 0.46228317870108915 0.5811688311688312 0.015328761597418314 0.01101072840203275
0 0.5104881000403388 0.5702992659514399 0.0536506655909641 0.019198193111236588
0 0.5867285195643405 0.5673348390739695 0.07946752722872126 0.025691699604743084
0 0.6313029447357805 0.5803218520609825 0.01290843081887858 0.01383399209486166
0 0.7027027027027027 0.5676171654432524 0.10488100040338846 0.021739130434782608
0 0.7626058894715612 0.5828627893845285 0.011698265429608713 0.013269339356295878
0 0.8297700685760387 0.5722755505364201 0.10084711577248891 0.0378317334839074
0 0.18676885841064947 0.672077922077922 0.07745058491327148 0.021174477696216828
0 0.31807180314643 0.6764539808018069 0.13432835820895522 0.03896103896103896
0 0.4574425171440097 0.6695369847543761 0.10891488503428802 0.03867871259175607
0 0.5550625252117789 0.6709486166007905 0.048406615570794675 0.0189158667419537
0 0.6099233561920129 0.6691134952004517 0.03065752319483663 0.019198193111236588
0 0.7168212989108511 0.6691134952004517 0.13957240822912464 0.023715415019762844
0 0.8469140782573619 0.6693958215697347 0.06736587333602259 0.019762845849802372
0 0.22166196046793063 0.7275550536420101 0.11173860427591771 0.04178430265386787
0 0.290843081887858 0.7296725014116319 0.004033884630899556 0.004799548277809147
