0 0.15933844292053248 0.22402597402597402 0.035498184751916094 0.012140033879164314
0 0.23154497781363453 0.2300959909655562 0.07664380798709157 0.012987012987012988
0 0.3075837031060912 0.22868435911914173 0.05445744251714401 0.01129305477131564
0 0.381807180314643 0.22430830039525693 0.0754336425978217 0.011575381140598532
0 0.44332392093586126 0.22656691134952003 0.026623638563937072 0.007058159232072276
0 0.5417507059298104 0.221485036702428 0.1427995159338443 0.014963297571993224
0 0.690802743041549 0.2220496894409938 0.1383622428398548 0.014398644833427442
0 0.8227107704719645 0.22233201581027667 0.0899556272690601 0.01101072840203275
0 0.18071803146430013 0.2792207792207792 0.0782573618394514 0.011857707509881422
0 0.2581686163775716 0.2768210050818746 0.05244050020169423 0.013269339356295878
0 0.299919322307382 0.27442123094297005 0.010891488503428802 0.009034443817052512
0 0.32573618394513915 0.2748447204968944 0.01734570391286809 0.009881422924901186
0 0.34953610326744655 0.27428006775832864 0.012505042355788625 0.010446075663466968
0 0.3860427591770875 0.27653867871259175 0.035498184751916094 0.009316770186335404
0 0.4372730939895119 0.2738565782044043 0.0500201694231545 0.010728402032749858
0 0.4868898749495764 0.27639751552795033 0.02016942315449778 0.010728402032749858
0 0.5203711173860428 0.27413890457368717 0.03227107704719645 0.010728402032749858
0 0.5951996772892295 0.27216261998870694 0.09156918112141993 0.018633540372670808
0 0.7258975393303752 0.2720214568040655 0.14885034288019364 0.0189158667419537
0 0.8212989108511497 0.27526821005081875 0.024203307785397338 0.006211180124223602
0 0.8660750302541347 0.2720214568040655 0.050826946349334406 0.013269339356295878
0 0.8957240822912464 0.27865612648221344 0.004437273093989512 0.003952569169960474
0 0.16135538523598225 0.3222755505364201 0.041145623235175476 0.015527950310559006
0 0.2263009277934651 0.3243929983060418 0.07018959257765228 0.012987012987012988
0 0.299717628075837 0.32396950875211744 0.04921339249697459 0.012704686617730096
0 0.39653085921742637 0.32495765104460755 0.12666397741024607 0.020327498588368152
0 0.46994755949979833 0.32707509881422925 0.003227107704719645 0.001976284584980237
0 0.5792658329971763 0.3272162619988707 0.19443323920935862 0.01693958215697346
0 0.7426381605486083 0.32396950875211744 0.11133521581282775 0.0189158667419537
0 0.8501411859620814 0.3255223037831734 0.07946752722872126 0.012422360248447204
0 0.22589753933037515 0.3771880293619424 0.1661960467930617 0.01637492941840768
0 0.3346107301331182 0.37662337662337664 0.024606696248487294 0.011857707509881422
0 0.3844292053247277 0.37761151891586675 0.05808793868495361 0.014963297571993224
0 0.4780153287615974 0.3750705815923207 0.10649455425574829 0.01101072840203275
0 0.5514320290439694 0.3753529079616036 0.02016942315449778 0.010446075663466968
0 0.6464300121016539 0.37634105025409376 0.15288422751109318 0.011857707509881422
0 0.7422347720855184 0.37789384528514963 0.023396530859217425 0.005364201016374929
0 0.7829770068576039 0.3740824392998306 0.05244050020169423 0.011857707509881422
0 0.8263412666397741 0.37676453980801805 0.024606696248487294 0.007058159232072276
0 0.18757563533682936 0.427442123094297 0.09842678499394918 0.012422360248447204
0 0.28862444534086323 0.42758328627893843 0.0899556272690601 0.011575381140598532
0 0.3412666397741025 0.43153585544889894 0.004033884630899556 0.002540937323546019
0 0.37131908027430416 0.4278656126482213 0.033481242436466316 0.009316770186335404
0 0.4517950786607503 0.427442123094297 0.11214199273900767 0.019762845849802372
0 0.5488100040338846 0.4258893280632411 0.058491327148043566 0.011575381140598532
0 0.6014521984671238 0.43068887634105024 0.029043969342476807 0.016657255787690572
0 0.6805163372327552 0.42843026538678713 0.10165389269866881 0.017221908526256352
0 0.8154497781363453 0.4265951439864483 0.15611133521581283 0.015810276679841896
0 0.21379588543767647 0.4774138904573687 0.14925373134328357 0.01637492941840768
0 0.3140379185155305 0.4743083003952569 0.022993142396127472 0.01637492941840768
0 0.3666801129487697 0.47684923771880294 0.05486083098023396 0.009599096555618294
0 0.400363049616781 0.4815076228119706 0.003630496167809601 0.0036702428006775835
0 0.4386849536103267 0.4784020327498588 0.05687777329568374 0.014963297571993224
0 0.5326744655102864 0.4784020327498588 0.10689794271883823 0.016657255787690572
0 0.6367486889874949 0.47557876905702995 0.0826946349334409 0.018351214003387916
0 0.7208551835417507 0.47699040090344436 0.06696248487293263 0.011575381140598532
0 0.8390480032271077 0.47459062676453984 0.13795885437676483 0.0220214568040655
0 0.2434449374747882 0.5283738001129306 0.1980637353771682 0.0189158667419537
0 0.3918918918918919 0.5255505364201016 0.06655909640984267 0.017221908526256352
0 0.5030254134731746 0.5280914737436476 0.13311819281968534 0.022303783173348392
0 0.600242033077854 0.529785431959345 0.045986284792254944 0.007058159232072276
0 0.6551028640580879 0.5248447204968945 0.04759983864461476 0.017504234895539244
0 0.7515127067365873 0.5242800677583286 0.12343686970552642 0.014116318464144552
0 0.8497377974989915 0.5263975155279503 0.06333198870512304 0.012704686617730096
0 0.8862444534086326 0.5302089215132694 0.003227107704719645 0.003952569169960474
0 0.1974586526825333 0.5767927724449463 0.09640984267849939 0.011857707509881422
0 0.291044776119403 0.5762281197063805 0.06171843485276321 0.010728402032749858
0 0.3412666397741025 0.5760869565217391 0.010488100040338847 0.009881422924901186
0 0.37394110528438884 0.5813099943534726 0.03630496167809601 0.010163749294184076
0 0.4320290439693425 0.5777809147374364 0.055667607906413875 0.012704686617730096
0 0.48124243646631704 0.5787690570299266 0.021782977006857603 0.01129305477131564
0 0.517345703912868 0.5782044042913608 0.03670835014118596 0.010163749294184076
0 0.5794675272287213 0.577922077922078 0.06575231948366277 0.01355166572557877
0 0.6415893505445744 0.5794748729531338 0.04800322710770472 0.007058159232072276
0 0.7198467123840259 0.5783455674760023 0.08834207341670028 0.011575381140598532
0 0.781363453005244 0.5807453416149069 0.024203307785397338 0.006775832862789385
0 0.21702299314239612 0.6302936194240542 0.14602662363856395 0.018351214003387916
0 0.33098023396530857 0.629305477131564 0.0536506655909641 0.010728402032749858
0 0.47761194029850745 0.6264822134387352 0.21218233158531666 0.015245623941276116
0 0.59116579265833 0.6341050254093732 0.0028237192416296895 0.0033879164313946925
0 0.6173860427591771 0.6274703557312253 0.02864058087938685 0.00818746470920384
0 0.6526825332795482 0.6307171089779785 0.02743041549011698 0.007340485601355167
0 0.6984671238402582 0.6277526821005082 0.050423557886244454 0.011575381140598532
0 0.7466720451795079 0.6300112930547713 0.03227107704719645 0.007622811970638058
0 0.8376361436062929 0.6263410502540937 0.11657926583299717 0.014963297571993224
0 0.15873336022589754 0.6819593450028233 0.025413473174667203 0.006493506493506494
0 0.254739814441307 0.6813946922642575 0.1335215812827753 0.014963297571993224
0 0.34388866478418717 0.6747600225861096 0.019766034691407825 0.01693958215697346
0 0.4203307785397338 0.6798418972332015 0.11133521581282775 0.014116318464144552
0 0.5131101250504235 0.6804065499717674 0.04921339249697459 0.010728402032749858
0 0.573013311819282 0.6792772444946358 0.02944735780556676 0.009599096555618294
0 0.6198063735377168 0.6816770186335404 0.0326744655102864 0.007622811970638058
0 0.6734570391286809 0.6778656126482213 0.05526421944332392 0.01129305477131564
0 0.7210568777732956 0.681253529079616 0.022993142396127472 0.007340485601355167
0 0.7987091569181122 0.6785714285714286 0.1073013311819282 0.014963297571993224
0 0.8563937071399758 0.6843591191417279 0.004033884630899556 0.00282326369282891
