0 0.17466720451795079 0.21527385657820441 0.055667607906413875 0.022303783173348392
0 0.27329568374344493 0.21739130434782608 0.1036708350141186 0.019198193111236588
0 0.372730939895119 0.21823828345567475 0.05970149253731343 0.01129305477131564
0 0.4784187172246874 0.21795595708639187 0.08713190802743041 0.025974025974025976
0 0.5798709156918113 0.21597967250141162 0.0609116579265833 0.017504234895539244
0 0.6879790237999194 0.21795595708639187 0.09237595804759983 0.012987012987012988
0 0.7585720048406616 0.21964991530208922 0.018152480839048003 0.00846979107848673
0 0.19483662767244858 0.265527950310559 0.11375554659136748 0.021739130434782608
0 0.354376764824526 0.2682100508187465 0.1674062121823316 0.019198193111236588
0 0.4824526018555869 0.2717391304347826 0.03630496167809601 0.023433088650479956
0 0.5377168212989109 0.2673630717108978 0.04033884630899556 0.014680971202710334
0 0.6073013311819282 0.2701863354037267 0.0609116579265833 0.031055900621118012
0 0.6795078660750302 0.2707509881422925 0.0318676885841065 0.021456804065499716
0 0.745865268253328 0.2676453980801807 0.060508269463493344 0.020327498588368152
0 0.7783380395320694 0.2776679841897233 0.007664380798709157 0.007058159232072276
0 0.8172650262202501 0.26665725578769056 0.03146430012101654 0.015527950310559006
0 0.1718434852763211 0.3178994918125353 0.063735377168213 0.01637492941840768
0 0.24304154901169828 0.31959345002823264 0.03993545784590561 0.023150762281197064
0 0.3830173457039129 0.3167701863354037 0.1674062121823316 0.015810276679841896
0 0.5026220250100847 0.32185206098249575 0.028237192416296894 0.020892151326933936
0 0.5933844292053247 0.32086391869000563 0.09600645421540945 0.021739130434782608
0 0.6488503428801936 0.3287690570299266 0.01008471157724889 0.007058159232072276
0 0.6990722065348931 0.3191699604743083 0.05163372327551432 0.009316770186335404
0 0.7559499798305769 0.32029926595143987 0.01855586930213796 0.008752117447769622
0 0.8410649455425575 0.3197346132128741 0.1145623235175474 0.016657255787690572
0 0.17789431222267044 0.37238848108413325 0.07180314643001211 0.01637492941840768
0 0.25514320290439696 0.3730942970073405 0.027833803953206938 0.020609824957651044
0 0.3580072609923356 0.370412196499153 0.1383622428398548 0.01355166572557877
0 0.5286405808793868 0.370412196499153 0.13110125050423557 0.025409373235460192
0 0.7107704719645018 0.3685770750988142 0.1855586930213796 0.022868435911914172
0 0.8342073416700282 0.37125917560700167 0.05405405405405406 0.028797289666854884
0 0.1653892698668818 0.41756070016939584 0.03791851553045583 0.019762845849802372
0 0.2855990318676886 0.41741953698475437 0.15409439290036306 0.017786561264822136
0 0.44493747478822104 0.4199604743083004 0.12666397741024607 0.027950310559006212
0 0.5175473981444131 0.42476002258610956 0.003227107704719645 0.001976284584980237
0 0.5937878176684147 0.4212309429700734 0.0927793465106898 0.030491247882552232
0 0.6847519160951997 0.41727837380011296 0.03993545784590561 0.02258610954263128
0 0.772892295280355 0.4230660643704122 0.0927793465106898 0.020609824957651044
0 0.8543767648245261 0.4212309429700734 0.04195240016135539 0.009034443817052512
0 0.21399757966922145 0.4743083003952569 0.145623235175474 0.026538678712591756
0 0.34388866478418717 0.4738848108413326 0.08592174263816055 0.022303783173348392
0 0.4237595804759984 0.47035573122529645 0.02218636546994756 0.014116318464144552
0 0.47962888261395725 0.46696781479390176 0.03469140782573618 0.019198193111236588
0 0.5792658329971763 0.46922642574816487 0.09762000806776926 0.01355166572557877
0 0.6645824929407019 0.4723320158102767 0.031060911657926585 0.019198193111236588
0 0.7127874142799516 0.46823828345567475 0.03630496167809601 0.017221908526256352
0 0.7900363049616781 0.47007340485601357 0.06252521177894312 0.023715415019762844
0 0.8237192416296893 0.4775550536420102 0.003227107704719645 0.001411631846414455
0 0.854780153287616 0.46696781479390176 0.03791851553045583 0.019198193111236588
0 0.18475191609519967 0.5276679841897233 0.09035901573215006 0.02258610954263128
0 0.28398547801532875 0.5204686617730095 0.03953206938281565 0.01948051948051948
0 0.34066155707946755 0.519339356295878 0.03993545784590561 0.016657255787690572
0 0.4146833400564744 0.5187747035573123 0.07260992335619201 0.020609824957651044
0 0.5062525211778943 0.5269621682665161 0.06938281565147236 0.01948051948051948
0 0.5746268656716418 0.5207509881422925 0.043969342476805166 0.014963297571993224
0 0.6597418313836224 0.5247035573122529 0.10770471964501815 0.022303783173348392
0 0.7430415490116983 0.5221626199887069 0.017749092375958047 0.008752117447769622
0 0.8098023396530859 0.5255505364201016 0.08350141185962082 0.0251270468661773
0 0.1581282775312626 0.5724167137210615 0.05163372327551432 0.026256352343308864
0 0.22125857200484067 0.5702992659514399 0.043969342476805166 0.02258610954263128
0 0.31423961274707546 0.5694522868435912 0.0927793465106898 0.019762845849802372
0 0.3753529649052037 0.5793337097684924 0.011698265429608713 0.010163749294184076
0 0.42597821702299316 0.5676171654432524 0.050826946349334406 0.020045172219085264
0 0.491327148043566 0.5700169395821569 0.03791851553045583 0.014116318464144552
0 0.5490116982654296 0.5719932241671372 0.060508269463493344 0.0220214568040655
0 0.6389673255344898 0.5756634669678148 0.07180314643001211 0.020327498588368152
0 0.746268656716418 0.5698757763975155 0.10407422347720856 0.0189158667419537
0 0.8271480435659541 0.5707227555053642 0.03428801936264623 0.017221908526256352
0 0.1972569584509883 0.6202710333145116 0.10891488503428802 0.02258610954263128
0 0.29507866075030253 0.6187182382834556 0.02702702702702703 0.020609824957651044
0 0.3838241226300928 0.61914172783738 0.10044372730939895 0.019198193111236588
0 0.5161355385235982 0.6198475437605873 0.11577248890681727 0.021174477696216828
0 0.635538523598225 0.6235177865612648 0.06171843485276321 0.013269339356295878
0 0.7123840258168617 0.620412196499153 0.03711173860427592 0.016657255787690572
0 0.7888261395724082 0.6212591756070017 0.08350141185962082 0.014398644833427442
0 0.8648648648648649 0.6252117447769622 0.03630496167809601 0.021739130434782608
0 0.21944332392093585 0.672077922077922 0.15893505445744252 0.022303783173348392
0 0.33985478015328763 0.6725014116318464 0.025413473174667203 0.010163749294184076
0 0.42759177087535294 0.6702428006775832 0.09035901573215006 0.018068887634105024
0 0.536103267446551 0.672360248447205 0.07664380798709157 0.023997741389045736
0 0.5770471964501815 0.681253529079616 0.012505042355788625 0.007905138339920948
0 0.6738604275917709 0.6693958215697347 0.1383622428398548 0.019198193111236588
0 0.7730939895119 0.6743365330321852 0.020572811617587738 0.016092603049124788
0 0.8321903993545785 0.6719367588932806 0.04033884630899556 0.015810276679841896
0 0.17164179104477612 0.7216261998870694 0.0681726502622025 0.0220214568040655
0 0.2519160951996773 0.7230378317334839 0.06736587333602259 0.024280067758328628
0 0.2983057684550222 0.7313664596273292 0.008471157724889069 0.007058159232072276
0 0.3525615167406212 0.7288255223037832 0.06776926179911255 0.021739130434782608
0 0.4134731746672045 0.7231789949181253 0.028237192416296894 0.017786561264822136
0 0.48406615570794675 0.7233201581027668 0.07018959257765228 0.017504234895539244
0 0.5623235175473982 0.7207792207792207 0.02743041549011698 0.017504234895539244
0 0.6284792254941509 0.7216261998870694 0.07664380798709157 0.021456804065499716
0 0.7012908430818878 0.7252964426877471 0.0391286809197257 0.025974025974025976
0 0.7831787010891489 0.7258610954263128 0.10125050423557887 0.014680971202710334
