0 0.20875352964905203 0.30237154150197626 0.09802339653085922 0.014680971202710334
0 0.3194836627672449 0.2996894409937888 0.055667607906413875 0.01383399209486166
0 0.39592577652279143 0.30124223602484473 0.040742234772085516 0.011857707509881422
0 0.5042355788624445 0.30251270468661773 0.100040338846309 0.026821005081874648
0 0.6204114562323517 0.30321852060982496 0.04437273093989512 0.021456804065499716
0 0.699878983461073 0.3049124788255223 0.0572811617587737 0.023150762281197064
0 0.7369907220653489 0.3104178430265387 0.008874546187979023 0.007622811970638058
0 0.7956837434449375 0.3002540937323546 0.06010488100040339 0.016657255787690572
0 0.1891891891891892 0.3546019198193111 0.053247277127874144 0.018633540372670808
0 0.2537313432835821 0.3547430830039526 0.03791851553045583 0.015527950310559006
0 0.35135135135135137 0.3534726143421796 0.11859620814844696 0.021456804065499716
0 0.46147640177490923 0.3551665725578769 0.04921339249697459 0.023715415019762844
0 0.5796692214602662 0.3512140033879164 0.14602662363856395 0.01637492941840768
0 0.663372327551432 0.354884246188594 0.0028237192416296895 0.0016939582156973462
0 0.7172246873739411 0.3505081874647092 0.04437273093989512 0.016092603049124788
0 0.7763210972166196 0.3490965556182947 0.03509479628882614 0.017786561264822136
0 0.8390480032271077 0.34966120835686054 0.05647438483259379 0.018351214003387916
0 0.20270270270270271 0.4048560135516657 0.0609116579265833 0.0220214568040655
0 0.35296490520371115 0.4041501976284585 0.14683340056474384 0.022303783173348392
0 0.5131101250504235 0.40019762845849804 0.06938281565147236 0.01948051948051948
0 0.6797095603065753 0.40358554488989273 0.18797902379991932 0.026256352343308864
0 0.8263412666397741 0.4030208921513269 0.04800322710770472 0.00818746470920384
0 0.15732150060508268 0.45765104460756634 0.03630496167809601 0.015245623941276116
0 0.2535296490520371 0.457227555053642 0.10689794271883823 0.021174477696216828
0 0.35619201290843083 0.4548277809147374 0.045986284792254944 0.019762845849802372
0 0.4102460669624849 0.45920383963862227 0.02581686163775716 0.022868435911914172
0 0.46329164985881405 0.45327498588368154 0.0318676885841065 0.016092603049124788
0 0.5641387656313029 0.4548277809147374 0.12948769665187576 0.019198193111236588
0 0.6795078660750302 0.4514398644833427 0.03993545784590561 0.02258610954263128
0 0.7807583703106091 0.4515810276679842 0.11254538120209762 0.029079616036137776
0 0.20310609116579265 0.5097402597402597 0.10609116579265833 0.026821005081874648
0 0.3152480839048003 0.5050818746470921 0.05687777329568374 0.015810276679841896
0 0.3914885034288019 0.501270468661773 0.03509479628882614 0.016657255787690572
0 0.5195643404598629 0.49957651044607565 0.1653892698668818 0.0189158667419537
0 0.654699475594998 0.5050818746470921 0.033884630899556276 0.025409373235460192
0 0.727511093182735 0.5056465273856579 0.051230334812424366 0.00846979107848673
0 0.8263412666397741 0.5040937323546019 0.09640984267849939 0.023433088650479956
0 0.8763614360629286 0.5105872388481084 0.010891488503428802 0.005928853754940711
0 0.22186365469947558 0.5570299265951439 0.15248083904800322 0.017504234895539244
0 0.354376764824526 0.555759457933371 0.056070996369503835 0.014963297571993224
0 0.4530052440500202 0.555759457933371 0.09600645421540945 0.021739130434782608
0 0.5070592981040742 0.5638057594579333 0.008067769261799113 0.007340485601355167
0 0.5588947156111336 0.5540654997176736 0.05445744251714401 0.015527950310559006
0 0.6196046793061718 0.5539243365330322 0.03469140782573618 0.018068887634105024
0 0.7202501008471158 0.5518068887634106 0.1254538120209762 0.022868435911914172
0 0.8346107301331182 0.5513833992094862 0.05647438483259379 0.015810276679841896
0 0.16216216216216217 0.6064370412196499 0.05486083098023396 0.014116318464144552
0 0.24949576442113755 0.6055900621118012 0.07462686567164178 0.019762845849802372
0 0.3850342880193626 0.6012140033879164 0.12787414279951592 0.018351214003387916
0 0.5667607906413876 0.6040372670807453 0.1799112545381202 0.022303783173348392
0 0.7018959257765228 0.6046019198193111 0.03953206938281565 0.025691699604743084
0 0.754134731746672 0.6002258610954263 0.038321903993545785 0.017504234895539244
0 0.8384429205324728 0.6023433088650479 0.08027430415490117 0.013269339356295878
0 0.20068576038725291 0.6548560135516657 0.11496571198063735 0.021739130434782608
0 0.27067365873336025 0.6617730095990966 0.004840661557079467 0.00282326369282891
0 0.3410649455425575 0.6551383399209486 0.09398951189995966 0.016657255787690572
0 0.4302137958854377 0.6547148503670243 0.043162565550625254 0.02258610954263128
0 0.5262202501008472 0.6605025409373235 0.09398951189995966 0.028514963297571992
0 0.6228317870108915 0.6624788255223037 0.07745058491327148 0.0189158667419537
0 0.7297297297297297 0.6549971767363072 0.09923356192012908 0.021456804065499716
0 0.808995562726906 0.651468097120271 0.02702702702702703 0.014963297571993224
0 0.19866881807180314 0.7104743083003953 0.09237595804759983 0.02456239412761152
0 0.2898346107301331 0.7058159232072275 0.05687777329568374 0.017504234895539244
0 0.40137152077450583 0.7080745341614907 0.12020976200080678 0.010728402032749858
0 0.5096813231141589 0.7052512704686618 0.04881000403388463 0.015245623941276116
0 0.5546591367486889 0.7068040654997176 0.029850746268656716 0.015527950310559006
0 0.6579265832997176 0.7092038396386222 0.14360629286002422 0.02710333145115754
0 0.8025413473174667 0.7063805759457933 0.11012505042355789 0.02766798418972332
0 0.881807180314643 0.7056747600225861 0.022589753933037516 0.014963297571993224
