0 0.20471964501815249 0.20878035008469792 0.0609116579265833 0.020609824957651044
0 0.31665994352561516 0.21315640880858272 0.12827753126260588 0.03500846979107849
0 0.4253731343283582 0.2124505928853755 0.06010488100040339 0.03359683794466403
0 0.5211778943122227 0.21414455110107283 0.0927793465106898 0.03303218520609825
0 0.6222267043162566 0.20892151326933936 0.07382008874546188 0.01637492941840768
0 0.7478822105687777 0.20863918690005648 0.14037918515530456 0.019198193111236588
0 0.19281968535699878 0.2584697910784867 0.01371520774505849 0.02456239412761152
0 0.2539330375151271 0.2611518915866742 0.09237595804759983 0.019198193111236588
0 0.3402581686163776 0.26171654432524 0.04881000403388463 0.018633540372670808
0 0.43041549011698266 0.2662337662337662 0.10891488503428802 0.02766798418972332
0 0.5427591770875353 0.2583286278938453 0.09076240419524001 0.023150762281197064
0 0.6109318273497378 0.2636928289102202 0.03509479628882614 0.01355166572557877
0 0.6702299314239613 0.26383399209486164 0.06655909640984267 0.032467532467532464
0 0.7503025413473174 0.256352343308865 0.060508269463493344 0.020327498588368152
0 0.22388059701492538 0.31197063805759456 0.08632513110125051 0.019762845849802372
0 0.29790237999193225 0.30957086391869 0.02944735780556676 0.01948051948051948
0 0.39108511496571197 0.3136645962732919 0.14239612747075434 0.032185206098249576
0 0.6129487696651875 0.31394692264257484 0.2488906817265026 0.03670242800677583
0 0.7843888664784188 0.3114059853190288 0.06171843485276321 0.033314511575381144
0 0.2392093586123437 0.3660361377752682 0.12343686970552642 0.016657255787690572
0 0.3610326744655103 0.36264822134387353 0.07987091569181122 0.020609824957651044
0 0.44372730939895116 0.37027103331451156 0.0927793465106898 0.03359683794466403
0 0.5125050423557886 0.366600790513834 0.030254134731746672 0.034161490683229816
0 0.5770471964501815 0.36391869000564653 0.05687777329568374 0.01355166572557877
0 0.6565147236789027 0.36024844720496896 0.040742234772085516 0.019762845849802372
0 0.7252924566357403 0.3695652173913043 0.07018959257765228 0.0220214568040655
0 0.8287615974183138 0.3589779785431959 0.0899556272690601 0.021174477696216828
0 0.2317466720451795 0.4117730095990966 0.09076240419524001 0.021174477696216828
0 0.32855990318676886 0.41304347826086957 0.05203711173860428 0.019762845849802372
0 0.3953206938281565 0.4193958215697346 0.06938281565147236 0.021739130434782608
0 0.48668818071803144 0.41078486730660646 0.09076240419524001 0.02258610954263128
0 0.6649858814037919 0.41967814793901753 0.22791448164582492 0.041501976284584984
0 0.7914481645824929 0.41854884246188595 0.003227107704719645 0.001976284584980237
0 0.2702702702702703 0.4665443252399774 0.16216216216216217 0.028514963297571992
0 0.4661153691004437 0.46513269339356295 0.17789431222267044 0.025691699604743084
0 0.5881403791851553 0.46259175607001696 0.029850746268656716 0.020045172219085264
0 0.6446147640177491 0.4621682665160926 0.05244050020169423 0.019198193111236588
0 0.7160145219846712 0.4637210615471485 0.06857603872529246 0.012704686617730096
0 0.8241226300927793 0.46202710333145114 0.10891488503428802 0.021174477696216828
0 0.2208551835417507 0.5143986448334275 0.056070996369503835 0.020327498588368152
0 0.36163775716014523 0.5189158667419537 0.1811214199273901 0.034443817052512704
0 0.5221863654699476 0.5132693393562959 0.09560306575231949 0.018633540372670808
0 0.6415893505445744 0.5128458498023716 0.12141992739007665 0.022303783173348392
0 0.7375958047599839 0.5173630717108978 0.03993545784590561 0.012140033879164314
0 0.8152480839048003 0.5160926030491247 0.06292860024203308 0.012422360248447204
0 0.31565147236789026 0.5645115753811406 0.20693828156514724 0.023997741389045736
0 0.48608309802339655 0.560841332580463 0.0935861234368697 0.022303783173348392
0 0.5683743444937475 0.5669113495200452 0.053247277127874144 0.03274985883681536
0 0.6793061718434853 0.5633822699040091 0.12827753126260588 0.02456239412761152
0 0.8079870915691811 0.5677583286278939 0.10326744655102864 0.031055900621118012
0 0.24969745865268253 0.6194240542066629 0.10891488503428802 0.029361942405420668
0 0.345502218636547 0.6184359119141728 0.057684550221863654 0.03190287972896669
0 0.4290036304961678 0.6216826651609261 0.09237595804759983 0.02258610954263128
0 0.5951996772892295 0.6136363636363636 0.19322307382008874 0.023997741389045736
0 0.763210972166196 0.6181535855448899 0.13795885437676483 0.027950310559006212
0 0.8493344090359016 0.6261998870694523 0.01653892698668818 0.012422360248447204
0 0.23436869705526422 0.6671372106154715 0.06776926179911255 0.023715415019762844
0 0.3444937474788221 0.669819311123659 0.10165389269866881 0.03020892151326934
0 0.5326744655102864 0.6655844155844156 0.218233158531666 0.023433088650479956
0 0.763614360629286 0.6653020892151327 0.20814844695441712 0.03020892151326934
0 0.21782977006857604 0.717673630717109 0.03469140782573618 0.020892151326933936
0 0.3152480839048003 0.7179559570863918 0.11335215812827754 0.023150762281197064
0 0.4225494150867285 0.7217673630717109 0.06333198870512304 0.031338226990400904
0 0.5582896329164986 0.7195087521174478 0.17587736990722067 0.028514963297571992
0 0.7496974586526826 0.7200734048560136 0.1383622428398548 0.027385657820440428
