0 0.18152480839048002 0.20948616600790515 0.06615570794675273 0.020327498588368152
0 0.27208551835417505 0.20666290231507622 0.08430818878580072 0.021456804065499716
0 0.34872932634126663 0.208498023715415 0.024606696248487294 0.0189158667419537
0 0.41629689390883423 0.20736871823828346 0.0653489310205728 0.026821005081874648
0 0.4802339653085922 0.2044042913608131 0.019766034691407825 0.023715415019762844
0 0.5413473174667205 0.21527385657820441 0.05647438483259379 0.016092603049124788
0 0.6006454215409439 0.21103896103896103 0.03065752319483663 0.01101072840203275
0 0.7022993142396128 0.20821569734613213 0.1355385235982251 0.025691699604743084
0 0.8325937878176685 0.20609824957651043 0.09197256958450989 0.020892151326933936
0 0.19402985074626866 0.2618577075098814 0.08551835417507059 0.011575381140598532
0 0.26522791448164584 0.25607001693958215 0.022993142396127472 0.02710333145115754
0 0.31585316659943524 0.25395256916996045 0.03711173860427592 0.021739130434782608
0 0.4203307785397338 0.2571993224167137 0.13473174667204518 0.023715415019762844
0 0.5225897539330375 0.256352343308865 0.019766034691407825 0.02766798418972332
0 0.5843081887858007 0.2574816487859966 0.07382008874546188 0.028232636928289104
0 0.6486486486486487 0.264257481648786 0.03146430012101654 0.017504234895539244
0 0.7107704719645018 0.2553642010163749 0.0790641387656313 0.027950310559006212
0 0.7781363453005244 0.2531055900621118 0.02743041549011698 0.021174477696216828
0 0.8384429205324728 0.2531055900621118 0.06978620411456232 0.023433088650479956
0 0.17950786607503025 0.30477131564088084 0.05889471561113352 0.0251270468661773
0 0.2353771682129891 0.30971202710333146 0.01653892698668818 0.00846979107848673
0 0.29265832997176283 0.3154997176736307 0.0681726502622025 0.016092603049124788
0 0.37777329568374346 0.3030773574251835 0.052843888664784185 0.021739130434782608
0 0.47519160951996775 0.3125352907961604 0.09842678499394918 0.023715415019762844
0 0.6155707946752723 0.3064652738565782 0.14118596208148446 0.029079616036137776
0 0.7244856797095603 0.3042066629023151 0.05405405405405406 0.020045172219085264
0 0.817466720451795 0.3027950310559006 0.11415893505445744 0.022303783173348392
0 0.1990722065348931 0.3547430830039526 0.09963695038321904 0.026256352343308864
0 0.2890278338039532 0.3526256352343309 0.050423557886244454 0.024844720496894408
0 0.38967325534489716 0.35248447204968947 0.10810810810810811 0.02456239412761152
0 0.5102864058087939 0.3543195934500282 0.08955223880597014 0.028797289666854884
0 0.564340459862848 0.36236589497459065 0.004033884630899556 0.001976284584980237
0 0.6446147640177491 0.3555900621118012 0.12585720048406615 0.023433088650479956
0 0.7509076240419524 0.3526256352343309 0.03993545784590561 0.025409373235460192
0 0.8108108108108109 0.3541784302653868 0.04517950786607503 0.021174477696216828
0 0.8574021782977007 0.3564370412196499 0.024606696248487294 0.027385657820440428
0 0.1617587736990722 0.4082439299830604 0.04033884630899556 0.025409373235460192
0 0.22932634126663978 0.4162902315076228 0.06171843485276321 0.020609824957651044
0 0.3021379588543768 0.4049971767363072 0.03711173860427592 0.021739130434782608
0 0.3935054457442517 0.4017504234895539 0.10044372730939895 0.023150762281197064
0 0.5016135538523598 0.4031620553359684 0.08188785800726099 0.02710333145115754
0 0.6327148043565954 0.40654997176736307 0.15207745058491326 0.03387916431394692
0 0.7305365066559096 0.4010446075663467 0.01855586930213796 0.020045172219085264
0 0.7922549415086728 0.4041501976284585 0.07583703106091166 0.013269339356295878
0 0.8626462283178701 0.40160926030491245 0.03993545784590561 0.023433088650479956
0 0.20754336425978218 0.45553359683794464 0.118192819685357 0.027950310559006212
0 0.36587333602258976 0.455957086391869 0.14925373134328357 0.02710333145115754
0 0.4709560306575232 0.4575098814229249 0.022993142396127472 0.031338226990400904
0 0.5713997579669221 0.4600508187464709 0.14804356595401372 0.0251270468661773
0 0.6885841064945543 0.45553359683794464 0.05486083098023396 0.027385657820440428
0 0.7622025010084712 0.46047430830039526 0.0681726502622025 0.03387916431394692
0 0.8388463089955627 0.45863918690005645 0.07059298104074223 0.034161490683229816
0 0.1553045582896329 0.5119988706945229 0.021782977006857603 0.023433088650479956
0 0.24142799515933844 0.5074816487859967 0.08511496571198064 0.027385657820440428
0 0.3412666397741025 0.5052230378317335 0.08632513110125051 0.022868435911914172
0 0.3981444130697862 0.5166572557876906 0.003227107704719645 0.007905138339920948
0 0.4715611133521581 0.5108695652173914 0.10972166196046793 0.028514963297571992
0 0.5701895925776522 0.503811405985319 0.057684550221863654 0.025691699604743084
0 0.6758773699072207 0.5053642010163749 0.12222670431625655 0.029926595143986448
0 0.7656313029447358 0.5053642010163749 0.020976200080677694 0.025974025974025976
0 0.8104074223477209 0.5029644268774703 0.04437273093989512 0.027385657820440428
0 0.2482855990318677 0.5604178430265386 0.1972569584509883 0.0378317334839074
0 0.41508672851956435 0.5574534161490683 0.09439290036304962 0.040372670807453416
0 0.5046389673255345 0.5598531902879729 0.045986284792254944 0.025974025974025976
0 0.5667607906413876 0.5539243365330322 0.035498184751916094 0.025409373235460192
0 0.6302944735780557 0.5609824957651045 0.04800322710770472 0.01355166572557877
0 0.7089552238805971 0.5563241106719368 0.07624041952400161 0.02456239412761152
0 0.7591770875352964 0.5656408808582721 0.003227107704719645 0.001976284584980237
