0 0.1498588140379185 0.22261434217955958 0.02702702702702703 0.012704686617730096
0 0.1980637353771682 0.2236024844720497 0.04437273093989512 0.007905138339920948
0 0.28580072609923357 0.221485036702428 0.09883017345703912 0.016092603049124788
0 0.38967325534489716 0.22656691134952003 0.08067769261799113 0.01101072840203275
0 0.4598628479225494 0.2245906267645398 0.045986284792254944 0.01383399209486166
0 0.5096813231141589 0.22374364765669114 0.021379588543767647 0.012704686617730096
0 0.5794675272287213 0.2248729531338227 0.09318273497377975 0.017786561264822136
0 0.6680112948769665 0.22571993224167136 0.05808793868495361 0.01101072840203275
0 0.7398144413069786 0.21964991530208922 0.07260992335619201 0.014116318464144552
0 0.7958854376764825 0.2245906267645398 0.028237192416296894 0.014398644833427442
0 0.836829366680113 0.22063805759457933 0.0318676885841065 0.009881422924901186
0 0.2244856797095603 0.27399774138904576 0.16417910447761194 0.016657255787690572
0 0.39854780153287617 0.2720214568040655 0.15732150060508268 0.01383399209486166
0 0.4844695441710367 0.277244494635799 0.003227107704719645 0.0033879164313946925
0 0.5298507462686567 0.2723037831733484 0.07462686567164178 0.013269339356295878
0 0.5976200080677693 0.2713156408808583 0.027833803953206938 0.010163749294184076
0 0.6351351351351351 0.27639751552795033 0.033481242436466316 0.009599096555618294
0 0.6944332392093586 0.27216261998870694 0.05526421944332392 0.010728402032749858
0 0.7926583299717628 0.2735742518351214 0.12020976200080678 0.01693958215697346
0 0.20431625655506253 0.32058159232072275 0.1383622428398548 0.016657255787690572
0 0.3249294070189593 0.3188876341050254 0.08027430415490117 0.017221908526256352
0 0.39108511496571197 0.32368718238283456 0.04961678096006454 0.01383399209486166
0 0.4398951189995966 0.3221343873517787 0.02864058087938685 0.01129305477131564
0 0.5034288019362646 0.3222755505364201 0.06857603872529246 0.017786561264822136
0 0.5738200887454619 0.3231225296442688 0.05203711173860428 0.012140033879164314
0 0.645421540943929 0.3232636928289102 0.07583703106091166 0.01129305477131564
0 0.772892295280355 0.32142857142857145 0.15167406212182333 0.014398644833427442
0 0.8569987898346108 0.32580463015245625 0.0052440500201694235 0.0033879164313946925
0 0.15469947559499797 0.3718238283455675 0.027833803953206938 0.009599096555618294
0 0.19241629689390882 0.371682665160926 0.01936264622831787 0.012140033879164314
0 0.22972972972972974 0.37224731789949184 0.02944735780556676 0.01101072840203275
0 0.299919322307382 0.3750705815923207 0.08350141185962082 0.018351214003387916
0 0.3672851956434046 0.3753529079616036 0.022993142396127472 0.011575381140598532
0 0.40540540540540543 0.3739412761151892 0.03711173860427592 0.011575381140598532
0 0.5219846712384025 0.37351778656126483 0.16296893908834206 0.014680971202710334
0 0.6260588947156112 0.3725296442687747 0.01855586930213796 0.011575381140598532
0 0.682129891085115 0.37676453980801805 0.07180314643001211 0.016092603049124788
0 0.7559499798305769 0.3740824392998306 0.05808793868495361 0.015810276679841896
0 0.8243243243243243 0.37295313382269907 0.0609116579265833 0.012422360248447204
0 0.17103670835014118 0.423630717108978 0.06131504638967326 0.010446075663466968
0 0.23396530859217426 0.42617165443252397 0.02581686163775716 0.007058159232072276
0 0.2989108511496571 0.42730095990965555 0.0927793465106898 0.017221908526256352
0 0.39128680919725695 0.42419536984754375 0.06938281565147236 0.01101072840203275
0 0.4582492940701896 0.4246188594014681 0.03872529245663574 0.012987012987012988
0 0.5217829770068576 0.42207792207792205 0.06413876563130294 0.012987012987012988
0 0.6264622831787011 0.42320722755505363 0.12020976200080678 0.01637492941840768
0 0.7097620008067769 0.4257481648785997 0.019766034691407825 0.006775832862789385
0 0.8031464300121016 0.4215132693393563 0.136345300524405 0.01637492941840768
0 0.1690197660346914 0.4723320158102767 0.05970149253731343 0.015810276679841896
0 0.20794675272287214 0.4774138904573687 0.004437273093989512 0.009034443817052512
0 0.24405002016942315 0.47600225861095424 0.04517950786607503 0.010728402032749858
0 0.3126260588947156 0.47586109542631283 0.0645421540943929 0.010446075663466968
0 0.3874546187979024 0.48023715415019763 0.06010488100040339 0.012987012987012988
0 0.5102864058087939 0.47571993224167136 0.16216216216216217 0.020327498588368152
0 0.6621621621621622 0.4761434217955957 0.1189995966115369 0.017221908526256352
0 0.7402178297700686 0.4754376058723885 0.01855586930213796 0.01129305477131564
0 0.7769261799112546 0.47501411631846413 0.03791851553045583 0.011575381140598532
0 0.8511496571198064 0.4738848108413326 0.09600645421540945 0.012140033879164314
0 0.16256555062525213 0.527244494635799 0.03307785397337636 0.012140033879164314
0 0.24949576442113755 0.528514963297572 0.1036708350141186 0.015810276679841896
0 0.4288019362646228 0.5248447204968945 0.22509076240419523 0.01637492941840768
0 0.5524405002016942 0.5295031055900621 0.0028237192416296895 0.0036702428006775835
