0 0.15449778136345302 0.21583850931677018 0.05486083098023396 0.025691699604743084
0 0.26401774909237596 0.21682665160926032 0.11254538120209762 0.023715415019762844
0 0.3654699475594998 0.21287408243929984 0.03307785397337636 0.023715415019762844
0 0.4505849132714804 0.21259175607001693 0.08713190802743041 0.023150762281197064
0 0.554860830980234 0.2137210615471485 0.07704719645018153 0.020892151326933936
0 0.664179104477612 0.22430830039525693 0.09640984267849939 0.029644268774703556
0 0.7575635336829367 0.21146245059288538 0.04517950786607503 0.0220214568040655
0 0.8261395724082291 0.21103896103896103 0.06212182331585317 0.022303783173348392
0 0.1708350141185962 0.2689158667419537 0.07220653489310205 0.020045172219085264
0 0.24122630092779346 0.26566911349520045 0.03065752319483663 0.020327498588368152
0 0.3489310205728116 0.2715979672501412 0.11698265429608713 0.03670242800677583
0 0.46046793061718433 0.26228119706380576 0.04477611940298507 0.021456804065499716
0 0.5306575231948366 0.2619988706945229 0.043162565550625254 0.019198193111236588
0 0.5709963695038321 0.2724449463579898 0.03751512706736587 0.019762845849802372
0 0.6290843081887858 0.26453980801806887 0.05203711173860428 0.025974025974025976
0 0.7160145219846712 0.26778656126482214 0.06857603872529246 0.029079616036137776
0 0.7900363049616781 0.2595990965556183 0.043969342476805166 0.026256352343308864
0 0.1417910447761194 0.325098814229249 0.010891488503428802 0.00818746470920384
0 0.19160951996772893 0.32284020327498586 0.06292860024203308 0.035290796160361376
0 0.23295683743444937 0.3090062111801242 0.00927793465106898 0.010446075663466968
0 0.2702702702702703 0.31747600225861095 0.03307785397337636 0.022868435911914172
0 0.3525615167406212 0.32298136645962733 0.08793868495361033 0.034443817052512704
0 0.41508672851956435 0.3241106719367589 0.004840661557079467 0.00846979107848673
0 0.4390883420734167 0.3145115753811406 0.022993142396127472 0.019198193111236588
0 0.4826542960871319 0.31437041219649914 0.0318676885841065 0.021739130434782608
0 0.5467930617184349 0.3191699604743083 0.04719645018152481 0.012704686617730096
0 0.6373537716821299 0.31070016939582157 0.07260992335619201 0.025691699604743084
0 0.7313432835820896 0.31281761716544326 0.03711173860427592 0.024280067758328628
0 0.8295683743444937 0.31931112365894976 0.11173860427591771 0.04291360813099943
