0 0.15994352561516742 0.17292490118577075 0.043162565550625254 0.021174477696216828
0 0.22670431625655507 0.1756070016939582 0.0500201694231545 0.026538678712591756
0 0.3622428398547802 0.1795595708639187 0.1782977006857604 0.028797289666854884
0 0.4848729326341267 0.1756070016939582 0.02743041549011698 0.017504234895539244
0 0.537111738604276 0.1771597967250141 0.043162565550625254 0.023433088650479956
0 0.5927793465106898 0.17970073404856013 0.0318676885841065 0.009316770186335404
0 0.6829366680112948 0.17631281761716544 0.11375554659136748 0.018351214003387916
0 0.21863654699475596 0.2295313382269904 0.14764017749092376 0.025974025974025976
0 0.31121419927390076 0.23630717108977978 0.003630496167809601 0.009034443817052512
0 0.36143606292860025 0.22261434217955958 0.07987091569181122 0.020609824957651044
0 0.45219846712384026 0.2279785431959345 0.05244050020169423 0.012704686617730096
0 0.5169423154497781 0.22473178994918125 0.03993545784590561 0.018633540372670808
0 0.6331181928196854 0.22571993224167136 0.1553045582896329 0.029644268774703556
0 0.7751109318273497 0.22416713721061546 0.07139975796692215 0.0220214568040655
0 0.1972569584509883 0.2756916996047431 0.11052843888664785 0.022303783173348392
0 0.326946349334409 0.27653867871259175 0.10528438886647842 0.025691699604743084
0 0.49596611536910046 0.2761151891586674 0.17870108914885036 0.029926595143986448
0 0.6290843081887858 0.27343308865047994 0.0326744655102864 0.021174477696216828
0 0.708753529649052 0.2841614906832298 0.07987091569181122 0.022303783173348392
0 0.799919322307382 0.2766798418972332 0.060508269463493344 0.015245623941276116
0 0.18858410649455426 0.3287690570299266 0.09802339653085922 0.031338226990400904
0 0.31323114158935056 0.325098814229249 0.10931827349737798 0.020045172219085264
0 0.4219443323920936 0.327639751552795 0.063735377168213 0.01383399209486166
0 0.5137152077450585 0.3256634669678148 0.08350141185962082 0.020045172219085264
0 0.5895522388059702 0.32284020327498586 0.012505042355788625 0.022868435911914172
0 0.6657926583299718 0.3245341614906832 0.09560306575231949 0.022303783173348392
0 0.21238402581686164 0.3791643139469226 0.1383622428398548 0.01637492941840768
0 0.31464300121016536 0.3814229249011858 0.03711173860427592 0.025974025974025976
0 0.40641387656313027 0.3759175607001694 0.10770471964501815 0.0189158667419537
0 0.518152480839048 0.3815640880858272 0.056070996369503835 0.01101072840203275
0 0.582089552238806 0.3812817617165443 0.03146430012101654 0.029644268774703556
0 0.68152480839048 0.37648221343873517 0.11093182734973779 0.020045172219085264
0 0.21298910851149658 0.42504234895539245 0.15490116982654295 0.022868435911914172
0 0.30576845502218636 0.43478260869565216 0.003227107704719645 0.002258610954263128
0 0.3894715611133522 0.42476002258610956 0.10689794271883823 0.0251270468661773
0 0.5425574828559904 0.4254658385093168 0.15167406212182333 0.0220214568040655
0 0.6613553852359823 0.4313946922642575 0.043162565550625254 0.011857707509881422
0 0.7785397337636144 0.43195934500282324 0.1444130697862041 0.03670242800677583
0 0.21137555465913674 0.475296442687747 0.14360629286002422 0.02456239412761152
0 0.3307785397337636 0.47459062676453984 0.05889471561113352 0.023150762281197064
0 0.41770875352964904 0.475296442687747 0.06978620411456232 0.02456239412761152
0 0.5195643404598629 0.48094297007340486 0.0645421540943929 0.014398644833427442
0 0.6343283582089553 0.4784020327498588 0.10931827349737798 0.022303783173348392
0 0.7642194433239209 0.48221343873517786 0.09802339653085922 0.019762845849802372
0 0.17123840258168616 0.5302089215132694 0.05929810407422348 0.024280067758328628
0 0.2472771278741428 0.5359966120835686 0.05970149253731343 0.009881422924901186
0 0.3471157724889068 0.5309147374364765 0.08672851956434045 0.020045172219085264
0 0.4647035094796289 0.5289384528514963 0.09762000806776926 0.022868435911914172
0 0.5223880597014925 0.5385375494071146 0.0024203307785397336 0.001411631846414455
