0 0.15954013715207746 0.21329757199322416 0.040742234772085516 0.016092603049124788
0 0.22932634126663978 0.2204968944099379 0.051230334812424366 0.020327498588368152
0 0.29951593384429204 0.217673630717109 0.045582896329164985 0.010163749294184076
0 0.35962081484469544 0.2161208356860531 0.014925373134328358 0.009316770186335404
0 0.4015732150060508 0.21527385657820441 0.01573215006050827 0.008752117447769622
0 0.4352561516740621 0.21781479390175043 0.03630496167809601 0.007622811970638058
0 0.4872932634126664 0.22289666854884246 0.04437273093989512 0.022303783173348392
0 0.5457845905607099 0.21583850931677018 0.03065752319483663 0.01101072840203275
0 0.5832997176280759 0.21513269339356295 0.00645421540943929 0.010163749294184076
0 0.6085114965711981 0.217673630717109 0.03428801936264623 0.00846979107848673
0 0.6506655909640984 0.21640316205533597 0.01936264622831787 0.009881422924901186
0 0.7307382008874547 0.21696781479390176 0.10286405808793868 0.01101072840203275
0 0.18959257765227913 0.2652456239412761 0.10246066962484873 0.016092603049124788
0 0.2428398547801533 0.2725861095426313 0.0024203307785397336 0.001411631846414455
0 0.27732956837434447 0.2673630717108978 0.040742234772085516 0.01355166572557877
0 0.34610730133118195 0.26778656126482214 0.03469140782573618 0.009881422924901186
0 0.39854780153287617 0.268068887634105 0.020976200080677694 0.017221908526256352
0 0.45118999596611536 0.2662337662337662 0.0318676885841065 0.010728402032749858
0 0.518152480839048 0.2648221343873518 0.04881000403388463 0.014116318464144552
0 0.5621218233158531 0.2683512140033879 0.014925373134328358 0.00818746470920384
0 0.6210165389269867 0.2686335403726708 0.058491327148043566 0.009881422924901186
0 0.691004437273094 0.2651044607566347 0.050826946349334406 0.012987012987012988
0 0.745260185558693 0.2673630717108978 0.019766034691407825 0.00846979107848673
0 0.7751109318273497 0.26990400903444384 0.013311819281968536 0.006775832862789385
0 0.8166599435256152 0.26566911349520045 0.038321903993545785 0.021456804065499716
0 0.1500605082694635 0.3221343873517787 0.028237192416296894 0.017504234895539244
0 0.21359419120613152 0.3201581027667984 0.03993545784590561 0.009599096555618294
0 0.2690601048810004 0.32156973461321287 0.015328761597418314 0.007340485601355167
0 0.32230738200887454 0.3167701863354037 0.04033884630899556 0.01129305477131564
0 0.40742234772085517 0.31747600225861095 0.07260992335619201 0.012140033879164314
0 0.5034288019362646 0.3207227555053642 0.05163372327551432 0.021456804065499716
0 0.5949979830576846 0.31804065499717676 0.0645421540943929 0.01101072840203275
0 0.6587333602258976 0.3178994918125353 0.01855586930213796 0.00846979107848673
0 0.7188382412263009 0.3181818181818182 0.06292860024203308 0.01637492941840768
0 0.7849939491730537 0.3167701863354037 0.022589753933037516 0.010163749294184076
0 0.8305768455022187 0.3167701863354037 0.03307785397337636 0.010163749294184076
0 0.1690197660346914 0.36773009599096557 0.05244050020169423 0.010446075663466968
0 0.24041952400161357 0.36885940146809715 0.03630496167809601 0.009881422924901186
0 0.2989108511496571 0.3684359119141728 0.021782977006857603 0.007905138339920948
0 0.3646631706333199 0.3681535855448899 0.05970149253731343 0.01129305477131564
0 0.42597821702299316 0.3681535855448899 0.023396530859217425 0.010163749294184076
0 0.5044372730939896 0.3728119706380576 0.06655909640984267 0.021174477696216828
0 0.5607099636950383 0.36702428006775834 0.00645421540943929 0.010163749294184076
0 0.5695845098830173 0.3718238283455675 0.0016135538523598225 0.001129305477131564
0 0.591367486889875 0.36674195369847545 0.03711173860427592 0.01355166572557877
0 0.68152480839048 0.37012987012987014 0.08753529649052037 0.010163749294184076
0 0.7521177894312223 0.3685770750988142 0.018152480839048003 0.00818746470920384
0 0.7811617587736991 0.37027103331451156 0.012505042355788625 0.005928853754940711
0 0.8219039935457846 0.36801242236024845 0.02218636546994756 0.009881422924901186
0 0.8475191609519968 0.3697063805759458 0.026623638563937072 0.009316770186335404
0 0.20693828156514724 0.42264257481648787 0.12263009277934651 0.021456804065499716
0 0.3602258975393304 0.4233483907396951 0.10972166196046793 0.021739130434782608
0 0.48426784993949173 0.4165725578769057 0.06736587333602259 0.020045172219085264
0 0.5669624848729327 0.4193958215697346 0.04477611940298507 0.009881422924901186
0 0.6127470754336426 0.42193675889328064 0.01290843081887858 0.006493506493506494
0 0.6879790237999194 0.422360248447205 0.0891488503428802 0.0220214568040655
0 0.7785397337636144 0.42165443252399776 0.033884630899556276 0.014398644833427442
0 0.19564340459862847 0.4697910784867307 0.10084711577248891 0.018068887634105024
0 0.29144816458249295 0.472755505364201 0.018959257765227916 0.022303783173348392
0 0.34509883017345705 0.46950875211744775 0.030254134731746672 0.012422360248447204
0 0.4354578459056071 0.470214568040655 0.0754336425978217 0.01383399209486166
0 0.508874546187979 0.46908526256352345 0.020572811617587738 0.016657255787690572
0 0.5461879790237999 0.47261434217955955 0.01371520774505849 0.007340485601355167
0 0.5949979830576846 0.4699322416713721 0.03146430012101654 0.009881422924901186
0 0.6555062525211779 0.4719085262563523 0.04437273093989512 0.008752117447769622
0 0.7075433642597821 0.4717673630717109 0.01936264622831787 0.00846979107848673
0 0.745260185558693 0.4704968944099379 0.025413473174667203 0.017221908526256352
0 0.8051633723275514 0.46823828345567475 0.03630496167809601 0.011575381140598532
0 0.1700282371924163 0.5261151891586674 0.056070996369503835 0.025691699604743084
0 0.2757160145219847 0.5197628458498024 0.08430818878580072 0.011857707509881422
0 0.32129891085114964 0.5247035573122529 0.0028237192416296895 0.001411631846414455
