0 0.16135538523598225 0.21541501976284586 0.04517950786607503 0.015810276679841896
0 0.2615974183138362 0.217673630717109 0.1044776119402985 0.01129305477131564
0 0.36950383219039934 0.21922642574816487 0.03711173860427592 0.009316770186335404
0 0.46006454215409437 0.2180971202710333 0.09640984267849939 0.012140033879164314
0 0.5558693021379588 0.21753246753246752 0.05244050020169423 0.017786561264822136
0 0.6101250504235579 0.2180971202710333 0.03428801936264623 0.012704686617730096
0 0.6744655102864058 0.21682665160926032 0.0653489310205728 0.014116318464144552
0 0.7379991932230738 0.21823828345567475 0.02379991932230738 0.00846979107848673
0 0.7787414279951593 0.21626199887069453 0.038321903993545785 0.012987012987012988
0 0.18152480839048002 0.2660926030491248 0.09923356192012908 0.020609824957651044
0 0.2379991932230738 0.27089215132693395 0.0016135538523598225 0.001976284584980237
0 0.282170229931424 0.2676453980801807 0.07704719645018153 0.015245623941276116
0 0.34409035901573215 0.26990400903444384 0.028237192416296894 0.012987012987012988
0 0.39411052843888666 0.2684923771880294 0.03791851553045583 0.011857707509881422
0 0.4554255748285599 0.2686335403726708 0.05889471561113352 0.016657255787690572
0 0.5227914481645825 0.2660926030491248 0.05163372327551432 0.020609824957651044
0 0.5839048003227107 0.269339356295878 0.052843888664784185 0.01355166572557877
0 0.6700282371924163 0.26792772444946356 0.09681323114158935 0.012987012987012988
0 0.7464703509479629 0.26990400903444384 0.024606696248487294 0.011857707509881422
0 0.791246470350948 0.26877470355731226 0.033481242436466316 0.011857707509881422
0 0.8438886647841872 0.27004517221908525 0.050826946349334406 0.008752117447769622
0 0.19140782573618395 0.31874647092038394 0.10931827349737798 0.012987012987012988
0 0.3019362646228318 0.31959345002823264 0.0754336425978217 0.012987012987012988
0 0.3688987494957644 0.3191699604743083 0.02218636546994756 0.017221908526256352
0 0.42759177087535294 0.3231225296442688 0.08309802339653086 0.021739130434782608
0 0.49515933844292054 0.3191699604743083 0.031060911657926585 0.011575381140598532
0 0.5687777329568374 0.3178994918125353 0.09600645421540945 0.014680971202710334
0 0.6714400968132311 0.31945228684359117 0.0754336425978217 0.012704686617730096
0 0.15611133521581283 0.3681535855448899 0.060508269463493344 0.01637492941840768
0 0.20512303348124244 0.370412196499153 0.018152480839048003 0.010728402032749858
0 0.23941105284388867 0.370412196499153 0.014118596208148447 0.010728402032749858
0 0.26522791448164584 0.3685770750988142 0.012505042355788625 0.011575381140598532
0 0.3483259378781767 0.3687182382834557 0.12787414279951592 0.01637492941840768
0 0.4663170633319887 0.36984754376058726 0.04517950786607503 0.012422360248447204
0 0.5169423154497781 0.3694240542066629 0.026220250100847116 0.0189158667419537
0 0.5841064945542558 0.3705533596837945 0.07987091569181122 0.021174477696216828
0 0.6875756353368294 0.36885940146809715 0.09398951189995966 0.016092603049124788
0 0.7390076643807987 0.37337662337662336 0.0016135538523598225 0.0008469791078486731
0 0.7672448567970956 0.3699887069452287 0.04759983864461476 0.012140033879164314
0 0.8374344493747479 0.3725296442687747 0.060508269463493344 0.00818746470920384
0 0.17587736990722067 0.4233483907396951 0.08471157724889068 0.01948051948051948
0 0.2747075433642598 0.42080745341614906 0.08067769261799113 0.012704686617730096
0 0.3402581686163776 0.4193958215697346 0.025413473174667203 0.017221908526256352
0 0.41488503428801937 0.424901185770751 0.09963695038321904 0.018633540372670808
0 0.526825332795482 0.4202428006775833 0.09116579265832997 0.016657255787690572
0 0.6407825736183945 0.4258893280632411 0.10609116579265833 0.023433088650479956
0 0.7260992335619201 0.4227837380011293 0.04033884630899556 0.009881422924901186
0 0.8384429205324728 0.42518351214003386 0.14400968132311415 0.01693958215697346
0 0.9146833400564743 0.42603049124788256 0.003630496167809601 0.0016939582156973462
0 0.16014521984671237 0.5230095990965556 0.0500201694231545 0.02456239412761152
0 0.21661960467930616 0.5176453980801807 0.023396530859217425 0.01948051948051948
0 0.26300927793465106 0.5258328627893846 0.03872529245663574 0.012140033879164314
0 0.31343283582089554 0.5194805194805194 0.035498184751916094 0.015245623941276116
0 0.43384429205324726 0.5199040090344438 0.17224687373941105 0.017221908526256352
0 0.5280354981847519 0.5249858836815359 0.004033884630899556 0.003105590062111801
