0 0.21762807583703106 0.22543760587238848 0.14965711980637353 0.02456239412761152
0 0.3247277127874143 0.22882552230378317 0.03065752319483663 0.020609824957651044
0 0.38241226300927794 0.22416713721061546 0.04517950786607503 0.01637492941840768
0 0.4536103267446551 0.22374364765669114 0.06010488100040339 0.016657255787690572
0 0.5607099636950383 0.2279785431959345 0.11375554659136748 0.01948051948051948
0 0.6446147640177491 0.22586109542631283 0.015328761597418314 0.01355166572557877
0 0.6982654296087132 0.22600225861095427 0.05889471561113352 0.015527950310559006
0 0.7692617991125453 0.22882552230378317 0.05163372327551432 0.020045172219085264
0 0.8311819281968535 0.22571993224167136 0.025413473174667203 0.014398644833427442
0 0.8606292860024203 0.22939017504234896 0.013311819281968536 0.008752117447769622
0 0.1954417103670835 0.2768210050818746 0.11577248890681727 0.016092603049124788
0 0.2934651068979427 0.27653867871259175 0.04800322710770472 0.017221908526256352
0 0.3592174263816055 0.27526821005081875 0.038321903993545785 0.01637492941840768
0 0.46873739411052845 0.28077357425183513 0.14683340056474384 0.0189158667419537
0 0.5943929003630496 0.274703557312253 0.052843888664784185 0.01637492941840768
0 0.7018959257765228 0.27936194240542067 0.1218233158531666 0.023433088650479956
0 0.7993142396127471 0.27738565782044045 0.03428801936264623 0.021739130434782608
0 0.19786204114562322 0.3310276679841897 0.1262605889471561 0.027385657820440428
0 0.3009277934651069 0.32820440429136083 0.04517950786607503 0.016092603049124788
0 0.4336425978217023 0.3290513833992095 0.18233158531665994 0.023433088650479956
0 0.6018555869302138 0.33032185206098247 0.10810810810810811 0.012422360248447204
0 0.7321500605082695 0.32834556747600224 0.10326744655102864 0.0220214568040655
0 0.790843081887858 0.33328627893845286 0.002016942315449778 0.001976284584980237
0 0.8239209358612344 0.32594579333709767 0.035901573215006054 0.015527950310559006
0 0.21117386042759176 0.37972896668548844 0.15207745058491326 0.024280067758328628
0 0.33743444937474787 0.38085827216261997 0.06010488100040339 0.009034443817052512
0 0.44150867285195644 0.3815640880858272 0.1189995966115369 0.026256352343308864
0 0.5401371520774506 0.379587803500847 0.03227107704719645 0.009316770186335404
0 0.5861234368697055 0.3802936194240542 0.01855586930213796 0.009034443817052512
0 0.6787010891488503 0.3769057029926595 0.14239612747075434 0.018068887634105024
0 0.8122226704316257 0.37761151891586675 0.09721661960467931 0.016092603049124788
0 0.16841468334005646 0.4268774703557312 0.07301331181928197 0.015810276679841896
0 0.25655506252521176 0.4267363071710898 0.053247277127874144 0.015527950310559006
0 0.3348124243646632 0.42814793901750425 0.05486083098023396 0.017221908526256352
0 0.4536103267446551 0.42730095990965555 0.14078257361839452 0.017221908526256352
0 0.5822912464703509 0.42814793901750425 0.06010488100040339 0.017221908526256352
0 0.6387656313029447 0.4308300395256917 0.018152480839048003 0.00846979107848673
0 0.6885841064945543 0.4288537549407115 0.03872529245663574 0.014680971202710334
0 0.7402178297700686 0.43195934500282324 0.02743041549011698 0.018633540372670808
0 0.8410649455425575 0.43040654997176736 0.136345300524405 0.023433088650479956
0 0.18898749495764422 0.48009599096555616 0.09721661960467931 0.0251270468661773
0 0.29245663574021785 0.4829192546583851 0.0572811617587737 0.022868435911914172
0 0.36345300524405 0.4784020327498588 0.03872529245663574 0.015527950310559006
0 0.46672045179507865 0.4784020327498588 0.12343686970552642 0.016092603049124788
0 0.6155707946752723 0.4798136645962733 0.11778943122226704 0.026256352343308864
0 0.7787414279951593 0.481931112365895 0.16417910447761194 0.024280067758328628
0 0.8660750302541347 0.48334274421230944 0.0024203307785397336 0.0016939582156973462
0 0.2045179507866075 0.5314793901750423 0.12424364663170634 0.0189158667419537
0 0.36385639370713996 0.5303500846979108 0.12101653892698669 0.01948051948051948
0 0.5213795885437676 0.5340203274985884 0.1335215812827753 0.025691699604743084
0 0.6704316256555063 0.5302089215132694 0.10649455425574829 0.014116318464144552
0 0.7688584106494554 0.5296442687747036 0.03711173860427592 0.014116318464144552
0 0.22307382008874546 0.5777809147374364 0.1718434852763211 0.0189158667419537
0 0.3691004437273094 0.5789102202145681 0.05405405405405406 0.016092603049124788
0 0.4411052843888665 0.5786278938452851 0.04477611940298507 0.014963297571993224
0 0.5369100443727309 0.5790513833992095 0.0927793465106898 0.01693958215697346
0 0.6504638967325534 0.5804630152456239 0.07382008874546188 0.018068887634105024
0 0.7718838241226301 0.5789102202145681 0.11415893505445744 0.016657255787690572
0 0.8580072609923356 0.5804630152456239 0.01936264622831787 0.01693958215697346
0 0.2146026623638564 0.6365047995482778 0.1500605082694635 0.021739130434782608
0 0.3208955223880597 0.6324110671936759 0.025413473174667203 0.023715415019762844
0 0.3799919322307382 0.6284584980237155 0.04195240016135539 0.015245623941276116
0 0.5112948769665188 0.633399209486166 0.15853166599435256 0.021739130434782608
0 0.6829366680112948 0.6311405985319029 0.10326744655102864 0.016092603049124788
0 0.7785397337636144 0.6338226990400904 0.04679306171843485 0.010163749294184076
0 0.8392496974586526 0.6300112930547713 0.030254134731746672 0.014963297571993224
0 0.15449778136345302 0.6805477131564088 0.03227107704719645 0.016657255787690572
0 0.26522791448164584 0.6808300395256917 0.11254538120209762 0.016657255787690572
0 0.326946349334409 0.6870412196499153 0.0028237192416296895 0.001976284584980237
