0 0.2127874142799516 0.22402597402597402 0.12948769665187576 0.026256352343308864
0 0.3225090762404195 0.21725014116318464 0.05445744251714401 0.014398644833427442
0 0.40843081887858007 0.217673630717109 0.07059298104074223 0.015245623941276116
0 0.48305768455022186 0.21725014116318464 0.031060911657926585 0.01383399209486166
0 0.6016538926986689 0.2204968944099379 0.1617587736990722 0.018633540372670808
0 0.7396127470754337 0.21781479390175043 0.06171843485276321 0.012704686617730096
0 0.8289632916498588 0.21922642574816487 0.055667607906413875 0.011575381140598532
0 0.20855183541750705 0.37111801242236025 0.13311819281968534 0.014398644833427442
0 0.36930213795885436 0.37295313382269907 0.12787414279951592 0.021456804065499716
0 0.46893908834207343 0.3694240542066629 0.030254134731746672 0.013269339356295878
0 0.5205728116175877 0.3694240542066629 0.0463896732553449 0.012140033879164314
0 0.6298910851149657 0.3694240542066629 0.13755546591367487 0.014398644833427442
0 0.8114158935054457 0.36900056465273856 0.17305365066559097 0.01355166572557877
0 0.1661960467930617 0.42179559570863917 0.04921339249697459 0.010728402032749858
0 0.2382008874546188 0.41967814793901753 0.03993545784590561 0.012704686617730096
0 0.3642597821702299 0.41967814793901753 0.15490116982654295 0.016657255787690572
0 0.5034288019362646 0.4193958215697346 0.0645421540943929 0.014398644833427442
0 0.5776522791448164 0.41869000564652736 0.05486083098023396 0.012987012987012988
0 0.6839451391690198 0.4199604743083004 0.09963695038321904 0.012704686617730096
0 0.8206938281565147 0.42179559570863917 0.1327148043565954 0.020892151326933936
0 0.15570794675272287 0.4707792207792208 0.03307785397337636 0.014398644833427442
0 0.20956030657523195 0.47035573122529645 0.051230334812424366 0.014116318464144552
0 0.3390480032271077 0.4719085262563523 0.1536910044372731 0.01383399209486166
0 0.4963695038321904 0.4710615471485037 0.13029447357805568 0.015527950310559006
0 0.6133521581282775 0.47007340485601357 0.06655909640984267 0.01355166572557877
0 0.6916095199677289 0.46936758893280633 0.050423557886244454 0.01383399209486166
0 0.8051633723275514 0.46908526256352345 0.1371520774505849 0.017221908526256352
0 0.18878580072609924 0.5247035573122529 0.08471157724889068 0.022303783173348392
0 0.2434449374747882 0.5319028797289667 0.0028237192416296895 0.005081874647092038
0 0.2902379991932231 0.5213156408808582 0.0536506655909641 0.014398644833427442
0 0.3719241629689391 0.5220214568040655 0.05889471561113352 0.012987012987012988
0 0.5131101250504235 0.5211744776962168 0.16942315449778136 0.01637492941840768
0 0.6347317466720451 0.5208921513269339 0.033481242436466316 0.012987012987012988
0 0.7807583703106091 0.5280914737436476 0.20693828156514724 0.022868435911914172
0 0.2099636950383219 0.5749576510446076 0.13513513513513514 0.01948051948051948
0 0.3289632916498588 0.5717108977978543 0.05203711173860428 0.01355166572557877
0 0.4124647035094796 0.5735460191981931 0.07946752722872126 0.010446075663466968
0 0.518152480839048 0.5726990400903444 0.06736587333602259 0.012704686617730096
0 0.6290843081887858 0.57128740824393 0.10931827349737798 0.013269339356295878
0 0.7620008067769262 0.5714285714285714 0.1145623235175474 0.014116318464144552
0 0.845703912868092 0.57128740824393 0.0318676885841065 0.01383399209486166
0 0.1772892295280355 0.6245059288537549 0.06736587333602259 0.012987012987012988
0 0.24949576442113755 0.6254940711462451 0.0318676885841065 0.009316770186335404
0 0.3436869705526422 0.6274703557312253 0.11375554659136748 0.017221908526256352
0 0.4598628479225494 0.6223884810841332 0.050826946349334406 0.012704686617730096
0 0.591367486889875 0.6223884810841332 0.1581282775312626 0.014963297571993224
0 0.7837837837837838 0.6219649915302089 0.1799112545381202 0.014680971202710334
