0 0.16982654296087132 0.21230942970073405 0.04033884630899556 0.021456804065499716
0 0.23557886244453408 0.2121682665160926 0.042759177087535294 0.017221908526256352
0 0.32553448971359417 0.21936758893280633 0.11698265429608713 0.024844720496894408
0 0.4376764824526019 0.21583850931677018 0.06615570794675273 0.010446075663466968
0 0.5336829366680113 0.21583850931677018 0.100040338846309 0.03077357425183512
0 0.6238402581686163 0.21230942970073405 0.0536506655909641 0.023715415019762844
0 0.7480839048003227 0.21725014116318464 0.15127067365873337 0.031338226990400904
0 0.1954417103670835 0.32298136645962733 0.09479628882613957 0.02766798418972332
0 0.27390076643807987 0.31648785996612083 0.03307785397337636 0.019198193111236588
0 0.372932634126664 0.32622811970638055 0.11496571198063735 0.020045172219085264
0 0.4881000403388463 0.322557876905703 0.08229124647035095 0.03077357425183512
0 0.572206534893102 0.32298136645962733 0.050423557886244454 0.010163749294184076
0 0.628075837031061 0.322557876905703 0.04679306171843485 0.026821005081874648
0 0.6954417103670835 0.3166290231507623 0.05808793868495361 0.020045172219085264
0 0.7759177087535296 0.32029926595143987 0.09398951189995966 0.025691699604743084
0 0.8334005647438483 0.3255223037831734 0.0024203307785397336 0.002258610954263128
0 0.1619604679306172 0.36914172783738003 0.02944735780556676 0.017786561264822136
0 0.24405002016942315 0.37295313382269907 0.10488100040338846 0.012422360248447204
0 0.3580072609923356 0.37027103331451156 0.08430818878580072 0.0189158667419537
0 0.45582896329164985 0.37761151891586675 0.10165389269866881 0.020609824957651044
0 0.5552642194433239 0.37365894974590624 0.057684550221863654 0.013269339356295878
0 0.6288826139572409 0.36900056465273856 0.06212182331585317 0.021456804065499716
0 0.7099636950383219 0.3739412761151892 0.10649455425574829 0.03190287972896669
0 0.7934651068979427 0.36674195369847545 0.0572811617587737 0.023715415019762844
0 0.8582089552238806 0.3684359119141728 0.06171843485276321 0.031055900621118012
0 0.8761597418313837 0.3793054771315641 0.012101653892698669 0.006493506493506494
