0 0.16659943525615167 0.21781479390175043 0.05244050020169423 0.015527950310559006
0 0.2617991125453812 0.2155561829474873 0.09923356192012908 0.017786561264822136
0 0.32855990318676886 0.21894409937888198 0.018152480839048003 0.013269339356295878
0 0.38483259378781765 0.21922642574816487 0.05405405405405406 0.013269339356295878
0 0.4400968132311416 0.2217673630717109 0.022589753933037516 0.016092603049124788
0 0.48628479225494153 0.2161208356860531 0.05445744251714401 0.018351214003387916
0 0.5631302944735781 0.22007340485601354 0.07341670028237192 0.022303783173348392
0 0.6480435659540137 0.21908526256352343 0.0754336425978217 0.020892151326933936
0 0.7212585720048407 0.21696781479390176 0.05163372327551432 0.013269339356295878
0 0.7920532472771279 0.21583850931677018 0.06494554255748286 0.017221908526256352
0 0.8521581282775312 0.21668548842461885 0.02702702702702703 0.014398644833427442
0 0.19140782573618395 0.27032749858836813 0.10851149657119806 0.014963297571993224
0 0.2902379991932231 0.2720214568040655 0.0463896732553449 0.014963297571993224
0 0.37394110528438884 0.27188029361942406 0.09197256958450989 0.012987012987012988
0 0.5114965711980637 0.2696216826651609 0.1500605082694635 0.015810276679841896
0 0.5917708753529649 0.274703557312253 0.0024203307785397336 0.0016939582156973462
0 0.6244453408632513 0.27004517221908525 0.03469140782573618 0.012704686617730096
0 0.6954417103670835 0.27300959909655564 0.0782573618394514 0.020327498588368152
0 0.7630092779346511 0.2725861095426313 0.022993142396127472 0.016657255787690572
0 0.8043565954013715 0.2691981931112366 0.035498184751916094 0.015527950310559006
0 0.1871722468737394 0.32523997741389044 0.100040338846309 0.019198193111236588
0 0.30879386849536106 0.3265104460756635 0.09963695038321904 0.023433088650479956
0 0.4253731343283582 0.3241106719367589 0.08592174263816055 0.020327498588368152
0 0.5050423557886244 0.3235460191981931 0.04759983864461476 0.009034443817052512
0 0.5873336022589754 0.3256634669678148 0.08471157724889068 0.018351214003387916
0 0.6948366276724486 0.32523997741389044 0.1036708350141186 0.017504234895539244
0 0.7710770471964502 0.32156973461321287 0.019766034691407825 0.012422360248447204
0 0.8059701492537313 0.3211462450592885 0.03146430012101654 0.014398644833427442
0 0.8620411456232352 0.3222755505364201 0.055667607906413875 0.014963297571993224
0 0.16115369100443727 0.3761998870694523 0.03509479628882614 0.016657255787690572
0 0.26966518757563535 0.3759175607001694 0.13513513513513514 0.022868435911914172
0 0.41206131504638965 0.37422360248447206 0.10286405808793868 0.01948051948051948
0 0.5030254134731746 0.37140033879164314 0.050826946349334406 0.014963297571993224
0 0.6101250504235579 0.37365894974590624 0.12868091972569584 0.023433088650479956
0 0.6877773295683743 0.37662337662337664 0.0024203307785397336 0.002258610954263128
0 0.7442517144009682 0.37704686617730093 0.07180314643001211 0.020045172219085264
0 0.8120209762000806 0.36885940146809715 0.029043969342476807 0.015527950310559006
0 0.8753529649052038 0.37027103331451156 0.06857603872529246 0.014398644833427442
0 0.9148850342880194 0.3781761716544325 0.005647438483259379 0.007622811970638058
0 0.15853166599435256 0.42476002258610956 0.029850746268656716 0.01383399209486166
0 0.25514320290439696 0.42518351214003386 0.11980637353771682 0.020892151326933936
0 0.3850342880193626 0.42715979672501414 0.09156918112141993 0.018068887634105024
0 0.5988301734570391 0.4267363071710898 0.29407018959257764 0.022303783173348392
0 0.8329971762807584 0.42066629023150764 0.13311819281968534 0.014116318464144552
0 0.1855586930213796 0.47501411631846413 0.08551835417507059 0.016092603049124788
0 0.327349737797499 0.4733201581027668 0.14078257361839452 0.017786561264822136
0 0.4281968535699879 0.4762845849802372 0.033481242436466316 0.017504234895539244
0 0.5352964905203711 0.47684923771880294 0.15570794675272287 0.019762845849802372
0 0.6920129084308189 0.47134387351778656 0.11093182734973779 0.014963297571993224
0 0.7585720048406616 0.4775550536420102 0.004437273093989512 0.007058159232072276
0 0.8011294876966518 0.4772727272727273 0.055667607906413875 0.022868435911914172
0 0.2281161758773699 0.527244494635799 0.1553045582896329 0.022868435911914172
0 0.3592174263816055 0.5320440429136082 0.07220653489310205 0.015527950310559006
0 0.40419524001613555 0.5313382269904009 0.003227107704719645 0.0016939582156973462
0 0.44695441710367084 0.525691699604743 0.03711173860427592 0.012422360248447204
0 0.5048406615570795 0.5268210050818747 0.043162565550625254 0.01129305477131564
0 0.5635336829366681 0.5251270468661773 0.04356595401371521 0.014680971202710334
0 0.7016942315449778 0.5268210050818747 0.1891891891891892 0.019198193111236588
0 0.871924162968939 0.5324675324675324 0.11577248890681727 0.015810276679841896
0 0.18192819685356998 0.5789102202145681 0.04679306171843485 0.01101072840203275
0 0.29164985881403793 0.5794748729531338 0.12343686970552642 0.021174477696216828
0 0.3929003630496168 0.5787690570299266 0.02743041549011698 0.020892151326933936
0 0.44876966518757566 0.5782044042913608 0.04881000403388463 0.018633540372670808
0 0.526825332795482 0.577639751552795 0.07422347720855184 0.019198193111236588
0 0.5734167002823719 0.581451157538114 0.0028237192416296895 0.001976284584980237
