0 0.13311819281968534 0.20383963862224733 0.004033884630899556 0.007340485601355167
0 0.1581282775312626 0.21230942970073405 0.03711173860427592 0.019198193111236588
0 0.20431625655506253 0.21103896103896103 0.043969342476805166 0.0189158667419537
0 0.26663977410246065 0.21781479390175043 0.05808793868495361 0.031338226990400904
0 0.34066155707946755 0.21047430830039526 0.05929810407422348 0.020045172219085264
0 0.40419524001613555 0.21329757199322416 0.045986284792254944 0.020609824957651044
0 0.4308188785800726 0.22416713721061546 0.005647438483259379 0.01129305477131564
0 0.43949173053650664 0.20355731225296442 0.003630496167809601 0.00846979107848673
0 0.4870915691811214 0.21739130434782608 0.06978620411456232 0.033314511575381144
0 0.5653489310205728 0.2111801242236025 0.06978620411456232 0.021456804065499716
0 0.6117386042759178 0.22077922077922077 0.003630496167809601 0.002258610954263128
0 0.6302944735780557 0.20398080180688877 0.003630496167809601 0.008752117447769622
0 0.6847519160951997 0.21188594014680973 0.09156918112141993 0.020045172219085264
0 0.7739007664380799 0.22332015810276679 0.05929810407422348 0.031055900621118012
0 0.8428801936264623 0.21103896103896103 0.058491327148043566 0.023433088650479956
0 0.15248083904800322 0.26242236024844723 0.042759177087535294 0.021174477696216828
0 0.23235175473981445 0.2608695652173913 0.09197256958450989 0.023150762281197064
0 0.299919322307382 0.26242236024844723 0.025413473174667203 0.023433088650479956
0 0.36244453408632515 0.26171654432524 0.07785397337636143 0.020892151326933936
0 0.4431222267043163 0.27188029361942406 0.06333198870512304 0.028232636928289104
0 0.48951189995966116 0.264257481648786 0.02218636546994756 0.014116318464144552
0 0.54497781363453 0.2658102766798419 0.07341670028237192 0.03359683794466403
0 0.6111335215812828 0.2605872388481084 0.042759177087535294 0.02258610954263128
0 0.6506655909640984 0.26030491247882553 0.01290843081887858 0.023150762281197064
0 0.6659943525615167 0.2533879164313947 0.004033884630899556 0.010446075663466968
0 0.6875756353368294 0.25056465273856576 0.003630496167809601 0.008752117447769622
0 0.7025010084711577 0.26129305477131565 0.014118596208148447 0.020045172219085264
0 0.7311415893505446 0.2618577075098814 0.02702702702702703 0.022868435911914172
0 0.7987091569181122 0.2618577075098814 0.09035901573215006 0.020609824957651044
0 0.16559096409842677 0.3114059853190288 0.07382008874546188 0.025974025974025976
0 0.2700685760387253 0.31959345002823264 0.11173860427591771 0.042348955392433656
0 0.33198870512303347 0.3274985883681536 0.004033884630899556 0.010163749294184076
0 0.3412666397741025 0.30350084697910784 0.004033884630899556 0.010163749294184076
0 0.3674868898749496 0.31281761716544326 0.01371520774505849 0.020892151326933936
0 0.4199273900766438 0.31211180124223603 0.060508269463493344 0.022868435911914172
0 0.4901169826542961 0.3105590062111801 0.05889471561113352 0.0220214568040655
0 0.5260185558693021 0.32298136645962733 0.003227107704719645 0.002258610954263128
0 0.5484066155707946 0.30194805194805197 0.003630496167809601 0.007058159232072276
0 0.6179911254538121 0.320016939582157 0.12020976200080678 0.039243365330321855
0 0.7067365873336022 0.31408808582721626 0.03227107704719645 0.016092603049124788
0 0.7785397337636144 0.3123941276115189 0.08067769261799113 0.01948051948051948
0 0.827753126260589 0.32241671372106157 0.003227107704719645 0.002258610954263128
0 0.19826542960871318 0.41233766233766234 0.14320290439693426 0.022303783173348392
0 0.3247277127874143 0.4137492941840768 0.0782573618394514 0.022303783173348392
0 0.3838241226300928 0.4158667419536985 0.022993142396127472 0.015245623941276116
0 0.4628882613957241 0.4203839638622247 0.11980637353771682 0.038396386222473176
0 0.5845098830173457 0.4191134952004517 0.09842678499394918 0.03585544889892716
0 0.6438079870915692 0.42193675889328064 0.003227107704719645 0.002540937323546019
0 0.6928196853569988 0.4129023150762281 0.06655909640984267 0.023433088650479956
0 0.781766841468334 0.41318464144551104 0.08551835417507059 0.021739130434782608
0 0.15732150060508268 0.4754376058723885 0.05808793868495361 0.034443817052512704
0 0.19423154497781364 0.4771315640880858 0.004437273093989512 0.011857707509881422
0 0.24747882210568778 0.472755505364201 0.08511496571198064 0.041501976284584984
0 0.31141589350544574 0.46259175607001696 0.01290843081887858 0.026256352343308864
0 0.32876159741831384 0.45539243365330323 0.005647438483259379 0.01355166572557877
0 0.3676885841064946 0.4631564088085827 0.02864058087938685 0.023997741389045736
0 0.42073416700282373 0.4712027103331451 0.060508269463493344 0.037267080745341616
0 0.4987898346107301 0.4613212874082439 0.06010488100040339 0.024844720496894408
0 0.608713190802743 0.47134387351778656 0.136345300524405 0.039243365330321855
0 0.7101653892698668 0.46301524562394125 0.03509479628882614 0.028232636928289104
0 0.7801532876159741 0.4655561829474873 0.07583703106091166 0.01693958215697346
0 0.1409842678499395 0.5148221343873518 0.02379991932230738 0.023997741389045736
0 0.18354175070592982 0.5152456239412762 0.04437273093989512 0.02258610954263128
0 0.2573618394513917 0.5210333145115754 0.07583703106091166 0.037549407114624504
0 0.32029043969342474 0.5180688876341051 0.028237192416296894 0.03500846979107849
0 0.39027833803953205 0.5230095990965556 0.08511496571198064 0.036420101637492944
0 0.48850342880193626 0.5132693393562959 0.0782573618394514 0.0220214568040655
0 0.5859217426381605 0.5139751552795031 0.09963695038321904 0.025691699604743084
0 0.7331585316659943 0.5176453980801807 0.1399757966922146 0.034161490683229816
0 0.17466720451795079 0.5680406549971767 0.09035901573215006 0.019198193111236588
0 0.23053650665590963 0.5787690570299266 0.0052440500201694235 0.011857707509881422
0 0.2628075837031061 0.5635234330886505 0.014925373134328358 0.023715415019762844
0 0.32977006857603874 0.5645115753811406 0.0826946349334409 0.021174477696216828
0 0.37676482452601856 0.5734048560135516 0.0024203307785397336 0.002258610954263128
