0 0.13110125050423557 0.1956521739130435 0.009681323114158934 0.007905138339920948
0 0.15954013715207746 0.20369847543760589 0.05203711173860428 0.025691699604743084
0 0.24747882210568778 0.2044042913608131 0.08592174263816055 0.01637492941840768
0 0.3303751512706737 0.21386222473178995 0.055667607906413875 0.0189158667419537
0 0.3916901976603469 0.21301524562394128 0.0653489310205728 0.02456239412761152
0 0.4735780556676079 0.20525127046866176 0.05970149253731343 0.012422360248447204
0 0.5875352964905204 0.20835686053077357 0.12061315046389673 0.01637492941840768
0 0.6789027833803953 0.20680406549971767 0.02743041549011698 0.013269339356295878
0 0.7484872932634127 0.20948616600790515 0.06897942718838242 0.015245623941276116
0 0.8253327954820492 0.20666290231507622 0.05163372327551432 0.01129305477131564
0 0.8816054860830981 0.20821569734613213 0.018959257765227916 0.014963297571993224
0 0.9118596208148447 0.2010163749294184 0.007664380798709157 0.006211180124223602
0 0.11335215812827754 0.2453416149068323 0.008874546187979023 0.006211180124223602
0 0.1609519967728923 0.2502823263692829 0.05889471561113352 0.016657255787690572
0 0.22569584509883017 0.24774138904573687 0.0391286809197257 0.011575381140598532
0 0.3327954820492134 0.2532467532467532 0.0927793465106898 0.018633540372670808
0 0.43848325937878174 0.2508469791078487 0.060508269463493344 0.012140033879164314
0 0.5169423154497781 0.251270468661773 0.04800322710770472 0.010163749294184076
0 0.5903590157321501 0.2515527950310559 0.045582896329164985 0.01637492941840768
0 0.6222267043162566 0.26016374929418407 0.00927793465106898 0.005364201016374929
0 0.6577248890681726 0.24703557312252963 0.010891488503428802 0.009599096555618294
0 0.7258975393303752 0.25 0.07139975796692215 0.014963297571993224
0 0.8356192012908431 0.2519762845849802 0.11254538120209762 0.01101072840203275
0 0.900564743848326 0.26341050254093734 0.008471157724889069 0.006211180124223602
0 0.1381605486083098 0.3344155844155844 0.043162565550625254 0.016657255787690572
0 0.23598225090762404 0.33229813664596275 0.08390480032271078 0.014680971202710334
0 0.37353771682129894 0.33229813664596275 0.11698265429608713 0.014116318464144552
0 0.5336829366680113 0.3315923207227555 0.15328761597418314 0.012704686617730096
0 0.6468334005647438 0.3300395256916996 0.025413473174667203 0.014680971202710334
0 0.7125857200484066 0.3290513833992095 0.04477611940298507 0.012140033879164314
0 0.8227107704719645 0.32919254658385094 0.1319080274304155 0.019762845849802372
0 0.1444130697862041 0.370412196499153 0.05808793868495361 0.01693958215697346
0 0.17668414683340056 0.38325804630152455 0.008874546187979023 0.006493506493506494
0 0.2281161758773699 0.3694240542066629 0.011698265429608713 0.00818746470920384
0 0.2920532472771279 0.37323546019198195 0.0572811617587737 0.014116318464144552
0 0.37474788221056876 0.3708356860530774 0.04921339249697459 0.01101072840203275
0 0.4663170633319887 0.3715415019762846 0.08955223880597014 0.019198193111236588
0 0.5554659136748689 0.36829474872953133 0.02743041549011698 0.014398644833427442
0 0.6341266639774102 0.3699887069452287 0.06776926179911255 0.023433088650479956
0 0.7420330778539733 0.36391869000564653 0.07059298104074223 0.01129305477131564
0 0.8168616377571601 0.3644833427442123 0.023396530859217425 0.010163749294184076
