0 0.16317063331988704 0.22769621682665162 0.02864058087938685 0.020609824957651044
0 0.22710770471964503 0.22967250141163184 0.05970149253731343 0.026256352343308864
0 0.33985478015328763 0.22543760587238848 0.11980637353771682 0.022303783173348392
0 0.4475594997983058 0.23080180688876342 0.05687777329568374 0.03077357425183512
0 0.5074626865671642 0.22684923771880294 0.03711173860427592 0.022303783173348392
0 0.554255748285599 0.23122529644268774 0.020976200080677694 0.012987012987012988
0 0.6311012505042356 0.23715415019762845 0.09560306575231949 0.03613777526821005
0 0.7232755143202905 0.23433088650479955 0.0572811617587737 0.020892151326933936
0 0.7603872529245663 0.2435064935064935 0.00645421540943929 0.004799548277809147
0 0.8237192416296893 0.23080180688876342 0.10810810810810811 0.021174477696216828
0 0.18071803146430013 0.2779503105590062 0.07341670028237192 0.0189158667419537
0 0.24929407018959257 0.2816205533596838 0.04517950786607503 0.01383399209486166
0 0.3011294876966519 0.28190287972896666 0.01734570391286809 0.012704686617730096
0 0.36405808793868494 0.28289102202145683 0.05929810407422348 0.028797289666854884
0 0.4354578459056071 0.28204404291360813 0.0326744655102864 0.026538678712591756
0 0.5066559096409843 0.27936194240542067 0.08148446954417103 0.021739130434782608
0 0.618596208148447 0.2881140598531903 0.09237595804759983 0.034161490683229816
0 0.7129891085114965 0.2824675324675325 0.06494554255748286 0.016092603049124788
0 0.7789431222267044 0.2834556747600226 0.04195240016135539 0.015245623941276116
0 0.827753126260589 0.2867024280067758 0.045986284792254944 0.021174477696216828
0 0.8777732956837434 0.28486730660643705 0.02743041549011698 0.026538678712591756
0 0.9052037111738604 0.2862789384528515 0.015328761597418314 0.010728402032749858
0 0.16518757563533684 0.3402032749858837 0.07785397337636143 0.02766798418972332
0 0.29810407422347723 0.33554488989271597 0.1581282775312626 0.023997741389045736
0 0.41750705929810406 0.33046301524562394 0.05244050020169423 0.01948051948051948
0 0.463695038321904 0.3310276679841897 0.01573215006050827 0.011575381140598532
0 0.5080677692617991 0.33145115753811405 0.04881000403388463 0.024280067758328628
0 0.6530859217426381 0.3310276679841897 0.2008874546187979 0.020609824957651044
0 0.8303751512706736 0.3306041784302654 0.11738604275917709 0.020327498588368152
0 0.1827349737797499 0.3849520045172219 0.12989108511496572 0.034161490683229816
0 0.29507866075030253 0.38114059853190285 0.06575231948366277 0.020892151326933936
0 0.3501411859620815 0.3781761716544325 0.020976200080677694 0.017221908526256352
0 0.36405808793868494 0.39031620553359686 0.0060508269463493344 0.005928853754940711
0 0.42718838241226303 0.3880575945793337 0.10165389269866881 0.039243365330321855
0 0.5342880193626462 0.38099943534726144 0.06494554255748286 0.022868435911914172
0 0.6240419524001614 0.3910220214568041 0.09762000806776926 0.0378317334839074
0 0.7224687373941105 0.38297571993224166 0.07180314643001211 0.021174477696216828
0 0.7585720048406616 0.3898927159796725 0.002016942315449778 0.0016939582156973462
0 0.8206938281565147 0.3848108413325805 0.08188785800726099 0.01637492941840768
0 0.15469947559499797 0.43125352907961606 0.06333198870512304 0.01383399209486166
0 0.23578055667607906 0.4333709768492377 0.06252521177894312 0.028797289666854884
0 0.3100040338846309 0.4342179559570864 0.05445744251714401 0.025974025974025976
0 0.4058087938684954 0.4302653867871259 0.10326744655102864 0.019762845849802372
0 0.4681323114158935 0.43929983060417843 0.004437273093989512 0.004517221908526256
0 0.5 0.4301242236024845 0.033481242436466316 0.0189158667419537
0 0.5621218233158531 0.43195934500282324 0.043162565550625254 0.017504234895539244
0 0.6288826139572409 0.43492377188029363 0.06131504638967326 0.013269339356295878
0 0.7563533682936668 0.4409937888198758 0.1661960467930617 0.033314511575381144
0 0.8697055264219443 0.4357707509881423 0.03872529245663574 0.013269339356295878
