0 0.17224687373941105 0.25479954827780915 0.06696248487293263 0.021739130434782608
0 0.2890278338039532 0.2684923771880294 0.07220653489310205 0.033314511575381144
0 0.3935054457442517 0.2639751552795031 0.040742234772085516 0.01129305477131564
0 0.48305768455022186 0.2648221343873518 0.050423557886244454 0.009599096555618294
0 0.6333198870512303 0.2686335403726708 0.14199273900766438 0.02456239412761152
0 0.7609923356192013 0.2577639751552795 0.024606696248487294 0.019198193111236588
0 0.8338039532069382 0.26129305477131565 0.03953206938281565 0.013269339356295878
0 0.17507059298104075 0.31084133258046304 0.04759983864461476 0.023715415019762844
0 0.31867688584106496 0.31408808582721626 0.14037918515530456 0.03077357425183512
0 0.41851553045582895 0.3231225296442688 0.003630496167809601 0.01383399209486166
0 0.4647035094796289 0.3114059853190288 0.05486083098023396 0.01637492941840768
0 0.5615167406212183 0.30999435347261434 0.026623638563937072 0.012987012987012988
0 0.636345300524405 0.3050536420101638 0.050423557886244454 0.0189158667419537
0 0.7763210972166196 0.3145115753811406 0.12061315046389673 0.033314511575381144
0 0.2265026220250101 0.36264822134387353 0.14965711980637353 0.016657255787690572
0 0.3313836224283985 0.37210615471485037 0.0052440500201694235 0.011857707509881422
0 0.4056070996369504 0.35827216261998873 0.12303348124243646 0.024280067758328628
0 0.5308592174263816 0.3642010163749294 0.04679306171843485 0.01355166572557877
0 0.6760790641387656 0.36363636363636365 0.14037918515530456 0.029361942405420668
0 0.8404598628479225 0.36151891586674195 0.07624041952400161 0.03077357425183512
0 0.20592981040742234 0.40866741953698477 0.09963695038321904 0.02456239412761152
0 0.2956837434449375 0.4171372106154715 0.004033884630899556 0.001976284584980237
0 0.39229528035498185 0.4129023150762281 0.14320290439693426 0.03303218520609825
0 0.5663574021782977 0.40782044042913607 0.10407422347720856 0.022868435911914172
0 0.6940298507462687 0.4134669678147939 0.027833803953206938 0.03077357425183512
0 0.7811617587736991 0.4105025409373235 0.056070996369503835 0.02258610954263128
0 0.1952400161355385 0.461038961038961 0.08390480032271078 0.024280067758328628
0 0.2954820492133925 0.45835686053077357 0.02864058087938685 0.020609824957651044
0 0.36789027833803956 0.461038961038961 0.07099636950383219 0.03500846979107849
0 0.4562323517547398 0.4575098814229249 0.033884630899556276 0.020609824957651044
0 0.5707946752722872 0.4634387351778656 0.11859620814844696 0.034161490683229816
0 0.6567164179104478 0.47571993224167136 0.004840661557079467 0.01129305477131564
0 0.6952400161355385 0.4580745341614907 0.07059298104074223 0.0251270468661773
0 0.8188785800726099 0.4623094297007341 0.10649455425574829 0.016092603049124788
0 0.15611133521581283 0.5165160926030491 0.02743041549011698 0.01101072840203275
0 0.2763210972166196 0.5095990965556183 0.13311819281968534 0.024844720496894408
0 0.36708350141185964 0.5194805194805194 0.003227107704719645 0.0016939582156973462
0 0.40439693424768053 0.5101637492941841 0.026220250100847116 0.023150762281197064
0 0.48124243646631704 0.509175607001694 0.03791851553045583 0.021739130434782608
0 0.5506252521177895 0.5128458498023716 0.03711173860427592 0.012140033879164314
0 0.6377571601452199 0.5097402597402597 0.0653489310205728 0.023433088650479956
0 0.717628075837031 0.5097402597402597 0.02743041549011698 0.018351214003387916
0 0.8100040338846309 0.5100225861095427 0.09116579265832997 0.014963297571993224
0 0.15026220250100847 0.5639469226425748 0.02944735780556676 0.009316770186335404
0 0.22730939895118998 0.5581592320722756 0.05929810407422348 0.018068887634105024
0 0.3098023396530859 0.5577357425183512 0.050826946349334406 0.017786561264822136
0 0.4400968132311416 0.5573122529644269 0.10972166196046793 0.020327498588368152
0 0.5760387252924566 0.5647939017504235 0.08955223880597014 0.03303218520609825
0 0.6760790641387656 0.5670525127046866 0.03146430012101654 0.03585544889892716
0 0.7767244856797095 0.5578769057029926 0.10528438886647842 0.021456804065499716
0 0.18354175070592982 0.6086956521739131 0.08471157724889068 0.026538678712591756
0 0.24747882210568778 0.6271880293619424 0.004437273093989512 0.012140033879164314
0 0.27934651068979427 0.6105307735742518 0.038321903993545785 0.023997741389045736
0 0.37696651875756354 0.610248447204969 0.08672851956434045 0.021739130434782608
0 0.5143202904396934 0.6149068322981367 0.08874546187979024 0.010163749294184076
0 0.627067365873336 0.6130717108977979 0.02702702702702703 0.035290796160361376
0 0.7585720048406616 0.6139186900056465 0.1335215812827753 0.01101072840203275
0 0.19786204114562322 0.6665725578769057 0.13029447357805568 0.033314511575381144
0 0.34489713594191207 0.6606437041219649 0.042759177087535294 0.0220214568040655
0 0.4891085114965712 0.6695369847543761 0.13755546591367487 0.042631281761716544
0 0.5828963291649859 0.6768774703557312 0.00645421540943929 0.012704686617730096
0 0.6319080274304155 0.6603613777526821 0.06171843485276321 0.019198193111236588
0 0.781363453005244 0.6630434782608695 0.13473174667204518 0.022868435911914172
0 0.15066559096409843 0.7116036137775268 0.026220250100847116 0.015527950310559006
0 0.24203307785397338 0.7096273291925466 0.07099636950383219 0.021174477696216828
0 0.39693424768051633 0.7107566346696782 0.14037918515530456 0.022868435911914172
0 0.49697458652682536 0.7286843591191418 0.004840661557079467 0.010728402032749858
0 0.5411456232351755 0.7127329192546584 0.05203711173860428 0.021739130434782608
0 0.6502622025010085 0.7179559570863918 0.07422347720855184 0.01355166572557877
0 0.7922549415086728 0.7148503670242801 0.1371520774505849 0.032185206098249576
0 0.8761597418313837 0.7252964426877471 0.004033884630899556 0.01355166572557877
