0 0.1801129487696652 0.22077922077922077 0.03509479628882614 0.025409373235460192
0 0.2392093586123437 0.22092038396386224 0.03307785397337636 0.026821005081874648
0 0.327349737797499 0.22388481084133258 0.09963695038321904 0.020892151326933936
0 0.43384429205324726 0.22219085262563523 0.07220653489310205 0.021456804065499716
0 0.509277934651069 0.22007340485601354 0.02944735780556676 0.025691699604743084
0 0.5703912868091973 0.22035573122529645 0.055667607906413875 0.026821005081874648
0 0.6099233561920129 0.2329192546583851 0.005647438483259379 0.006211180124223602
0 0.6482452601855587 0.22684923771880294 0.05486083098023396 0.015527950310559006
0 0.7075433642597821 0.2180971202710333 0.028237192416296894 0.027950310559006212
0 0.7648245260185559 0.22289666854884246 0.06696248487293263 0.02456239412761152
0 0.827753126260589 0.2264257481648786 0.04679306171843485 0.015245623941276116
0 0.19120613150463897 0.27343308865047994 0.0653489310205728 0.022303783173348392
0 0.263816054860831 0.27653867871259175 0.03227107704719645 0.013269339356295878
0 0.32029043969342474 0.2689158667419537 0.050826946349334406 0.027950310559006212
0 0.37373941105284386 0.2756916996047431 0.02702702702702703 0.017221908526256352
0 0.4173053650665591 0.27117447769621683 0.03993545784590561 0.022303783173348392
0 0.5036304961678096 0.2713156408808583 0.10528438886647842 0.025409373235460192
0 0.5695845098830173 0.2855731225296443 0.005647438483259379 0.009881422924901186
0 0.6300927793465106 0.2761151891586674 0.09923356192012908 0.028232636928289104
0 0.727511093182735 0.2717391304347826 0.05687777329568374 0.025691699604743084
0 0.7611940298507462 0.28430265386787124 0.004840661557079467 0.00846979107848673
0 0.7864058087938685 0.2713156408808583 0.031060911657926585 0.023715415019762844
0 0.837232755143203 0.27710333145115756 0.043969342476805166 0.01948051948051948
0 0.208955223880597 0.3245341614906832 0.10488100040338846 0.025691699604743084
0 0.33844292053247277 0.32368718238283456 0.11536910044372731 0.023997741389045736
0 0.4298104074223477 0.32679277244494637 0.02864058087938685 0.022868435911914172
0 0.5100847115772489 0.32792207792207795 0.09479628882613957 0.020609824957651044
0 0.5681726502622025 0.3306041784302654 0.004437273093989512 0.003952569169960474
0 0.5758370310609117 0.3102766798418972 0.0028237192416296895 0.006775832862789385
0 0.6028640580879386 0.32156973461321287 0.04154901169826543 0.023150762281197064
0 0.6577248890681726 0.32523997741389044 0.05203711173860428 0.024280067758328628
0 0.7137958854376765 0.32495765104460755 0.02864058087938685 0.01355166572557877
0 0.7739007664380799 0.32735742518351213 0.07624041952400161 0.01948051948051948
0 0.22166196046793063 0.42715979672501414 0.10609116579265833 0.029926595143986448
0 0.28156514723678905 0.43252399774138905 0.003227107704719645 0.004517221908526256
0 0.3150463896732553 0.4230660643704122 0.045986284792254944 0.03020892151326934
0 0.38664784187172246 0.4268774703557312 0.0681726502622025 0.03387916431394692
0 0.4794271883824123 0.4265951439864483 0.07301331181928197 0.033314511575381144
0 0.527632109721662 0.4361942405420666 0.0024203307785397336 0.012422360248447204
0 0.5599031867688584 0.42320722755505363 0.04921339249697459 0.02710333145115754
0 0.6496571198063735 0.42108977978543194 0.06978620411456232 0.028514963297571992
0 0.7311415893505446 0.42715979672501414 0.06252521177894312 0.017504234895539244
0 0.7648245260185559 0.43054771315640883 0.004840661557079467 0.00282326369282891
0 0.7765227914481646 0.41854884246188595 0.003227107704719645 0.009881422924901186
0 0.799717628075837 0.42391304347826086 0.02864058087938685 0.01948051948051948
0 0.844695441710367 0.4295595708639187 0.04033884630899556 0.022303783173348392
0 0.8757563533682937 0.4168548842461886 0.01290843081887858 0.029079616036137776
