0 0.1581282775312626 0.21287408243929984 0.0572811617587737 0.020892151326933936
0 0.24304154901169828 0.22543760587238848 0.07220653489310205 0.023433088650479956
0 0.3283582089552239 0.21894409937888198 0.063735377168213 0.011575381140598532
0 0.4102460669624849 0.2180971202710333 0.04679306171843485 0.009881422924901186
0 0.5062525211778943 0.21626199887069453 0.10326744655102864 0.029361942405420668
0 0.5925776522791448 0.21725014116318464 0.048406615570794675 0.01101072840203275
0 0.6526825332795482 0.21541501976284586 0.03953206938281565 0.018068887634105024
0 0.7158128277531263 0.21315640880858272 0.051230334812424366 0.020892151326933936
0 0.7839854780153288 0.21132128740824394 0.03670835014118596 0.01948051948051948
0 0.19423154497781364 0.2696216826651609 0.11254538120209762 0.03274985883681536
0 0.27269060104881 0.2707509881422925 0.03065752319483663 0.025409373235460192
0 0.3071803146430012 0.26990400903444384 0.018152480839048003 0.007340485601355167
0 0.3598225090762404 0.264257481648786 0.05244050020169423 0.018068887634105024
0 0.3924969745865268 0.275974025974026 0.01290843081887858 0.012140033879164314
0 0.4354578459056071 0.2632693393562959 0.051230334812424366 0.021174477696216828
0 0.4868898749495764 0.26171654432524 0.03469140782573618 0.019198193111236588
0 0.5314643001210165 0.2683512140033879 0.05445744251714401 0.027385657820440428
0 0.627067365873336 0.27060982495765107 0.11980637353771682 0.03077357425183512
0 0.718636546994756 0.2628458498023715 0.0318676885841065 0.020327498588368152
0 0.7583703106091165 0.2618577075098814 0.023396530859217425 0.01948051948051948
0 0.8241226300927793 0.2672219085262564 0.08148446954417103 0.009316770186335404
0 0.18797902379991932 0.3675889328063241 0.09762000806776926 0.032185206098249576
0 0.3325937878176684 0.3709768492377188 0.145623235175474 0.028232636928289104
0 0.45340863251311014 0.37634105025409376 0.048406615570794675 0.021456804065499716
0 0.4883017345703913 0.37337662337662336 0.00927793465106898 0.002540937323546019
0 0.536304961678096 0.36391869000564653 0.04961678096006454 0.0220214568040655
0 0.5941912061315047 0.3706945228684359 0.03872529245663574 0.011857707509881422
0 0.6290843081887858 0.36928289102202144 0.01734570391286809 0.007340485601355167
0 0.6859620814844696 0.36617730095990964 0.07704719645018153 0.029361942405420668
0 0.7674465510286406 0.36377752682100506 0.06897942718838242 0.022868435911914172
0 0.8299717628075837 0.36561264822134387 0.0326744655102864 0.017504234895539244
0 0.16397741024606696 0.5311970638057595 0.06333198870512304 0.027385657820440428
0 0.25675675675675674 0.5199040090344438 0.07785397337636143 0.017786561264822136
0 0.3773699072206535 0.5263975155279503 0.10931827349737798 0.021174477696216828
0 0.4701492537313433 0.516798418972332 0.027833803953206938 0.01948051948051948
0 0.517345703912868 0.5159514398644833 0.03428801936264623 0.018351214003387916
0 0.6068979427188382 0.5225861095426313 0.11657926583299717 0.029926595143986448
0 0.673053650665591 0.525974025974026 0.007664380798709157 0.0016939582156973462
