0 0.19665187575635337 0.27738565782044045 0.09318273497377975 0.022868435911914172
0 0.24949576442113755 0.2885375494071146 0.004437273093989512 0.00564652738565782
0 0.34610730133118195 0.2768210050818746 0.15974183138362244 0.025691699604743084
0 0.46692214602662363 0.2779503105590062 0.02864058087938685 0.029644268774703556
0 0.5219846712384025 0.27428006775832864 0.03711173860427592 0.017221908526256352
0 0.5947962888261396 0.27710333145115756 0.06736587333602259 0.016657255787690572
0 0.6405808793868495 0.2847261434217956 0.007260992335619202 0.007058159232072276
0 0.6901976603469141 0.2732919254658385 0.07503025413473174 0.018633540372670808
0 0.7325534489713594 0.28585544889892717 0.00645421540943929 0.00818746470920384
0 0.7605889471561114 0.2792207792207792 0.04154901169826543 0.010163749294184076
0 0.8061718434852764 0.2795031055900621 0.02944735780556676 0.006775832862789385
0 0.8654699475594998 0.2761151891586674 0.043969342476805166 0.018068887634105024
0 0.18313836224283986 0.4748729531338227 0.0645421540943929 0.02258610954263128
0 0.22468737394110527 0.48560135516657255 0.0024203307785397336 0.0016939582156973462
0 0.26744655102864057 0.47896668548842464 0.07422347720855184 0.017786561264822136
0 0.3483259378781767 0.4823546019198193 0.04235578862444534 0.011575381140598532
0 0.45683743444937475 0.4827780914737436 0.1044776119402985 0.023715415019762844
0 0.5546591367486889 0.47783738001129306 0.04033884630899556 0.016092603049124788
0 0.6565147236789027 0.480660643704122 0.12061315046389673 0.017786561264822136
0 0.7617991125453812 0.47939017504234893 0.03509479628882614 0.014116318464144552
0 0.8414683340056475 0.4810841332580463 0.08874546187979024 0.015810276679841896
0 0.1863654699475595 0.5800395256916996 0.05889471561113352 0.016657255787690572
0 0.2710770471964502 0.580180688876341 0.03227107704719645 0.017504234895539244
0 0.3971359419120613 0.5791925465838509 0.13029447357805568 0.020045172219085264
0 0.509277934651069 0.5834274421230943 0.025413473174667203 0.01383399209486166
0 0.6387656313029447 0.5808865047995483 0.17789431222267044 0.022868435911914172
0 0.7958854376764825 0.5806041784302653 0.06696248487293263 0.021174477696216828
0 0.8777732956837434 0.580180688876341 0.041145623235175476 0.01693958215697346
