0 0.1508672851956434 0.2549407114624506 0.02016942315449778 0.017504234895539244
0 0.2527228721258572 0.25945793337097683 0.12948769665187576 0.02258610954263128
0 0.37575635336829366 0.25508187464709203 0.03751512706736587 0.012140033879164314
0 0.3991528842275111 0.25818746470920384 0.0052440500201694235 0.004799548277809147
0 0.4889068172650262 0.24985883681535856 0.08229124647035095 0.017504234895539244
0 0.6248487293263413 0.24858836815358554 0.11698265429608713 0.017221908526256352
0 0.7517144009681324 0.2556465273856578 0.06010488100040339 0.029079616036137776
0 0.8061718434852764 0.24675324675324675 0.010891488503428802 0.015245623941276116
0 0.1563130294473578 0.3046301524562394 0.030254134731746672 0.01637492941840768
0 0.24808390480032272 0.3016657255787691 0.08471157724889068 0.020609824957651044
0 0.3533682936668011 0.30335968379446643 0.03953206938281565 0.021739130434782608
0 0.4868898749495764 0.3067476002258611 0.15328761597418314 0.026821005081874648
0 0.5828963291649859 0.3018068887634105 0.011294876966518758 0.018633540372670808
0 0.6629689390883421 0.3051948051948052 0.03751512706736587 0.02710333145115754
0 0.7696651875756353 0.30138339920948615 0.10407422347720856 0.014398644833427442
0 0.16377571601452198 0.35615471485036704 0.05889471561113352 0.020609824957651044
0 0.21036708350141187 0.35248447204968947 0.00927793465106898 0.018351214003387916
0 0.27511093182734975 0.3538961038961039 0.026623638563937072 0.021174477696216828
0 0.36042759177087536 0.3541784302653868 0.0681726502622025 0.017221908526256352
0 0.4705526421944332 0.3533314511575381 0.07301331181928197 0.020045172219085264
0 0.5736183945139169 0.3567193675889328 0.04921339249697459 0.026821005081874648
0 0.6750705929810408 0.3512140033879164 0.07866075030254134 0.018068887634105024
0 0.772892295280355 0.34966120835686054 0.042759177087535294 0.021739130434782608
0 0.8307785397337636 0.3471202710333145 0.03428801936264623 0.021739130434782608
0 0.14965711980637353 0.4082439299830604 0.012101653892698669 0.00282326369282891
0 0.1926179911254538 0.4061264822134387 0.04154901169826543 0.0189158667419537
0 0.2319483662767245 0.40400903444381703 0.015328761597418314 0.020327498588368152
0 0.2966922146026624 0.40739695087521177 0.04235578862444534 0.01355166572557877
0 0.3971359419120613 0.40810276679841895 0.08511496571198064 0.031338226990400904
0 0.49052037111738606 0.40160926030491245 0.02581686163775716 0.017786561264822136
0 0.526825332795482 0.4004799548277809 0.029850746268656716 0.017786561264822136
0 0.5919725695845098 0.4052795031055901 0.018152480839048003 0.013269339356295878
0 0.6536910044372731 0.40062111801242234 0.0536506655909641 0.019762845849802372
0 0.7710770471964502 0.39906832298136646 0.11577248890681727 0.0189158667419537
0 0.1607503025413473 0.45821569734613216 0.03670835014118596 0.026538678712591756
0 0.24949576442113755 0.45299265951439865 0.06978620411456232 0.01948051948051948
0 0.3116175877369907 0.45299265951439865 0.01734570391286809 0.003105590062111801
0 0.3642597821702299 0.4544042913608131 0.01855586930213796 0.012140033879164314
0 0.4755949979830577 0.4535573122529644 0.11536910044372731 0.014963297571993224
0 0.6149657119806373 0.44875776397515527 0.09640984267849939 0.018351214003387916
0 0.7238805970149254 0.44904009034443815 0.038321903993545785 0.018351214003387916
0 0.7882210568777733 0.4507340485601355 0.01936264622831787 0.013269339356295878
0 0.8493344090359016 0.44748729531338227 0.04881000403388463 0.017504234895539244
0 0.19423154497781364 0.5028232636928289 0.11415893505445744 0.023150762281197064
0 0.3227107704719645 0.502540937323546 0.03146430012101654 0.015245623941276116
0 0.400363049616781 0.5018351214003388 0.03428801936264623 0.017221908526256352
0 0.5201694231544978 0.5059288537549407 0.11093182734973779 0.03162055335968379
0 0.635538523598225 0.5002823263692829 0.038321903993545785 0.020327498588368152
0 0.7390076643807987 0.5019762845849802 0.07664380798709157 0.017504234895539244
0 0.7886244453408633 0.5039525691699605 0.003227107704719645 0.0016939582156973462
0 0.17144009681323114 0.555759457933371 0.07341670028237192 0.021174477696216828
0 0.2265026220250101 0.5526538678712591 0.01573215006050827 0.017221908526256352
0 0.32311415893505446 0.5575945793337098 0.06776926179911255 0.031055900621118012
0 0.4346510689794272 0.5629587803500847 0.07059298104074223 0.024280067758328628
0 0.5776522791448164 0.5546301524562394 0.09762000806776926 0.020609824957651044
0 0.7222670431625655 0.5547713156408809 0.10205728116175877 0.014680971202710334
0 0.17144009681323114 0.6086956521739131 0.07583703106091166 0.02258610954263128
0 0.27753126260588945 0.6055900621118012 0.05163372327551432 0.014116318464144552
0 0.3299717628075837 0.6038961038961039 0.015328761597418314 0.020892151326933936
