0 0.19786204114562322 0.30533596837944665 0.050423557886244454 0.005928853754940711
0 0.2710770471964502 0.3027950310559006 0.045986284792254944 0.009881422924901186
0 0.34590560709963697 0.30223037831733485 0.06897942718838242 0.01101072840203275
0 0.5106897942718839 0.3061829474872953 0.18959257765227913 0.020045172219085264
0 0.6716417910447762 0.3029361942405421 0.0927793465106898 0.010728402032749858
0 0.7722872125857201 0.30251270468661773 0.057684550221863654 0.010446075663466968
0 0.8487293263412666 0.3015245623941276 0.06131504638967326 0.010728402032749858
0 0.21480435659540137 0.35601355166572557 0.08108108108108109 0.00564652738565782
0 0.3261395724082291 0.35290796160361376 0.09883017345703912 0.010728402032749858
0 0.38765631302944736 0.3577075098814229 0.003227107704719645 0.0016939582156973462
0 0.41589350544574427 0.3482495765104461 0.004033884630899556 0.0036702428006775835
0 0.43485276321097216 0.3526256352343309 0.00645421540943929 0.01129305477131564
0 0.4570391286809197 0.3526256352343309 0.03469140782573618 0.012422360248447204
0 0.5381202097620008 0.36278938452851495 0.09519967728922953 0.025409373235460192
0 0.6121419927390077 0.3534726143421796 0.031060911657926585 0.010163749294184076
0 0.6698265429608713 0.3613777526821005 0.0536506655909641 0.024280067758328628
0 0.7672448567970956 0.3598249576510446 0.09519967728922953 0.026821005081874648
0 0.23779749899152886 0.4038678712591756 0.12706736587333603 0.010446075663466968
0 0.30899556272690604 0.4109260304912479 0.003227107704719645 0.007058159232072276
0 0.318273497377975 0.40033879164313946 0.004840661557079467 0.00282326369282891
0 0.3674868898749496 0.4031620553359684 0.08148446954417103 0.01129305477131564
0 0.4661153691004437 0.40358554488989273 0.07382008874546188 0.010446075663466968
0 0.5114965711980637 0.4085262563523433 0.0024203307785397336 0.0016939582156973462
0 0.563937071399758 0.40358554488989273 0.07422347720855184 0.01101072840203275
0 0.6468334005647438 0.40273856578204403 0.05929810407422348 0.011575381140598532
0 0.7301331181928197 0.40866741953698477 0.06292860024203308 0.023433088650479956
0 0.7995159338442921 0.4031620553359684 0.041145623235175476 0.010728402032749858
0 0.2436466317063332 0.4631564088085827 0.13392496974586526 0.028514963297571992
0 0.3830173457039129 0.4549689440993789 0.08834207341670028 0.010446075663466968
0 0.46409842678499397 0.4566629023150762 0.026220250100847116 0.005928853754940711
0 0.5530455828963292 0.457227555053642 0.11214199273900767 0.007058159232072276
0 0.6526825332795482 0.45511010728402035 0.023396530859217425 0.009034443817052512
0 0.7105687777329568 0.4548277809147374 0.052843888664784185 0.010163749294184076
0 0.8039532069382815 0.45398080180688877 0.09681323114158935 0.01129305477131564
0 0.2299314239612747 0.5055053642010163 0.10084711577248891 0.01101072840203275
0 0.33642597821702297 0.5045172219085262 0.05647438483259379 0.01129305477131564
0 0.41750705929810406 0.5050818746470921 0.0653489310205728 0.01129305477131564
0 0.49939491730536506 0.5049407114624506 0.05244050020169423 0.009881422924901186
0 0.6161758773699072 0.5124223602484472 0.12061315046389673 0.028797289666854884
0 0.7139975796692215 0.5046583850931677 0.03065752319483663 0.01101072840203275
0 0.7722872125857201 0.5045172219085262 0.03993545784590561 0.010163749294184076
0 0.245663574021783 0.5550536420101637 0.12424364663170634 0.014116318464144552
0 0.3890681726502622 0.554488989271598 0.13594191206131503 0.012987012987012988
0 0.4701492537313433 0.5594297007340485 0.0028237192416296895 0.001976284584980237
