0 0.11012505042355789 0.2264257481648786 0.017749092375958047 0.010728402032749858
0 0.16680112948769665 0.21513269339356295 0.0463896732553449 0.020892151326933936
0 0.2101653892698669 0.21428571428571427 0.016135538523598225 0.01637492941840768
0 0.2490923759580476 0.21908526256352343 0.030254134731746672 0.00846979107848673
0 0.31787010891488504 0.22388481084133258 0.08632513110125051 0.028232636928289104
0 0.38584106494554254 0.21950875211744778 0.019766034691407825 0.007058159232072276
0 0.46409842678499397 0.2149915302089215 0.0899556272690601 0.016092603049124788
0 0.5463896732553449 0.21964991530208922 0.02702702702702703 0.006775832862789385
0 0.6050826946349335 0.22543760587238848 0.0572811617587737 0.021739130434782608
0 0.7053247277127874 0.21696781479390176 0.0899556272690601 0.013269339356295878
0 0.8041549011698266 0.2140033879164314 0.06897942718838242 0.018633540372670808
0 0.8620411456232352 0.2171089779785432 0.041145623235175476 0.019762845849802372
0 0.8862444534086326 0.22374364765669114 0.0024203307785397336 0.001411631846414455
0 0.1427995159338443 0.26665725578769056 0.03711173860427592 0.021174477696216828
0 0.22952803549818476 0.2694805194805195 0.08874546187979024 0.02456239412761152
0 0.3229124647035095 0.2707509881422925 0.05445744251714401 0.007340485601355167
0 0.4419120613150464 0.2701863354037267 0.12061315046389673 0.024844720496894408
0 0.5207745058491328 0.27300959909655564 0.0024203307785397336 0.00282326369282891
0 0.572206534893102 0.27216261998870694 0.057684550221863654 0.026538678712591756
0 0.6169826542960871 0.2648221343873518 0.010891488503428802 0.018633540372670808
0 0.6782977006857603 0.27103331451157536 0.04235578862444534 0.007340485601355167
0 0.7460669624848729 0.2691981931112366 0.03428801936264623 0.022303783173348392
0 0.7979023799919323 0.27103331451157536 0.03146430012101654 0.007340485601355167
0 0.827349737797499 0.27526821005081875 0.0016135538523598225 0.002258610954263128
0 0.8481242436466317 0.25804630152456237 0.011698265429608713 0.003952569169960474
0 0.15429608713190804 0.31592320722755507 0.05929810407422348 0.020892151326933936
0 0.24062121823315852 0.3188876341050254 0.0609116579265833 0.014398644833427442
0 0.31121419927390076 0.31535855448898925 0.051230334812424366 0.020892151326933936
0 0.4322307382008875 0.3204404291360813 0.17063331988705124 0.03162055335968379
0 0.5830980233965308 0.3167701863354037 0.08430818878580072 0.020892151326933936
0 0.6778943122226704 0.31874647092038394 0.06010488100040339 0.020892151326933936
0 0.7932634126663978 0.3170525127046866 0.12706736587333603 0.019762845849802372
0 0.1926179911254538 0.37267080745341613 0.14320290439693426 0.024844720496894408
0 0.2827753126260589 0.37450592885375494 0.0024203307785397336 0.002540937323546019
0 0.3263412666397741 0.3634952004517222 0.04356595401371521 0.023997741389045736
0 0.39411052843888666 0.36900056465273856 0.05405405405405406 0.01693958215697346
0 0.4616780960064542 0.371682665160926 0.06413876563130294 0.009316770186335404
0 0.5064542154094392 0.37662337662337664 0.008471157724889069 0.006775832862789385
0 0.5889471561113352 0.36900056465273856 0.10326744655102864 0.03162055335968379
0 0.7263009277934651 0.37125917560700167 0.12868091972569584 0.030491247882552232
0 0.8255344897135942 0.37012987012987014 0.02218636546994756 0.00846979107848673
0 0.1952400161355385 0.42165443252399776 0.16377571601452198 0.03698475437605872
0 0.3783783783783784 0.42419536984754375 0.14844695441710368 0.026256352343308864
0 0.5189592577652279 0.41699604743083 0.09721661960467931 0.019762845849802372
0 0.5788624445340863 0.4253246753246753 0.007260992335619202 0.005364201016374929
0 0.663775716014522 0.42193675889328064 0.16014521984671237 0.031338226990400904
0 0.8261395724082291 0.4201016374929418 0.1218233158531666 0.023150762281197064
0 0.1946349334409036 0.47557876905702995 0.1536910044372731 0.03077357425183512
0 0.318273497377975 0.4709203839638622 0.026623638563937072 0.018633540372670808
0 0.41427995159338443 0.4647092038396386 0.11375554659136748 0.02258610954263128
0 0.5082694634933441 0.47360248447204967 0.01936264622831787 0.009881422924901186
0 0.5841064945542558 0.46696781479390176 0.08713190802743041 0.02258610954263128
0 0.7101653892698668 0.46908526256352345 0.09721661960467931 0.01948051948051948
0 0.8162565550625253 0.47035573122529645 0.06413876563130294 0.015810276679841896
0 0.16135538523598225 0.5162337662337663 0.07664380798709157 0.021174477696216828
0 0.2055264219443324 0.5241389045736872 0.0028237192416296895 0.001976284584980237
0 0.25877369907220654 0.5169395821569734 0.031060911657926585 0.021456804065499716
0 0.31887858007260994 0.5163749294184077 0.045582896329164985 0.024280067758328628
0 0.4017749092375958 0.5143986448334275 0.08793868495361033 0.024844720496894408
0 0.4846712384025817 0.519621682665161 0.031060911657926585 0.020045172219085264
0 0.5393303751512707 0.5230095990965556 0.048406615570794675 0.011575381140598532
0 0.6194029850746269 0.519621682665161 0.06978620411456232 0.0189158667419537
0 0.745663574021783 0.5173630717108978 0.13513513513513514 0.025691699604743084
0 0.8412666397741024 0.5200451722190853 0.026220250100847116 0.019762845849802372
0 0.1553045582896329 0.5690287972896668 0.063735377168213 0.022303783173348392
0 0.27954820492133925 0.5683229813664596 0.11698265429608713 0.023150762281197064
0 0.436264622831787 0.5783455674760023 0.1327148043565954 0.023997741389045736
0 0.5185558693021379 0.5774985883681536 0.002016942315449778 0.001411631846414455
0 0.5758370310609117 0.5678994918125353 0.07382008874546188 0.0251270468661773
0 0.6760790641387656 0.5743929983060417 0.063735377168213 0.03698475437605872
0 0.753731343283582 0.5731225296442688 0.051230334812424366 0.010163749294184076
0 0.8331988705123033 0.5691699604743083 0.06655909640984267 0.019762845849802372
0 0.17809600645421542 0.6216826651609261 0.11012505042355789 0.033314511575381144
0 0.2789431222267043 0.6180124223602484 0.02864058087938685 0.018068887634105024
0 0.3537716821298911 0.6180124223602484 0.07018959257765228 0.023150762281197064
0 0.5012101653892699 0.6214003387916431 0.16579265832997175 0.021456804065499716
0 0.6319080274304155 0.6211180124223602 0.056070996369503835 0.017504234895539244
0 0.700282371924163 0.6246470920383964 0.055667607906413875 0.008752117447769622
0 0.7880193626462283 0.6235177865612648 0.07382008874546188 0.023433088650479956
0 0.15590964098426785 0.6705251270468662 0.052843888664784185 0.018068887634105024
0 0.2682533279548205 0.6701016374929418 0.11214199273900767 0.020045172219085264
0 0.37394110528438884 0.6672783738001129 0.03872529245663574 0.021739130434782608
0 0.45784590560709965 0.6671372106154715 0.06696248487293263 0.023715415019762844
0 0.5469947559499798 0.6699604743083004 0.07987091569181122 0.025409373235460192
0 0.6198063735377168 0.6729249011857708 0.04477611940298507 0.021174477696216828
0 0.7498991528842275 0.6739130434782609 0.17103670835014118 0.031055900621118012
0 0.16478418717224688 0.7204968944099379 0.0536506655909641 0.029361942405420668
0 0.2712787414279952 0.7230378317334839 0.09802339653085922 0.03670242800677583
0 0.39592577652279143 0.7190852625635235 0.09560306575231949 0.020892151326933936
0 0.4419120613150464 0.7271315640880859 0.0028237192416296895 0.001411631846414455
