0 0.20250100847115773 0.2124505928853755 0.12263009277934651 0.021739130434782608
0 0.27490923759580477 0.22416713721061546 0.004437273093989512 0.006775832862789385
0 0.3370310609116579 0.21470920383963862 0.07382008874546188 0.020045172219085264
0 0.4290036304961678 0.21089779785431959 0.05929810407422348 0.024280067758328628
0 0.5352964905203711 0.2140033879164314 0.10972166196046793 0.025974025974025976
0 0.6357402178297701 0.21668548842461885 0.035498184751916094 0.032467532467532464
0 0.7111738604275918 0.2149915302089215 0.0653489310205728 0.029644268774703556
0 0.8271480435659541 0.21414455110107283 0.10689794271883823 0.022868435911914172
0 0.19685356998789835 0.26157538114059853 0.11214199273900767 0.027950310559006212
0 0.32654296087131907 0.265527950310559 0.06897942718838242 0.020045172219085264
0 0.41851553045582895 0.26468097120271034 0.08027430415490117 0.021174477696216828
0 0.5441710367083501 0.2727272727272727 0.13957240822912464 0.037267080745341616
0 0.6885841064945543 0.2676453980801807 0.09923356192012908 0.01637492941840768
0 0.7765227914481646 0.2694805194805195 0.03953206938281565 0.013269339356295878
0 0.8656716417910447 0.2649632975719932 0.08955223880597014 0.027950310559006212
0 0.17466720451795079 0.3232636928289102 0.08390480032271078 0.02766798418972332
0 0.2317466720451795 0.31620553359683795 0.0052440500201694235 0.0016939582156973462
0 0.32855990318676886 0.31408808582721626 0.13594191206131503 0.018351214003387916
0 0.47983057684550223 0.3176171654432524 0.11093182734973779 0.02710333145115754
0 0.5937878176684147 0.3157820440429136 0.06857603872529246 0.023433088650479956
0 0.7283178701089149 0.31747600225861095 0.14965711980637353 0.017786561264822136
0 0.8779749899152884 0.314652738565782 0.09560306575231949 0.020609824957651044
0 0.1754739814441307 0.3650479954827781 0.08309802339653086 0.024280067758328628
0 0.22206534893102056 0.378317334839074 0.003630496167809601 0.010728402032749858
0 0.29386849536103266 0.3632128740824393 0.07624041952400161 0.021174477696216828
0 0.4465510286405809 0.36476566911349523 0.14683340056474384 0.024280067758328628
0 0.5849132714804357 0.36490683229813664 0.07018959257765228 0.020045172219085264
0 0.6855586930213796 0.365330321852061 0.10125050423557887 0.020327498588368152
0 0.7787414279951593 0.36617730095990964 0.0391286809197257 0.020892151326933936
0 0.8537716821298911 0.36589497459062675 0.06655909640984267 0.023715415019762844
0 0.15832997176280758 0.4644268774703557 0.056070996369503835 0.021456804065499716
0 0.23981444130697863 0.4688029361942405 0.06978620411456232 0.0189158667419537
0 0.2900363049616781 0.4719085262563523 0.005647438483259379 0.001411631846414455
0 0.3402581686163776 0.4647092038396386 0.06494554255748286 0.021456804065499716
0 0.5387252924566357 0.46823828345567475 0.2843888664784187 0.0189158667419537
0 0.7678499394917305 0.4675324675324675 0.12787414279951592 0.020892151326933936
0 0.900161355385236 0.468944099378882 0.1036708350141186 0.012987012987012988
0 0.1734570391286809 0.516798418972332 0.08309802339653086 0.022303783173348392
0 0.2672448567970956 0.5152456239412762 0.06413876563130294 0.0220214568040655
0 0.3711173860427592 0.5179277244494636 0.10326744655102864 0.020045172219085264
0 0.46692214602662363 0.5189158667419537 0.045582896329164985 0.014680971202710334
0 0.5324727712787414 0.5191981931112366 0.03227107704719645 0.024280067758328628
0 0.5806776926179911 0.515527950310559 0.021379588543767647 0.018633540372670808
0 0.6597418313836224 0.5148221343873518 0.08027430415490117 0.022868435911914172
0 0.7708753529649052 0.515527950310559 0.08471157724889068 0.024280067758328628
0 0.8904800322710771 0.5210333145115754 0.11254538120209762 0.034161490683229816
0 0.9542154094392901 0.5286561264822134 0.010891488503428802 0.006493506493506494
0 0.16680112948769665 0.5664878599661208 0.07301331181928197 0.021174477696216828
0 0.21641791044776118 0.5820158102766798 0.0060508269463493344 0.018351214003387916
0 0.2603872529245664 0.5669113495200452 0.0681726502622025 0.031055900621118012
0 0.3098023396530859 0.5790513833992095 0.0024203307785397336 0.006211180124223602
0 0.39955627269060107 0.5731225296442688 0.12948769665187576 0.03670242800677583
0 0.5127067365873336 0.5660643704121965 0.06938281565147236 0.025409373235460192
0 0.6159741831383623 0.5680406549971767 0.09197256958450989 0.020892151326933936
0 0.7228721258572005 0.5686053077357425 0.06696248487293263 0.021456804065499716
0 0.8648648648648649 0.5758046301524562 0.17103670835014118 0.03811405985319029
0 0.9562323517547399 0.5882269904009034 0.004437273093989512 0.009316770186335404
0 0.15853166599435256 0.6175889328063241 0.04356595401371521 0.021174477696216828
0 0.2607906413876563 0.6175889328063241 0.10528438886647842 0.021174477696216828
0 0.41770875352964904 0.6228119706380576 0.15288422751109318 0.029926595143986448
0 0.5875352964905204 0.6215415019762845 0.13755546591367487 0.014398644833427442
0 0.7123840258168617 0.6184359119141728 0.063735377168213 0.021739130434782608
0 0.8104074223477209 0.6211180124223602 0.10326744655102864 0.025974025974025976
