0 0.17063331988705124 0.21202710333145117 0.04195240016135539 0.023150762281197064
0 0.2418313836224284 0.21230942970073405 0.05203711173860428 0.020892151326933936
0 0.32311415893505446 0.21047430830039526 0.05808793868495361 0.023433088650479956
0 0.3935054457442517 0.21132128740824394 0.0463896732553449 0.022303783173348392
0 0.5016135538523598 0.21682665160926032 0.10205728116175877 0.040654997176736304
0 0.6101250504235579 0.21640316205533597 0.06736587333602259 0.03811405985319029
0 0.6760790641387656 0.21753246753246752 0.01855586930213796 0.013269339356295878
0 0.772488906817265 0.21442687747035574 0.1145623235175474 0.031338226990400904
0 0.18939088342073418 0.25917560700169395 0.06897942718838242 0.025974025974025976
0 0.26220250100847114 0.2587521174477696 0.04517950786607503 0.028514963297571992
0 0.34751916095199675 0.26566911349520045 0.07059298104074223 0.03613777526821005
0 0.4308188785800726 0.26101072840203277 0.05808793868495361 0.027950310559006212
0 0.5121016538926987 0.25917560700169395 0.07059298104074223 0.028797289666854884
0 0.6389673255344898 0.26016374929418407 0.14037918515530456 0.026256352343308864
0 0.7509076240419524 0.2605872388481084 0.04154901169826543 0.023150762281197064
0 0.844695441710367 0.26242236024844723 0.09439290036304962 0.023433088650479956
0 0.1972569584509883 0.3177583286278938 0.07099636950383219 0.03811405985319029
0 0.24808390480032272 0.325098814229249 0.00645421540943929 0.009881422924901186
0 0.28499394917305365 0.30971202710333146 0.04154901169826543 0.026538678712591756
0 0.3535699878983461 0.31154714850367027 0.04881000403388463 0.0251270468661773
0 0.4790237999193223 0.31126482213438733 0.15046389673255345 0.0251270468661773
0 0.6179911254538121 0.3091473743647657 0.07745058491327148 0.031055900621118012
0 0.6883824122630092 0.3188876341050254 0.018959257765227916 0.011575381140598532
0 0.7858007260992336 0.3222755505364201 0.12585720048406615 0.04319593450028233
0 0.18737394110528438 0.36024844720496896 0.07382008874546188 0.029926595143986448
0 0.29951593384429204 0.3606719367588933 0.1036708350141186 0.027385657820440428
0 0.38866478418717226 0.3613777526821005 0.04235578862444534 0.024280067758328628
0 0.48305768455022186 0.3619424054206663 0.10205728116175877 0.02710333145115754
0 0.5705929810407422 0.3585544889892716 0.040742234772085516 0.026538678712591756
0 0.6597418313836224 0.36928289102202144 0.10205728116175877 0.033314511575381144
0 0.7430415490116983 0.3644833427442123 0.02016942315449778 0.03500846979107849
0 0.8281565147236789 0.36377752682100506 0.10246066962484873 0.023433088650479956
0 0.18495361032674465 0.41120835686053075 0.0754336425978217 0.022868435911914172
0 0.2823719241629689 0.4202428006775833 0.07341670028237192 0.047713156408808584
0 0.3259378781766841 0.42264257481648787 0.0024203307785397336 0.002258610954263128
0 0.3563937071399758 0.40993788819875776 0.03993545784590561 0.02766798418972332
0 0.41952400161355385 0.41981931112365894 0.05405405405405406 0.043478260869565216
0 0.5274304154901169 0.4189723320158103 0.11093182734973779 0.039525691699604744
0 0.6460266236385639 0.41233766233766234 0.052843888664784185 0.03020892151326934
0 0.6960467930617185 0.41883116883116883 0.01734570391286809 0.016092603049124788
0 0.7920532472771279 0.4165725578769057 0.12141992739007665 0.04488989271597967
0 0.18051633723275515 0.467673630717109 0.06252521177894312 0.016657255787690572
0 0.2236789027833804 0.4774138904573687 0.007664380798709157 0.01129305477131564
0 0.263816054860831 0.4637210615471485 0.04517950786607503 0.022868435911914172
0 0.35074626865671643 0.46357989836250707 0.08672851956434045 0.02710333145115754
0 0.44392900363049614 0.46160361377752684 0.050423557886244454 0.025409373235460192
0 0.5014118596208148 0.46386222473178995 0.03872529245663574 0.026538678712591756
0 0.5762404195240016 0.4751552795031056 0.06171843485276321 0.048560135516657256
0 0.6597418313836224 0.467673630717109 0.056070996369503835 0.039243365330321855
0 0.7228721258572005 0.4611801242236025 0.04759983864461476 0.026821005081874648
0 0.8075837031060912 0.46259175607001696 0.07664380798709157 0.026256352343308864
0 0.20673658733360226 0.519339356295878 0.11173860427591771 0.042631281761716544
0 0.32008874546187976 0.5173630717108978 0.05203711173860428 0.041501976284584984
0 0.3993545784590561 0.5101637492941841 0.060508269463493344 0.031055900621118012
0 0.4419120613150464 0.5244212309429701 0.0028237192416296895 0.002540937323546019
0 0.4963695038321904 0.5111518915866742 0.0681726502622025 0.029079616036137776
0 0.5841064945542558 0.5166572557876906 0.04679306171843485 0.01637492941840768
0 0.6494554255748286 0.5179277244494636 0.03307785397337636 0.018351214003387916
0 0.7148043565954014 0.508893280632411 0.06615570794675273 0.03472614342179559
0 0.7966922146026624 0.512987012987013 0.03630496167809601 0.043478260869565216
0 0.20855183541750705 0.573828345567476 0.10972166196046793 0.04432523997741389
0 0.28136345300524407 0.5767927724449463 0.006857603872529245 0.009034443817052512
0 0.32210568777732956 0.5612648221343873 0.04154901169826543 0.02710333145115754
0 0.38241226300927794 0.5628176171654432 0.035498184751916094 0.026821005081874648
0 0.45482049213392495 0.562394127611519 0.052843888664784185 0.028232636928289104
0 0.4955627269060105 0.5790513833992095 0.008471157724889069 0.010728402032749858
0 0.5492133924969745 0.5660643704121965 0.06252521177894312 0.03387916431394692
0 0.6373537716821299 0.5721343873517787 0.06938281565147236 0.04206662902315076
0 0.7148043565954014 0.562394127611519 0.03227107704719645 0.040654997176736304
0 0.7825736183945139 0.5630999435347261 0.04679306171843485 0.029079616036137776
0 0.20149253731343283 0.6101072840203275 0.11012505042355789 0.030491247882552232
0 0.30334812424364666 0.6125070581592321 0.04356595401371521 0.026821005081874648
0 0.3642597821702299 0.6181535855448899 0.016942315449778138 0.014398644833427442
0 0.4334409035901573 0.6164596273291926 0.04800322710770472 0.016657255787690572
0 0.5469947559499798 0.6091191417278374 0.12666397741024607 0.041501976284584984
0 0.6978620411456232 0.6315640880858272 0.09519967728922953 0.039525691699604744
0 0.8186768858410649 0.627046866177301 0.10770471964501815 0.05420666290231508
0 0.16942315449778136 0.663184641445511 0.028237192416296894 0.028797289666854884
0 0.23880597014925373 0.6733483907396951 0.05808793868495361 0.057029926595143984
0 0.27390076643807987 0.6757481648785997 0.0024203307785397336 0.002540937323546019
