0 0.17527228721258573 0.3145115753811406 0.07059298104074223 0.023150762281197064
0 0.26946349334409037 0.32086391869000563 0.048406615570794675 0.009316770186335404
0 0.3686970552642194 0.322557876905703 0.0790641387656313 0.023997741389045736
0 0.4509883017345704 0.3167701863354037 0.014521984671238403 0.009599096555618294
0 0.4933440903590157 0.31493506493506496 0.016942315449778138 0.014963297571993224
0 0.5482049213392497 0.3116883116883117 0.04517950786607503 0.0220214568040655
0 0.5853166599435257 0.3219932241671372 0.003227107704719645 0.0036702428006775835
0 0.6139572408229125 0.3176171654432524 0.023396530859217425 0.015245623941276116
0 0.6932230738200887 0.3147939017504235 0.07866075030254134 0.020892151326933936
0 0.7781363453005244 0.3138057594579334 0.03307785397337636 0.016657255787690572
0 0.8463089955627269 0.3204404291360813 0.05889471561113352 0.023150762281197064
0 0.16296893908834206 0.36801242236024845 0.03146430012101654 0.015527950310559006
0 0.254538120209762 0.3699887069452287 0.08229124647035095 0.017221908526256352
0 0.3313836224283985 0.36914172783738003 0.018959257765227916 0.017221908526256352
0 0.36304961678096004 0.37676453980801805 0.0024203307785397336 0.0036702428006775835
0 0.4173053650665591 0.3708356860530774 0.07946752722872126 0.02456239412761152
0 0.5024203307785398 0.36829474872953133 0.0318676885841065 0.017221908526256352
0 0.5845098830173457 0.36801242236024845 0.06857603872529246 0.016657255787690572
0 0.7085518354175071 0.37210615471485037 0.09883017345703912 0.02258610954263128
0 0.7979023799919323 0.3695652173913043 0.029043969342476807 0.015245623941276116
0 0.8572004840661557 0.3705533596837945 0.024203307785397338 0.00818746470920384
0 0.8920935861234369 0.3650479954827781 0.0326744655102864 0.01637492941840768
0 0.17950786607503025 0.4209486166007905 0.07180314643001211 0.020327498588368152
0 0.26663977410246065 0.41756070016939584 0.02016942315449778 0.015810276679841896
0 0.3190802743041549 0.4181253529079616 0.03146430012101654 0.015810276679841896
0 0.4072206534893102 0.4184076792772445 0.06897942718838242 0.017504234895539244
0 0.44392900363049614 0.42377188029361945 0.002016942315449778 0.0016939582156973462
