0 0.2507059298104074 0.26750423489553926 0.19564340459862847 0.026256352343308864
0 0.44029850746268656 0.26453980801806887 0.11335215812827754 0.019198193111236588
0 0.600040338846309 0.274703557312253 0.1335215812827753 0.03500846979107849
0 0.7079467527228721 0.268068887634105 0.048406615570794675 0.010446075663466968
0 0.8176684146833401 0.2636928289102202 0.11294876966518758 0.018633540372670808
0 0.16942315449778136 0.31832298136645965 0.03872529245663574 0.011575381140598532
0 0.23860427591770875 0.3147939017504235 0.05526421944332392 0.018068887634105024
0 0.37938684953610324 0.31959345002823264 0.15046389673255345 0.03274985883681536
0 0.5403388463089955 0.3136645962732919 0.13594191206131503 0.020327498588368152
0 0.6155707946752723 0.3221343873517787 0.0024203307785397336 0.0016939582156973462
0 0.6536910044372731 0.3114059853190288 0.03670835014118596 0.023715415019762844
0 0.7125857200484066 0.3116883116883117 0.03751512706736587 0.019198193111236588
0 0.8150463896732554 0.31507622811970637 0.11980637353771682 0.018633540372670808
0 0.17123840258168616 0.36674195369847545 0.038321903993545785 0.01637492941840768
0 0.33965308592174265 0.366600790513834 0.23477208551835418 0.016657255787690572
0 0.4883017345703913 0.3687182382834557 0.040742234772085516 0.01129305477131564
0 0.554255748285599 0.3650479954827781 0.045986284792254944 0.019198193111236588
0 0.6655909640984268 0.3660361377752682 0.14199273900766438 0.026821005081874648
0 0.7829770068576039 0.36307171089779783 0.053247277127874144 0.021456804065499716
0 0.19887051230334812 0.4150197628458498 0.10568777732956837 0.020892151326933936
0 0.33420734167002825 0.4148785996612084 0.12061315046389673 0.023433088650479956
0 0.38664784187172246 0.42292490118577075 0.002016942315449778 0.0016939582156973462
0 0.4302137958854377 0.4178430265386787 0.06575231948366277 0.032185206098249576
0 0.5978217022993142 0.4225014116318464 0.21863654699475596 0.021739130434782608
0 0.7624041952400161 0.4150197628458498 0.0782573618394514 0.020892151326933936
0 0.8553852359822509 0.4124788255223038 0.057684550221863654 0.021456804065499716
0 0.22206534893102056 0.47007340485601357 0.14239612747075434 0.015245623941276116
0 0.3229124647035095 0.46852060982495763 0.03509479628882614 0.017221908526256352
0 0.4154901169826543 0.4678147939017504 0.08551835417507059 0.01693958215697346
0 0.5056474384832593 0.46696781479390176 0.04235578862444534 0.01693958215697346
0 0.5851149657119806 0.467673630717109 0.07059298104074223 0.017221908526256352
0 0.745461879790238 0.4717673630717109 0.18797902379991932 0.029361942405420668
0 0.19382815651472368 0.5172219085262564 0.08188785800726099 0.024844720496894408
0 0.3465106897942719 0.5156691134952005 0.1718434852763211 0.021739130434782608
0 0.46793061718434853 0.5177865612648221 0.04759983864461476 0.01637492941840768
0 0.6282775312626059 0.5189158667419537 0.1980637353771682 0.020327498588368152
0 0.7682533279548205 0.5182100508187465 0.045582896329164985 0.016092603049124788
0 0.808592174263816 0.5214568040654998 0.021379588543767647 0.00846979107848673
0 0.20028237192416296 0.5662055335968379 0.09883017345703912 0.021739130434782608
0 0.3162565550625252 0.575098814229249 0.07018959257765228 0.024844720496894408
0 0.41972569584509883 0.5664878599661208 0.08027430415490117 0.022303783173348392
0 0.5611133521581283 0.5770750988142292 0.1581282775312626 0.040654997176736304
0 0.727107704719645 0.5693111236589498 0.1319080274304155 0.016092603049124788
0 0.8305768455022187 0.5735460191981931 0.048406615570794675 0.011575381140598532
0 0.1936264622831787 0.6249294184076792 0.07583703106091166 0.021174477696216828
0 0.3717224687373941 0.6285996612083569 0.21500605082694635 0.036420101637492944
0 0.49515933844292054 0.6247882552230378 0.02944735780556676 0.00282326369282891
0 0.5830980233965308 0.6218238283455675 0.08350141185962082 0.01383399209486166
0 0.6732553448971359 0.6192828910220215 0.03630496167809601 0.016657255787690572
0 0.709156918112142 0.6218238283455675 0.02501008471157725 0.013269339356295878
0 0.7678499394917305 0.6202710333145116 0.0681726502622025 0.01355166572557877
0 0.1845502218636547 0.6678430265386787 0.04961678096006454 0.020045172219085264
0 0.2874142799515934 0.6691134952004517 0.08672851956434045 0.015810276679841896
0 0.37232755143202906 0.6686900056465274 0.029043969342476807 0.017221908526256352
0 0.42517144009681324 0.6678430265386787 0.028237192416296894 0.0189158667419537
0 0.4465510286405809 0.6756070016939583 0.0024203307785397336 0.002258610954263128
