0 0.14501815248083905 0.20511010728402032 0.0052440500201694235 0.007058159232072276
0 0.17022993142396128 0.2127329192546584 0.03065752319483663 0.018351214003387916
0 0.23719241629689392 0.2171089779785432 0.063735377168213 0.01129305477131564
0 0.2755143202904397 0.22190852625635235 0.00645421540943929 0.004517221908526256
0 0.33420734167002825 0.21668548842461885 0.04961678096006454 0.028514963297571992
0 0.36829366680112946 0.20793337097684925 0.00645421540943929 0.005364201016374929
0 0.3745461879790238 0.2245906267645398 0.0060508269463493344 0.004799548277809147
0 0.40883420734167003 0.21386222473178995 0.024606696248487294 0.017221908526256352
0 0.463493344090359 0.2137210615471485 0.04195240016135539 0.020327498588368152
0 0.5663574021782977 0.2161208356860531 0.10165389269866881 0.021174477696216828
0 0.6256555062525212 0.22374364765669114 0.004033884630899556 0.004799548277809147
0 0.6599435256151674 0.2127329192546584 0.026623638563937072 0.017221908526256352
0 0.7073416700282372 0.22134387351778656 0.04800322710770472 0.0220214568040655
0 0.7811617587736991 0.21682665160926032 0.06252521177894312 0.020892151326933936
0 0.18676885841064947 0.3715415019762846 0.07099636950383219 0.023150762281197064
0 0.27067365873336025 0.36702428006775834 0.03953206938281565 0.015810276679841896
0 0.34530052440500203 0.3651891586674195 0.05486083098023396 0.017786561264822136
0 0.40237999193223073 0.36490683229813664 0.019766034691407825 0.01948051948051948
0 0.4574425171440097 0.36702428006775834 0.04517950786607503 0.014116318464144552
0 0.48608309802339655 0.37337662337662336 0.003227107704719645 0.003105590062111801
0 0.5411456232351755 0.36928289102202144 0.05445744251714401 0.029361942405420668
0 0.6333198870512303 0.36462450592885376 0.08632513110125051 0.020609824957651044
0 0.7196450181524808 0.36490683229813664 0.04679306171843485 0.016092603049124788
0 0.7704719645018152 0.36589497459062675 0.02016942315449778 0.018633540372670808
0 0.8108108108108109 0.3663184641445511 0.04033884630899556 0.016092603049124788
0 0.17043162565550626 0.4153020892151327 0.045582896329164985 0.018068887634105024
0 0.20169423154497781 0.42701863354037267 0.004840661557079467 0.005364201016374929
0 0.2607906413876563 0.41798418972332013 0.06494554255748286 0.027385657820440428
0 0.3259378781766841 0.41741953698475437 0.01371520774505849 0.015527950310559006
0 0.3666801129487697 0.41727837380011296 0.035498184751916094 0.01637492941840768
0 0.4227511093182735 0.41699604743083 0.04437273093989512 0.01637492941840768
0 0.4838644614764018 0.41417278373800115 0.035901573215006054 0.019762845849802372
0 0.5558693021379588 0.41671372106154714 0.053247277127874144 0.018068887634105024
0 0.6518757563533683 0.4165725578769057 0.06857603872529246 0.017221908526256352
0 0.7220653489310206 0.41953698475437606 0.026623638563937072 0.009034443817052512
0 0.7628075837031061 0.415725578769057 0.03711173860427592 0.016657255787690572
0 0.817870108914885 0.4209486166007905 0.03993545784590561 0.020892151326933936
0 0.8459056070996369 0.4264539808018069 0.007260992335619202 0.004799548277809147
0 0.18495361032674465 0.4704968944099379 0.07866075030254134 0.022303783173348392
0 0.2654296087131908 0.4751552795031056 0.029043969342476807 0.018633540372670808
0 0.32775312626058895 0.46795595708639187 0.022993142396127472 0.014398644833427442
0 0.38039532069382814 0.4666854884246189 0.035498184751916094 0.01637492941840768
0 0.44130697862041146 0.47346132128740825 0.041145623235175476 0.021456804065499716
0 0.4800322710770472 0.47586109542631283 0.005647438483259379 0.004799548277809147
0 0.5391286809197257 0.46725014116318464 0.06978620411456232 0.017504234895539244
0 0.5986284792254941 0.4710615471485037 0.01371520774505849 0.007622811970638058
0 0.6379588543767648 0.4666854884246189 0.0391286809197257 0.01637492941840768
0 0.6930213795885438 0.4719085262563523 0.045986284792254944 0.026256352343308864
0 0.7593787817668415 0.467673630717109 0.056070996369503835 0.014398644833427442
0 0.8338039532069382 0.46809712027103334 0.06292860024203308 0.014116318464144552
0 0.19382815651472368 0.5153867871259176 0.08027430415490117 0.021174477696216828
0 0.30153287615974184 0.5220214568040655 0.0536506655909641 0.023150762281197064
0 0.3618394513916902 0.5177865612648221 0.02016942315449778 0.014116318464144552
0 0.436466317063332 0.5224449463579899 0.05647438483259379 0.025691699604743084
0 0.5441710367083501 0.5190570299265952 0.07987091569181122 0.020045172219085264
0 0.6397741024606697 0.5151044607566346 0.05970149253731343 0.022868435911914172
0 0.6793061718434853 0.5242800677583286 0.0024203307785397336 0.0016939582156973462
