0 0.16276724485679708 0.2641163184641446 0.05929810407422348 0.018351214003387916
0 0.2392093586123437 0.26256352343308864 0.02501008471157725 0.020892151326933936
0 0.3263412666397741 0.265527950310559 0.08229124647035095 0.016092603049124788
0 0.41851553045582895 0.26312817617165446 0.026220250100847116 0.015810276679841896
0 0.481444130697862 0.2658102766798419 0.04719645018152481 0.012704686617730096
0 0.5590964098426785 0.2652456239412761 0.07018959257765228 0.014963297571993224
0 0.609318273497378 0.27032749858836813 0.003630496167809601 0.001976284584980237
0 0.6680112948769665 0.26312817617165446 0.08309802339653086 0.01693958215697346
0 0.7226704316256555 0.2649632975719932 0.018152480839048003 0.01383399209486166
0 0.8188785800726099 0.2673630717108978 0.11214199273900767 0.02258610954263128
0 0.16438079870915692 0.3177583286278938 0.0609116579265833 0.01383399209486166
0 0.28943122226704315 0.31846414455110106 0.13755546591367487 0.024280067758328628
0 0.4118596208148447 0.31592320722755507 0.04517950786607503 0.01693958215697346
0 0.4824526018555869 0.31733483907396953 0.04356595401371521 0.012422360248447204
0 0.5901573215006051 0.32185206098249575 0.10972166196046793 0.023715415019762844
0 0.7166196046793062 0.31931112365894976 0.0899556272690601 0.018068887634105024
0 0.7966922146026624 0.3167701863354037 0.02743041549011698 0.011857707509881422
0 0.8555869302137958 0.3147939017504235 0.04195240016135539 0.014680971202710334
0 0.15328761597418314 0.4178430265386787 0.04033884630899556 0.015810276679841896
0 0.23880597014925373 0.4213721061547149 0.0790641387656313 0.023997741389045736
0 0.2952803549818475 0.4222190852625635 0.003227107704719645 0.002540937323546019
0 0.363251311012505 0.4178430265386787 0.07866075030254134 0.018068887634105024
0 0.4691407825736184 0.4181253529079616 0.07099636950383219 0.015245623941276116
0 0.563331988705123 0.4192546583850932 0.04477611940298507 0.014116318464144552
0 0.6684146833400565 0.4227837380011293 0.11778943122226704 0.021739130434782608
0 0.7371924162968939 0.4233483907396951 0.0052440500201694235 0.003105590062111801
0 0.7658329971762807 0.41643139469226426 0.014118596208148447 0.015245623941276116
0 0.7862041145623235 0.41798418972332013 0.015328761597418314 0.014963297571993224
0 0.8533682936668011 0.4225014116318464 0.06333198870512304 0.022868435911914172
0 0.16317063331988704 0.46823828345567475 0.050423557886244454 0.016657255787690572
0 0.25131101250504234 0.4697910784867307 0.06615570794675273 0.014680971202710334
0 0.2977006857603873 0.46950875211744775 0.01936264622831787 0.01129305477131564
0 0.3686970552642194 0.46950875211744775 0.06857603872529246 0.01355166572557877
0 0.4112545381202098 0.47374364765669114 0.0028237192416296895 0.00282326369282891
0 0.43586123436869706 0.46795595708639187 0.012505042355788625 0.0189158667419537
0 0.4965711980637354 0.47571993224167136 0.055667607906413875 0.018633540372670808
0 0.5832997176280759 0.46823828345567475 0.0572811617587737 0.014963297571993224
0 0.6605486083098023 0.47557876905702995 0.02702702702702703 0.02456239412761152
0 0.7150060508269463 0.46612083568605306 0.024606696248487294 0.019198193111236588
0 0.764017749092376 0.4696499153020892 0.017749092375958047 0.009881422924901186
0 0.8400564743848326 0.466403162055336 0.09883017345703912 0.019762845849802372
0 0.21682129891085114 0.5187747035573123 0.15853166599435256 0.017786561264822136
0 0.34207341670028235 0.5223037831733484 0.03307785397337636 0.010163749294184076
0 0.3892698668818072 0.5206098249576511 0.026623638563937072 0.010728402032749858
0 0.44594594594594594 0.5184923771880293 0.043969342476805166 0.013269339356295878
0 0.5199677289229528 0.5187747035573123 0.06212182331585317 0.018351214003387916
0 0.5978217022993142 0.5165160926030491 0.03146430012101654 0.020609824957651044
0 0.6502622025010085 0.5204686617730095 0.017749092375958047 0.009881422924901186
0 0.7416296893908835 0.5182100508187465 0.1189995966115369 0.017221908526256352
0 0.8041549011698266 0.5248447204968945 0.003630496167809601 0.002258610954263128
0 0.8400564743848326 0.5158102766798419 0.031060911657926585 0.021456804065499716
0 0.1581282775312626 0.5656408808582721 0.042759177087535294 0.02456239412761152
0 0.22670431625655507 0.5728402032749859 0.024203307785397338 0.01129305477131564
0 0.28701089148850345 0.57128740824393 0.043969342476805166 0.013269339356295878
0 0.37696651875756354 0.5741106719367589 0.07462686567164178 0.027950310559006212
0 0.46329164985881405 0.57128740824393 0.04881000403388463 0.01101072840203275
0 0.5794675272287213 0.5678994918125353 0.1335215812827753 0.0189158667419537
0 0.7170229931423961 0.57128740824393 0.08108108108108109 0.016657255787690572
0 0.7692617991125453 0.5700169395821569 0.015328761597418314 0.010728402032749858
0 0.8420734167002824 0.5732636928289102 0.09156918112141993 0.028514963297571992
