0 0.17386042759177087 0.21414455110107283 0.063735377168213 0.029079616036137776
0 0.28035498184751917 0.21583850931677018 0.07664380798709157 0.01383399209486166
0 0.4118596208148447 0.21485036702428006 0.12101653892698669 0.024844720496894408
0 0.5248083904800322 0.21640316205533597 0.050826946349334406 0.014398644833427442
0 0.6064945542557483 0.2171089779785432 0.04154901169826543 0.012422360248447204
0 0.7400161355385236 0.21979107848673066 0.14481645824929407 0.026821005081874648
0 0.8598225090762405 0.2137210615471485 0.043969342476805166 0.01637492941840768
0 0.16135538523598225 0.2658102766798419 0.03953206938281565 0.010446075663466968
0 0.24102460669624848 0.26383399209486164 0.05929810407422348 0.016092603049124788
0 0.33219039935457845 0.2663749294184077 0.06494554255748286 0.026821005081874648
0 0.40540540540540543 0.26228119706380576 0.03791851553045583 0.019198193111236588
0 0.4991932230738201 0.26242236024844723 0.0754336425978217 0.0189158667419537
0 0.581686163775716 0.2696216826651609 0.023396530859217425 0.011857707509881422
0 0.5943929003630496 0.27216261998870694 0.0028237192416296895 0.001129305477131564
0 0.6252521177894312 0.2636928289102202 0.017749092375958047 0.017504234895539244
0 0.6742638160548609 0.269339356295878 0.040742234772085516 0.010163749294184076
0 0.7513110125050424 0.2686335403726708 0.06736587333602259 0.027950310559006212
0 0.8265429608713191 0.2649632975719932 0.04517950786607503 0.016092603049124788
0 0.2226704316256555 0.3156408808582722 0.17265026220250101 0.03162055335968379
0 0.36385639370713996 0.31719367588932806 0.041145623235175476 0.01383399209486166
0 0.4560306575231948 0.313382269904009 0.07785397337636143 0.019762845849802372
0 0.5615167406212183 0.31437041219649914 0.06857603872529246 0.017221908526256352
0 0.6512706736587334 0.3221343873517787 0.0609116579265833 0.018068887634105024
0 0.7210568777732956 0.31931112365894976 0.040742234772085516 0.01355166572557877
0 0.7914481645824929 0.31620553359683795 0.05244050020169423 0.014680971202710334
0 0.8459056070996369 0.31747600225861095 0.04033884630899556 0.016092603049124788
0 0.17144009681323114 0.36928289102202144 0.0790641387656313 0.023715415019762844
0 0.29407018959257764 0.36462450592885376 0.09923356192012908 0.021174477696216828
0 0.4213392496974587 0.371682665160926 0.08027430415490117 0.026256352343308864
0 0.5252117789431222 0.3663184641445511 0.08229124647035095 0.0189158667419537
0 0.6321097216619604 0.36589497459062675 0.060508269463493344 0.01693958215697346
0 0.7172246873739411 0.3660361377752682 0.04195240016135539 0.017221908526256352
0 0.7666397741024606 0.3706945228684359 0.012505042355788625 0.009034443817052512
0 0.8116175877369908 0.37323546019198195 0.03469140782573618 0.025409373235460192
0 0.8352158128277531 0.37775268210050816 0.004437273093989512 0.00564652738565782
0 0.13412666397741024 0.4599096555618295 0.0028237192416296895 0.006211180124223602
0 0.1482452601855587 0.46725014116318464 0.019766034691407825 0.018068887634105024
0 0.21379588543767647 0.4709203839638622 0.03711173860427592 0.010163749294184076
0 0.3029447357805567 0.47360248447204967 0.08229124647035095 0.02456239412761152
0 0.3882613957240823 0.4710615471485037 0.04235578862444534 0.014398644833427442
0 0.4691407825736184 0.4688029361942405 0.07180314643001211 0.020609824957651044
0 0.5756353368293666 0.4741671372106155 0.07664380798709157 0.027385657820440428
0 0.6583299717628076 0.46852060982495763 0.04679306171843485 0.021174477696216828
0 0.7047196450181524 0.4826369282891022 0.004033884630899556 0.007622811970638058
0 0.7351754739814441 0.4730378317334839 0.035901573215006054 0.014398644833427442
0 0.77269060104881 0.47473178994918125 0.021379588543767647 0.002540937323546019
0 0.791246470350948 0.46287408243929984 0.0052440500201694235 0.005928853754940711
0 0.8229124647035094 0.4699322416713721 0.03872529245663574 0.014398644833427442
0 0.15792658329971762 0.5211744776962168 0.04881000403388463 0.009599096555618294
0 0.2505042355788624 0.5176453980801807 0.05486083098023396 0.021174477696216828
0 0.3206938281565147 0.52343308865048 0.02016942315449778 0.012422360248447204
0 0.3662767244856797 0.5221626199887069 0.01290843081887858 0.009881422924901186
0 0.4292053247277128 0.5165160926030491 0.050826946349334406 0.020609824957651044
0 0.5352964905203711 0.5201863354037267 0.08713190802743041 0.022303783173348392
0 0.5923759580475998 0.5239977413890458 0.0028237192416296895 0.002258610954263128
0 0.6157724889068172 0.5090344438170525 0.0028237192416296895 0.006775832862789385
0 0.681726502622025 0.5199040090344438 0.09923356192012908 0.027385657820440428
0 0.7706736587333602 0.5187747035573123 0.02944735780556676 0.008752117447769622
0 0.8404598628479225 0.5156691134952005 0.04719645018152481 0.022303783173348392
0 0.15691811214199275 0.5732636928289102 0.035498184751916094 0.01383399209486166
0 0.18616377571601453 0.5652173913043478 0.0028237192416296895 0.006211180124223602
0 0.21077047196450183 0.5798983625070582 0.004437273093989512 0.006775832862789385
0 0.2446551028640581 0.5684641445511011 0.024606696248487294 0.0189158667419537
0 0.3412666397741025 0.5673348390739695 0.08148446954417103 0.020609824957651044
0 0.4136748688987495 0.5796160361377752 0.004437273093989512 0.00846979107848673
0 0.48305768455022186 0.5714285714285714 0.08672851956434045 0.028232636928289104
0 0.5758370310609117 0.5707227555053642 0.0326744655102864 0.012704686617730096
0 0.6488503428801936 0.5707227555053642 0.052843888664784185 0.027385657820440428
0 0.6831383622428399 0.5711462450592886 0.002016942315449778 0.0016939582156973462
