0 0.17507059298104075 0.20511010728402032 0.03630496167809601 0.01948051948051948
0 0.24223477208551836 0.20383963862224733 0.07462686567164178 0.018633540372670808
0 0.33985478015328763 0.20539243365330323 0.08027430415490117 0.015527950310559006
0 0.4126663977410246 0.20511010728402032 0.03791851553045583 0.013269339356295878
0 0.4854780153287616 0.2062394127611519 0.08592174263816055 0.016657255787690572
0 0.6123436869705526 0.20369847543760589 0.13473174667204518 0.023433088650479956
0 0.7333602258975394 0.20285149632975719 0.07664380798709157 0.017221908526256352
0 0.8398547801532876 0.20271033314511575 0.08632513110125051 0.017504234895539244
0 0.17587736990722067 0.25395256916996045 0.029850746268656716 0.016092603049124788
0 0.26603469140782576 0.2549407114624506 0.118192819685357 0.021456804065499716
0 0.4332392093586123 0.2553642010163749 0.16861637757160144 0.027385657820440428
0 0.5619201290843082 0.2556465273856578 0.063735377168213 0.012140033879164314
0 0.6393707139975797 0.2542348955392434 0.06292860024203308 0.015527950310559006
0 0.7575635336829367 0.2553642010163749 0.13231141589350545 0.0251270468661773
0 0.854578459056071 0.25070581592320723 0.033481242436466316 0.015810276679841896
0 0.19584509883017345 0.35615471485036704 0.07704719645018153 0.01948051948051948
0 0.24223477208551836 0.3632128740824393 0.0028237192416296895 0.007058159232072276
0 0.32331585316659944 0.35742518351214003 0.14078257361839452 0.029361942405420668
0 0.41528842275110933 0.35530773574251834 0.020572811617587738 0.018351214003387916
0 0.43505445744251714 0.36278938452851495 0.003630496167809601 0.0033879164313946925
0 0.472771278741428 0.35686053077357427 0.03630496167809601 0.01637492941840768
0 0.5629286002420331 0.35926030491247885 0.11738604275917709 0.022868435911914172
0 0.6805163372327552 0.3547430830039526 0.05970149253731343 0.015527950310559006
0 0.7444534086325131 0.3570016939582157 0.04154901169826543 0.01948051948051948
0 0.8069786204114562 0.35276679841897235 0.030254134731746672 0.020609824957651044
0 0.8654699475594998 0.358695652173913 0.04477611940298507 0.018351214003387916
0 0.19826542960871318 0.4061264822134387 0.08592174263816055 0.012140033879164314
0 0.30254134731746674 0.4041501976284585 0.07583703106091166 0.014963297571993224
0 0.37918515530455826 0.40669113495200454 0.055667607906413875 0.009881422924901186
0 0.46308995562726907 0.40669113495200454 0.08793868495361033 0.02456239412761152
0 0.5121016538926987 0.40993788819875776 0.003630496167809601 0.002258610954263128
0 0.5657523194836628 0.4031620553359684 0.08430818878580072 0.018068887634105024
0 0.6774909237595804 0.40118577075098816 0.1044776119402985 0.021456804065499716
0 0.772085518354175 0.4038678712591756 0.06131504638967326 0.017221908526256352
0 0.8378378378378378 0.40330321852060985 0.033884630899556276 0.02456239412761152
0 0.8812020976200081 0.4030208921513269 0.031060911657926585 0.011575381140598532
0 0.9017749092375958 0.4095143986448334 0.003630496167809601 0.001411631846414455
0 0.16438079870915692 0.45736871823828346 0.022993142396127472 0.015245623941276116
0 0.22710770471964503 0.45962732919254656 0.06696248487293263 0.011857707509881422
0 0.32432432432432434 0.45821569734613216 0.100040338846309 0.01693958215697346
0 0.44594594594594594 0.45652173913043476 0.08672851956434045 0.02710333145115754
0 0.5748285599031868 0.45609824957651046 0.12343686970552642 0.017786561264822136
0 0.672448567970956 0.4570863918690006 0.035498184751916094 0.01637492941840768
0 0.7361839451391691 0.4580745341614907 0.05647438483259379 0.017221908526256352
0 0.8376361436062929 0.4579333709768492 0.118192819685357 0.029926595143986448
0 0.18031464300121017 0.5043760587238848 0.06938281565147236 0.015527950310559006
0 0.25958047599838646 0.5080463015245624 0.04800322710770472 0.008752117447769622
0 0.32956837434449376 0.5046583850931677 0.0653489310205728 0.017786561264822136
0 0.4005647438483259 0.5079051383399209 0.03630496167809601 0.012987012987012988
0 0.4881000403388463 0.5052230378317335 0.10810810810810811 0.017221908526256352
0 0.6246470350947962 0.5047995482778092 0.10851149657119806 0.019762845849802372
0 0.753731343283582 0.5045172219085262 0.12303348124243646 0.019762845849802372
0 0.20270270270270271 0.560841332580463 0.10770471964501815 0.026256352343308864
0 0.34308188785800725 0.562394127611519 0.118192819685357 0.017504234895539244
0 0.4598628479225494 0.5574534161490683 0.05647438483259379 0.016657255787690572
0 0.54538120209762 0.5585827216261999 0.07341670028237192 0.017786561264822136
0 0.6228317870108915 0.5643704121964992 0.035498184751916094 0.015245623941276116
0 0.6736587333602259 0.5612648221343873 0.03711173860427592 0.010728402032749858
0 0.7178297700685761 0.5574534161490683 0.031060911657926585 0.017221908526256352
0 0.7803549818475192 0.558300395256917 0.056070996369503835 0.017221908526256352
