0 0.19342476805163372 0.25367024280067757 0.0826946349334409 0.016092603049124788
0 0.2648245260185559 0.2542348955392434 0.030254134731746672 0.016092603049124788
0 0.33219039935457845 0.2549407114624506 0.06494554255748286 0.0220214568040655
0 0.4027833803953207 0.2528232636928289 0.057684550221863654 0.017221908526256352
0 0.43848325937878174 0.2611518915866742 0.003227107704719645 0.0016939582156973462
0 0.472569584509883 0.2528232636928289 0.052843888664784185 0.01948051948051948
0 0.536506655909641 0.25508187464709203 0.05405405405405406 0.01101072840203275
0 0.6054860830980234 0.2586109542631282 0.06292860024203308 0.012987012987012988
0 0.6603469140782574 0.2586109542631282 0.029043969342476807 0.011857707509881422
0 0.7337636143606293 0.26044607566346695 0.08955223880597014 0.022303783173348392
0 0.8442920532472771 0.26016374929418407 0.10488100040338846 0.026256352343308864
0 0.18132311415893507 0.3059006211180124 0.06333198870512304 0.012140033879164314
0 0.2462686567164179 0.3015245623941276 0.022993142396127472 0.018633540372670808
0 0.3061718434852763 0.3049124788255223 0.063735377168213 0.011857707509881422
0 0.38866478418717226 0.30448898927159795 0.06978620411456232 0.016092603049124788
0 0.490923759580476 0.30688876341050253 0.09197256958450989 0.012987012987012988
0 0.5956030657523195 0.30448898927159795 0.08430818878580072 0.017221908526256352
0 0.6682129891085115 0.3090062111801242 0.030254134731746672 0.020609824957651044
0 0.7226704316256555 0.3081592320722755 0.051230334812424366 0.0189158667419537
0 0.8065752319483662 0.30999435347261434 0.0899556272690601 0.020327498588368152
0 0.8586123436869706 0.31846414455110106 0.004437273093989512 0.007340485601355167
0 0.1782977006857604 0.35530773574251834 0.05647438483259379 0.016657255787690572
0 0.22972972972972974 0.35728402032749856 0.008471157724889069 0.016657255787690572
0 0.3162565550625252 0.3598249576510446 0.13795885437676483 0.023433088650479956
0 0.4112545381202098 0.35714285714285715 0.008471157724889069 0.015810276679841896
0 0.4584509883017346 0.35629587803500845 0.0609116579265833 0.01693958215697346
0 0.5457845905607099 0.3577075098814229 0.06938281565147236 0.011857707509881422
0 0.6758773699072207 0.36038961038961037 0.16417910447761194 0.023997741389045736
0 0.8134328358208955 0.3601072840203275 0.07946752722872126 0.011575381140598532
0 0.8612343686970553 0.3660361377752682 0.003227107704719645 0.001411631846414455
