0 0.16377571601452198 0.3051948051948052 0.045986284792254944 0.029926595143986448
0 0.25958047599838646 0.3064652738565782 0.06171843485276321 0.020045172219085264
0 0.36708350141185964 0.3051948051948052 0.05808793868495361 0.01355166572557877
0 0.4794271883824123 0.30223037831733485 0.06413876563130294 0.026821005081874648
0 0.5603065752319484 0.3008187464709204 0.03227107704719645 0.020609824957651044
0 0.7039128680919726 0.29983060417843027 0.17668414683340056 0.023715415019762844
0 0.8578055667607907 0.29686617730095993 0.06736587333602259 0.022303783173348392
0 0.2325534489713594 0.354884246188594 0.1827349737797499 0.028232636928289104
0 0.3862444534086325 0.3526256352343309 0.02944735780556676 0.023715415019762844
0 0.4300121016538927 0.35220214568040653 0.04679306171843485 0.026821005081874648
0 0.5314643001210165 0.3575663466967815 0.06494554255748286 0.014963297571993224
0 0.6357402178297701 0.3585544889892716 0.0645421540943929 0.018068887634105024
0 0.7295280354981848 0.35742518351214003 0.040742234772085516 0.019762845849802372
0 0.8471157724889068 0.3503670242800678 0.10488100040338846 0.021456804065499716
0 0.16760790641387657 0.45821569734613216 0.07382008874546188 0.023150762281197064
0 0.21198063735377168 0.4587803500846979 0.003630496167809601 0.0033879164313946925
0 0.23396530859217426 0.44678147939017504 0.016942315449778138 0.009881422924901186
0 0.27591770875352967 0.4453698475437606 0.02016942315449778 0.00818746470920384
0 0.3416700282371924 0.4525691699604743 0.08713190802743041 0.023715415019762844
0 0.3953206938281565 0.4599096555618295 0.009681323114158934 0.009034443817052512
0 0.5332795482049213 0.4507340485601355 0.13311819281968534 0.026821005081874648
0 0.6062928600242034 0.45412196499153024 0.003227107704719645 0.003105590062111801
0 0.6496571198063735 0.4473461321287408 0.026220250100847116 0.020045172219085264
0 0.7299314239612748 0.4453698475437606 0.06897942718838242 0.027385657820440428
0 0.8198870512303348 0.45242800677583284 0.07624041952400161 0.022868435911914172
0 0.8610326744655102 0.4548277809147374 0.00927793465106898 0.01129305477131564
0 0.1518757563533683 0.5071993224167137 0.031060911657926585 0.022303783173348392
0 0.20028237192416296 0.5070581592320723 0.04719645018152481 0.018068887634105024
0 0.30939895118999594 0.5043760587238848 0.08471157724889068 0.026821005081874648
0 0.4649052037111739 0.5008469791078487 0.11657926583299717 0.025974025974025976
0 0.6135538523598225 0.4991530208921513 0.1073013311819282 0.029361942405420668
0 0.6738604275917709 0.5090344438170525 0.003630496167809601 0.0033879164313946925
0 0.7763210972166196 0.5015527950310559 0.10851149657119806 0.020609824957651044
