0 0.17749092375958048 0.21047430830039526 0.007260992335619202 0.012704686617730096
0 0.2317466720451795 0.21640316205533597 0.050423557886244454 0.01948051948051948
0 0.28075837031060913 0.2305194805194805 0.004033884630899556 0.007058159232072276
0 0.3081887858007261 0.21852060982495766 0.028237192416296894 0.020327498588368152
0 0.4225494150867285 0.21852060982495766 0.15127067365873337 0.024280067758328628
0 0.5609116579265833 0.22007340485601354 0.06171843485276321 0.023997741389045736
0 0.627067365873336 0.2224731789949181 0.018152480839048003 0.018633540372670808
0 0.7067365873336022 0.2171089779785432 0.08793868495361033 0.024844720496894408
0 0.800121016538927 0.21781479390175043 0.05526421944332392 0.016657255787690572
0 0.2156111335215813 0.2737154150197628 0.09237595804759983 0.015527950310559006
0 0.3081887858007261 0.27555053642010163 0.03307785397337636 0.03613777526821005
0 0.390681726502622 0.268068887634105 0.08834207341670028 0.022868435911914172
0 0.5102864058087939 0.2662337662337662 0.09762000806776926 0.02258610954263128
0 0.5885437676482452 0.2660926030491248 0.02581686163775716 0.01948051948051948
0 0.6129487696651875 0.2707509881422925 0.004437273093989512 0.0016939582156973462
0 0.6585316659943525 0.26750423489553926 0.0681726502622025 0.0251270468661773
0 0.7121823315853166 0.27625635234330886 0.008471157724889069 0.007622811970638058
0 0.7303348124243647 0.26905702992659514 0.022993142396127472 0.019762845849802372
0 0.7954820492133925 0.2641163184641446 0.07260992335619201 0.028514963297571992
0 0.8757563533682937 0.26651609260304915 0.050826946349334406 0.025974025974025976
0 0.2073416700282372 0.31733483907396953 0.13150463896732553 0.0220214568040655
0 0.3325937878176684 0.31931112365894976 0.07059298104074223 0.0220214568040655
0 0.41670028237192414 0.31832298136645965 0.04679306171843485 0.017786561264822136
0 0.4989915288422751 0.3207227555053642 0.08309802339653086 0.03557312252964427
0 0.5486083098023397 0.32806324110671936 0.007260992335619202 0.007340485601355167
0 0.5851149657119806 0.3265104460756635 0.033481242436466316 0.023997741389045736
0 0.6569181121419927 0.3266516092603049 0.06978620411456232 0.03162055335968379
0 0.7666397741024606 0.31535855448898925 0.09479628882613957 0.023715415019762844
0 0.8660750302541347 0.3064652738565782 0.053247277127874144 0.027385657820440428
0 0.19947559499798306 0.3579898362507058 0.058491327148043566 0.025409373235460192
0 0.28136345300524407 0.36307171089779783 0.02702702702702703 0.01355166572557877
0 0.3598225090762404 0.3579898362507058 0.05647438483259379 0.020892151326933936
0 0.3953206938281565 0.36024844720496896 0.004840661557079467 0.019762845849802372
0 0.4856797095603066 0.35940146809712026 0.12101653892698669 0.024280067758328628
0 0.5594997983057685 0.36885940146809715 0.003227107704719645 0.00818746470920384
0 0.5968132311415894 0.364059853190288 0.030254134731746672 0.016092603049124788
0 0.68152480839048 0.3591191417278374 0.07866075030254134 0.023715415019762844
0 0.7916498588140379 0.36476566911349523 0.08430818878580072 0.033314511575381144
0 0.8969342476805163 0.36575381140598534 0.08511496571198064 0.040372670807453416
0 0.23436869705526422 0.4103613777526821 0.11617587736990723 0.03190287972896669
0 0.3408632513110125 0.40584415584415584 0.053247277127874144 0.016092603049124788
0 0.41750705929810406 0.4062676453980802 0.06776926179911255 0.01355166572557877
0 0.518354175070593 0.41756070016939584 0.09842678499394918 0.0378317334839074
0 0.5843081887858007 0.41727837380011296 0.008471157724889069 0.010728402032749858
0 0.6766841468334006 0.4150197628458498 0.11012505042355789 0.039525691699604744
0 0.7827753126260589 0.41078486730660646 0.04719645018152481 0.021456804065499716
0 0.8650665590964098 0.41431394692264256 0.0754336425978217 0.03980801806888763
0 0.9417103670835014 0.40683229813664595 0.045582896329164985 0.026538678712591756
0 0.22287212585720048 0.4401468097120271 0.08834207341670028 0.020327498588368152
0 0.372932634126664 0.4463579898362507 0.1262605889471561 0.029926595143986448
0 0.4953610326744655 0.4549689440993789 0.0572811617587737 0.012704686617730096
0 0.5893505445744252 0.4558159232072276 0.07180314643001211 0.012704686617730096
0 0.6926179911254539 0.4515810276679842 0.08229124647035095 0.021174477696216828
0 0.8011294876966518 0.45016939582156973 0.08713190802743041 0.023433088650479956
0 0.9167002823719241 0.45821569734613216 0.08834207341670028 0.04291360813099943
0 0.9669221460266236 0.46075663466967814 0.0024203307785397336 0.003952569169960474
0 0.20169423154497781 0.48898927159796723 0.06131504638967326 0.02710333145115754
0 0.30496167809600644 0.4915302089215133 0.09116579265832997 0.020327498588368152
0 0.3652682533279548 0.5039525691699605 0.0060508269463493344 0.007340485601355167
0 0.4025816861637757 0.49294184076792774 0.033884630899556276 0.0220214568040655
0 0.4953610326744655 0.49929418407679277 0.0935861234368697 0.03698475437605872
0 0.6155707946752723 0.4953416149068323 0.09116579265832997 0.022303783173348392
0 0.7525211778943123 0.49054206662902317 0.12868091972569584 0.025691699604743084
0 0.9096409842678499 0.4978825522303783 0.12505042355788623 0.026821005081874648
0 0.9814441306978621 0.5110107284020328 0.0024203307785397336 0.002258610954263128
0 0.20673658733360226 0.5742518351214003 0.0391286809197257 0.020892151326933936
0 0.32230738200887454 0.5714285714285714 0.11536910044372731 0.026538678712591756
0 0.4717628075837031 0.5731225296442688 0.10125050423557887 0.024844720496894408
0 0.590560709963695 0.5741106719367589 0.04033884630899556 0.027385657820440428
0 0.6672045179507866 0.5777809147374364 0.045986284792254944 0.014398644833427442
0 0.7634126663977411 0.577922077922078 0.06897942718838242 0.012422360248447204
0 0.872327551432029 0.5705815923207228 0.10528438886647842 0.031055900621118012
0 0.2743041549011698 0.6269057029926595 0.12343686970552642 0.020609824957651044
0 0.3553852359822509 0.6315640880858272 0.0024203307785397336 0.0016939582156973462
