0 0.16397741024606696 0.22063805759457933 0.038321903993545785 0.025691699604743084
0 0.23618394513916902 0.22727272727272727 0.05929810407422348 0.018068887634105024
0 0.32513110125050426 0.22529644268774704 0.08148446954417103 0.03387916431394692
0 0.4017749092375958 0.221485036702428 0.03630496167809601 0.027385657820440428
0 0.5841064945542558 0.22543760587238848 0.2710770471964502 0.035290796160361376
0 0.7926583299717628 0.2220496894409938 0.09519967728922953 0.0251270468661773
0 0.17022993142396128 0.2737154150197628 0.06857603872529246 0.0189158667419537
0 0.28378378378378377 0.2780914737436477 0.10044372730939895 0.01693958215697346
0 0.399959661153691 0.27413890457368717 0.058491327148043566 0.021456804065499716
0 0.47761194029850745 0.274703557312253 0.04679306171843485 0.023150762281197064
0 0.627672448567971 0.28091473743647655 0.18959257765227913 0.042348955392433656
0 0.7283178701089149 0.2855731225296443 0.002016942315449778 0.011575381140598532
0 0.7989108511496571 0.2735742518351214 0.10851149657119806 0.02766798418972332
0 0.20129084308188785 0.3232636928289102 0.12585720048406615 0.026538678712591756
0 0.3160548608309802 0.3246753246753247 0.06978620411456232 0.019762845849802372
0 0.4267849939491731 0.32298136645962733 0.08309802339653086 0.024280067758328628
0 0.545986284792255 0.32269904009034445 0.09076240419524001 0.024280067758328628
0 0.6784993949173054 0.33116883116883117 0.11698265429608713 0.03613777526821005
0 0.7880193626462283 0.3255223037831734 0.04154901169826543 0.020892151326933936
0 0.15590964098426785 0.3730942970073405 0.0391286809197257 0.027385657820440428
0 0.27934651068979427 0.3760587238848108 0.15691811214199275 0.023715415019762844
0 0.37333602258975396 0.38438735177865613 0.0028237192416296895 0.001976284584980237
0 0.42295280354981846 0.3739412761151892 0.04719645018152481 0.022303783173348392
0 0.5205728116175877 0.3771880293619424 0.09560306575231949 0.018068887634105024
0 0.5796692214602662 0.3867871259175607 0.0024203307785397336 0.012422360248447204
0 0.6506655909640984 0.37323546019198195 0.11617587736990723 0.02766798418972332
0 0.7872125857200484 0.384669678147939 0.10125050423557887 0.04488989271597967
0 0.20653489310205728 0.42715979672501414 0.13795885437676483 0.03670242800677583
0 0.3162565550625252 0.4264539808018069 0.03146430012101654 0.020045172219085264
0 0.3721258572004841 0.42715979672501414 0.04800322710770472 0.018068887634105024
0 0.5080677692617991 0.4339356295878035 0.17144009681323114 0.040654997176736304
0 0.6873739411052844 0.42970073404856013 0.12263009277934651 0.03670242800677583
0 0.7642194433239209 0.43605307735742516 0.0028237192416296895 0.01101072840203275
0 0.8257361839451391 0.427442123094297 0.09600645421540945 0.025409373235460192
0 0.19423154497781364 0.47374364765669114 0.11657926583299717 0.026538678712591756
0 0.3160548608309802 0.4774138904573687 0.06494554255748286 0.019198193111236588
0 0.35962081484469544 0.48771880293619424 0.002016942315449778 0.01101072840203275
0 0.4213392496974587 0.47910784867306605 0.09237595804759983 0.018068887634105024
0 0.581686163775716 0.48531902879728966 0.16135538523598225 0.045736871823828344
0 0.7607906413876563 0.4837662337662338 0.14199273900766438 0.04376058723884811
0 0.8511496571198064 0.48870694522868435 0.003227107704719645 0.00282326369282891
0 0.17668414683340056 0.5215979672501412 0.08309802339653086 0.029079616036137776
0 0.22569584509883017 0.5371259175607002 0.002016942315449778 0.010446075663466968
0 0.34872932634126663 0.5337380011293055 0.18838241226300928 0.040372670807453416
0 0.4530052440500202 0.5423489553924337 0.003227107704719645 0.012422360248447204
0 0.5058491327148044 0.5271033314511575 0.041145623235175476 0.026538678712591756
0 0.59116579265833 0.5262563523433089 0.08753529649052037 0.023150762281197064
0 0.7373941105284388 0.5324675324675324 0.14683340056474384 0.039525691699604744
0 0.8576038725292456 0.5385375494071146 0.06212182331585317 0.029644268774703556
0 0.17849939491730538 0.5766516092603049 0.0826946349334409 0.022868435911914172
0 0.3152480839048003 0.5772162619988707 0.13432835820895522 0.022868435911914172
0 0.436466317063332 0.5807453416149069 0.050826946349334406 0.017504234895539244
0 0.518354175070593 0.5773574251835122 0.05647438483259379 0.025974025974025976
0 0.6127470754336426 0.588085827216262 0.07664380798709157 0.03274985883681536
0 0.7204517950786608 0.5806041784302653 0.07664380798709157 0.03359683794466403
0 0.8098023396530859 0.5798983625070582 0.045582896329164985 0.029926595143986448
0 0.16438079870915692 0.6238001129305477 0.045582896329164985 0.031338226990400904
0 0.25110931827349736 0.6277526821005082 0.07301331181928197 0.02456239412761152
0 0.29951593384429204 0.6380575945793338 0.002016942315449778 0.001129305477131564
0 0.36163775716014523 0.6259175607001694 0.050423557886244454 0.028232636928289104
0 0.5076643807987091 0.6276115189158668 0.1674062121823316 0.029361942405420668
0 0.6448164582492941 0.6254940711462451 0.04154901169826543 0.03077357425183512
0 0.7398144413069786 0.6314229249011858 0.10246066962484873 0.020609824957651044
0 0.2519160951996773 0.7360248447204969 0.24243646631706334 0.044042913608131
0 0.4499798305768455 0.7377188029361943 0.10044372730939895 0.038396386222473176
0 0.6054860830980234 0.7269904009034444 0.1645824929407019 0.02766798418972332
0 0.7581686163775716 0.7272727272727273 0.08511496571198064 0.028232636928289104
