0 0.17708753529649052 0.21357989836250707 0.033884630899556276 0.02456239412761152
0 0.2527228721258572 0.21795595708639187 0.05929810407422348 0.029926595143986448
0 0.37131908027430416 0.21894409937888198 0.13432835820895522 0.0251270468661773
0 0.48527632109721663 0.2161208356860531 0.02581686163775716 0.017786561264822136
0 0.5478015328761597 0.21936758893280633 0.045986284792254944 0.011857707509881422
0 0.6073013311819282 0.21696781479390176 0.030254134731746672 0.026821005081874648
0 0.6668011294876967 0.217673630717109 0.042759177087535294 0.019198193111236588
0 0.7638160548608309 0.21950875211744778 0.07624041952400161 0.015527950310559006
0 0.17607906413876562 0.26990400903444384 0.04154901169826543 0.01355166572557877
0 0.254538120209762 0.265527950310559 0.06615570794675273 0.025691699604743084
0 0.2991125453812021 0.27413890457368717 0.0028237192416296895 0.00282326369282891
0 0.34852763210972165 0.2689158667419537 0.04517950786607503 0.016657255787690572
0 0.43929003630496166 0.2673630717108978 0.06938281565147236 0.020892151326933936
0 0.5330778539733764 0.27060982495765107 0.05687777329568374 0.01383399209486166
0 0.6252521177894312 0.27103331451157536 0.07341670028237192 0.024844720496894408
0 0.72650262202501 0.2689158667419537 0.04921339249697459 0.016092603049124788
0 0.19342476805163372 0.37337662337662336 0.0536506655909641 0.011575381140598532
0 0.290843081887858 0.36801242236024845 0.08793868495361033 0.014398644833427442
0 0.3830173457039129 0.36885940146809715 0.0326744655102864 0.021739130434782608
0 0.4828559903186769 0.3739412761151892 0.11536910044372731 0.03020892151326934
0 0.6226300927793466 0.37337662337662336 0.11335215812827754 0.012140033879164314
0 0.691004437273094 0.3747882552230378 0.009681323114158934 0.011575381140598532
0 0.7315449778136345 0.370412196499153 0.0318676885841065 0.020327498588368152
0 0.8037515127067366 0.37888198757763975 0.06655909640984267 0.029926595143986448
0 0.2291246470350948 0.41953698475437606 0.13231141589350545 0.019762845849802372
0 0.3826139572408229 0.41981931112365894 0.07704719645018153 0.023150762281197064
0 0.46974586526825335 0.423630717108978 0.04961678096006454 0.012140033879164314
0 0.563735377168213 0.42617165443252397 0.08592174263816055 0.013269339356295878
0 0.6760790641387656 0.4225014116318464 0.08551835417507059 0.017221908526256352
0 0.7936668011294877 0.4329474872953134 0.08027430415490117 0.0189158667419537
0 0.8670835014118596 0.42871259175607 0.033481242436466316 0.012140033879164314
0 0.20068576038725291 0.4719085262563523 0.0609116579265833 0.028514963297571992
0 0.27289229528035497 0.46922642574816487 0.02379991932230738 0.014680971202710334
0 0.3799919322307382 0.4699322416713721 0.09681323114158935 0.02456239412761152
0 0.5034288019362646 0.4697910784867307 0.09923356192012908 0.019762845849802372
0 0.563735377168213 0.48009599096555616 0.003630496167809601 0.001976284584980237
0 0.6413876563130294 0.4707792207792208 0.08067769261799113 0.023433088650479956
0 0.7573618394513917 0.47656691134952006 0.1036708350141186 0.012422360248447204
0 0.18152480839048002 0.5177865612648221 0.02016942315449778 0.018633540372670808
0 0.2319483662767245 0.5173630717108978 0.03711173860427592 0.018351214003387916
0 0.31464300121016536 0.5200451722190853 0.0653489310205728 0.015245623941276116
0 0.40883420734167003 0.5201863354037267 0.035901573215006054 0.01948051948051948
0 0.4878983461073013 0.5204686617730095 0.06897942718838242 0.020045172219085264
0 0.5947962888261396 0.5295031055900621 0.057684550221863654 0.026821005081874648
0 0.6893908834207342 0.5228684359119141 0.05163372327551432 0.020327498588368152
0 0.8081887858007261 0.5352907961603613 0.12141992739007665 0.030491247882552232
0 0.17930617184348527 0.5693111236589498 0.02702702702702703 0.022303783173348392
0 0.24606696248487292 0.5701581027667985 0.060508269463493344 0.029644268774703556
0 0.34288019362646227 0.5791925465838509 0.05647438483259379 0.029644268774703556
0 0.47216619604679305 0.5808865047995483 0.12141992739007665 0.037549407114624504
0 0.5490116982654296 0.5789102202145681 0.004033884630899556 0.002540937323546019
0 0.5933844292053247 0.5732636928289102 0.03872529245663574 0.018351214003387916
0 0.6597418313836224 0.5787690570299266 0.05526421944332392 0.011857707509881422
0 0.7644211375554659 0.577639751552795 0.09035901573215006 0.028232636928289104
0 0.2698668818071803 0.6280350084697911 0.19604679306171843 0.029644268774703556
0 0.38342073416700284 0.6302936194240542 0.003630496167809601 0.01101072840203275
0 0.4538120209762001 0.6235177865612648 0.05486083098023396 0.014963297571993224
0 0.5248083904800322 0.6245059288537549 0.033884630899556276 0.017504234895539244
0 0.6494554255748286 0.6257763975155279 0.10246066962484873 0.020045172219085264
0 0.7668414683340057 0.6260587238848109 0.07503025413473174 0.025691699604743084
0 0.8521581282775312 0.6239412761151891 0.050423557886244454 0.021456804065499716
0 0.22468737394110527 0.6773009599096556 0.10488100040338846 0.03500846979107849
0 0.32573618394513915 0.6732072275550537 0.024606696248487294 0.029644268774703556
0 0.3935054457442517 0.6763128176171654 0.014925373134328358 0.008752117447769622
0 0.5143202904396934 0.6716544325239977 0.12989108511496572 0.026538678712591756
0 0.6474384832593788 0.6773009599096556 0.063735377168213 0.01129305477131564
0 0.7216619604679306 0.6746188594014682 0.020976200080677694 0.020609824957651044
0 0.800121016538927 0.6756070016939583 0.07139975796692215 0.02258610954263128
0 0.1789027833803953 0.7323546019198193 0.014118596208148447 0.01129305477131564
0 0.23477208551835418 0.7302371541501976 0.05486083098023396 0.01101072840203275
0 0.3225090762404195 0.7260022586109542 0.052843888664784185 0.014963297571993224
0 0.418313836224284 0.7316487859966121 0.08793868495361033 0.03077357425183512
0 0.5828963291649859 0.7275550536420101 0.19846712384025816 0.02258610954263128
0 0.7057281161758774 0.7388481084133258 0.010891488503428802 0.00282326369282891
