0 0.14683340056474384 0.21739130434782608 0.03065752319483663 0.019198193111236588
0 0.22509076240419523 0.22346132128740825 0.06615570794675273 0.020609824957651044
0 0.32553448971359417 0.21936758893280633 0.0927793465106898 0.014116318464144552
0 0.41206131504638965 0.21852060982495766 0.04235578862444534 0.012987012987012988
0 0.481847519160952 0.22190852625635235 0.04235578862444534 0.009034443817052512
0 0.5974183138362242 0.22106154714850368 0.1427995159338443 0.018068887634105024
0 0.7109721661960468 0.21880293619424054 0.04154901169826543 0.010728402032749858
0 0.781766841468334 0.21739130434782608 0.0653489310205728 0.012422360248447204
0 0.8495361032674466 0.21753246753246752 0.03227107704719645 0.012704686617730096
0 0.8747478822105688 0.22416713721061546 0.0052440500201694235 0.006775832862789385
0 0.13856393707139975 0.269339356295878 0.026220250100847116 0.009599096555618294
0 0.190802743041549 0.2717391304347826 0.0645421540943929 0.020609824957651044
0 0.2579669221460266 0.2682100508187465 0.025413473174667203 0.01355166572557877
0 0.31847519160952 0.2696216826651609 0.043162565550625254 0.009599096555618294
0 0.37696651875756354 0.2689158667419537 0.035901573215006054 0.013269339356295878
0 0.43384429205324726 0.269339356295878 0.04881000403388463 0.012987012987012988
0 0.5129084308188786 0.2723037831733484 0.06494554255748286 0.01948051948051948
0 0.5871319080274304 0.26877470355731226 0.04719645018152481 0.010728402032749858
0 0.6448164582492941 0.2686335403726708 0.03751512706736587 0.011575381140598532
0 0.6920129084308189 0.2684923771880294 0.02702702702702703 0.01129305477131564
0 0.7430415490116983 0.2758328627893845 0.04437273093989512 0.0220214568040655
0 0.8059701492537313 0.27004517221908525 0.041145623235175476 0.009316770186335404
0 0.8745461879790238 0.2694805194805195 0.06615570794675273 0.013269339356295878
0 0.16216216216216217 0.32171089779785433 0.06857603872529246 0.020045172219085264
0 0.254941508672852 0.3191699604743083 0.08229124647035095 0.014963297571993224
0 0.30496167809600644 0.32396950875211744 0.0016135538523598225 0.001411631846414455
0 0.33319887051230335 0.31959345002823264 0.02016942315449778 0.012422360248447204
0 0.3945139169019766 0.31832298136645965 0.07745058491327148 0.013269339356295878
0 0.45784590560709965 0.32142857142857145 0.011294876966518758 0.007058159232072276
0 0.499798305768455 0.3190287972896669 0.03065752319483663 0.012987012987012988
0 0.5657523194836628 0.3201581027667984 0.06252521177894312 0.012987012987012988
0 0.6062928600242034 0.32622811970638055 0.003227107704719645 0.007058159232072276
0 0.6768858410649455 0.3204404291360813 0.11133521581282775 0.01637492941840768
0 0.7620008067769262 0.31959345002823264 0.02016942315449778 0.00846979107848673
0 0.8319887051230335 0.3207227555053642 0.08592174263816055 0.01355166572557877
0 0.15207745058491326 0.3687182382834557 0.03791851553045583 0.012987012987012988
0 0.20310609116579265 0.3719649915302089 0.012505042355788625 0.007058159232072276
0 0.23295683743444937 0.3697063805759458 0.031060911657926585 0.01383399209486166
0 0.31222267043162566 0.3743647656691135 0.08713190802743041 0.019762845849802372
0 0.3810004033884631 0.3709768492377188 0.020572811617587738 0.01355166572557877
0 0.4100443727309399 0.37224731789949184 0.014118596208148447 0.006493506493506494
0 0.4616780960064542 0.37859966120835686 0.05929810407422348 0.0220214568040655
0 0.5338846308995563 0.3705533596837945 0.03751512706736587 0.01101072840203275
0 0.627269060104881 0.36900056465273856 0.10810810810810811 0.01355166572557877
0 0.7373941105284388 0.3756352343308865 0.06292860024203308 0.0251270468661773
0 0.7914481645824929 0.37450592885375494 0.0024203307785397336 0.001411631846414455
0 0.8192819685356999 0.3705533596837945 0.02501008471157725 0.01383399209486166
0 0.1553045582896329 0.4201016374929418 0.053247277127874144 0.01355166572557877
0 0.2408229124647035 0.42066629023150764 0.06292860024203308 0.01355166572557877
0 0.30133118192819686 0.4215132693393563 0.021782977006857603 0.011857707509881422
0 0.35175473981444133 0.41981931112365894 0.03711173860427592 0.012422360248447204
0 0.4189189189189189 0.42179559570863917 0.031060911657926585 0.011857707509881422
0 0.49757966922146024 0.4213721061547149 0.06413876563130294 0.012704686617730096
0 0.5980233965308592 0.42701863354037267 0.09560306575231949 0.022868435911914172
0 0.7053247277127874 0.42419536984754375 0.0899556272690601 0.017221908526256352
0 0.7882210568777733 0.4205251270468662 0.04195240016135539 0.012704686617730096
0 0.8217022993142397 0.4257481648785997 0.005647438483259379 0.009034443817052512
0 0.15328761597418314 0.4696499153020892 0.033884630899556276 0.01383399209486166
0 0.22710770471964503 0.4754376058723885 0.04921339249697459 0.023715415019762844
0 0.3279548204921339 0.47289666854884244 0.0645421540943929 0.012422360248447204
0 0.37394110528438884 0.4779785431959345 0.003227107704719645 0.002258610954263128
