0 0.1581282775312626 0.22134387351778656 0.028237192416296894 0.02258610954263128
0 0.28317870108914883 0.22684923771880294 0.14925373134328357 0.039243365330321855
0 0.4647035094796289 0.22388481084133258 0.13957240822912464 0.03557312252964427
0 0.5782573618394514 0.22077922077922077 0.033481242436466316 0.020327498588368152
0 0.6615570794675272 0.21823828345567475 0.05808793868495361 0.025974025974025976
0 0.7668414683340057 0.22501411631846416 0.07503025413473174 0.039525691699604744
0 0.8650665590964098 0.22035573122529645 0.08188785800726099 0.027385657820440428
0 0.19766034691407824 0.27315076228119706 0.11133521581282775 0.0409373235460192
0 0.3063735377168213 0.27117447769621683 0.0536506655909641 0.0251270468661773
0 0.4144816458249294 0.26990400903444384 0.08753529649052037 0.025409373235460192
0 0.509883017345704 0.27540937323546016 0.03469140782573618 0.03472614342179559
0 0.5826946349334409 0.26990400903444384 0.05203711173860428 0.025409373235460192
0 0.6871722468737395 0.2684923771880294 0.10044372730939895 0.028797289666854884
0 0.7525211778943123 0.2803500846979108 0.003630496167809601 0.002258610954263128
0 0.8245260185558693 0.26976284584980237 0.0927793465106898 0.025691699604743084
0 0.16559096409842677 0.32707509881422925 0.04719645018152481 0.040372670807453416
0 0.29225494150867287 0.327639751552795 0.1335215812827753 0.041501976284584984
0 0.4146833400564744 0.31945228684359117 0.05808793868495361 0.023997741389045736
0 0.5528438886647842 0.32622811970638055 0.1536910044372731 0.037549407114624504
0 0.7410246066962485 0.32594579333709767 0.13473174667204518 0.03472614342179559
0 0.20693828156514724 0.3709768492377188 0.1355385235982251 0.028797289666854884
0 0.28963291649858813 0.38537549407114624 0.008067769261799113 0.012422360248447204
0 0.3563937071399758 0.3705533596837945 0.09156918112141993 0.026256352343308864
0 0.49394917305365066 0.38946922642574816 0.118192819685357 0.04940711462450593
0 0.6212182331585316 0.37111801242236025 0.07503025413473174 0.023997741389045736
0 0.7482855990318676 0.37365894974590624 0.12263009277934651 0.03472614342179559
0 0.8739411052843888 0.3705533596837945 0.08350141185962082 0.023433088650479956
0 0.1718434852763211 0.41967814793901753 0.04679306171843485 0.025691699604743084
0 0.2698668818071803 0.4267363071710898 0.08390480032271078 0.03980801806888763
0 0.36506655909640984 0.4256070016939582 0.041145623235175476 0.03303218520609825
0 0.42839854780153286 0.42292490118577075 0.05647438483259379 0.020892151326933936
0 0.5927793465106898 0.42814793901750425 0.21339249697458654 0.041501976284584984
0 0.7539330375151271 0.42292490118577075 0.03146430012101654 0.017504234895539244
0 0.8543767648245261 0.42179559570863917 0.08955223880597014 0.02258610954263128
0 0.21944332392093585 0.47360248447204967 0.14199273900766438 0.023433088650479956
0 0.36304961678096004 0.4805194805194805 0.10326744655102864 0.04178430265386787
0 0.4881000403388463 0.4775550536420102 0.09197256958450989 0.016657255787690572
0 0.5415490116982654 0.48334274421230944 0.003630496167809601 0.002258610954263128
0 0.590560709963695 0.47360248447204967 0.03872529245663574 0.022303783173348392
0 0.691407825736184 0.4709203839638622 0.11133521581282775 0.026538678712591756
0 0.8045582896329165 0.4827780914737436 0.04800322710770472 0.028232636928289104
0 0.8955223880597015 0.47459062676453984 0.07018959257765228 0.015810276679841896
0 0.21782977006857604 0.5289384528514963 0.16780960064542155 0.04488989271597967
0 0.3755546591367487 0.52343308865048 0.09116579265832997 0.024280067758328628
0 0.5145219846712384 0.5232919254658385 0.13029447357805568 0.0251270468661773
0 0.6702299314239613 0.5239977413890458 0.12222670431625655 0.025409373235460192
0 0.7888261395724082 0.5238565782044043 0.06010488100040339 0.027385657820440428
0 0.8900766438079871 0.5276679841897233 0.09398951189995966 0.014116318464144552
0 0.9445340863251311 0.5371259175607002 0.01573215006050827 0.014963297571993224
0 0.19140782573618395 0.5837097684923772 0.11173860427591771 0.04376058723884811
0 0.2942718838241226 0.5721343873517787 0.033481242436466316 0.027385657820440428
0 0.3983461073013312 0.5818746470920384 0.11738604275917709 0.04686617730095991
0 0.5022186365469947 0.5721343873517787 0.05244050020169423 0.027385657820440428
0 0.5947962888261396 0.5735460191981931 0.07139975796692215 0.025691699604743084
0 0.6379588543767648 0.5841332580463016 0.0028237192416296895 0.002258610954263128
0 0.7371924162968939 0.5749576510446076 0.15127067365873337 0.022868435911914172
0 0.8660750302541347 0.5742518351214003 0.05486083098023396 0.025974025974025976
0 0.17103670835014118 0.6239412761151891 0.0790641387656313 0.02766798418972332
0 0.27753126260588945 0.6291643139469226 0.0653489310205728 0.015527950310559006
0 0.4048003227107705 0.6324110671936759 0.13513513513513514 0.03896103896103896
0 0.5425574828559904 0.6304347826086957 0.0790641387656313 0.015245623941276116
0 0.6607503025413474 0.6260587238848109 0.10326744655102864 0.0251270468661773
0 0.7827753126260589 0.6254940711462451 0.08592174263816055 0.02456239412761152
0 0.8939088342073417 0.6240824392998306 0.08309802339653086 0.026256352343308864
0 0.23598225090762404 0.7237436476566911 0.18233158531665994 0.029079616036137776
0 0.33844292053247277 0.7392715979672502 0.003227107704719645 0.009881422924901186
0 0.44493747478822104 0.7340485601355167 0.16942315449778136 0.042348955392433656
0 0.5768455022186365 0.7302371541501976 0.022589753933037516 0.015527950310559006
0 0.6661960467930618 0.7274138904573687 0.10689794271883823 0.025691699604743084
0 0.7995159338442921 0.7278373800112931 0.11133521581282775 0.026538678712591756
0 0.8624445340863252 0.740824392998306 0.003227107704719645 0.002258610954263128
