0 0.1871722468737394 0.262987012987013 0.04437273093989512 0.027385657820440428
0 0.2763210972166196 0.264257481648786 0.08955223880597014 0.023150762281197064
0 0.4173053650665591 0.26171654432524 0.14158935054457442 0.03274985883681536
0 0.5540540540540541 0.2713156408808583 0.07220653489310205 0.015810276679841896
0 0.6258572004840661 0.27300959909655564 0.022993142396127472 0.01129305477131564
0 0.7283178701089149 0.2682100508187465 0.14885034288019364 0.025409373235460192
0 0.8499394917305365 0.27399774138904576 0.04921339249697459 0.03359683794466403
0 0.2809600645421541 0.3204404291360813 0.23598225090762404 0.038396386222473176
0 0.5215812827753126 0.33554488989271597 0.15893505445744252 0.05844155844155844
0 0.6559096409842678 0.325098814229249 0.048406615570794675 0.01383399209486166
0 0.7977006857603872 0.3186053077357425 0.1609519967728923 0.027950310559006212
0 0.30798709156918114 0.37012987012987014 0.3126260588947156 0.024280067758328628
0 0.5260185558693021 0.3687182382834557 0.07341670028237192 0.026538678712591756
0 0.608914885034288 0.37761151891586675 0.0463896732553449 0.0409373235460192
0 0.6758773699072207 0.3756352343308865 0.02702702702702703 0.01101072840203275
0 0.7702702702702703 0.38876341050254093 0.10770471964501815 0.044042913608131
0 0.2589753933037515 0.43407679277244493 0.200080677692618 0.053924336533032184
0 0.49959661153691004 0.43365330321852064 0.2101653892698669 0.045736871823828344
0 0.6712384025816862 0.4227837380011293 0.05808793868495361 0.020609824957651044
0 0.8386446147640177 0.436617730095991 0.21218233158531666 0.046583850931677016
0 0.18313836224283986 0.46725014116318464 0.0790641387656313 0.025974025974025976
0 0.28035498184751917 0.4686617730095991 0.06857603872529246 0.026538678712591756
0 0.4154901169826543 0.4805194805194805 0.15490116982654295 0.02766798418972332
0 0.536708350141186 0.4738848108413326 0.06010488100040339 0.020609824957651044
0 0.6256555062525212 0.47699040090344436 0.06776926179911255 0.014398644833427442
0 0.7031060911657927 0.472755505364201 0.03872529245663574 0.01948051948051948
0 0.8033481242436467 0.47501411631846413 0.1036708350141186 0.01383399209486166
0 0.8715207745058491 0.47995482778091475 0.002016942315449778 0.0016939582156973462
0 0.21319080274304156 0.5732636928289102 0.10931827349737798 0.022868435911914172
0 0.3225090762404195 0.5722755505364201 0.06736587333602259 0.02258610954263128
0 0.4219443323920936 0.5726990400903444 0.10084711577248891 0.0189158667419537
0 0.5290439693424768 0.5719932241671372 0.06655909640984267 0.02258610954263128
0 0.6151674062121824 0.5752399774138904 0.03469140782573618 0.017786561264822136
0 0.7079467527228721 0.5760869565217391 0.08713190802743041 0.020609824957651044
0 0.8688987494957644 0.573828345567476 0.1734570391286809 0.026821005081874648
0 0.18152480839048002 0.6219649915302089 0.03872529245663574 0.023150762281197064
0 0.2654296087131908 0.6214003387916431 0.09116579265832997 0.020892151326933936
0 0.32553448971359417 0.63085827216262 0.004033884630899556 0.004234895539243365
0 0.4017749092375958 0.6276115189158668 0.11133521581282775 0.023150762281197064
0 0.5609116579265833 0.6249294184076792 0.17466720451795079 0.03190287972896669
0 0.6827349737797499 0.627046866177301 0.0391286809197257 0.015810276679841896
0 0.7622025010084712 0.6240824392998306 0.10125050423557887 0.027385657820440428
0 0.23678902783380396 0.6777244494635799 0.16135538523598225 0.03472614342179559
0 0.3245260185558693 0.6849237718802936 0.00927793465106898 0.017504234895539244
0 0.4429205324727713 0.672360248447205 0.200080677692618 0.023997741389045736
0 0.6133521581282775 0.676171654432524 0.0891488503428802 0.021456804065499716
0 0.7125857200484066 0.6763128176171654 0.06736587333602259 0.023433088650479956
0 0.8759580475998386 0.6873235460191982 0.22146026623638565 0.041501976284584984
0 0.21117386042759176 0.7204968944099379 0.10689794271883823 0.028232636928289104
0 0.3118192819685357 0.7216261998870694 0.05889471561113352 0.026538678712591756
0 0.4144816458249294 0.7339073969508753 0.1036708350141186 0.05110107284020327
0 0.5395320693828156 0.7248729531338227 0.08027430415490117 0.026256352343308864
0 0.6704316256555063 0.737012987012987 0.13876563130294473 0.04601919819311124
0 0.781766841468334 0.7269904009034444 0.042759177087535294 0.021456804065499716
0 0.8600242033077854 0.7261434217955957 0.07018959257765228 0.02258610954263128
