0 0.1799112545381202 0.23687182382834557 0.04517950786607503 0.020327498588368152
0 0.25312626058894716 0.23771880293619424 0.05929810407422348 0.020892151326933936
0 0.33965308592174265 0.23673066064370413 0.048406615570794675 0.021174477696216828
0 0.4245663574021783 0.23927159796725014 0.05929810407422348 0.020045172219085264
0 0.5145219846712384 0.23644833427442122 0.03993545784590561 0.022303783173348392
0 0.6018555869302138 0.24322416713721062 0.06776926179911255 0.023433088650479956
0 0.7295280354981848 0.24957651044607565 0.1254538120209762 0.04009034443817053
0 0.8029447357805567 0.2515527950310559 0.0052440500201694235 0.009034443817052512
0 0.17325534489713595 0.2886787125917561 0.02702702702702703 0.014963297571993224
0 0.26845502218636547 0.2868435911914173 0.12141992739007665 0.026538678712591756
0 0.3699072206534893 0.2893845285149633 0.024203307785397338 0.014680971202710334
0 0.43061718434852764 0.2878317334839074 0.0391286809197257 0.014398644833427442
0 0.4550221863654699 0.29700734048560135 0.0024203307785397336 0.002258610954263128
0 0.509277934651069 0.2855731225296443 0.05203711173860428 0.021174477696216828
0 0.582089552238806 0.2852907961603614 0.0572811617587737 0.026256352343308864
0 0.6752722872125857 0.28698475437605875 0.08874546187979024 0.021739130434782608
0 0.7702702702702703 0.28430265386787124 0.05203711173860428 0.023715415019762844
0 0.1837434449374748 0.34570863918690004 0.06897942718838242 0.032467532467532464
0 0.29245663574021785 0.34330886504799546 0.08390480032271078 0.03387916431394692
0 0.34530052440500203 0.35191981931112365 0.005647438483259379 0.009316770186335404
0 0.44352561516740624 0.3447204968944099 0.13432835820895522 0.03557312252964427
0 0.5473981444130698 0.338085827216262 0.021782977006857603 0.01948051948051948
0 0.6351351351351351 0.34076792772444947 0.0891488503428802 0.012987012987012988
0 0.7416296893908835 0.3451439864483343 0.0826946349334409 0.03585544889892716
0 0.8289632916498588 0.3438735177865613 0.03953206938281565 0.039525691699604744
0 0.25514320290439696 0.4018915866741954 0.21500605082694635 0.040372670807453416
0 0.4441306978620411 0.40132693393562957 0.10326744655102864 0.03190287972896669
0 0.5675675675675675 0.39596273291925466 0.08148446954417103 0.03472614342179559
0 0.653892698668818 0.3880575945793337 0.042759177087535294 0.021739130434782608
0 0.7494957644211375 0.3979390175042349 0.10326744655102864 0.03980801806888763
0 0.8436869705526422 0.3929983060417843 0.04154901169826543 0.038396386222473176
0 0.15933844292053248 0.4395821569734613 0.04033884630899556 0.020327498588368152
0 0.2537313432835821 0.44000564652738566 0.09681323114158935 0.021739130434782608
0 0.4005647438483259 0.45172219085262566 0.1218233158531666 0.03162055335968379
0 0.5586930213795885 0.44776962168266515 0.15732150060508268 0.03500846979107849
0 0.6444130697862042 0.45313382269904007 0.008471157724889069 0.011857707509881422
0 0.7198467123840259 0.4522868435911914 0.09318273497377975 0.028232636928289104
0 0.20532472771278742 0.5433370976849238 0.10649455425574829 0.017786561264822136
0 0.35962081484469544 0.5526538678712591 0.1464300121016539 0.029079616036137776
0 0.4584509883017346 0.5496894409937888 0.0052440500201694235 0.003952569169960474
0 0.49515933844292054 0.5376905702992659 0.013311819281968536 0.020609824957651044
0 0.5621218233158531 0.5392433653303218 0.06252521177894312 0.018068887634105024
0 0.6734570391286809 0.5470073404856014 0.11657926583299717 0.03303218520609825
0 0.7886244453408633 0.536420101637493 0.04921339249697459 0.018633540372670808
0 0.18475191609519967 0.5894974590626765 0.07018959257765228 0.0220214568040655
0 0.2791448164582493 0.5971202710333146 0.06696248487293263 0.03387916431394692
0 0.35760387252924564 0.5935911914172783 0.021379588543767647 0.01383399209486166
0 0.4062121823315853 0.5893562958780351 0.041145623235175476 0.021174477696216828
0 0.509479628882614 0.5907679277244494 0.08632513110125051 0.021174477696216828
0 0.6192012908430818 0.5988142292490118 0.08390480032271078 0.03500846979107849
0 0.7027027027027027 0.599802371541502 0.03227107704719645 0.040372670807453416
0 0.8104074223477209 0.6009316770186336 0.13150463896732553 0.03585544889892716
0 0.8820088745461879 0.6030491247882552 0.007664380798709157 0.010728402032749858
0 0.1837434449374748 0.6386222473178995 0.05445744251714401 0.025974025974025976
0 0.3717224687373941 0.6513269339356296 0.2617991125453812 0.034443817052512704
0 0.6278741427995159 0.6469508752117448 0.17870108914885036 0.026256352343308864
0 0.7841871722468737 0.635940146809712 0.0572811617587737 0.020609824957651044
0 0.22186365469947558 0.7027103331451158 0.12827753126260588 0.03670242800677583
0 0.33864461476401775 0.6908526256352343 0.04477611940298507 0.020892151326933936
0 0.41629689390883423 0.7052512704686618 0.06696248487293263 0.029361942405420668
0 0.499798305768455 0.6943817052512705 0.029850746268656716 0.035290796160361376
0 0.5619201290843082 0.6901468097120271 0.04759983864461476 0.017786561264822136
0 0.6849536103267446 0.6884528514963297 0.09923356192012908 0.03020892151326934
0 0.7987091569181122 0.6964991530208922 0.060508269463493344 0.030491247882552232
0 0.8559903186768858 0.7007340485601355 0.004033884630899556 0.002258610954263128
