0 0.1718434852763211 0.2149915302089215 0.05486083098023396 0.017786561264822136
0 0.2811617587736991 0.217673630717109 0.13311819281968534 0.026538678712591756
0 0.390681726502622 0.21725014116318464 0.057684550221863654 0.0189158667419537
0 0.4495764421137555 0.21626199887069453 0.031060911657926585 0.019198193111236588
0 0.5486083098023397 0.21569734613212874 0.13473174667204518 0.019762845849802372
0 0.6795078660750302 0.2155561829474873 0.09398951189995966 0.016657255787690572
0 0.7674465510286406 0.21781479390175043 0.0681726502622025 0.010446075663466968
0 0.835820895522388 0.21696781479390176 0.05405405405405406 0.016092603049124788
0 0.9070189592577652 0.2171089779785432 0.06978620411456232 0.010163749294184076
0 0.17224687373941105 0.26312817617165446 0.06212182331585317 0.01693958215697346
0 0.22509076240419523 0.2684923771880294 0.02016942315449778 0.00846979107848673
0 0.33642597821702297 0.2691981931112366 0.17022993142396128 0.021739130434782608
0 0.4489713594191206 0.2682100508187465 0.028237192416296894 0.020892151326933936
0 0.5415490116982654 0.2670807453416149 0.13029447357805568 0.014680971202710334
0 0.6916095199677289 0.2651044607566347 0.1383622428398548 0.021456804065499716
0 0.7918515530455829 0.2662337662337662 0.03065752319483663 0.014680971202710334
0 0.8533682936668011 0.2641163184641446 0.06333198870512304 0.018351214003387916
0 0.18212989108511496 0.32142857142857145 0.08188785800726099 0.020045172219085264
0 0.2880193626462283 0.31592320722755507 0.10326744655102864 0.019198193111236588
0 0.35135135135135137 0.32396950875211744 0.00645421540943929 0.008752117447769622
0 0.38463089955627267 0.3188876341050254 0.05203711173860428 0.021739130434782608
0 0.46006454215409437 0.31959345002823264 0.07624041952400161 0.023150762281197064
0 0.599435256151674 0.31804065499717676 0.17022993142396128 0.028514963297571992
0 0.717628075837031 0.31394692264257484 0.05486083098023396 0.019762845849802372
0 0.8334005647438483 0.32058159232072275 0.15490116982654295 0.025691699604743084
0 0.1553045582896329 0.3681535855448899 0.03065752319483663 0.02258610954263128
0 0.21339249697458654 0.36928289102202144 0.055667607906413875 0.024844720496894408
0 0.28862444534086323 0.37027103331451156 0.07382008874546188 0.010446075663466968
0 0.4201290843081888 0.3708356860530774 0.17224687373941105 0.026821005081874648
0 0.5133118192819686 0.37577639751552794 0.003630496167809601 0.009599096555618294
0 0.5677692617991126 0.36674195369847545 0.09883017345703912 0.01693958215697346
0 0.6694231544977813 0.3728119706380576 0.0899556272690601 0.027385657820440428
0 0.7642194433239209 0.3709768492377188 0.08430818878580072 0.0220214568040655
0 0.8590157321500606 0.3650479954827781 0.07462686567164178 0.019198193111236588
0 0.9054054054054054 0.37210615471485037 0.0060508269463493344 0.002258610954263128
0 0.17587736990722067 0.41770186335403725 0.07987091569181122 0.020045172219085264
0 0.2736990722065349 0.4162902315076228 0.0899556272690601 0.020609824957651044
0 0.3481242436466317 0.41798418972332013 0.03630496167809601 0.0251270468661773
0 0.4062121823315853 0.415725578769057 0.05163372327551432 0.020609824957651044
0 0.5123033481242436 0.41869000564652736 0.14764017749092376 0.019762845849802372
0 0.6244453408632513 0.41798418972332013 0.05486083098023396 0.02456239412761152
0 0.6684146833400565 0.41643139469226426 0.02501008471157725 0.020327498588368152
0 0.719039935457846 0.41699604743083 0.057684550221863654 0.01693958215697346
0 0.7898346107301332 0.4168548842461886 0.06776926179911255 0.018351214003387916
0 0.8616377571601452 0.42504234895539245 0.05889471561113352 0.017221908526256352
0 0.18192819685356998 0.4696499153020892 0.09035901573215006 0.029079616036137776
0 0.3096006454215409 0.4675324675324675 0.1319080274304155 0.020327498588368152
0 0.3989511899959661 0.4723320158102767 0.02501008471157725 0.009034443817052512
0 0.5155304558289633 0.47360248447204967 0.1782977006857604 0.029079616036137776
0 0.7041145623235175 0.47261434217955955 0.17789431222267044 0.038396386222473176
0 0.8688987494957644 0.47134387351778656 0.13231141589350545 0.0251270468661773
0 0.1863654699475595 0.516798418972332 0.11375554659136748 0.020609824957651044
0 0.3061718434852763 0.521880293619424 0.10246066962484873 0.023997741389045736
0 0.38342073416700284 0.5165160926030491 0.03993545784590561 0.020609824957651044
0 0.4536103267446551 0.5176453980801807 0.06978620411456232 0.0189158667419537
0 0.563331988705123 0.5190570299265952 0.13029447357805568 0.018351214003387916
0 0.6994755949979831 0.5197628458498024 0.11133521581282775 0.019198193111236588
0 0.8083904800322711 0.5201863354037267 0.08229124647035095 0.023997741389045736
0 0.17103670835014118 0.5681818181818182 0.060508269463493344 0.016092603049124788
0 0.30798709156918114 0.5683229813664596 0.17950786607503025 0.018068887634105024
0 0.445139169019766 0.568746470920384 0.056070996369503835 0.016657255787690572
0 0.5738200887454619 0.5700169395821569 0.16579265832997175 0.020892151326933936
0 0.7210568777732956 0.57128740824393 0.09963695038321904 0.01948051948051948
0 0.8624445340863252 0.5726990400903444 0.16216216216216217 0.0189158667419537
0 0.18697055264219442 0.6153303218520609 0.11980637353771682 0.021739130434782608
0 0.2932634126663977 0.6171654432523997 0.07341670028237192 0.020327498588368152
0 0.40661557079467525 0.627046866177301 0.11859620814844696 0.020327498588368152
0 0.5135135135135135 0.6260587238848109 0.05163372327551432 0.017221908526256352
0 0.6107301331181928 0.6223884810841332 0.1145623235175474 0.037549407114624504
0 0.7085518354175071 0.61914172783738 0.06171843485276321 0.019762845849802372
0 0.8154497781363453 0.6194240542066629 0.11173860427591771 0.024280067758328628
0 0.17265026220250101 0.6702428006775832 0.07099636950383219 0.031055900621118012
0 0.26058894715611136 0.6661490683229814 0.055667607906413875 0.021174477696216828
0 0.38563937071399756 0.6667137210615471 0.14844695441710368 0.023433088650479956
0 0.4868898749495764 0.6661490683229814 0.03630496167809601 0.01948051948051948
