0 0.1555062525211779 0.21513269339356295 0.035901573215006054 0.019762845849802372
0 0.23961274707543365 0.21880293619424054 0.06776926179911255 0.012422360248447204
0 0.34227511093182733 0.22233201581027667 0.08027430415490117 0.029079616036137776
0 0.427390076643808 0.21527385657820441 0.040742234772085516 0.018351214003387916
0 0.553852359822509 0.21739130434782608 0.17749092375958048 0.023715415019762844
0 0.6948366276724486 0.217673630717109 0.0609116579265833 0.012987012987012988
0 0.8102057281161759 0.22120271033314512 0.12948769665187576 0.03190287972896669
0 0.8803953206938282 0.22910784867306608 0.006857603872529245 0.007622811970638058
0 0.16438079870915692 0.26665725578769056 0.05929810407422348 0.020045172219085264
0 0.23598225090762404 0.2683512140033879 0.029043969342476807 0.014963297571993224
0 0.3327954820492134 0.2683512140033879 0.1218233158531666 0.017221908526256352
0 0.4790237999193223 0.2663749294184077 0.11335215812827754 0.01948051948051948
0 0.5780556676079064 0.2670807453416149 0.023396530859217425 0.01693958215697346
0 0.6200080677692618 0.2673630717108978 0.04437273093989512 0.018633540372670808
0 0.7248890681726503 0.26976284584980237 0.1355385235982251 0.021739130434782608
0 0.8499394917305365 0.27300959909655564 0.09681323114158935 0.02766798418972332
0 0.9019766034691408 0.27625635234330886 0.0024203307785397336 0.001976284584980237
0 0.16397741024606696 0.3176171654432524 0.0463896732553449 0.019762845849802372
0 0.2561516740621218 0.31959345002823264 0.07099636950383219 0.01693958215697346
0 0.3382412263009278 0.32142857142857145 0.043162565550625254 0.011575381140598532
0 0.48870512303348124 0.3169113495200452 0.20209762000806777 0.01948051948051948
0 0.6409842678499394 0.31846414455110106 0.055667607906413875 0.017504234895539244
0 0.7085518354175071 0.3201581027667984 0.03751512706736587 0.023150762281197064
0 0.7789431222267044 0.3201581027667984 0.11617587736990723 0.019762845849802372
0 0.8430818878580073 0.32679277244494637 0.011294876966518758 0.007622811970638058
0 0.8888664784187172 0.31846414455110106 0.06010488100040339 0.018633540372670808
0 0.1754739814441307 0.36914172783738003 0.06776926179911255 0.020045172219085264
0 0.2811617587736991 0.37732919254658387 0.08955223880597014 0.022303783173348392
0 0.37595804759983864 0.37125917560700167 0.06131504638967326 0.012987012987012988
0 0.4126663977410246 0.37648221343873517 0.007260992335619202 0.007058159232072276
0 0.4400968132311416 0.37125917560700167 0.03711173860427592 0.012422360248447204
0 0.5213795885437676 0.3697063805759458 0.11093182734973779 0.020045172219085264
0 0.618192819685357 0.37027103331451156 0.04800322710770472 0.026256352343308864
0 0.6916095199677289 0.3708356860530774 0.06171843485276321 0.021739130434782608
0 0.7843888664784188 0.3685770750988142 0.0826946349334409 0.017786561264822136
0 0.8735377168212989 0.3743647656691135 0.06333198870512304 0.028797289666854884
0 0.181726502622025 0.475296442687747 0.0891488503428802 0.029644268774703556
0 0.29164985881403793 0.47063805759457933 0.06857603872529246 0.01693958215697346
0 0.37878176684146836 0.4688029361942405 0.055667607906413875 0.017221908526256352
0 0.4552238805970149 0.47247317899491814 0.06010488100040339 0.02456239412761152
0 0.5687777329568374 0.4738848108413326 0.12827753126260588 0.023997741389045736
0 0.627269060104881 0.4772727272727273 0.0024203307785397336 0.001411631846414455
