0 0.15570794675272287 0.2737154150197628 0.02501008471157725 0.014963297571993224
0 0.19705526421944333 0.27399774138904576 0.03751512706736587 0.017221908526256352
0 0.30597014925373134 0.2724449463579898 0.15127067365873337 0.026538678712591756
0 0.35962081484469544 0.2852907961603614 0.02864058087938685 0.012704686617730096
0 0.4253731343283582 0.275974025974026 0.09156918112141993 0.018351214003387916
0 0.46672045179507865 0.2875494071146245 0.01855586930213796 0.009881422924901186
0 0.509883017345704 0.27625635234330886 0.05163372327551432 0.016092603049124788
0 0.5540540540540541 0.277244494635799 0.03428801936264623 0.014680971202710334
0 0.6147640177490924 0.2875494071146245 0.08309802339653086 0.03359683794466403
0 0.7224687373941105 0.2816205533596838 0.10891488503428802 0.021739130434782608
0 0.8102057281161759 0.2813382269904009 0.04719645018152481 0.028514963297571992
0 0.8576038725292456 0.2833145115753811 0.05889471561113352 0.008752117447769622
0 0.163574021782977 0.38015245623941274 0.07139975796692215 0.03585544889892716
0 0.20028237192416296 0.3802936194240542 0.004437273093989512 0.00282326369282891
0 0.24062121823315852 0.3759175607001694 0.04154901169826543 0.015527950310559006
0 0.345703912868092 0.3709768492377188 0.12827753126260588 0.025974025974025976
0 0.40883420734167003 0.3802936194240542 0.02944735780556676 0.007340485601355167
0 0.4526018555869302 0.38015245623941274 0.04356595401371521 0.029079616036137776
0 0.5260185558693021 0.385940146809712 0.09842678499394918 0.044042913608131
0 0.6282775312626059 0.3781761716544325 0.07624041952400161 0.017786561264822136
0 0.7204517950786608 0.37732919254658387 0.08390480032271078 0.0189158667419537
0 0.7785397337636144 0.37676453980801805 0.04921339249697459 0.020045172219085264
0 0.20512303348124244 0.5307735742518351 0.14078257361839452 0.01355166572557877
0 0.3358208955223881 0.528514963297572 0.07220653489310205 0.014116318464144552
0 0.40762404195240015 0.5282326369282891 0.05929810407422348 0.019198193111236588
0 0.4519967728922953 0.5306324110671937 0.019766034691407825 0.008752117447769622
0 0.5110931827349737 0.5341614906832298 0.07341670028237192 0.011857707509881422
0 0.6194029850746269 0.532326369282891 0.11415893505445744 0.027385657820440428
0 0.718636546994756 0.5385375494071146 0.07220653489310205 0.032467532467532464
0 0.8150463896732554 0.5299265951439864 0.08511496571198064 0.018068887634105024
0 0.2769261799112545 0.626764539808018 0.2698668818071803 0.024280067758328628
0 0.4213392496974587 0.6366459627329193 0.0028237192416296895 0.00282326369282891
