0 0.15954013715207746 0.22077922077922077 0.06171843485276321 0.025409373235460192
0 0.2392093586123437 0.21795595708639187 0.053247277127874144 0.0220214568040655
0 0.3152480839048003 0.21979107848673066 0.0681726502622025 0.01948051948051948
0 0.4116579265832997 0.22007340485601354 0.09883017345703912 0.023433088650479956
0 0.5062525211778943 0.22063805759457933 0.03953206938281565 0.021174477696216828
0 0.5663574021782977 0.22233201581027667 0.03953206938281565 0.016657255787690572
0 0.6419927390076644 0.2279785431959345 0.08108108108108109 0.020045172219085264
0 0.6877773295683743 0.22840203274985885 0.003227107704719645 0.010163749294184076
0 0.7248890681726503 0.22007340485601354 0.04356595401371521 0.0189158667419537
0 0.7900363049616781 0.22106154714850368 0.0463896732553449 0.019198193111236588
0 0.18293666801129488 0.27413890457368717 0.10044372730939895 0.02710333145115754
0 0.2977006857603873 0.2714568040654997 0.07422347720855184 0.01948051948051948
0 0.34207341670028235 0.28147939017504237 0.004840661557079467 0.01129305477131564
0 0.37373941105284386 0.27413890457368717 0.03509479628882614 0.01355166572557877
0 0.4396934247680516 0.2724449463579898 0.03791851553045583 0.019762845849802372
0 0.5528438886647842 0.2751270468661773 0.16014521984671237 0.027385657820440428
0 0.6696248487293264 0.27343308865047994 0.03146430012101654 0.021739130434782608
0 0.7472771278741428 0.27188029361942406 0.07139975796692215 0.02258610954263128
0 0.8257361839451391 0.2761151891586674 0.05244050020169423 0.028797289666854884
0 0.16317063331988704 0.3197346132128741 0.04881000403388463 0.022303783173348392
0 0.2498991528842275 0.3207227555053642 0.07059298104074223 0.02258610954263128
0 0.326946349334409 0.3245341614906832 0.03509479628882614 0.011575381140598532
0 0.34973779749899153 0.33130999435347264 0.0024203307785397336 0.012140033879164314
0 0.40964098426784995 0.3231225296442688 0.051230334812424366 0.021174477696216828
0 0.48083904800322713 0.3231225296442688 0.04195240016135539 0.020045172219085264
0 0.609721661960468 0.3231225296442688 0.17224687373941105 0.021174477696216828
0 0.7006857603872529 0.33145115753811405 0.0024203307785397336 0.0016939582156973462
0 0.7289229528035498 0.3186053077357425 0.007260992335619202 0.008752117447769622
0 0.7646228317870108 0.3256634669678148 0.0391286809197257 0.016092603049124788
0 0.8255344897135942 0.33258046301524563 0.04961678096006454 0.017504234895539244
0 0.1799112545381202 0.3706945228684359 0.07664380798709157 0.020892151326933936
0 0.2373941105284389 0.38071710897797856 0.004437273093989512 0.011575381140598532
0 0.263412666397741 0.3715415019762846 0.005647438483259379 0.01693958215697346
0 0.3065752319483663 0.371682665160926 0.048406615570794675 0.021739130434782608
0 0.3775716014521985 0.37337662337662336 0.03227107704719645 0.017221908526256352
0 0.4461476401774909 0.37238848108413325 0.0645421540943929 0.02258610954263128
0 0.5348931020572811 0.3719649915302089 0.06938281565147236 0.023997741389045736
0 0.6077047196450182 0.37775268210050816 0.0463896732553449 0.014680971202710334
0 0.7083501411859621 0.3740824392998306 0.10972166196046793 0.020327498588368152
0 0.19927390076643808 0.4234895539243365 0.127470754336426 0.02258610954263128
0 0.299919322307382 0.42405420666290233 0.02379991932230738 0.019762845849802372
0 0.34751916095199675 0.4225014116318464 0.0391286809197257 0.020609824957651044
0 0.4332392093586123 0.4246188594014681 0.09439290036304962 0.021456804065499716
0 0.5304558289632917 0.4313946922642575 0.0653489310205728 0.020892151326933936
0 0.5677692617991126 0.4333709768492377 0.0028237192416296895 0.007905138339920948
0 0.5887454618797903 0.42391304347826086 0.007664380798709157 0.013269339356295878
0 0.6456232351754739 0.42320722755505363 0.050423557886244454 0.020327498588368152
0 0.746268656716418 0.42377188029361945 0.10568777732956837 0.023150762281197064
0 0.8037515127067366 0.4295595708639187 0.0028237192416296895 0.002540937323546019
0 0.8428801936264623 0.42405420666290233 0.051230334812424366 0.0220214568040655
0 0.16518757563533684 0.4717673630717109 0.052843888664784185 0.023715415019762844
0 0.2876159741831384 0.4738848108413326 0.127470754336426 0.022868435911914172
0 0.38039532069382814 0.4748729531338227 0.020976200080677694 0.019762845849802372
0 0.47761194029850745 0.47783738001129306 0.13231141589350545 0.03020892151326934
0 0.6325131101250504 0.47557876905702995 0.11214199273900767 0.020609824957651044
0 0.7045179507866075 0.4841897233201581 0.0028237192416296895 0.009599096555618294
0 0.7256958450988302 0.48009599096555616 0.023396530859217425 0.012704686617730096
0 0.8065752319483662 0.4762845849802372 0.11254538120209762 0.023150762281197064
0 0.17668414683340056 0.5247035573122529 0.07987091569181122 0.022868435911914172
0 0.26845502218636547 0.5249858836815359 0.03509479628882614 0.027950310559006212
0 0.3511496571198064 0.5237154150197628 0.06010488100040339 0.021456804065499716
0 0.4715611133521581 0.5340203274985884 0.09439290036304962 0.034161490683229816
0 0.5935861234368697 0.5251270468661773 0.11577248890681727 0.02258610954263128
0 0.7329568374344494 0.5261151891586674 0.08229124647035095 0.022303783173348392
0 0.8287615974183138 0.5266798418972332 0.07624041952400161 0.020609824957651044
0 0.8697055264219443 0.5355731225296443 0.003227107704719645 0.007905138339920948
0 0.15066559096409843 0.5748164878599661 0.02379991932230738 0.015810276679841896
0 0.2436466317063332 0.5742518351214003 0.09600645421540945 0.024280067758328628
0 0.39209358612343687 0.5762281197063805 0.1145623235175474 0.023715415019762844
0 0.5024203307785398 0.5746753246753247 0.06736587333602259 0.02456239412761152
0 0.5699878983461073 0.5800395256916996 0.02501008471157725 0.014398644833427442
0 0.6383622428398548 0.5755223037831734 0.06575231948366277 0.021739130434782608
0 0.7166196046793062 0.5800395256916996 0.03509479628882614 0.012140033879164314
0 0.7666397741024606 0.5759457933370977 0.040742234772085516 0.023715415019762844
0 0.19483662767244858 0.6739130434782609 0.08309802339653086 0.023150762281197064
0 0.24062121823315852 0.6829474872953134 0.0028237192416296895 0.002258610954263128
0 0.2263009277934651 0.7737154150197628 0.14764017749092376 0.031338226990400904
