0 0.1510689794271884 0.2587521174477696 0.00927793465106898 0.010446075663466968
0 0.18777732956837434 0.26679841897233203 0.04881000403388463 0.021456804065499716
0 0.24384832593787817 0.2652456239412761 0.00927793465106898 0.021174477696216828
0 0.2745058491327148 0.2649632975719932 0.03751512706736587 0.021739130434782608
0 0.35397337636143605 0.2696216826651609 0.06736587333602259 0.029926595143986448
0 0.4570391286809197 0.2735742518351214 0.08067769261799113 0.025974025974025976
0 0.5756353368293666 0.2704686617730096 0.09600645421540945 0.032185206098249576
0 0.6988705123033482 0.26750423489553926 0.07624041952400161 0.021174477696216828
0 0.7995159338442921 0.2756916996047431 0.07260992335619201 0.016657255787690572
0 0.8477208551835418 0.27752682100508186 0.008471157724889069 0.00846979107848673
0 0.8697055264219443 0.2587521174477696 0.01290843081887858 0.006493506493506494
0 0.2146026623638564 0.31493506493506496 0.13957240822912464 0.032467532467532464
0 0.3291649858814038 0.3207227555053642 0.05647438483259379 0.010728402032749858
0 0.43142396127470756 0.3241106719367589 0.10528438886647842 0.028232636928289104
0 0.48850342880193626 0.32608695652173914 0.0024203307785397336 0.0016939582156973462
0 0.5233965308592174 0.30561829474872954 0.00927793465106898 0.007622811970638058
0 0.5645421540943929 0.31620553359683795 0.06494554255748286 0.023715415019762844
0 0.6569181121419927 0.31592320722755507 0.040742234772085516 0.024280067758328628
0 0.7386042759177087 0.3147939017504235 0.05244050020169423 0.02258610954263128
0 0.8110125050423558 0.320016939582157 0.03993545784590561 0.032467532467532464
0 0.16599435256151673 0.3650479954827781 0.04235578862444534 0.026538678712591756
0 0.26300927793465106 0.365330321852061 0.08874546187979024 0.024280067758328628
0 0.32129891085114964 0.37676453980801805 0.003630496167809601 0.005364201016374929
0 0.34953610326744655 0.3697063805759458 0.019766034691407825 0.015527950310559006
0 0.39128680919725695 0.365330321852061 0.026623638563937072 0.02258610954263128
0 0.42396127470754336 0.3660361377752682 0.012101653892698669 0.0251270468661773
0 0.4481645824929407 0.3544607566346697 0.014521984671238403 0.00818746470920384
0 0.49052037111738606 0.35629587803500845 0.010488100040338847 0.009034443817052512
0 0.5225897539330375 0.3709768492377188 0.04719645018152481 0.03613777526821005
0 0.5877369907220653 0.37351778656126483 0.03953206938281565 0.009034443817052512
0 0.6502622025010085 0.36617730095990964 0.028237192416296894 0.02258610954263128
0 0.7097620008067769 0.3697063805759458 0.021379588543767647 0.017221908526256352
0 0.7234772085518354 0.38085827216261997 0.006857603872529245 0.009034443817052512
0 0.7488906817265026 0.35629587803500845 0.01734570391286809 0.012422360248447204
0 0.817870108914885 0.36278938452851495 0.06333198870512304 0.025974025974025976
0 0.17950786607503025 0.41741953698475437 0.07341670028237192 0.0251270468661773
0 0.3372327551432029 0.4209486166007905 0.17587736990722067 0.034443817052512704
0 0.45562726906010487 0.4309712027103331 0.0060508269463493344 0.009881422924901186
0 0.5274304154901169 0.4257481648785997 0.09963695038321904 0.03387916431394692
0 0.6329164985881404 0.4191134952004517 0.04195240016135539 0.022303783173348392
0 0.7248890681726503 0.4189723320158103 0.07583703106091166 0.02258610954263128
0 0.8029447357805567 0.422360248447205 0.03428801936264623 0.010163749294184076
0 0.8666801129487697 0.4160079051383399 0.043162565550625254 0.025691699604743084
0 0.19887051230334812 0.4675324675324675 0.10972166196046793 0.025974025974025976
0 0.36708350141185964 0.4748729531338227 0.17426381605486083 0.03670242800677583
0 0.49838644614764016 0.46809712027103334 0.021379588543767647 0.020892151326933936
0 0.536304961678096 0.4720496894409938 0.014118596208148447 0.00846979107848673
0 0.5925776522791448 0.46597967250141165 0.05889471561113352 0.022868435911914172
0 0.6918112141992739 0.4662619988706945 0.12263009277934651 0.023433088650479956
0 0.7591770875352964 0.4764257481648786 0.0024203307785397336 0.0036702428006775835
0 0.7896329164985881 0.4600508187464709 0.014118596208148447 0.01101072840203275
0 0.8305768455022187 0.46852060982495763 0.045986284792254944 0.0189158667419537
0 0.1899959661153691 0.5190570299265952 0.06938281565147236 0.022303783173348392
0 0.25958047599838646 0.5207509881422925 0.05687777329568374 0.020609824957651044
0 0.326946349334409 0.5190570299265952 0.020572811617587738 0.020609824957651044
0 0.4707543364259782 0.5230095990965556 0.1920129084308189 0.032467532467532464
0 0.6113352158128278 0.5235742518351214 0.01653892698668818 0.009881422924901186
0 0.6619604679306171 0.5228684359119141 0.06776926179911255 0.01129305477131564
0 0.7793465106897943 0.5296442687747036 0.10246066962484873 0.023715415019762844
0 0.19564340459862847 0.5684641445511011 0.09035901573215006 0.02456239412761152
0 0.3126260588947156 0.5701581027667985 0.07503025413473174 0.01948051948051948
0 0.4173053650665591 0.5807453416149069 0.057684550221863654 0.023715415019762844
0 0.49213392496974584 0.573828345567476 0.042759177087535294 0.009881422924901186
0 0.6194029850746269 0.5707227555053642 0.11577248890681727 0.032467532467532464
0 0.7309398951189996 0.5660643704121965 0.03307785397337636 0.024844720496894408
0 0.8009277934651069 0.5724167137210615 0.056070996369503835 0.012704686617730096
0 0.17164179104477612 0.6170242800677583 0.03993545784590561 0.025691699604743084
0 0.3075837031060912 0.6197063805759458 0.12868091972569584 0.024844720496894408
0 0.4794271883824123 0.6243647656691135 0.11335215812827754 0.03585544889892716
0 0.5943929003630496 0.6240824392998306 0.02944735780556676 0.03190287972896669
0 0.7345703912868092 0.6211180124223602 0.16216216216216217 0.044607566346696784
0 0.8065752319483662 0.6284584980237155 0.0028237192416296895 0.002258610954263128
0 0.8336022589753933 0.6040372670807453 0.01734570391286809 0.00818746470920384
