0 0.18475191609519967 0.269339356295878 0.08713190802743041 0.024280067758328628
0 0.31323114158935056 0.2707509881422925 0.10125050423557887 0.023150762281197064
0 0.38221056877773296 0.2683512140033879 0.011698265429608713 0.022303783173348392
0 0.46873739411052845 0.27936194240542067 0.100040338846309 0.036420101637492944
0 0.5968132311415894 0.27103331451157536 0.11657926583299717 0.024280067758328628
0 0.7156111335215812 0.2724449463579898 0.08309802339653086 0.024844720496894408
0 0.8352158128277531 0.2735742518351214 0.11496571198063735 0.029926595143986448
0 0.15490116982654295 0.3198757763975155 0.029043969342476807 0.024844720496894408
0 0.19887051230334812 0.31874647092038394 0.03469140782573618 0.024280067758328628
0 0.32412263009277936 0.3204404291360813 0.16014521984671237 0.02258610954263128
0 0.40520371117386045 0.33243929983060416 0.008471157724889069 0.00818746470920384
0 0.5195643404598629 0.3300395256916996 0.19120613150463897 0.04009034443817053
0 0.6661960467930618 0.3253811405985319 0.0463896732553449 0.010446075663466968
0 0.8071803146430012 0.3221343873517787 0.1952400161355385 0.031055900621118012
0 0.9223477208551836 0.33116883116883117 0.0028237192416296895 0.005081874647092038
0 0.15933844292053248 0.3705533596837945 0.05486083098023396 0.026821005081874648
0 0.3051633723275514 0.37549407114624506 0.18757563533682936 0.033314511575381144
0 0.40883420734167003 0.38071710897797856 0.01008471157724889 0.012140033879164314
0 0.4580475998386446 0.3715415019762846 0.0463896732553449 0.019198193111236588
0 0.5935861234368697 0.3709768492377188 0.1762807583703106 0.024844720496894408
0 0.7341670028237193 0.3743647656691135 0.063735377168213 0.01637492941840768
0 0.77349737797499 0.37775268210050816 0.0028237192416296895 0.002258610954263128
0 0.8206938281565147 0.3697063805759458 0.02864058087938685 0.023433088650479956
0 0.16760790641387657 0.4295595708639187 0.0681726502622025 0.04206662902315076
0 0.2525211778943122 0.4254658385093168 0.07099636950383219 0.012987012987012988
0 0.3130294473578056 0.4302653867871259 0.004840661557079467 0.010728402032749858
0 0.36688180718031466 0.4202428006775833 0.07704719645018153 0.022868435911914172
0 0.4080274304154901 0.4311123658949746 0.01573215006050827 0.018068887634105024
0 0.481847519160952 0.4212309429700734 0.08188785800726099 0.023715415019762844
0 0.5590964098426785 0.4213721061547149 0.042759177087535294 0.0251270468661773
0 0.6268656716417911 0.4268774703557312 0.05808793868495361 0.032185206098249576
0 0.663775716014522 0.427442123094297 0.003630496167809601 0.002258610954263128
0 0.7301331181928197 0.42066629023150764 0.06131504638967326 0.023715415019762844
0 0.8132311415893505 0.42179559570863917 0.0572811617587737 0.023150762281197064
0 0.8684953610326744 0.424901185770751 0.03953206938281565 0.030491247882552232
0 0.172851956434046 0.47346132128740825 0.08511496571198064 0.03162055335968379
0 0.2589753933037515 0.4720496894409938 0.021782977006857603 0.019198193111236588
0 0.3116175877369907 0.47261434217955955 0.051230334812424366 0.024280067758328628
0 0.4530052440500202 0.4762845849802372 0.16700282371924163 0.03387916431394692
0 0.6345300524405002 0.47374364765669114 0.14925373134328357 0.025974025974025976
0 0.7283178701089149 0.47910784867306605 0.003630496167809601 0.0033879164313946925
0 0.8130294473578056 0.4776962168266516 0.13674868898749495 0.03670242800677583
0 0.15469947559499797 0.5214568040654998 0.03751512706736587 0.024280067758328628
0 0.2974989915288423 0.5224449463579899 0.1972569584509883 0.026256352343308864
0 0.5018152480839048 0.5269621682665161 0.16780960064542155 0.034161490683229816
0 0.5887454618797903 0.53613777526821 0.003630496167809601 0.002258610954263128
0 0.6760790641387656 0.5215979672501412 0.10649455425574829 0.022868435911914172
0 0.7755143202904397 0.5249858836815359 0.06252521177894312 0.023997741389045736
0 0.8424768051633723 0.5241389045736872 0.04235578862444534 0.028514963297571992
0 0.14844695441710368 0.5719932241671372 0.03711173860427592 0.025409373235460192
0 0.2498991528842275 0.5719932241671372 0.12384025816861638 0.025409373235460192
0 0.32230738200887454 0.5820158102766798 0.003227107704719645 0.002540937323546019
0 0.39854780153287617 0.5717108977978543 0.08471157724889068 0.024844720496894408
0 0.4947559499798306 0.5739695087521175 0.0681726502622025 0.0220214568040655
0 0.6319080274304155 0.5722755505364201 0.16337232755143202 0.025409373235460192
0 0.7567567567567568 0.5722755505364201 0.04759983864461476 0.020892151326933936
0 0.8463089955627269 0.5724167137210615 0.10326744655102864 0.022303783173348392
0 0.9013715207745059 0.5852625635234331 0.0028237192416296895 0.002258610954263128
0 0.12242839854780153 0.6133540372670807 0.007664380798709157 0.009881422924901186
0 0.17668414683340056 0.623235460191982 0.08551835417507059 0.02456239412761152
0 0.2672448567970956 0.6281761716544325 0.05203711173860428 0.015245623941276116
0 0.3315853166599435 0.6278938452851497 0.03307785397337636 0.014116318464144552
0 0.4045986284792255 0.6353754940711462 0.07422347720855184 0.03190287972896669
0 0.47236789027833803 0.6212591756070017 0.01371520774505849 0.021174477696216828
0 0.5024203307785398 0.6078486730660644 0.00927793465106898 0.005081874647092038
0 0.5480032271077048 0.620412196499153 0.03428801936264623 0.02456239412761152
0 0.6621621621621622 0.6226708074534162 0.1036708350141186 0.023433088650479956
0 0.8255344897135942 0.6221061547148503 0.17950786607503025 0.02456239412761152
0 0.9102460669624849 0.632128740824393 0.0028237192416296895 0.00282326369282891
0 0.12868091972569584 0.7169678147939017 0.009681323114158934 0.011575381140598532
0 0.17224687373941105 0.7257199322416714 0.05970149253731343 0.022868435911914172
0 0.3063735377168213 0.7317899491812535 0.16256555062525213 0.04009034443817053
0 0.45865268253327957 0.734472049689441 0.06696248487293263 0.026256352343308864
0 0.6064945542557483 0.7250141163184641 0.16821298910851148 0.024844720496894408
0 0.7404195240016136 0.7252964426877471 0.051230334812424366 0.024844720496894408
