0 0.1555062525211779 0.19042913608130999 0.008471157724889069 0.005364201016374929
0 0.19705526421944333 0.20383963862224733 0.06252521177894312 0.019762845849802372
0 0.2692617991125454 0.20863918690005648 0.0326744655102864 0.007340485601355167
0 0.3190802743041549 0.2090626764539808 0.04033884630899556 0.007058159232072276
0 0.3993545784590561 0.2075098814229249 0.07583703106091166 0.015810276679841896
0 0.4483662767244857 0.21287408243929984 0.003630496167809601 0.005081874647092038
0 0.46571198063735375 0.19311123658949747 0.006857603872529245 0.003952569169960474
0 0.5248083904800322 0.20652173913043478 0.0645421540943929 0.014398644833427442
0 0.6075030254134732 0.2075098814229249 0.03227107704719645 0.019762845849802372
0 0.672448567970956 0.20722755505364202 0.048406615570794675 0.015810276679841896
0 0.7777329568374345 0.2044042913608131 0.10488100040338846 0.015810276679841896
0 0.8467123840258168 0.20892151326933936 0.0024203307785397336 0.002258610954263128
0 0.19927390076643808 0.27117447769621683 0.0782573618394514 0.03077357425183512
0 0.2527228721258572 0.277244494635799 0.004437273093989512 0.009034443817052512
0 0.32775312626058895 0.269339356295878 0.1044776119402985 0.02710333145115754
0 0.43505445744251714 0.2652456239412761 0.05929810407422348 0.013269339356295878
0 0.536103267446551 0.2701863354037267 0.11375554659136748 0.019762845849802372
0 0.6169826542960871 0.27117447769621683 0.012505042355788625 0.005928853754940711
0 0.6676079064138766 0.2660926030491248 0.055667607906413875 0.018351214003387916
0 0.7230738200887454 0.269339356295878 0.024606696248487294 0.0220214568040655
0 0.2226704316256555 0.31309994353472614 0.11375554659136748 0.024280067758328628
0 0.29164985881403793 0.3219932241671372 0.0024203307785397336 0.002540937323546019
