0 0.14743848325937878 0.2096273291925466 0.0060508269463493344 0.005928853754940711
0 0.18354175070592982 0.22684923771880294 0.029850746268656716 0.018351214003387916
0 0.23033481242436465 0.2310841332580463 0.02581686163775716 0.01383399209486166
0 0.2646228317870109 0.2261434217955957 0.012101653892698669 0.019198193111236588
0 0.30798709156918114 0.23588368153585546 0.04154901169826543 0.021739130434782608
0 0.3434852763210972 0.23207227555053642 0.0028237192416296895 0.006775832862789385
0 0.4037918515530456 0.22571993224167136 0.08148446954417103 0.01383399209486166
0 0.45240016135538524 0.23094297007340486 0.0028237192416296895 0.002258610954263128
0 0.4707543364259782 0.21456804065499718 0.008067769261799113 0.00564652738565782
0 0.5242033077853974 0.23433088650479955 0.06252521177894312 0.02766798418972332
0 0.6119402985074627 0.22388481084133258 0.07099636950383219 0.01693958215697346
0 0.654699475594998 0.2341897233201581 0.004033884630899556 0.007622811970638058
0 0.6958450988301734 0.22261434217955958 0.03065752319483663 0.016657255787690572
0 0.7837837837837838 0.22402597402597402 0.10891488503428802 0.013269339356295878
0 0.24485679709560307 0.28486730660643705 0.14199273900766438 0.031055900621118012
0 0.3582089552238806 0.28077357425183513 0.04517950786607503 0.012704686617730096
0 0.390883420734167 0.2841614906832298 0.003227107704719645 0.001976284584980237
0 0.43303751512706734 0.2766798418972332 0.02944735780556676 0.019198193111236588
0 0.4844695441710367 0.27413890457368717 0.03065752319483663 0.019198193111236588
0 0.5572811617587737 0.2782326369282891 0.07866075030254134 0.013269339356295878
0 0.6845502218636547 0.281055900621118 0.14360629286002422 0.025691699604743084
0 0.7853973376361436 0.2787972896668549 0.026623638563937072 0.017221908526256352
0 0.21702299314239612 0.33046301524562394 0.0927793465106898 0.025691699604743084
0 0.3225090762404195 0.33455674760022586 0.08592174263816055 0.029926595143986448
0 0.41972569584509883 0.33483907396950874 0.07301331181928197 0.018068887634105024
0 0.46551028640580877 0.33483907396950874 0.0024203307785397336 0.002258610954263128
0 0.48951189995966116 0.3210050818746471 0.0060508269463493344 0.004517221908526256
0 0.5445744251714401 0.32594579333709767 0.08793868495361033 0.017221908526256352
0 0.6248487293263413 0.33639186900056467 0.050826946349334406 0.021739130434782608
0 0.6599435256151674 0.33258046301524563 0.0024203307785397336 0.006775832862789385
0 0.6778943122226704 0.3191699604743083 0.007664380798709157 0.004234895539243365
0 0.7156111335215812 0.3266516092603049 0.029043969342476807 0.014680971202710334
0 0.7716821298910851 0.3255223037831734 0.045986284792254944 0.014680971202710334
0 0.23336022589753933 0.3825522303783173 0.12061315046389673 0.019762845849802372
0 0.345703912868092 0.3793054771315641 0.0653489310205728 0.014398644833427442
0 0.4755949979830577 0.3825522303783173 0.14844695441710368 0.029926595143986448
0 0.5655506252521177 0.3855166572557877 0.0024203307785397336 0.001976284584980237
0 0.5954013715207745 0.37224731789949184 0.008874546187979023 0.005928853754940711
0 0.6609519967728923 0.38311688311688313 0.10125050423557887 0.028232636928289104
0 0.7208551835417507 0.385940146809712 0.004033884630899556 0.007340485601355167
0 0.7591770875352964 0.378317334839074 0.02743041549011698 0.010163749294184076
0 0.8261395724082291 0.3752117447769622 0.07583703106091166 0.015245623941276116
0 0.20129084308188785 0.4330886504799548 0.05244050020169423 0.024280067758328628
0 0.26845502218636547 0.42843026538678713 0.0536506655909641 0.014963297571993224
0 0.3434852763210972 0.4258893280632411 0.06333198870512304 0.01948051948051948
0 0.4223477208551835 0.43351214003387917 0.05244050020169423 0.009881422924901186
0 0.5147236789027834 0.43153585544889894 0.100040338846309 0.02456239412761152
0 0.599435256151674 0.4295595708639187 0.02581686163775716 0.026821005081874648
0 0.6678096006454215 0.4289949181253529 0.056070996369503835 0.02456239412761152
0 0.7008874546187979 0.4363354037267081 0.0060508269463493344 0.007058159232072276
0 0.7444534086325131 0.4278656126482213 0.030254134731746672 0.026256352343308864
0 0.7938684953610327 0.43562958780350086 0.04759983864461476 0.019198193111236588
0 0.8319887051230335 0.4308300395256917 0.0028237192416296895 0.002258610954263128
0 0.8477208551835418 0.4189723320158103 0.007664380798709157 0.004517221908526256
0 0.17708753529649052 0.5340203274985884 0.01855586930213796 0.009316770186335404
0 0.2392093586123437 0.5367024280067758 0.06292860024203308 0.030491247882552232
0 0.3400564743848326 0.5295031055900621 0.08793868495361033 0.020045172219085264
0 0.39673255344897135 0.5368435911914172 0.0028237192416296895 0.002540937323546019
