0 0.15469947559499797 0.20327498588368154 0.010891488503428802 0.009599096555618294
0 0.2029043969342477 0.21075663466967814 0.08148446954417103 0.017221908526256352
0 0.2855990318676886 0.21852060982495766 0.03065752319483663 0.017504234895539244
0 0.3874546187979024 0.21569734613212874 0.11173860427591771 0.025409373235460192
0 0.536708350141186 0.2140033879164314 0.10528438886647842 0.019198193111236588
0 0.6446147640177491 0.2183794466403162 0.029043969342476807 0.010446075663466968
0 0.7113755546591367 0.21583850931677018 0.050423557886244454 0.016657255787690572
0 0.7886244453408633 0.21527385657820441 0.048406615570794675 0.016657255787690572
0 0.8142396127470755 0.22543760587238848 0.0052440500201694235 0.007058159232072276
0 0.8380395320693829 0.2075098814229249 0.007664380798709157 0.00846979107848673
0 0.16377571601452198 0.2682100508187465 0.03953206938281565 0.01637492941840768
0 0.27591770875352967 0.2691981931112366 0.1355385235982251 0.016657255787690572
0 0.39874949576442115 0.27117447769621683 0.056070996369503835 0.01383399209486166
0 0.5014118596208148 0.2727272727272727 0.08955223880597014 0.020327498588368152
0 0.5530455828963292 0.27780914737436474 0.003227107704719645 0.00282326369282891
0 0.5835014118596208 0.2641163184641446 0.010891488503428802 0.009881422924901186
0 0.6530859217426381 0.2723037831733484 0.11536910044372731 0.022868435911914172
0 0.745260185558693 0.26990400903444384 0.02379991932230738 0.015245623941276116
0 0.800121016538927 0.269339356295878 0.04154901169826543 0.01637492941840768
0 0.16276724485679708 0.36914172783738003 0.0391286809197257 0.017221908526256352
0 0.26058894715611136 0.37224731789949184 0.11214199273900767 0.0189158667419537
0 0.3217022993142396 0.37775268210050816 0.003630496167809601 0.00282326369282891
0 0.35054457442517145 0.36278938452851495 0.01290843081887858 0.010163749294184076
0 0.37575635336829366 0.37140033879164314 0.031060911657926585 0.017221908526256352
0 0.39774102460669625 0.3794466403162055 0.005647438483259379 0.007340485601355167
0 0.4334409035901573 0.3738001129305477 0.031060911657926585 0.009599096555618294
0 0.4889068172650262 0.3694240542066629 0.048406615570794675 0.016092603049124788
0 0.5784590560709963 0.3708356860530774 0.0935861234368697 0.015527950310559006
0 0.672448567970956 0.3774703557312253 0.050826946349334406 0.01637492941840768
0 0.7337636143606293 0.37238848108413325 0.03307785397337636 0.01637492941840768
0 0.8281565147236789 0.3739412761151892 0.1290843081887858 0.020609824957651044
0 0.1609519967728923 0.4246188594014681 0.04437273093989512 0.012422360248447204
0 0.25231948366276724 0.4227837380011293 0.10286405808793868 0.021174477696216828
0 0.3136345300524405 0.42730095990965555 0.003630496167809601 0.002540937323546019
0 0.3622428398547802 0.4201016374929418 0.03711173860427592 0.015810276679841896
0 0.4419120613150464 0.42108977978543194 0.07785397337636143 0.016092603049124788
0 0.5471964501815249 0.4233483907396951 0.07301331181928197 0.016092603049124788
0 0.6494554255748286 0.42320722755505363 0.07422347720855184 0.015245623941276116
0 0.7281161758773699 0.4222190852625635 0.03711173860427592 0.014963297571993224
0 0.7932634126663978 0.42066629023150764 0.05203711173860428 0.01693958215697346
0 0.22408229124647036 0.4720496894409938 0.16417910447761194 0.023715415019762844
0 0.3128277531262606 0.4786843591191417 0.003630496167809601 0.003105590062111801
0 0.3315853166599435 0.4644268774703557 0.008874546187979023 0.009034443817052512
0 0.38765631302944736 0.4710615471485037 0.06212182331585317 0.016092603049124788
0 0.4616780960064542 0.470214568040655 0.04719645018152481 0.016092603049124788
0 0.5048406615570795 0.4733201581027668 0.014925373134328358 0.008752117447769622
0 0.554457442517144 0.4719085262563523 0.05203711173860428 0.018351214003387916
0 0.5873336022589754 0.48023715415019763 0.004033884630899556 0.00846979107848673
0 0.6278741427995159 0.47134387351778656 0.040742234772085516 0.014963297571993224
0 0.7025010084711577 0.4730378317334839 0.0754336425978217 0.017221908526256352
0 0.7914481645824929 0.4709203839638622 0.053247277127874144 0.018633540372670808
0 0.8168616377571601 0.4784020327498588 0.003227107704719645 0.001976284584980237
0 0.1498588140379185 0.5117165443252399 0.00927793465106898 0.009316770186335404
0 0.19443323920935862 0.5207509881422925 0.06696248487293263 0.016092603049124788
0 0.2769261799112545 0.5275268210050819 0.043969342476805166 0.015527950310559006
0 0.3535699878983461 0.5220214568040655 0.06978620411456232 0.01693958215697346
0 0.4267849939491731 0.5241389045736872 0.03065752319483663 0.010446075663466968
0 0.48063735377168215 0.5252682100508187 0.040742234772085516 0.01101072840203275
0 0.5165389269866881 0.5232919254658385 0.00927793465106898 0.017786561264822136
0 0.5334812424364663 0.5141163184641445 0.007664380798709157 0.006211180124223602
0 0.5705929810407422 0.5217391304347826 0.02702702702702703 0.01637492941840768
0 0.645219846712384 0.5224449463579899 0.0826946349334409 0.016657255787690572
0 0.7505042355788625 0.5242800677583286 0.08430818878580072 0.020892151326933936
0 0.7958854376764825 0.5282326369282891 0.003227107704719645 0.0016939582156973462
0 0.1482452601855587 0.5614059853190287 0.01008471157724889 0.008752117447769622
0 0.20209762000806777 0.5717108977978543 0.07583703106091166 0.018633540372670808
0 0.2972972972972973 0.5726990400903444 0.05970149253731343 0.023997741389045736
0 0.3971359419120613 0.5729813664596274 0.07866075030254134 0.016657255787690572
0 0.4515933844292053 0.5765104460756635 0.010891488503428802 0.01693958215697346
0 0.47216619604679305 0.5694522868435912 0.01008471157724889 0.00846979107848673
