0 0.1438079870915692 0.2155561829474873 0.004437273093989512 0.005928853754940711
0 0.16115369100443727 0.22106154714850368 0.02702702702702703 0.017504234895539244
0 0.22166196046793063 0.22190852625635235 0.04881000403388463 0.014680971202710334
0 0.27833803953206937 0.22416713721061546 0.023396530859217425 0.015810276679841896
0 0.31968535699878986 0.22261434217955958 0.022993142396127472 0.015527950310559006
0 0.3807987091569181 0.2248729531338227 0.05970149253731343 0.010446075663466968
0 0.417910447761194 0.23023715415019763 0.004033884630899556 0.005928853754940711
0 0.48225090762404194 0.22600225861095427 0.07462686567164178 0.01101072840203275
0 0.5264219443323921 0.22826086956521738 0.0024203307785397336 0.001411631846414455
0 0.5839048003227107 0.22402597402597402 0.07624041952400161 0.017221908526256352
0 0.6625655506252521 0.22656691134952003 0.050423557886244454 0.01383399209486166
0 0.7382008874546188 0.2251552795031056 0.05647438483259379 0.016657255787690572
0 0.8241226300927793 0.2326369282891022 0.07503025413473174 0.019198193111236588
0 0.16942315449778136 0.27498588368153587 0.04033884630899556 0.01129305477131564
0 0.2535296490520371 0.27413890457368717 0.0754336425978217 0.017504234895539244
0 0.33098023396530857 0.2737154150197628 0.025413473174667203 0.016657255787690572
0 0.37494957644211374 0.27315076228119706 0.01734570391286809 0.016657255787690572
0 0.3939088342073417 0.27964426877470355 0.003630496167809601 0.001976284584980237
0 0.445542557482856 0.27780914737436474 0.056070996369503835 0.024844720496894408
0 0.509883017345704 0.2769621682665161 0.02743041549011698 0.010728402032749858
0 0.5835014118596208 0.27555053642010163 0.0891488503428802 0.019762845849802372
0 0.6615570794675272 0.2766798418972332 0.021782977006857603 0.01637492941840768
0 0.7129891085114965 0.2761151891586674 0.043969342476805166 0.023150762281197064
0 0.7438483259378782 0.28190287972896666 0.0024203307785397336 0.001411631846414455
0 0.8176684146833401 0.2758328627893845 0.10568777732956837 0.015810276679841896
0 0.16296893908834206 0.3243929983060418 0.03146430012101654 0.010163749294184076
0 0.21944332392093585 0.32707509881422925 0.04195240016135539 0.009881422924901186
0 0.31464300121016536 0.32820440429136083 0.09519967728922953 0.022868435911914172
0 0.3709156918112142 0.3339920948616601 0.0028237192416296895 0.005081874647092038
0 0.4072206534893102 0.32820440429136083 0.031060911657926585 0.01101072840203275
0 0.47135941912061313 0.32481648785996614 0.05526421944332392 0.016092603049124788
0 0.5413473174667205 0.3255223037831734 0.041145623235175476 0.017504234895539244
0 0.6038725292456636 0.3269339356295878 0.04437273093989512 0.015810276679841896
0 0.6569181121419927 0.32594579333709767 0.021379588543767647 0.014963297571993224
0 0.7099636950383219 0.3255223037831734 0.04517950786607503 0.015810276679841896
0 0.7732956837434449 0.32707509881422925 0.04437273093989512 0.014963297571993224
0 0.17749092375958048 0.3760587238848108 0.05808793868495361 0.015810276679841896
0 0.24868898749495763 0.37634105025409376 0.0463896732553449 0.014116318464144552
0 0.3206938281565147 0.37987012987012986 0.05486083098023396 0.020609824957651044
0 0.3971359419120613 0.37761151891586675 0.04477611940298507 0.015527950310559006
0 0.47135941912061313 0.3769057029926595 0.05687777329568374 0.01637492941840768
0 0.508471157724889 0.38283455674760025 0.0028237192416296895 0.001129305477131564
0 0.5762404195240016 0.37732919254658387 0.07704719645018153 0.015527950310559006
0 0.6599435256151674 0.3780350084697911 0.053247277127874144 0.014116318464144552
0 0.7430415490116983 0.37704686617730093 0.06131504638967326 0.016657255787690572
0 0.20471964501815249 0.42631281761716544 0.11012505042355789 0.014680971202710334
0 0.29951593384429204 0.42715979672501414 0.03993545784590561 0.014680971202710334
0 0.3807987091569181 0.42504234895539245 0.0782573618394514 0.018351214003387916
0 0.45240016135538524 0.42701863354037267 0.02379991932230738 0.022868435911914172
0 0.5260185558693021 0.4264539808018069 0.07341670028237192 0.016657255787690572
0 0.5699878983461073 0.4329474872953134 0.0024203307785397336 0.001411631846414455
0 0.5788624445340863 0.41854884246188595 0.0024203307785397336 0.007058159232072276
0 0.6129487696651875 0.4202428006775833 0.0028237192416296895 0.007622811970638058
0 0.636345300524405 0.4254658385093168 0.0318676885841065 0.015245623941276116
0 0.699677289229528 0.42603049124788256 0.0536506655909641 0.017504234895539244
0 0.7620008067769262 0.42476002258610956 0.03872529245663574 0.017786561264822136
0 0.181726502622025 0.47910784867306605 0.06575231948366277 0.010728402032749858
0 0.2472771278741428 0.4764257481648786 0.022589753933037516 0.016657255787690572
0 0.30052440500201694 0.4841897233201581 0.04033884630899556 0.017504234895539244
0 0.3289632916498588 0.4850367024280068 0.004437273093989512 0.00564652738565782
0 0.39592577652279143 0.47967250141163187 0.08511496571198064 0.02258610954263128
0 0.4465510286405809 0.4888481084133258 0.004033884630899556 0.007058159232072276
0 0.45966115369100446 0.4723320158102767 0.0028237192416296895 0.007340485601355167
0 0.5080677692617991 0.4776962168266516 0.058491327148043566 0.017504234895539244
0 0.5887454618797903 0.4827780914737436 0.06252521177894312 0.024280067758328628
0 0.6748688987494957 0.47995482778091475 0.06212182331585317 0.015810276679841896
0 0.7680516337232756 0.47995482778091475 0.07260992335619201 0.014116318464144552
0 0.8132311415893505 0.48546019198193113 0.0024203307785397336 0.001411631846414455
0 0.15127067365873337 0.5203274985883681 0.0024203307785397336 0.004517221908526256
0 0.17809600645421542 0.5271033314511575 0.04154901169826543 0.014680971202710334
0 0.23618394513916902 0.5263975155279503 0.03509479628882614 0.016657255787690572
0 0.2952803549818475 0.5276679841897233 0.03872529245663574 0.015810276679841896
0 0.3719241629689391 0.5375494071146245 0.07745058491327148 0.0220214568040655
0 0.44352561516740624 0.531055900621118 0.02379991932230738 0.01129305477131564
0 0.49495764421137556 0.5280914737436476 0.04517950786607503 0.0189158667419537
0 0.5679709560306575 0.5345849802371542 0.06131504638967326 0.021739130434782608
0 0.6444130697862042 0.5362789384528515 0.04961678096006454 0.018351214003387916
0 0.7083501411859621 0.5296442687747036 0.03953206938281565 0.019762845849802372
0 0.7708753529649052 0.5302089215132694 0.04759983864461476 0.0220214568040655
0 0.17809600645421542 0.5784867306606437 0.0609116579265833 0.021456804065499716
0 0.26119402985074625 0.5780632411067194 0.06252521177894312 0.016092603049124788
0 0.3017345703912868 0.5849802371541502 0.0024203307785397336 0.001129305477131564
0 0.3106091165792658 0.5731225296442688 0.0024203307785397336 0.007905138339920948
