0 0.13674868898749495 0.21513269339356295 0.0024203307785397336 0.003952569169960474
0 0.16700282371924163 0.22501411631846416 0.04033884630899556 0.01693958215697346
0 0.21924162968939087 0.22981366459627328 0.038321903993545785 0.010163749294184076
0 0.27934651068979427 0.22656691134952003 0.04235578862444534 0.016092603049124788
0 0.34227511093182733 0.2274138904573687 0.0536506655909641 0.023997741389045736
0 0.4048003227107705 0.22600225861095427 0.02379991932230738 0.016092603049124788
0 0.4530052440500202 0.22713156408808582 0.041145623235175476 0.015527950310559006
0 0.48043565954013717 0.2274138904573687 0.00645421540943929 0.016092603049124788
0 0.49152884227511096 0.2186617730095991 0.0052440500201694235 0.004234895539243365
0 0.54538120209762 0.2274138904573687 0.06776926179911255 0.016657255787690572
0 0.6508672851956434 0.23404856013551667 0.09802339653085922 0.0220214568040655
0 0.7039128680919726 0.23404856013551667 0.0016135538523598225 0.001129305477131564
0 0.7295280354981848 0.22430830039525693 0.0028237192416296895 0.008752117447769622
0 0.7628075837031061 0.23277809147374365 0.05163372327551432 0.022303783173348392
0 0.8265429608713191 0.23150762281197063 0.03953206938281565 0.010163749294184076
0 0.1619604679306172 0.2833145115753811 0.04154901169826543 0.014963297571993224
0 0.2226704316256555 0.27752682100508186 0.041145623235175476 0.015810276679841896
0 0.29709560306575233 0.2780914737436477 0.07139975796692215 0.01637492941840768
0 0.3382412263009278 0.277244494635799 0.008471157724889069 0.01637492941840768
0 0.35054457442517145 0.2701863354037267 0.003227107704719645 0.006211180124223602
0 0.37938684953610324 0.2714568040654997 0.003630496167809601 0.005364201016374929
0 0.4409035901573215 0.27752682100508186 0.10488100040338846 0.01693958215697346
0 0.527228721258572 0.28147939017504237 0.029043969342476807 0.010163749294184076
0 0.5931827349737797 0.27992659514398643 0.06171843485276321 0.01383399209486166
0 0.654296087131908 0.2802089215132693 0.02501008471157725 0.01383399209486166
0 0.7226704316256555 0.2834556747600226 0.0754336425978217 0.025974025974025976
0 0.7674465510286406 0.2893845285149633 0.004437273093989512 0.007340485601355167
0 0.7797498991528842 0.2714568040654997 0.0024203307785397336 0.005928853754940711
0 0.8229124647035094 0.2789384528514963 0.03791851553045583 0.01693958215697346
0 0.17789431222267044 0.32834556747600224 0.063735377168213 0.019198193111236588
0 0.2781363453005244 0.3308865047995483 0.08834207341670028 0.023150762281197064
0 0.3699072206534893 0.3290513833992095 0.055667607906413875 0.014398644833427442
0 0.40500201694231547 0.33455674760022586 0.003227107704719645 0.0016939582156973462
0 0.48608309802339655 0.33258046301524563 0.10972166196046793 0.024844720496894408
0 0.5782573618394514 0.32919254658385094 0.03751512706736587 0.015810276679841896
0 0.6589350544574425 0.33145115753811405 0.08592174263816055 0.01355166572557877
0 0.753731343283582 0.33018068887634106 0.06333198870512304 0.014398644833427442
0 0.845703912868092 0.33046301524562394 0.08188785800726099 0.016657255787690572
0 0.17870108914885036 0.3780350084697911 0.06615570794675273 0.0220214568040655
0 0.25574828559903184 0.379587803500847 0.04437273093989512 0.014963297571993224
0 0.35861234368697054 0.3793054771315641 0.11375554659136748 0.015527950310559006
0 0.42295280354981846 0.38692828910220217 0.0028237192416296895 0.007058159232072276
0 0.44352561516740624 0.37351778656126483 0.003630496167809601 0.007340485601355167
0 0.46430012101653895 0.3791643139469226 0.029043969342476807 0.01693958215697346
0 0.509479628882614 0.3800112930547713 0.02743041549011698 0.015810276679841896
0 0.5482049213392497 0.3826933935629588 0.02016942315449778 0.008752117447769622
0 0.6034691407825736 0.3848108413325805 0.05889471561113352 0.020327498588368152
0 0.6885841064945543 0.38438735177865613 0.07260992335619201 0.020609824957651044
0 0.7561516740621218 0.38099943534726144 0.021379588543767647 0.017786561264822136
0 0.8027430415490117 0.3802936194240542 0.03711173860427592 0.01693958215697346
0 0.8531665994352562 0.38170525127046867 0.026623638563937072 0.015810276679841896
0 0.1555062525211779 0.42941840767927725 0.021379588543767647 0.015810276679841896
0 0.19846712384025816 0.4289949181253529 0.041145623235175476 0.018351214003387916
0 0.2291246470350948 0.43351214003387917 0.004840661557079467 0.001976284584980237
0 0.25534489713594194 0.42941840767927725 0.029043969342476807 0.01693958215697346
0 0.32755143202904397 0.4308300395256917 0.06292860024203308 0.018633540372670808
0 0.3872529245663574 0.43040654997176736 0.024203307785397338 0.016092603049124788
0 0.4376764824526019 0.4298418972332016 0.04921339249697459 0.016092603049124788
0 0.509076240419524 0.435347261434218 0.05808793868495361 0.020892151326933936
0 0.5463896732553449 0.436617730095991 0.0028237192416296895 0.001976284584980237
0 0.6167809600645422 0.43125352907961606 0.09923356192012908 0.016092603049124788
0 0.700282371924163 0.4345002823263693 0.03146430012101654 0.009599096555618294
0 0.7696651875756353 0.4295595708639187 0.07503025413473174 0.018351214003387916
0 0.8489310205728117 0.43478260869565216 0.056070996369503835 0.009599096555618294
0 0.1663977410246067 0.4798136645962733 0.045582896329164985 0.01383399209486166
0 0.23033481242436465 0.481931112365895 0.03227107704719645 0.007340485601355167
0 0.2876159741831384 0.4827780914737436 0.042759177087535294 0.00846979107848673
0 0.3372327551432029 0.4829192546583851 0.010488100040338847 0.001411631846414455
0 0.39108511496571197 0.4803783173348391 0.06575231948366277 0.016657255787690572
0 0.4279951593384429 0.48856578204404294 0.0016135538523598225 0.001411631846414455
0 0.4764017749092376 0.48221343873517786 0.050826946349334406 0.015810276679841896
0 0.5556676079064139 0.4817899491812535 0.05445744251714401 0.015527950310559006
0 0.6137555465913674 0.4827780914737436 0.02379991932230738 0.021456804065499716
0 0.6710367083501412 0.4813664596273292 0.040742234772085516 0.01693958215697346
0 0.7351754739814441 0.4817899491812535 0.0536506655909641 0.017221908526256352
0 0.817870108914885 0.4823546019198193 0.06413876563130294 0.014963297571993224
