0 0.17325534489713595 0.23150762281197063 0.07382008874546188 0.015810276679841896
0 0.2682533279548205 0.2316487859966121 0.06776926179911255 0.016092603049124788
0 0.3444937474788221 0.23531902879728966 0.04679306171843485 0.009881422924901186
0 0.3701089148850343 0.2406832298136646 0.0028237192416296895 0.005928853754940711
0 0.41306978620411455 0.2326369282891022 0.042759177087535294 0.018068887634105024
0 0.49052037111738606 0.2329192546583851 0.07260992335619201 0.014680971202710334
0 0.5925776522791448 0.23207227555053642 0.08632513110125051 0.01693958215697346
0 0.6799112545381202 0.23334274421230944 0.05445744251714401 0.016657255787690572
0 0.7371924162968939 0.23503670242800678 0.01008471157724889 0.001976284584980237
0 0.7979023799919323 0.237012987012987 0.08309802339653086 0.020609824957651044
0 0.16034691407825735 0.2816205533596838 0.04154901169826543 0.01948051948051948
0 0.23840258168616377 0.2813382269904009 0.07099636950383219 0.017221908526256352
0 0.3533682936668011 0.2865612648221344 0.1145623235175474 0.023715415019762844
0 0.463493344090359 0.2821852060982496 0.0653489310205728 0.014963297571993224
0 0.5411456232351755 0.2834556747600226 0.04477611940298507 0.015245623941276116
0 0.6256555062525212 0.2837380011293055 0.08551835417507059 0.014680971202710334
0 0.6994755949979831 0.2867024280067758 0.028237192416296894 0.01101072840203275
0 0.7678499394917305 0.28924336533032186 0.06171843485276321 0.023997741389045736
0 0.8342073416700282 0.2826086956521739 0.021782977006857603 0.015245623941276116
0 0.1607503025413473 0.33229813664596275 0.03509479628882614 0.014680971202710334
0 0.2559499798305768 0.33300395256917 0.11496571198063735 0.016092603049124788
0 0.41750705929810406 0.33893280632411066 0.15974183138362244 0.027385657820440428
0 0.5288422751109318 0.3344155844155844 0.021782977006857603 0.01383399209486166
0 0.5897539330375151 0.3337097684923772 0.05970149253731343 0.015245623941276116
0 0.6250504235578862 0.33893280632411066 0.003630496167809601 0.001976284584980237
0 0.6678096006454215 0.3334274421230943 0.03993545784590561 0.01693958215697346
0 0.7583703106091165 0.338085827216262 0.0935861234368697 0.022303783173348392
0 0.8108108108108109 0.34232072275550535 0.003227107704719645 0.007058159232072276
0 0.8519564340459863 0.3349802371541502 0.05163372327551432 0.013269339356295878
0 0.16680112948769665 0.38382269904009036 0.0463896732553449 0.014398644833427442
0 0.24304154901169828 0.38325804630152455 0.06171843485276321 0.016657255787690572
0 0.32674465510286405 0.3826933935629588 0.06292860024203308 0.016657255787690572
0 0.40742234772085517 0.38692828910220217 0.05405405405405406 0.009316770186335404
0 0.48063735377168215 0.38946922642574816 0.06333198870512304 0.016092603049124788
0 0.5653489310205728 0.384669678147939 0.06494554255748286 0.015527950310559006
0 0.6073013311819282 0.3904573687182383 0.002016942315449778 0.0016939582156973462
0 0.6597418313836224 0.3845285149632976 0.05687777329568374 0.023150762281197064
0 0.7170229931423961 0.38523433088650477 0.025413473174667203 0.022303783173348392
0 0.7829770068576039 0.384669678147939 0.07099636950383219 0.015527950310559006
0 0.8580072609923356 0.38721061547148505 0.04759983864461476 0.011575381140598532
0 0.17043162565550626 0.43167701863354035 0.051230334812424366 0.014680971202710334
0 0.24122630092779346 0.43591191417278374 0.05647438483259379 0.023715415019762844
0 0.33763614360629285 0.43464144551101075 0.08713190802743041 0.015527950310559006
0 0.41670028237192414 0.43266516092603047 0.020976200080677694 0.017221908526256352
0 0.46308995562726907 0.43562958780350086 0.03469140782573618 0.02766798418972332
0 0.5514320290439694 0.43802936194240544 0.09600645421540945 0.022868435911914172
0 0.6060911657926583 0.44028797289666854 0.0052440500201694235 0.001411631846414455
0 0.6486486486486487 0.435347261434218 0.045986284792254944 0.015810276679841896
0 0.7250907624041952 0.43788819875776397 0.06413876563130294 0.024844720496894408
0 0.8440903590157322 0.4339356295878035 0.13432835820895522 0.015810276679841896
0 0.1672045179507866 0.48207227555053644 0.05203711173860428 0.016657255787690572
0 0.24021782977006859 0.4829192546583851 0.052843888664784185 0.016092603049124788
0 0.3192819685356999 0.48856578204404294 0.0681726502622025 0.0251270468661773
0 0.4062121823315853 0.4858836815358554 0.05647438483259379 0.011857707509881422
0 0.481645824929407 0.48334274421230944 0.05486083098023396 0.014116318464144552
0 0.5611133521581283 0.49195369847543763 0.06615570794675273 0.017786561264822136
0 0.627470754336426 0.4881422924901186 0.030254134731746672 0.01129305477131564
0 0.6770875352964906 0.48546019198193113 0.040742234772085516 0.016092603049124788
0 0.7743041549011698 0.48546019198193113 0.11254538120209762 0.02456239412761152
0 0.16236385639370715 0.5392433653303218 0.040742234772085516 0.01129305477131564
0 0.236385639370714 0.5375494071146245 0.05970149253731343 0.020892151326933936
0 0.3037515127067366 0.536420101637493 0.048406615570794675 0.014116318464144552
0 0.38563937071399756 0.5365612648221344 0.0790641387656313 0.016092603049124788
0 0.5288422751109318 0.5405138339920948 0.16054860830980233 0.026821005081874648
0 0.6163775716014522 0.5426312817617166 0.004840661557079467 0.0016939582156973462
0 0.6528842275110932 0.5358554488989271 0.027833803953206938 0.017504234895539244
0 0.7077450584913272 0.5368435911914172 0.045582896329164985 0.016657255787690572
0 0.7684550221863655 0.5426312817617166 0.029850746268656716 0.01355166572557877
0 0.8148446954417103 0.5357142857142857 0.01855586930213796 0.017221908526256352
0 0.86345300524405 0.536420101637493 0.038321903993545785 0.014680971202710334
0 0.17063331988705124 0.5904856013551666 0.055667607906413875 0.027385657820440428
0 0.2601855586930214 0.5914737436476567 0.08067769261799113 0.028797289666854884
0 0.37353771682129894 0.585544889892716 0.100040338846309 0.017504234895539244
0 0.4584509883017346 0.5889328063241107 0.031060911657926585 0.009034443817052512
0 0.5506252521177895 0.5917560700169395 0.11617587736990723 0.028797289666854884
0 0.6770875352964906 0.5913325804630153 0.0899556272690601 0.025691699604743084
0 0.7464703509479629 0.5892151326933935 0.011698265429608713 0.0016939582156973462
0 0.7886244453408633 0.5862507058159232 0.04517950786607503 0.017221908526256352
0 0.8527632109721662 0.5951439864483343 0.05244050020169423 0.025974025974025976
0 0.19443323920935862 0.6408808582721626 0.09762000806776926 0.02766798418972332
0 0.32775312626058895 0.6367871259175607 0.11254538120209762 0.018351214003387916
0 0.41488503428801937 0.6376341050254094 0.021379588543767647 0.022303783173348392
0 0.4878983461073013 0.6403162055335968 0.08511496571198064 0.02710333145115754
0 0.5693828156514724 0.6417278373800113 0.02944735780556676 0.009599096555618294
0 0.6262605889471561 0.6379164313946922 0.03993545784590561 0.01948051948051948
0 0.7043162565550625 0.6418690005646528 0.07503025413473174 0.023997741389045736
0 0.7995159338442921 0.6389045736871823 0.07099636950383219 0.015810276679841896
0 0.17386042759177087 0.6863354037267081 0.050826946349334406 0.018633540372670808
0 0.23376361436062928 0.6901468097120271 0.02864058087938685 0.008752117447769622
0 0.31141589350544574 0.6909937888198758 0.07099636950383219 0.023997741389045736
0 0.39411052843888666 0.6888763410502541 0.04921339249697459 0.014116318464144552
0 0.42597821702299316 0.6970638057594579 0.0024203307785397336 0.0016939582156973462
