0 0.17486889874949577 0.21852060982495766 0.022993142396127472 0.015245623941276116
0 0.22246873739411052 0.22162619988706944 0.03751512706736587 0.009034443817052512
0 0.2809600645421541 0.21908526256352343 0.040742234772085516 0.012987012987012988
0 0.33198870512303347 0.21964991530208922 0.021782977006857603 0.011857707509881422
0 0.3753529649052037 0.22275550536420102 0.04800322710770472 0.020892151326933936
0 0.43485276321097216 0.21950875211744778 0.03872529245663574 0.01383399209486166
0 0.5034288019362646 0.21979107848673066 0.063735377168213 0.013269339356295878
0 0.5336829366680113 0.2279785431959345 0.011294876966518758 0.008752117447769622
0 0.6343283582089553 0.22586109542631283 0.14400968132311415 0.028232636928289104
0 0.7424364663170633 0.21936758893280633 0.02218636546994756 0.014116318464144552
0 0.7851956434045986 0.21908526256352343 0.02702702702702703 0.011857707509881422
0 0.181726502622025 0.27089215132693395 0.06333198870512304 0.013269339356295878
0 0.2444534086325131 0.27639751552795033 0.03711173860427592 0.01693958215697346
0 0.2646228317870109 0.27992659514398643 0.009681323114158934 0.007622811970638058
0 0.3444937474788221 0.269339356295878 0.09762000806776926 0.01693958215697346
0 0.4247680516337233 0.2768210050818746 0.02581686163775716 0.026821005081874648
0 0.4709560306575232 0.269339356295878 0.024606696248487294 0.012987012987012988
0 0.5316659943525616 0.27653867871259175 0.08390480032271078 0.03359683794466403
0 0.618192819685357 0.26990400903444384 0.051230334812424366 0.015810276679841896
0 0.7033077853973376 0.26990400903444384 0.056070996369503835 0.014680971202710334
0 0.7781363453005244 0.2713156408808583 0.04356595401371521 0.009599096555618294
0 0.15752319483662766 0.32284020327498586 0.02702702702702703 0.009881422924901186
0 0.20149253731343283 0.32058159232072275 0.02702702702702703 0.012140033879164314
0 0.27974989915288423 0.3210050818746471 0.08753529649052037 0.014680971202710334
0 0.3699072206534893 0.3266516092603049 0.05647438483259379 0.029361942405420668
0 0.45461879790237997 0.3181818181818182 0.07503025413473174 0.017504234895539244
0 0.553852359822509 0.327639751552795 0.0790641387656313 0.03020892151326934
0 0.6488503428801936 0.3204404291360813 0.07462686567164178 0.015245623941276116
0 0.6922146026623639 0.32481648785996614 0.003227107704719645 0.001976284584980237
0 0.7252924566357403 0.32029926595143987 0.02581686163775716 0.020045172219085264
0 0.7938684953610327 0.3294748729531338 0.08551835417507059 0.029926595143986448
0 0.1581282775312626 0.3695652173913043 0.028237192416296894 0.014680971202710334
0 0.19685356998789835 0.3697063805759458 0.02743041549011698 0.014963297571993224
0 0.25655506252521176 0.37351778656126483 0.05647438483259379 0.023715415019762844
0 0.3416700282371924 0.3685770750988142 0.08067769261799113 0.016092603049124788
0 0.3892698668818072 0.3753529079616036 0.0024203307785397336 0.001411631846414455
0 0.42960871319080274 0.3695652173913043 0.021782977006857603 0.015810276679841896
0 0.49737797498991526 0.37125917560700167 0.0782573618394514 0.01355166572557877
0 0.5873336022589754 0.3697063805759458 0.06938281565147236 0.014963297571993224
0 0.6936264622831787 0.3694240542066629 0.09560306575231949 0.017786561264822136
0 0.7843888664784188 0.371682665160926 0.045582896329164985 0.015527950310559006
0 0.15933844292053248 0.41967814793901753 0.02501008471157725 0.015527950310559006
0 0.2127874142799516 0.42504234895539245 0.03751512706736587 0.0251270468661773
0 0.27833803953206937 0.42066629023150764 0.053247277127874144 0.01355166572557877
0 0.3553852359822509 0.4267363071710898 0.06696248487293263 0.029644268774703556
0 0.42940701895925776 0.4246188594014681 0.033481242436466316 0.0220214568040655
0 0.48769665187575634 0.4209486166007905 0.04195240016135539 0.014680971202710334
0 0.5609116579265833 0.4277244494635799 0.07624041952400161 0.028232636928289104
0 0.6474384832593788 0.4212309429700734 0.05808793868495361 0.014680971202710334
0 0.708753529649052 0.42080745341614906 0.02581686163775716 0.01383399209486166
0 0.7722872125857201 0.4205251270468662 0.06333198870512304 0.017221908526256352
0 0.1591367486889875 0.47289666854884244 0.04235578862444534 0.012987012987012988
0 0.23134328358208955 0.47811970638057594 0.06575231948366277 0.031338226990400904
0 0.3154497781363453 0.4683794466403162 0.060508269463493344 0.018068887634105024
0 0.38241226300927794 0.4774138904573687 0.05244050020169423 0.02766798418972332
0 0.4530052440500202 0.4733201581027668 0.05647438483259379 0.010446075663466968
0 0.545582896329165 0.4688029361942405 0.08430818878580072 0.0189158667419537
0 0.6236385639370714 0.4738848108413326 0.03469140782573618 0.02456239412761152
0 0.6778943122226704 0.4717673630717109 0.057684550221863654 0.01637492941840768
0 0.7065348931020573 0.4785431959345003 0.003630496167809601 0.0016939582156973462
