0 0.16498588140379186 0.21795595708639187 0.03307785397337636 0.025409373235460192
0 0.24384832593787817 0.23080180688876342 0.07866075030254134 0.026821005081874648
0 0.363654699475595 0.22106154714850368 0.035901573215006054 0.0220214568040655
0 0.44150867285195644 0.22063805759457933 0.02864058087938685 0.009881422924901186
0 0.5242033077853974 0.2204968944099379 0.09560306575231949 0.019198193111236588
0 0.6212182331585316 0.22557876905702992 0.03146430012101654 0.031055900621118012
0 0.6885841064945543 0.23094297007340486 0.055667607906413875 0.020892151326933936
0 0.8005244050020169 0.22543760587238848 0.10609116579265833 0.025691699604743084
0 0.2507059298104074 0.2694805194805195 0.20532472771278742 0.015527950310559006
0 0.43485276321097216 0.2704686617730096 0.06615570794675273 0.019198193111236588
0 0.5663574021782977 0.2811970638057595 0.1218233158531666 0.029926595143986448
0 0.645421540943929 0.28190287972896666 0.007260992335619202 0.009316770186335404
0 0.7014925373134329 0.2715979672501412 0.03469140782573618 0.03162055335968379
0 0.7890278338039532 0.26792772444946356 0.07180314643001211 0.017504234895539244
0 0.2073416700282372 0.31832298136645965 0.13311819281968534 0.022868435911914172
0 0.3578055667607906 0.32382834556747603 0.05647438483259379 0.01129305477131564
0 0.4562323517547398 0.32891022021456806 0.0790641387656313 0.033314511575381144
0 0.5621218233158531 0.326369282891022 0.04881000403388463 0.02766798418972332
0 0.6014521984671238 0.33258046301524563 0.008067769261799113 0.011857707509881422
0 0.6595401371520775 0.31931112365894976 0.026623638563937072 0.017504234895539244
0 0.7301331181928197 0.32284020327498586 0.07583703106091166 0.014398644833427442
0 0.8215006050826946 0.3221343873517787 0.06333198870512304 0.019198193111236588
0 0.18596208148446955 0.3728119706380576 0.07987091569181122 0.026256352343308864
0 0.23477208551835418 0.3793054771315641 0.0024203307785397336 0.001976284584980237
0 0.31585316659943524 0.36773009599096557 0.06212182331585317 0.022868435911914172
0 0.41085114965711983 0.3743647656691135 0.0681726502622025 0.01355166572557877
0 0.5373134328358209 0.38297571993224166 0.127470754336426 0.03077357425183512
0 0.6563130294473578 0.37224731789949184 0.04759983864461476 0.014963297571993224
0 0.7868091972569584 0.3728119706380576 0.1319080274304155 0.023433088650479956
0 0.1700282371924163 0.42603049124788256 0.0318676885841065 0.009599096555618294
0 0.2498991528842275 0.4205251270468662 0.050423557886244454 0.0189158667419537
0 0.3711173860427592 0.429983060417843 0.09762000806776926 0.034443817052512704
0 0.4661153691004437 0.4243365330321852 0.03509479628882614 0.0220214568040655
0 0.5641387656313029 0.42603049124788256 0.06171843485276321 0.014680971202710334
0 0.6432029043969343 0.4244776962168266 0.026220250100847116 0.01383399209486166
0 0.7127874142799516 0.422360248447205 0.03630496167809601 0.017504234895539244
0 0.8031464300121016 0.4313946922642575 0.07018959257765228 0.023715415019762844
0 0.8652682533279549 0.4253246753246753 0.014521984671238403 0.001976284584980237
0 0.15954013715207746 0.4751552795031056 0.025413473174667203 0.021456804065499716
0 0.23497377974989916 0.4810841332580463 0.07220653489310205 0.037267080745341616
0 0.29790237999193225 0.484472049689441 0.0060508269463493344 0.009599096555618294
0 0.35296490520371115 0.4776962168266516 0.028237192416296894 0.03387916431394692
0 0.4483662767244857 0.4761434217955957 0.12222670431625655 0.026821005081874648
0 0.5314643001210165 0.4816487859966121 0.008471157724889069 0.010728402032749858
0 0.6290843081887858 0.4720496894409938 0.11173860427591771 0.019762845849802372
0 0.7490923759580476 0.47586109542631283 0.06212182331585317 0.01101072840203275
0 0.835820895522388 0.4741671372106155 0.041145623235175476 0.017221908526256352
0 0.1734570391286809 0.5735460191981931 0.041145623235175476 0.0251270468661773
0 0.30778539733763616 0.5825804630152456 0.07664380798709157 0.026256352343308864
0 0.5237999193223074 0.5807453416149069 0.24162968939088342 0.029926595143986448
0 0.7010891488503429 0.5777809147374364 0.042759177087535294 0.016657255787690572
0 0.7981040742234772 0.5849802371541502 0.07139975796692215 0.037267080745341616
0 0.190802743041549 0.6238001129305477 0.06615570794675273 0.03359683794466403
0 0.2934651068979427 0.6342461885940147 0.033481242436466316 0.021174477696216828
0 0.38866478418717226 0.6266233766233766 0.0318676885841065 0.014398644833427442
0 0.5284388866478419 0.6226708074534162 0.12585720048406615 0.023433088650479956
0 0.6079064138765631 0.6319875776397516 0.0024203307785397336 0.002540937323546019
