0 0.14784187172246874 0.19113495200451722 0.007664380798709157 0.003952569169960474
0 0.1663977410246067 0.2140033879164314 0.012505042355788625 0.018068887634105024
0 0.20229931423961275 0.217673630717109 0.0609116579265833 0.019198193111236588
0 0.2418313836224284 0.22699040090344438 0.0052440500201694235 0.0033879164313946925
0 0.3138362242839855 0.2171089779785432 0.10407422347720856 0.024280067758328628
0 0.3894715611133522 0.22190852625635235 0.026220250100847116 0.00846979107848673
0 0.42940701895925776 0.21626199887069453 0.026220250100847116 0.020892151326933936
0 0.48063735377168215 0.22769621682665162 0.0609116579265833 0.01383399209486166
0 0.5584913271480436 0.22261434217955958 0.06897942718838242 0.012704686617730096
0 0.6032674465510286 0.22430830039525693 0.0060508269463493344 0.006493506493506494
0 0.6311012505042356 0.21696781479390176 0.01653892698668818 0.0189158667419537
0 0.6839451391690198 0.21640316205533597 0.08834207341670028 0.023433088650479956
0 0.781363453005244 0.21739130434782608 0.07987091569181122 0.024280067758328628
0 0.17648245260185558 0.2701863354037267 0.04477611940298507 0.014680971202710334
0 0.22831787010891488 0.2648221343873518 0.02501008471157725 0.0220214568040655
0 0.28499394917305365 0.26566911349520045 0.0609116579265833 0.023150762281197064
0 0.37777329568374346 0.26877470355731226 0.0754336425978217 0.02766798418972332
0 0.4461476401774909 0.26750423489553926 0.03711173860427592 0.023433088650479956
0 0.4899152884227511 0.27399774138904576 0.043969342476805166 0.01101072840203275
0 0.5185558693021379 0.2761151891586674 0.0052440500201694235 0.00282326369282891
0 0.5429608713190803 0.2567758328627894 0.010488100040338847 0.005928853754940711
0 0.5885437676482452 0.26679841897233203 0.041145623235175476 0.020327498588368152
0 0.6732553448971359 0.2670807453416149 0.10649455425574829 0.023715415019762844
0 0.7946752722872126 0.2761151891586674 0.09519967728922953 0.015810276679841896
0 0.17749092375958048 0.31931112365894976 0.05808793868495361 0.030491247882552232
0 0.24788221056877774 0.313382269904009 0.038321903993545785 0.023150762281197064
0 0.29850746268656714 0.3129587803500847 0.024203307785397338 0.026821005081874648
0 0.37232755143202906 0.31747600225861095 0.08874546187979024 0.03077357425183512
0 0.47418313836224285 0.3211462450592885 0.08430818878580072 0.027950310559006212
0 0.5197660346914078 0.32396950875211744 0.007664380798709157 0.00818746470920384
0 0.5649455425574829 0.3136645962732919 0.04719645018152481 0.023715415019762844
0 0.5964098426784994 0.32707509881422925 0.006857603872529245 0.004799548277809147
0 0.6692214602662364 0.325098814229249 0.10568777732956837 0.023433088650479956
0 0.8013311819281969 0.32171089779785433 0.1262605889471561 0.04432523997741389
0 0.1801129487696652 0.3708356860530774 0.07866075030254134 0.014398644833427442
0 0.2319483662767245 0.3749294184076793 0.004033884630899556 0.00564652738565782
0 0.28600242033077855 0.36984754376058726 0.05889471561113352 0.014680971202710334
0 0.40298507462686567 0.3743647656691135 0.12505042355788623 0.033314511575381144
0 0.4977813634530052 0.3642010163749294 0.033884630899556276 0.026538678712591756
0 0.5502218636546995 0.36885940146809715 0.023396530859217425 0.016657255787690572
0 0.5899556272690601 0.365330321852061 0.0318676885841065 0.024280067758328628
0 0.7103670835014119 0.3681535855448899 0.16377571601452198 0.023715415019762844
0 0.8291649858814037 0.36702428006775834 0.02702702702702703 0.021456804065499716
0 0.15893505445744252 0.46485036702428006 0.023396530859217425 0.027950310559006212
0 0.1918112141992739 0.46301524562394125 0.014925373134328358 0.023150762281197064
0 0.22609923356192013 0.4640033879164314 0.05203711173860428 0.023433088650479956
0 0.34308188785800725 0.4652738565782044 0.1536910044372731 0.02710333145115754
0 0.5 0.4644268774703557 0.11012505042355789 0.02710333145115754
0 0.5835014118596208 0.47360248447204967 0.027833803953206938 0.00818746470920384
0 0.6762807583703107 0.47162619988706944 0.1189995966115369 0.03359683794466403
0 0.781766841468334 0.4642857142857143 0.03872529245663574 0.0251270468661773
0 0.8241226300927793 0.46696781479390176 0.03711173860427592 0.02710333145115754
0 0.17849939491730538 0.567476002258611 0.057684550221863654 0.023715415019762844
0 0.25877369907220654 0.567193675889328 0.057684550221863654 0.023150762281197064
0 0.31343283582089554 0.5660643704121965 0.03065752319483663 0.0220214568040655
0 0.35962081484469544 0.5719932241671372 0.024606696248487294 0.015245623941276116
0 0.42698668818071805 0.5676171654432524 0.04800322710770472 0.031338226990400904
0 0.5072609923356192 0.5707227555053642 0.06978620411456232 0.029644268774703556
0 0.5447761194029851 0.5787690570299266 0.008471157724889069 0.00282326369282891
