0 0.18737394110528438 0.2204968944099379 0.06897942718838242 0.025974025974025976
0 0.2490923759580476 0.21964991530208922 0.021379588543767647 0.02258610954263128
0 0.3370310609116579 0.21795595708639187 0.13594191206131503 0.023715415019762844
0 0.43142396127470756 0.220214568040655 0.02702702702702703 0.021456804065499716
0 0.4774102460669625 0.2204968944099379 0.04235578862444534 0.021456804065499716
0 0.5605082694634933 0.22289666854884246 0.09398951189995966 0.040372670807453416
0 0.6341266639774102 0.21880293619424054 0.03953206938281565 0.023715415019762844
0 0.6926179911254539 0.21880293619424054 0.06615570794675273 0.025974025974025976
0 0.7170229931423961 0.23122529644268774 0.003630496167809601 0.00282326369282891
0 0.7962888261395724 0.22219085262563523 0.0782573618394514 0.024280067758328628
0 0.18475191609519967 0.2636928289102202 0.06131504638967326 0.033314511575381144
0 0.27228721258572003 0.2727272727272727 0.060508269463493344 0.018068887634105024
0 0.33420734167002825 0.2758328627893845 0.024606696248487294 0.012422360248447204
0 0.4035901573215006 0.27498588368153587 0.07139975796692215 0.033314511575381144
0 0.5010084711577248 0.27117447769621683 0.063735377168213 0.02456239412761152
0 0.5423557886244453 0.2847261434217956 0.0052440500201694235 0.009316770186335404
0 0.5956030657523195 0.27004517221908525 0.0536506655909641 0.026821005081874648
0 0.6551028640580879 0.2728684359119142 0.03630496167809601 0.02456239412761152
0 0.7414279951593384 0.2696216826651609 0.08793868495361033 0.02766798418972332
0 0.8444937474788221 0.27216261998870694 0.08511496571198064 0.025409373235460192
0 0.8931020572811618 0.2888198757763975 0.010488100040338847 0.009599096555618294
0 0.1674062121823316 0.3176171654432524 0.053247277127874144 0.029926595143986448
0 0.24788221056877774 0.3198757763975155 0.0463896732553449 0.023715415019762844
0 0.3408632513110125 0.3231225296442688 0.1073013311819282 0.040372670807453416
0 0.4517950786607503 0.32608695652173914 0.08632513110125051 0.030491247882552232
0 0.536708350141186 0.32481648785996614 0.030254134731746672 0.018351214003387916
0 0.6161758773699072 0.3307453416149068 0.09721661960467931 0.040372670807453416
0 0.7008874546187979 0.32128740824393 0.03993545784590561 0.02258610954263128
0 0.7710770471964502 0.3246753246753247 0.07866075030254134 0.019762845849802372
0 0.818273497377975 0.3307453416149068 0.004437273093989512 0.001976284584980237
0 0.8485276321097217 0.3129587803500847 0.01008471157724889 0.00818746470920384
0 0.8594191206131505 0.32029926595143987 0.01653892698668818 0.022868435911914172
0 0.19039935457845905 0.3699887069452287 0.09197256958450989 0.022868435911914172
0 0.27591770875352967 0.37323546019198195 0.042759177087535294 0.015810276679841896
0 0.3918918918918919 0.3740824392998306 0.1335215812827753 0.02710333145115754
0 0.5215812827753126 0.378317334839074 0.08309802339653086 0.0378317334839074
0 0.5677692617991126 0.3900338791643139 0.0060508269463493344 0.009881422924901186
0 0.5895522388059702 0.36885940146809715 0.007664380798709157 0.012140033879164314
0 0.6282775312626059 0.37365894974590624 0.025413473174667203 0.020045172219085264
0 0.6877773295683743 0.37775268210050816 0.06615570794675273 0.018633540372670808
0 0.772085518354175 0.3771880293619424 0.03791851553045583 0.011857707509881422
0 0.8200887454618798 0.3749294184076793 0.02743041549011698 0.019762845849802372
0 0.86345300524405 0.3760587238848108 0.030254134731746672 0.011857707509881422
0 0.1827349737797499 0.42193675889328064 0.08793868495361033 0.022303783173348392
0 0.29306171843485274 0.42320722755505363 0.07704719645018153 0.020327498588368152
0 0.3380395320693828 0.4308300395256917 0.004840661557079467 0.00846979107848673
0 0.38584106494554254 0.42193675889328064 0.04477611940298507 0.025691699604743084
0 0.47519160951996775 0.4256070016939582 0.100040338846309 0.023997741389045736
0 0.5929810407422348 0.42179559570863917 0.08793868495361033 0.025974025974025976
0 0.6980637353771683 0.43266516092603047 0.07946752722872126 0.029079616036137776
0 0.8255344897135942 0.4292772444946358 0.14239612747075434 0.041501976284584984
0 0.9072206534893102 0.43252399774138905 0.004840661557079467 0.005081874647092038
0 0.15691811214199275 0.4665443252399774 0.03872529245663574 0.022303783173348392
0 0.1952400161355385 0.46852060982495763 0.035498184751916094 0.01948051948051948
0 0.29790237999193225 0.4720496894409938 0.13432835820895522 0.028232636928289104
0 0.4536103267446551 0.4720496894409938 0.12303348124243646 0.019198193111236588
0 0.5316659943525616 0.48023715415019763 0.007260992335619202 0.012987012987012988
0 0.5891488503428802 0.4775550536420102 0.07946752722872126 0.022303783173348392
0 0.7115772488906817 0.4686617730095991 0.1073013311819282 0.024280067758328628
0 0.827954820492134 0.4697910784867307 0.06897942718838242 0.023150762281197064
0 0.8672851956434046 0.4792490118577075 0.004840661557079467 0.003105590062111801
0 0.1619604679306172 0.5128458498023716 0.043162565550625254 0.023433088650479956
0 0.21863654699475596 0.5146809712027103 0.04356595401371521 0.02258610954263128
0 0.30597014925373134 0.5122811970638057 0.09318273497377975 0.032467532467532464
0 0.4191206131504639 0.5159514398644833 0.07260992335619201 0.025691699604743084
0 0.5601048810004033 0.5170807453416149 0.14320290439693426 0.031338226990400904
0 0.7077450584913272 0.5146809712027103 0.09883017345703912 0.03274985883681536
0 0.845703912868092 0.5252682100508187 0.14481645824929407 0.04206662902315076
0 0.14199273900766438 0.5616883116883117 0.026623638563937072 0.02456239412761152
0 0.18394513916901978 0.5632411067193676 0.041145623235175476 0.02258610954263128
0 0.2488906817265026 0.5622529644268774 0.04356595401371521 0.020609824957651044
0 0.30395320693828154 0.564652738565782 0.0318676885841065 0.020327498588368152
0 0.3741427995159338 0.5638057594579333 0.09640984267849939 0.028797289666854884
0 0.44050020169423154 0.5784867306606437 0.00645421540943929 0.007905138339920948
0 0.5185558693021379 0.5707227555053642 0.07059298104074223 0.022303783173348392
0 0.6238402581686163 0.5734048560135516 0.08350141185962082 0.026538678712591756
0 0.7103670835014119 0.5820158102766798 0.050826946349334406 0.03811405985319029
0 0.7408229124647036 0.5914737436476567 0.007664380798709157 0.00846979107848673
0 0.7888261395724082 0.5821569734613213 0.05445744251714401 0.037267080745341616
0 0.16236385639370715 0.6309994353472614 0.08511496571198064 0.029926595143986448
0 0.25413473174667206 0.6290231507622812 0.03872529245663574 0.0220214568040655
0 0.326946349334409 0.6274703557312253 0.0609116579265833 0.027385657820440428
0 0.4007664380798709 0.6297289666854884 0.06736587333602259 0.02456239412761152
0 0.4608713190802743 0.6305759457933371 0.027833803953206938 0.022303783173348392
0 0.5129084308188786 0.6314229249011858 0.03670835014118596 0.026821005081874648
0 0.6113352158128278 0.6314229249011858 0.11335215812827754 0.027385657820440428
0 0.6746672045179508 0.6401750423489554 0.003630496167809601 0.003105590062111801
