0 0.17809600645421542 0.22106154714850368 0.051230334812424366 0.020892151326933936
0 0.2434449374747882 0.22402597402597402 0.030254134731746672 0.01383399209486166
0 0.3096006454215409 0.22106154714850368 0.04961678096006454 0.02258610954263128
0 0.372932634126664 0.22557876905702992 0.03509479628882614 0.025409373235460192
0 0.48608309802339655 0.22473178994918125 0.16296893908834206 0.029361942405420668
0 0.6040742234772085 0.2220496894409938 0.03670835014118596 0.0189158667419537
0 0.672448567970956 0.221485036702428 0.05889471561113352 0.023997741389045736
0 0.7531262605889472 0.22826086956521738 0.07260992335619201 0.028514963297571992
0 0.7924566357402179 0.23715415019762845 0.00927793465106898 0.010163749294184076
0 0.8420734167002824 0.2220496894409938 0.0463896732553449 0.01948051948051948
0 0.19826542960871318 0.2737154150197628 0.08753529649052037 0.021739130434782608
0 0.2446551028640581 0.2876905702992659 0.004437273093989512 0.009034443817052512
0 0.2835820895522388 0.27216261998870694 0.024203307785397338 0.019198193111236588
0 0.336022589753933 0.27315076228119706 0.042759177087535294 0.018351214003387916
0 0.4102460669624849 0.2720214568040655 0.07018959257765228 0.020609824957651044
0 0.4560306575231948 0.2891022021456804 0.0060508269463493344 0.007340485601355167
0 0.5110931827349737 0.27428006775832864 0.060508269463493344 0.01948051948051948
0 0.5964098426784994 0.2735742518351214 0.07624041952400161 0.020892151326933936
0 0.690802743041549 0.27625635234330886 0.06494554255748286 0.012140033879164314
0 0.7605889471561114 0.27442123094297005 0.04800322710770472 0.024280067758328628
0 0.8229124647035094 0.2723037831733484 0.05647438483259379 0.020609824957651044
0 0.20270270270270271 0.32128740824393 0.09802339653085922 0.020327498588368152
0 0.30919725695845096 0.32298136645962733 0.058491327148043566 0.020892151326933936
0 0.3563937071399758 0.3308865047995483 0.003630496167809601 0.002258610954263128
0 0.3840258168616378 0.3145115753811406 0.00645421540943929 0.006775832862789385
0 0.41427995159338443 0.3219932241671372 0.026623638563937072 0.017786561264822136
0 0.47236789027833803 0.3222755505364201 0.063735377168213 0.022303783173348392
0 0.553852359822509 0.3246753246753247 0.04517950786607503 0.019762845849802372
0 0.618596208148447 0.3341332580463015 0.06655909640984267 0.022303783173348392
0 0.7071399757966922 0.32382834556747603 0.07018959257765228 0.017504234895539244
0 0.77269060104881 0.3242518351214003 0.024606696248487294 0.017221908526256352
0 0.8225090762404196 0.32284020327498586 0.03791851553045583 0.018351214003387916
0 0.8600242033077854 0.3245341614906832 0.009681323114158934 0.016092603049124788
0 0.8785800726099233 0.3178994918125353 0.008874546187979023 0.005081874647092038
0 0.17123840258168616 0.3730942970073405 0.03670835014118596 0.021739130434782608
0 0.26119402985074625 0.37422360248447206 0.09076240419524001 0.020609824957651044
0 0.31787010891488504 0.38961038961038963 0.008067769261799113 0.009599096555618294
0 0.3918918918918919 0.3794466403162055 0.09156918112141993 0.03162055335968379
0 0.48204921339249696 0.3739412761151892 0.02581686163775716 0.022303783173348392
0 0.5294473578055667 0.3730942970073405 0.038321903993545785 0.020045172219085264
0 0.6206131504638968 0.37422360248447206 0.09237595804759983 0.021174477696216828
0 0.682129891085115 0.38297571993224166 0.0024203307785397336 0.002540937323546019
0 0.7119806373537717 0.36885940146809715 0.009681323114158934 0.005928853754940711
0 0.7438483259378782 0.3740824392998306 0.035498184751916094 0.01637492941840768
0 0.7668414683340057 0.3845285149632976 0.016135538523598225 0.025974025974025976
0 0.8112141992739008 0.37662337662337664 0.012101653892698669 0.018633540372670808
0 0.8517547398144413 0.3750705815923207 0.06252521177894312 0.017786561264822136
0 0.1700282371924163 0.4227837380011293 0.02218636546994756 0.022303783173348392
0 0.245461879790238 0.4244776962168266 0.07624041952400161 0.01948051948051948
0 0.3348124243646632 0.4339356295878035 0.0572811617587737 0.023150762281197064
0 0.46752722872125857 0.4246188594014681 0.1508672851956434 0.0220214568040655
0 0.5867285195643405 0.43125352907961606 0.07301331181928197 0.028514963297571992
0 0.6784993949173054 0.423630717108978 0.07503025413473174 0.020609824957651044
0 0.7974989915288423 0.42913608130999437 0.13795885437676483 0.02766798418972332
0 0.2099636950383219 0.4748729531338227 0.09237595804759983 0.018633540372670808
0 0.30052440500201694 0.4741671372106155 0.04679306171843485 0.01948051948051948
0 0.4128680919725696 0.47473178994918125 0.11496571198063735 0.020609824957651044
0 0.5203711173860428 0.4808018068887634 0.04679306171843485 0.025974025974025976
0 0.5554659136748689 0.48856578204404294 0.008067769261799113 0.009316770186335404
0 0.5859217426381605 0.4717673630717109 0.010891488503428802 0.006211180124223602
0 0.628075837031061 0.4762845849802372 0.048406615570794675 0.020892151326933936
0 0.7444534086325131 0.47600225861095424 0.12868091972569584 0.021456804065499716
0 0.20713997579669222 0.5303500846979108 0.08350141185962082 0.03190287972896669
0 0.2617991125453812 0.5335968379446641 0.0024203307785397336 0.0016939582156973462
0 0.2890278338039532 0.5186335403726708 0.008471157724889069 0.004517221908526256
0 0.31423961274707546 0.5251270468661773 0.010488100040338847 0.015245623941276116
0 0.33864461476401775 0.5269621682665161 0.02944735780556676 0.016657255787690572
0 0.38967325534489716 0.5304912478825522 0.01936264622831787 0.010163749294184076
0 0.4574425171440097 0.5262563523433089 0.07745058491327148 0.018068887634105024
0 0.5566760790641387 0.5237154150197628 0.06938281565147236 0.021456804065499716
0 0.6319080274304155 0.5275268210050819 0.03993545784590561 0.028514963297571992
0 0.7049213392496975 0.5302089215132694 0.08027430415490117 0.029926595143986448
0 0.81807180314643 0.5261151891586674 0.10810810810810811 0.018351214003387916
0 0.19140782573618395 0.5753811405985318 0.06252521177894312 0.020892151326933936
0 0.2624041952400161 0.5813099943534726 0.033481242436466316 0.012987012987012988
0 0.3862444534086325 0.5791925465838509 0.16014521984671237 0.026256352343308864
0 0.5617184348527632 0.5758046301524562 0.14158935054457442 0.021174477696216828
0 0.6448164582492941 0.5849802371541502 0.002016942315449778 0.0016939582156973462
0 0.6663977410246067 0.5704404291360813 0.010488100040338847 0.006493506493506494
