0 0.1409842678499395 0.2111801242236025 0.006857603872529245 0.006775832862789385
0 0.17769261799112546 0.22106154714850368 0.05203711173860428 0.021456804065499716
0 0.22771278741427994 0.22233201581027667 0.0060508269463493344 0.017786561264822136
0 0.25110931827349736 0.22162619988706944 0.02702702702702703 0.017504234895539244
0 0.33965308592174265 0.22656691134952003 0.10972166196046793 0.031338226990400904
0 0.42960871319080274 0.22233201581027667 0.04437273093989512 0.0189158667419537
0 0.48608309802339655 0.22727272727272727 0.02743041549011698 0.02258610954263128
0 0.545179507866075 0.22868435911914173 0.06413876563130294 0.028797289666854884
0 0.6647841871722469 0.2289666854884246 0.13473174667204518 0.031055900621118012
0 0.7954820492133925 0.2230378317334839 0.09035901573215006 0.021456804065499716
0 0.16216216216216217 0.2717391304347826 0.02743041549011698 0.020045172219085264
0 0.25574828559903184 0.2738565782044043 0.12263009277934651 0.019198193111236588
0 0.3608309802339653 0.27526821005081875 0.05445744251714401 0.02766798418972332
0 0.4237595804759984 0.2831733483907397 0.043969342476805166 0.023715415019762844
0 0.5213795885437676 0.2776679841897233 0.11577248890681727 0.014963297571993224
0 0.5885437676482452 0.2885375494071146 0.00645421540943929 0.007905138339920948
0 0.6155707946752723 0.2662337662337662 0.007260992335619202 0.004517221908526256
0 0.6436062928600242 0.2732919254658385 0.03751512706736587 0.018633540372670808
0 0.7353771682129892 0.2738565782044043 0.10972166196046793 0.02258610954263128
0 0.7979023799919323 0.2795031055900621 0.004033884630899556 0.0033879164313946925
0 0.1464300121016539 0.3169113495200452 0.008067769261799113 0.00818746470920384
0 0.1974586526825333 0.32142857142857145 0.07462686567164178 0.023433088650479956
0 0.2882210568777733 0.32171089779785433 0.07382008874546188 0.01948051948051948
0 0.35962081484469544 0.32142857142857145 0.008471157724889069 0.020609824957651044
0 0.40318676885841065 0.32298136645962733 0.0681726502622025 0.019198193111236588
0 0.5 0.33130999435347264 0.07946752722872126 0.023433088650479956
0 0.5794675272287213 0.32707509881422925 0.04881000403388463 0.01383399209486166
0 0.6242436466317063 0.32481648785996614 0.012505042355788625 0.020045172219085264
0 0.6514723678902783 0.3241106719367589 0.007260992335619202 0.01693958215697346
0 0.700080677692618 0.32806324110671936 0.07059298104074223 0.012987012987012988
0 0.763614360629286 0.33243929983060416 0.03711173860427592 0.020045172219085264
0 0.8194836627672448 0.327639751552795 0.050423557886244454 0.025691699604743084
0 0.17043162565550626 0.38297571993224166 0.05687777329568374 0.022868435911914172
0 0.24162968939088342 0.37337662337662336 0.042759177087535294 0.0189158667419537
0 0.3174667204517951 0.3750705815923207 0.05244050020169423 0.01948051948051948
0 0.3838241226300928 0.3836815358554489 0.056070996369503835 0.026538678712591756
0 0.4332392093586123 0.37676453980801805 0.011294876966518758 0.017221908526256352
0 0.46893908834207343 0.3781761716544325 0.038321903993545785 0.012704686617730096
0 0.5159338442920532 0.3818464144551101 0.03711173860427592 0.031338226990400904
0 0.5885437676482452 0.37888198757763975 0.08632513110125051 0.029926595143986448
0 0.6853569987898346 0.3752117447769622 0.07180314643001211 0.020892151326933936
0 0.7517144009681324 0.37888198757763975 0.0318676885841065 0.025409373235460192
0 0.8120209762000806 0.3753529079616036 0.063735377168213 0.018351214003387916
0 0.15732150060508268 0.4244776962168266 0.02581686163775716 0.0189158667419537
0 0.2252924566357402 0.4256070016939582 0.07785397337636143 0.017786561264822136
0 0.31121419927390076 0.4256070016939582 0.038321903993545785 0.01948051948051948
0 0.4332392093586123 0.4309712027103331 0.17749092375958048 0.03190287972896669
0 0.5330778539733764 0.4394409937888199 0.008471157724889069 0.010446075663466968
0 0.5663574021782977 0.4246188594014681 0.014521984671238403 0.019198193111236588
0 0.590560709963695 0.42871259175607 0.04517950786607503 0.01383399209486166
0 0.6494554255748286 0.4246188594014681 0.03711173860427592 0.019198193111236588
0 0.7593787817668415 0.4253246753246753 0.13513513513513514 0.020609824957651044
0 0.181726502622025 0.4815076228119706 0.0754336425978217 0.029644268774703556
0 0.25534489713594194 0.4761434217955957 0.023396530859217425 0.021739130434782608
0 0.3011294876966519 0.47882552230378317 0.038321903993545785 0.019198193111236588
0 0.37031060911657926 0.47910784867306605 0.05647438483259379 0.018068887634105024
0 0.4421137555465914 0.4813664596273292 0.03791851553045583 0.025974025974025976
0 0.49616780960064544 0.48842461885940147 0.03791851553045583 0.023150762281197064
0 0.5939895118999596 0.48404856013551667 0.10044372730939895 0.03190287972896669
0 0.6657926583299718 0.4803783173348391 0.012505042355788625 0.001976284584980237
0 0.7355788624445341 0.4817899491812535 0.09479628882613957 0.03190287972896669
0 0.81807180314643 0.4762845849802372 0.04195240016135539 0.0220214568040655
0 0.20209762000806777 0.5354319593450029 0.11214199273900767 0.029644268774703556
0 0.31565147236789026 0.5304912478825522 0.07624041952400161 0.032185206098249576
0 0.3971359419120613 0.5372670807453416 0.058491327148043566 0.028797289666854884
0 0.49959661153691004 0.5311970638057595 0.08592174263816055 0.02456239412761152
0 0.572206534893102 0.5299265951439864 0.027833803953206938 0.017504234895539244
0 0.6434045986284792 0.528514963297572 0.0653489310205728 0.018633540372670808
0 0.7226704316256555 0.5286561264822134 0.06413876563130294 0.0189158667419537
0 0.8013311819281969 0.5295031055900621 0.06413876563130294 0.0189158667419537
0 0.19120613150463897 0.6332580463015246 0.08229124647035095 0.02766798418972332
0 0.24304154901169828 0.6398927159796725 0.0028237192416296895 0.001411631846414455
0 0.2644211375554659 0.623235460191982 0.008471157724889069 0.005928853754940711
