0 0.16155707946752723 0.5124223602484472 0.051230334812424366 0.032185206098249576
0 0.2281161758773699 0.5107284020327498 0.04719645018152481 0.0378317334839074
0 0.272488906817265 0.5189158667419537 0.013311819281968536 0.007340485601355167
0 0.3424768051633723 0.5230095990965556 0.09439290036304962 0.06691134952004517
0 0.4267849939491731 0.5238565782044043 0.04921339249697459 0.05448898927159797
0 0.4858814037918516 0.5124223602484472 0.050423557886244454 0.03387916431394692
0 0.5163372327551432 0.5333145115753811 0.003227107704719645 0.010728402032749858
0 0.5522388059701493 0.5108695652173914 0.042759177087535294 0.036420101637492944
0 0.5951996772892295 0.5191981931112366 0.011698265429608713 0.029926595143986448
0 0.6540943929003631 0.5145398080180689 0.06333198870512304 0.03077357425183512
0 0.7258975393303752 0.5094579333709769 0.051230334812424366 0.04601919819311124
0 0.7934651068979427 0.5114342179559571 0.063735377168213 0.031338226990400904
0 0.17386042759177087 0.5677583286278939 0.07099636950383219 0.05194805194805195
0 0.23578055667607906 0.5622529644268774 0.020572811617587738 0.03585544889892716
0 0.28519564340459863 0.562111801242236 0.04759983864461476 0.033314511575381144
0 0.36607503025413474 0.5547713156408809 0.06171843485276321 0.037267080745341616
0 0.4235578862444534 0.5618294748729531 0.020976200080677694 0.03557312252964427
0 0.47862041145623235 0.562394127611519 0.0536506655909641 0.04121964991530209
0 0.5480032271077048 0.5630999435347261 0.057684550221863654 0.0409373235460192
0 0.627470754336426 0.5808865047995483 0.06413876563130294 0.05110107284020327
0 0.6670028237192416 0.5758046301524562 0.0060508269463493344 0.001976284584980237
0 0.7488906817265026 0.5598531902879729 0.12706736587333603 0.044607566346696784
0 0.17265026220250101 0.6129305477131564 0.07018959257765228 0.038396386222473176
0 0.25978217022993144 0.6120835686053078 0.05808793868495361 0.03613777526821005
0 0.33521581282775315 0.6129305477131564 0.06292860024203308 0.037267080745341616
0 0.43041549011698266 0.6098249576510446 0.10084711577248891 0.044607566346696784
0 0.54497781363453 0.6120835686053078 0.09842678499394918 0.040654997176736304
0 0.6395724082291246 0.6136363636363636 0.043969342476805166 0.03980801806888763
0 0.7071399757966922 0.6129305477131564 0.03872529245663574 0.03670242800677583
0 0.772892295280355 0.6136363636363636 0.05486083098023396 0.03698475437605872
