0 0.17123840258168616 0.22332015810276679 0.03428801936264623 0.01637492941840768
0 0.21298910851149658 0.22275550536420102 0.02581686163775716 0.018068887634105024
0 0.27047196450181527 0.2310841332580463 0.06010488100040339 0.028514963297571992
0 0.34308188785800725 0.22727272727272727 0.06978620411456232 0.00846979107848673
0 0.3852359822509076 0.23122529644268774 0.00645421540943929 0.00564652738565782
0 0.4336425978217023 0.22346132128740825 0.05970149253731343 0.012704686617730096
0 0.517345703912868 0.22219085262563523 0.0891488503428802 0.015810276679841896
0 0.6042759177087536 0.22092038396386224 0.06696248487293263 0.017786561264822136
0 0.6508672851956434 0.2204968944099379 0.019766034691407825 0.01637492941840768
0 0.7246873739411053 0.22092038396386224 0.08188785800726099 0.017221908526256352
0 0.7989108511496571 0.2245906267645398 0.03751512706736587 0.006493506493506494
0 0.8551835417507059 0.2217673630717109 0.05889471561113352 0.01948051948051948
0 0.8878580072609923 0.2295313382269904 0.003227107704719645 0.002258610954263128
0 0.16982654296087132 0.27442123094297005 0.029850746268656716 0.015245623941276116
0 0.21198063735377168 0.2790796160361378 0.02944735780556676 0.006493506493506494
0 0.29144816458249295 0.27639751552795033 0.09398951189995966 0.01129305477131564
0 0.3499394917305365 0.2813382269904009 0.0052440500201694235 0.004799548277809147
0 0.3765631302944736 0.27188029361942406 0.0318676885841065 0.01693958215697346
0 0.40318676885841065 0.2790796160361378 0.0028237192416296895 0.003105590062111801
0 0.4526018555869302 0.2720214568040655 0.05889471561113352 0.016092603049124788
0 0.4883017345703913 0.28204404291360813 0.004437273093989512 0.006775832862789385
0 0.5217829770068576 0.27343308865047994 0.03993545784590561 0.017221908526256352
0 0.6016538926986689 0.27315076228119706 0.09237595804759983 0.0189158667419537
0 0.7045179507866075 0.2728684359119142 0.07866075030254134 0.016657255787690572
0 0.7827753126260589 0.27188029361942406 0.056070996369503835 0.015810276679841896
0 0.8394513916901977 0.2704686617730096 0.05889471561113352 0.019198193111236588
0 0.19584509883017345 0.32495765104460755 0.07462686567164178 0.018068887634105024
0 0.2593787817668415 0.3234048560135517 0.022589753933037516 0.014398644833427442
0 0.3170633319887051 0.3235460191981931 0.06857603872529246 0.015810276679841896
0 0.39753933037515127 0.32396950875211744 0.0681726502622025 0.016657255787690572
0 0.49495764421137556 0.32396950875211744 0.07583703106091166 0.014963297571993224
0 0.5962081484469545 0.32284020327498586 0.08229124647035095 0.016657255787690572
0 0.6764824526018556 0.3243929983060418 0.03630496167809601 0.010728402032749858
0 0.7141992739007664 0.3241106719367589 0.024606696248487294 0.015810276679841896
0 0.7757160145219847 0.3222755505364201 0.0653489310205728 0.014398644833427442
0 0.8194836627672448 0.3286278938452851 0.004437273093989512 0.00282326369282891
0 0.19402985074626866 0.37761151891586675 0.08390480032271078 0.02456239412761152
0 0.27853973376361435 0.37704686617730093 0.02218636546994756 0.00818746470920384
0 0.3323920935861234 0.3743647656691135 0.045986284792254944 0.015810276679841896
0 0.36506655909640984 0.38325804630152455 0.004033884630899556 0.004234895539243365
0 0.39108511496571197 0.37450592885375494 0.03993545784590561 0.014398644833427442
0 0.45240016135538524 0.3771880293619424 0.05203711173860428 0.006775832862789385
0 0.5441710367083501 0.37351778656126483 0.08793868495361033 0.015810276679841896
0 0.6321097216619604 0.37111801242236025 0.06212182331585317 0.0189158667419537
0 0.709358612343687 0.38114059853190285 0.06171843485276321 0.028232636928289104
0 0.7521177894312223 0.3814229249011858 0.0060508269463493344 0.005081874647092038
0 0.7858007260992336 0.37238848108413325 0.035498184751916094 0.014680971202710334
0 0.8122226704316257 0.3794466403162055 0.0028237192416296895 0.00282326369282891
0 0.8241226300927793 0.36490683229813664 0.007260992335619202 0.006493506493506494
0 0.17406212182331585 0.4243365330321852 0.05687777329568374 0.01637492941840768
0 0.2601855586930214 0.43153585544889894 0.0645421540943929 0.027950310559006212
0 0.3083904800322711 0.4339356295878035 0.003630496167809601 0.00564652738565782
0 0.3654699475594998 0.43068887634105024 0.09035901573215006 0.03077357425183512
0 0.4471561113352158 0.424901185770751 0.04235578862444534 0.014116318464144552
0 0.5201694231544978 0.42871259175607 0.07139975796692215 0.029644268774703556
0 0.6127470754336426 0.42843026538678713 0.07503025413473174 0.007622811970638058
0 0.7031060911657927 0.4230660643704122 0.06696248487293263 0.0189158667419537
0 0.7694634933440904 0.42814793901750425 0.033481242436466316 0.007058159232072276
0 0.8190802743041549 0.4212309429700734 0.0391286809197257 0.019198193111236588
0 0.8789834610730133 0.42108977978543194 0.05163372327551432 0.0189158667419537
0 0.19443323920935862 0.4798136645962733 0.08229124647035095 0.027950310559006212
0 0.28620411456232353 0.47557876905702995 0.06171843485276321 0.014963297571993224
0 0.3743444937474788 0.4767080745341615 0.08148446954417103 0.012704686617730096
0 0.4483662767244857 0.47995482778091475 0.040742234772085516 0.007340485601355167
0 0.5310609116579266 0.47783738001129306 0.08511496571198064 0.008752117447769622
0 0.6216216216216216 0.47444946357989837 0.05244050020169423 0.017786561264822136
0 0.7281161758773699 0.47374364765669114 0.10165389269866881 0.015810276679841896
0 0.790439693424768 0.4817899491812535 0.0028237192416296895 0.004234895539243365
0 0.854175070592981 0.4741671372106155 0.09802339653085922 0.01101072840203275
0 0.21520774505849133 0.5300677583286278 0.12948769665187576 0.017221908526256352
0 0.32230738200887454 0.5249858836815359 0.02501008471157725 0.016092603049124788
0 0.38321903993545786 0.5254093732354602 0.07664380798709157 0.01693958215697346
0 0.44876966518757566 0.5293619424054207 0.018152480839048003 0.007340485601355167
0 0.4955627269060105 0.5269621682665161 0.06010488100040339 0.023997741389045736
0 0.5883420734167003 0.5303500846979108 0.09398951189995966 0.029644268774703556
0 0.7049213392496975 0.5237154150197628 0.09479628882613957 0.017504234895539244
0 0.8251311012505043 0.5304912478825522 0.1044776119402985 0.031055900621118012
0 0.19342476805163372 0.63085827216262 0.06494554255748286 0.023433088650479956
0 0.2644211375554659 0.6269057029926595 0.04881000403388463 0.014398644833427442
0 0.3426784993949173 0.6266233766233766 0.06978620411456232 0.014963297571993224
0 0.38342073416700284 0.6345285149632975 0.0028237192416296895 0.003105590062111801
