0 0.18253327954820492 0.21541501976284586 0.08672851956434045 0.028797289666854884
0 0.28136345300524407 0.21146245059288538 0.056070996369503835 0.025974025974025976
0 0.37938684953610324 0.21470920383963862 0.09237595804759983 0.01948051948051948
0 0.48043565954013717 0.2230378317334839 0.050826946349334406 0.045736871823828344
0 0.6018555869302138 0.22628458498023715 0.136345300524405 0.046583850931677016
0 0.7315449778136345 0.21583850931677018 0.06655909640984267 0.023433088650479956
0 0.809600645421541 0.2137210615471485 0.042759177087535294 0.023715415019762844
0 0.20209762000806777 0.37648221343873517 0.11859620814844696 0.051665725578769056
0 0.30334812424364666 0.36250705815923207 0.05163372327551432 0.020892151326933936
0 0.3356192012908431 0.3780350084697911 0.003227107704719645 0.011857707509881422
0 0.3755546591367487 0.3642010163749294 0.0500201694231545 0.017504234895539244
0 0.4344493747478822 0.3632128740824393 0.01371520774505849 0.021174477696216828
0 0.47962888261395725 0.3660361377752682 0.04033884630899556 0.023997741389045736
0 0.5590964098426785 0.3695652173913043 0.08793868495361033 0.044042913608131
0 0.6916095199677289 0.37238848108413325 0.11335215812827754 0.040654997176736304
0 0.790641387656313 0.37789384528514963 0.042759177087535294 0.0251270468661773
0 0.818273497377975 0.3802936194240542 0.0060508269463493344 0.012422360248447204
0 0.8434852763210973 0.3681535855448899 0.02016942315449778 0.015245623941276116
0 0.1762807583703106 0.41431394692264256 0.05486083098023396 0.023433088650479956
0 0.24969745865268253 0.4095143986448334 0.01936264622831787 0.026256352343308864
0 0.3007260992335619 0.41233766233766234 0.03751512706736587 0.027950310559006212
0 0.36708350141185964 0.4147374364765669 0.05808793868495361 0.023715415019762844
0 0.46208148446954417 0.4138904573687182 0.05526421944332392 0.024844720496894408
0 0.5213795885437676 0.41219649915302087 0.021379588543767647 0.024280067758328628
0 0.5903590157321501 0.4168548842461886 0.06736587333602259 0.017786561264822136
0 0.6682129891085115 0.41304347826086957 0.021379588543767647 0.025974025974025976
0 0.7333602258975394 0.41445511010728403 0.07987091569181122 0.025409373235460192
