0 0.17164179104477612 0.20581592320722755 0.02944735780556676 0.032185206098249576
0 0.2527228721258572 0.20482778091473744 0.05929810407422348 0.032467532467532464
0 0.35155304558289635 0.2062394127611519 0.0681726502622025 0.03698475437605872
0 0.436668011294877 0.20765104460756634 0.05526421944332392 0.0409373235460192
0 0.4802339653085922 0.22275550536420102 0.0028237192416296895 0.002258610954263128
0 0.5697862041145624 0.2165443252399774 0.11012505042355789 0.05928853754940711
0 0.6694231544977813 0.21287408243929984 0.035901573215006054 0.05194805194805195
0 0.7478822105687777 0.20920383963862224 0.0645421540943929 0.030491247882552232
0 0.8217022993142397 0.22106154714850368 0.041145623235175476 0.04743083003952569
0 0.1789027833803953 0.2577639751552795 0.056070996369503835 0.033314511575381144
0 0.26421944332392094 0.2593167701863354 0.06696248487293263 0.03077357425183512
0 0.37131908027430416 0.26651609260304915 0.08350141185962082 0.021456804065499716
0 0.4691407825736184 0.26665725578769056 0.07260992335619201 0.016092603049124788
0 0.5197660346914078 0.2745623941276115 0.003630496167809601 0.002540937323546019
0 0.5338846308995563 0.25169395821569734 0.00927793465106898 0.012704686617730096
0 0.5671641791044776 0.25395256916996045 0.012101653892698669 0.012140033879164314
0 0.6151674062121824 0.2605872388481084 0.05970149253731343 0.029926595143986448
0 0.6577248890681726 0.282326369282891 0.003630496167809601 0.009034443817052512
0 0.7148043565954014 0.2607284020327499 0.08067769261799113 0.029644268774703556
0 0.7664380798709157 0.28147939017504237 0.004033884630899556 0.009599096555618294
0 0.8247277127874143 0.2605872388481084 0.07946752722872126 0.03500846979107849
0 0.17305365066559097 0.30872388481084134 0.045986284792254944 0.03020892151326934
0 0.2434449374747882 0.32735742518351213 0.04961678096006454 0.03303218520609825
0 0.31867688584106496 0.3178994918125353 0.06857603872529246 0.014116318464144552
0 0.41629689390883423 0.3178994918125353 0.07745058491327148 0.049689440993788817
0 0.46793061718434853 0.30999435347261434 0.016135538523598225 0.033314511575381144
0 0.4987898346107301 0.292772444946358 0.00927793465106898 0.006211180124223602
0 0.5504235578862444 0.3091473743647657 0.050423557886244454 0.03274985883681536
0 0.6421944332392093 0.3235460191981931 0.0927793465106898 0.05533596837944664
0 0.7420330778539733 0.31197063805759456 0.06252521177894312 0.031055900621118012
0 0.8102057281161759 0.31521739130434784 0.02864058087938685 0.02456239412761152
0 0.17587736990722067 0.35926030491247885 0.06938281565147236 0.028514963297571992
0 0.3081887858007261 0.3699887069452287 0.1290843081887858 0.04488989271597967
0 0.3862444534086325 0.3761998870694523 0.003630496167809601 0.001976284584980237
0 0.40964098426784995 0.3551665725578769 0.010891488503428802 0.00846979107848673
0 0.43807987091569184 0.3620835686053077 0.004840661557079467 0.026821005081874648
0 0.5141185962081485 0.36335403726708076 0.09318273497377975 0.029926595143986448
0 0.6194029850746269 0.36264822134387353 0.07059298104074223 0.025691699604743084
0 0.6966518757563533 0.3750705815923207 0.04679306171843485 0.034161490683229816
0 0.7345703912868092 0.3709768492377188 0.003227107704719645 0.00282326369282891
0 0.7755143202904397 0.3616600790513834 0.031060911657926585 0.033314511575381144
0 0.8469140782573619 0.38099943534726144 0.056070996369503835 0.035290796160361376
0 0.16821298910851148 0.4137492941840768 0.04437273093989512 0.018351214003387916
0 0.2529245663574022 0.40866741953698477 0.063735377168213 0.03472614342179559
0 0.35135135135135137 0.4201016374929418 0.048406615570794675 0.04517221908526256
0 0.42396127470754336 0.41826651609260307 0.04759983864461476 0.03811405985319029
0 0.48951189995966116 0.4254658385093168 0.0318676885841065 0.054771315640880856
0 0.5701895925776522 0.41360813099943533 0.07462686567164178 0.02766798418972332
0 0.6530859217426381 0.41431394692264256 0.048406615570794675 0.037549407114624504
0 0.7434449374747882 0.4126199887069452 0.07987091569181122 0.03020892151326934
0 0.8309802339653086 0.4202428006775833 0.03791851553045583 0.01101072840203275
0 0.1811214199273901 0.46202710333145114 0.05486083098023396 0.03190287972896669
0 0.26865671641791045 0.45835686053077357 0.06776926179911255 0.03303218520609825
0 0.3219039935457846 0.4632975719932242 0.01371520774505849 0.03557312252964427
0 0.3557886244453409 0.44367588932806323 0.008874546187979023 0.009881422924901186
0 0.40338846308995563 0.4601919819311124 0.033884630899556276 0.033314511575381144
0 0.4489713594191206 0.4645680406549972 0.009681323114158934 0.03585544889892716
0 0.49596611536910046 0.4686617730095991 0.0463896732553449 0.018068887634105024
0 0.5748285599031868 0.4613212874082439 0.07018959257765228 0.03162055335968379
0 0.6256555062525212 0.47699040090344436 0.004033884630899556 0.002540937323546019
0 0.6766841468334006 0.46273291925465837 0.04800322710770472 0.03274985883681536
0 0.7686567164179104 0.4613212874082439 0.07866075030254134 0.03670242800677583
0 0.8616377571601452 0.461038961038961 0.06696248487293263 0.034443817052512704
0 0.18878580072609924 0.5278091473743648 0.07987091569181122 0.037549407114624504
0 0.2515127067365873 0.5266798418972332 0.0028237192416296895 0.008752117447769622
0 0.3239209358612344 0.5169395821569734 0.08551835417507059 0.05420666290231508
0 0.3836224283985478 0.5255505364201016 0.004033884630899556 0.002540937323546019
0 0.4388866478418717 0.5197628458498024 0.053247277127874144 0.058723884810841336
0 0.5201694231544978 0.5128458498023716 0.06736587333602259 0.029079616036137776
0 0.6123436869705526 0.5131281761716544 0.05486083098023396 0.036420101637492944
0 0.7006857603872529 0.5124223602484472 0.07018959257765228 0.034443817052512704
0 0.7964905203711173 0.5134105025409373 0.07059298104074223 0.03190287972896669
0 0.19402985074626866 0.5633822699040091 0.09842678499394918 0.034161490683229816
0 0.3150463896732553 0.5736871823828346 0.0790641387656313 0.05194805194805195
0 0.40863251311012505 0.5688876341050254 0.07583703106091166 0.011857707509881422
0 0.4628882613957241 0.5769339356295878 0.003630496167809601 0.002540937323546019
