0 0.17164179104477612 0.20990965556182947 0.0681726502622025 0.027385657820440428
0 0.2583703106091166 0.21103896103896103 0.06978620411456232 0.026256352343308864
0 0.35215812827753123 0.2106154714850367 0.07180314643001211 0.025974025974025976
0 0.39975796692214605 0.22289666854884246 0.004033884630899556 0.009881422924901186
0 0.46793061718434853 0.2106154714850367 0.1073013311819282 0.026538678712591756
0 0.6020572811617588 0.21640316205533597 0.1262605889471561 0.03585544889892716
0 0.6791044776119403 0.20920383963862224 0.0052440500201694235 0.024844720496894408
0 0.6948366276724486 0.20398080180688877 0.00927793465106898 0.013269339356295878
0 0.7660346914078258 0.2171089779785432 0.10084711577248891 0.042348955392433656
0 0.16922146026623638 0.26171654432524 0.06333198870512304 0.023150762281197064
0 0.2379991932230738 0.26256352343308864 0.04517950786607503 0.023150762281197064
0 0.30576845502218636 0.2720214568040655 0.0572811617587737 0.02456239412761152
0 0.3916901976603469 0.26750423489553926 0.08471157724889068 0.03359683794466403
0 0.5322710770471965 0.26693958215697344 0.16256555062525213 0.035290796160361376
0 0.7111738604275918 0.26355166572557875 0.16700282371924163 0.02456239412761152
0 0.8344090359015732 0.2636928289102202 0.04961678096006454 0.02258610954263128
0 0.1962484872932634 0.36250705815923207 0.11335215812827754 0.023150762281197064
0 0.3063735377168213 0.3622247317899492 0.07301331181928197 0.023715415019762844
0 0.3481242436466317 0.37267080745341613 0.0024203307785397336 0.00282326369282891
0 0.38563937071399756 0.36462450592885376 0.03065752319483663 0.020609824957651044
0 0.43142396127470756 0.36264822134387353 0.04477611940298507 0.022868435911914172
0 0.49697458652682536 0.36377752682100506 0.04679306171843485 0.023433088650479956
0 0.5657523194836628 0.37337662337662336 0.0754336425978217 0.023997741389045736
0 0.6373537716821299 0.36801242236024845 0.03146430012101654 0.03190287972896669
0 0.7269060104881 0.36490683229813664 0.11940298507462686 0.026256352343308864
0 0.8281565147236789 0.3681535855448899 0.048406615570794675 0.032185206098249576
0 0.16982654296087132 0.410643704121965 0.06696248487293263 0.025691699604743084
0 0.245461879790238 0.4126199887069452 0.056070996369503835 0.023997741389045736
0 0.35155304558289635 0.41883116883116883 0.12141992739007665 0.034161490683229816
0 0.5006050826946349 0.4171372106154715 0.1500605082694635 0.03077357425183512
0 0.6282775312626059 0.41869000564652736 0.0681726502622025 0.031055900621118012
0 0.6916095199677289 0.42207792207792205 0.025413473174667203 0.01355166572557877
0 0.7609923356192013 0.4162902315076228 0.08511496571198064 0.023997741389045736
0 0.8503428801936265 0.41360813099943533 0.07745058491327148 0.028232636928289104
0 0.8945139169019766 0.42419536984754375 0.0028237192416296895 0.002540937323546019
0 0.17022993142396128 0.4640033879164314 0.07422347720855184 0.022303783173348392
0 0.236385639370714 0.4634387351778656 0.021782977006857603 0.026821005081874648
0 0.2827753126260589 0.4645680406549972 0.04759983864461476 0.02456239412761152
0 0.35417507059298103 0.4665443252399774 0.055667607906413875 0.032467532467532464
0 0.4171036708350141 0.46710897797854317 0.029043969342476807 0.03190287972896669
0 0.46308995562726907 0.4699322416713721 0.021782977006857603 0.01383399209486166
0 0.5211778943122227 0.4658385093167702 0.0790641387656313 0.020892151326933936
0 0.6474384832593788 0.4683794466403162 0.1355385235982251 0.03387916431394692
0 0.772085518354175 0.4697910784867307 0.07180314643001211 0.034443817052512704
0 0.8267446551028641 0.4792490118577075 0.0028237192416296895 0.0036702428006775835
