0 0.1663977410246067 0.33582721626199885 0.04961678096006454 0.04206662902315076
0 0.24142799515933844 0.3284867306606437 0.04800322710770472 0.013269339356295878
0 0.2932634126663977 0.3296160361377753 0.017749092375958047 0.011575381140598532
0 0.35034288019362647 0.33879164313946925 0.0609116579265833 0.044607566346696784
0 0.418112141992739 0.31931112365894976 0.031060911657926585 0.029361942405420668
0 0.4919322307382009 0.3210050818746471 0.06413876563130294 0.025974025974025976
0 0.6222267043162566 0.3231225296442688 0.13916901976603469 0.025691699604743084
0 0.7410246066962485 0.32368718238283456 0.06776926179911255 0.027950310559006212
0 0.8033481242436467 0.320016939582157 0.004437273093989512 0.023433088650479956
0 0.8307785397337636 0.3210050818746471 0.02944735780556676 0.025409373235460192
0 0.16922146026623638 0.4673913043478261 0.09721661960467931 0.03190287972896669
0 0.2702702702702703 0.47571993224167136 0.06292860024203308 0.02258610954263128
0 0.33662767244856795 0.4733201581027668 0.020572811617587738 0.0251270468661773
0 0.40540540540540543 0.4719085262563523 0.06857603872529246 0.026821005081874648
0 0.48406615570794675 0.47995482778091475 0.06292860024203308 0.042348955392433656
0 0.5413473174667205 0.47374364765669114 0.02501008471157725 0.024844720496894408
0 0.5954013715207745 0.47571993224167136 0.03469140782573618 0.02258610954263128
0 0.6504638967325534 0.47600225861095424 0.045582896329164985 0.023715415019762844
0 0.7390076643807987 0.47699040090344436 0.10488100040338846 0.04376058723884811
0 0.7979023799919323 0.48094297007340486 0.003227107704719645 0.003105590062111801
0 0.16680112948769665 0.6413043478260869 0.03509479628882614 0.03472614342179559
0 0.22125857200484067 0.6315640880858272 0.03428801936264623 0.014116318464144552
0 0.29407018959257764 0.6259175607001694 0.0790641387656313 0.02710333145115754
0 0.3370310609116579 0.6377752682100508 0.004437273093989512 0.00282326369282891
