0 0.15933844292053248 0.21597967250141162 0.028237192416296894 0.032185206098249576
0 0.19503832190399353 0.21188594014680973 0.014118596208148447 0.023433088650479956
0 0.21843485276321098 0.2121682665160926 0.02379991932230738 0.022303783173348392
0 0.2900363049616781 0.21230942970073405 0.09600645421540945 0.0220214568040655
0 0.38483259378781765 0.2127329192546584 0.07180314643001211 0.022303783173348392
0 0.4536103267446551 0.21188594014680973 0.027833803953206938 0.021739130434782608
0 0.5237999193223074 0.21259175607001693 0.08430818878580072 0.023150762281197064
0 0.600040338846309 0.21315640880858272 0.03428801936264623 0.023150762281197064
0 0.664179104477612 0.21287408243929984 0.050423557886244454 0.023150762281197064
0 0.7107704719645018 0.2124505928853755 0.015328761597418314 0.022868435911914172
0 0.7365873336022589 0.2121682665160926 0.023396530859217425 0.022868435911914172
0 0.8106091165792658 0.21696781479390176 0.0891488503428802 0.014398644833427442
0 0.17103670835014118 0.31394692264257484 0.06776926179911255 0.020892151326933936
0 0.23578055667607906 0.31733483907396953 0.03751512706736587 0.011857707509881422
0 0.3344090359015732 0.31747600225861095 0.12827753126260588 0.029079616036137776
0 0.40681726502622023 0.32580463015245625 0.004437273093989512 0.010728402032749858
0 0.41427995159338443 0.30759457933370976 0.007260992335619202 0.01101072840203275
0 0.4461476401774909 0.31437041219649914 0.026623638563937072 0.021739130434782608
0 0.5002016942315449 0.3145115753811406 0.05889471561113352 0.020327498588368152
0 0.5346914078257362 0.3231225296442688 0.003630496167809601 0.003105590062111801
0 0.5536506655909641 0.3090062111801242 0.007664380798709157 0.011575381140598532
0 0.5986284792254941 0.31931112365894976 0.07099636950383219 0.03500846979107849
0 0.6559096409842678 0.31408808582721626 0.03469140782573618 0.021739130434782608
0 0.7238805970149254 0.31959345002823264 0.07301331181928197 0.014116318464144552
0 0.7880193626462283 0.31719367588932806 0.040742234772085516 0.032467532467532464
0 0.8430818878580073 0.3126764539808018 0.05808793868495361 0.022303783173348392
0 0.2208551835417507 0.36391869000564653 0.16659943525615167 0.023150762281197064
0 0.3120209762000807 0.3718238283455675 0.0028237192416296895 0.003952569169960474
0 0.3509479628882614 0.3620835686053077 0.04679306171843485 0.023433088650479956
0 0.42617991125453814 0.36801242236024845 0.07704719645018153 0.027385657820440428
0 0.4923356192012908 0.3629305477131564 0.027833803953206938 0.022868435911914172
0 0.5480032271077048 0.36335403726708076 0.06010488100040339 0.023715415019762844
0 0.6401774909237595 0.3634952004517222 0.09600645421540945 0.023997741389045736
0 0.7301331181928197 0.36476566911349523 0.06212182331585317 0.0220214568040655
0 0.7985074626865671 0.36773009599096557 0.051230334812424366 0.032467532467532464
0 0.20935861234368697 0.41304347826086957 0.14844695441710368 0.025409373235460192
0 0.34045986284792257 0.4181253529079616 0.07745058491327148 0.029926595143986448
0 0.4245663574021783 0.41643139469226426 0.06010488100040339 0.021456804065499716
0 0.5175473981444131 0.41445511010728403 0.08874546187979024 0.02258610954263128
0 0.6046793061718435 0.4127611518915867 0.05244050020169423 0.024844720496894408
0 0.6789027833803953 0.4140316205533597 0.060508269463493344 0.0251270468661773
0 0.7432432432432432 0.4148785996612084 0.04154901169826543 0.02456239412761152
0 0.8140379185155304 0.41417278373800115 0.07503025413473174 0.02710333145115754
0 0.2127874142799516 0.4644268774703557 0.14400968132311415 0.023150762281197064
0 0.2987091569181121 0.4710615471485037 0.0028237192416296895 0.002540937323546019
0 0.3775716014521985 0.46950875211744775 0.13311819281968534 0.033314511575381144
0 0.46793061718434853 0.46485036702428006 0.026623638563937072 0.023997741389045736
0 0.54497781363453 0.4686617730095991 0.08309802339653086 0.03387916431394692
0 0.6169826542960871 0.46597967250141165 0.031060911657926585 0.023997741389045736
0 0.6807180314643001 0.4662619988706945 0.0681726502622025 0.022303783173348392
0 0.7706736587333602 0.4699322416713721 0.08350141185962082 0.016657255787690572
0 0.827349737797499 0.472755505364201 0.005647438483259379 0.002540937323546019
0 0.18939088342073418 0.5134105025409373 0.09721661960467931 0.0251270468661773
0 0.26321097216619604 0.5153867871259176 0.018152480839048003 0.023997741389045736
0 0.29810407422347723 0.5189158667419537 0.017749092375958047 0.012987012987012988
0 0.4062121823315853 0.5146809712027103 0.15974183138362244 0.024280067758328628
0 0.5334812424364663 0.5149632975719932 0.06010488100040339 0.023150762281197064
0 0.5756353368293666 0.52343308865048 0.004033884630899556 0.0033879164313946925
0 0.6131504638967326 0.5162337662337663 0.04437273093989512 0.020609824957651044
0 0.6968535699878984 0.5184923771880293 0.09560306575231949 0.03190287972896669
0 0.8031464300121016 0.519621682665161 0.09116579265832997 0.032467532467532464
0 0.1518757563533683 0.5636645962732919 0.025413473174667203 0.0251270468661773
0 0.2317466720451795 0.5643704121964992 0.11012505042355789 0.024280067758328628
0 0.3344090359015732 0.5662055335968379 0.07422347720855184 0.02456239412761152
0 0.4154901169826543 0.5743929983060417 0.05647438483259379 0.023433088650479956
0 0.49838644614764016 0.5635234330886505 0.0754336425978217 0.025974025974025976
0 0.6308995562726906 0.5663466967814794 0.16377571601452198 0.024280067758328628
0 0.7250907624041952 0.5759457933370977 0.003630496167809601 0.0033879164313946925
