0 0.181726502622025 0.22317899491812535 0.04881000403388463 0.020609824957651044
0 0.2571601452198467 0.22416713721061546 0.06171843485276321 0.018633540372670808
0 0.3390480032271077 0.22317899491812535 0.051230334812424366 0.021174477696216828
0 0.39874949576442115 0.22444946357989837 0.026220250100847116 0.01693958215697346
0 0.43828156514723676 0.2274138904573687 0.01653892698668818 0.010446075663466968
0 0.545582896329165 0.2236024844720497 0.15691811214199275 0.020327498588368152
0 0.6532876159741832 0.22289666854884246 0.011698265429608713 0.021174477696216828
0 0.7089552238805971 0.22374364765669114 0.01734570391286809 0.0189158667419537
0 0.7418313836224284 0.22162619988706944 0.03307785397337636 0.021456804065499716
0 0.800322710770472 0.2289666854884246 0.055667607906413875 0.024280067758328628
0 0.17466720451795079 0.28500846979107847 0.04921339249697459 0.0251270468661773
0 0.22872125857200484 0.2790796160361378 0.016135538523598225 0.010446075663466968
0 0.2866075030254135 0.2787972896668549 0.05929810407422348 0.025691699604743084
0 0.37797498991528844 0.277244494635799 0.08551835417507059 0.015245623941276116
0 0.4582492940701896 0.2782326369282891 0.04759983864461476 0.008752117447769622
0 0.5096813231141589 0.27936194240542067 0.025413473174667203 0.025691699604743084
0 0.5661557079467527 0.27851496329757197 0.06252521177894312 0.016657255787690572
0 0.6508672851956434 0.2831733483907397 0.06575231948366277 0.02766798418972332
0 0.6932230738200887 0.2881140598531903 0.006857603872529245 0.009316770186335404
0 0.7226704316256555 0.282326369282891 0.02864058087938685 0.025974025974025976
0 0.7801532876159741 0.2837380011293055 0.05244050020169423 0.019762845849802372
0 0.17123840258168616 0.3272162619988707 0.050423557886244454 0.0220214568040655
0 0.20592981040742234 0.3373800112930548 0.0028237192416296895 0.003952569169960474
0 0.24788221056877774 0.33483907396950874 0.04881000403388463 0.026538678712591756
0 0.3253327954820492 0.32820440429136083 0.07704719645018153 0.018351214003387916
0 0.4171036708350141 0.32495765104460755 0.06938281565147236 0.0220214568040655
0 0.4810407422347721 0.3274985883681536 0.0318676885841065 0.020892151326933936
0 0.5316659943525616 0.33568605307735744 0.035498184751916094 0.020327498588368152
0 0.5576845502218637 0.33554488989271597 0.0028237192416296895 0.001976284584980237
0 0.5788624445340863 0.3186053077357425 0.008067769261799113 0.007622811970638058
0 0.6522791448164582 0.33356860530773574 0.0935861234368697 0.027950310559006212
0 0.7446551028640581 0.3274985883681536 0.06292860024203308 0.018633540372670808
0 0.8116175877369908 0.32919254658385094 0.014521984671238403 0.006211180124223602
0 0.8632513110125051 0.32919254658385094 0.05970149253731343 0.029926595143986448
0 0.900564743848326 0.33568605307735744 0.0028237192416296895 0.002258610954263128
0 0.14582492940701897 0.36490683229813664 0.010891488503428802 0.007622811970638058
0 0.18071803146430013 0.37888198757763975 0.053247277127874144 0.021456804065499716
0 0.23336022589753933 0.3774703557312253 0.02702702702702703 0.019198193111236588
0 0.31988705123033484 0.37662337662337664 0.09197256958450989 0.021456804065499716
0 0.3805970149253731 0.38763410502540935 0.0060508269463493344 0.009599096555618294
0 0.42517144009681324 0.3761998870694523 0.04517950786607503 0.020045172219085264
0 0.4864864864864865 0.382128740824393 0.05808793868495361 0.009881422924901186
0 0.5266236385639371 0.3855166572557877 0.003630496167809601 0.002540937323546019
0 0.5433642597821702 0.36829474872953133 0.008067769261799113 0.005928853754940711
0 0.5808793868495361 0.36928289102202144 0.008874546187979023 0.006775832862789385
0 0.6260588947156112 0.38071710897797856 0.063735377168213 0.029644268774703556
0 0.7089552238805971 0.37789384528514963 0.05526421944332392 0.0189158667419537
0 0.7573618394513917 0.3750705815923207 0.011698265429608713 0.020045172219085264
0 0.7765227914481646 0.365330321852061 0.009681323114158934 0.007905138339920948
0 0.1526825332795482 0.41671372106154714 0.008471157724889069 0.009599096555618294
0 0.19786204114562322 0.42631281761716544 0.05445744251714401 0.0220214568040655
0 0.26401774909237596 0.4289949181253529 0.04719645018152481 0.021174477696216828
0 0.3525615167406212 0.42715979672501414 0.08551835417507059 0.02258610954263128
0 0.4870915691811214 0.43478260869565216 0.14481645824929407 0.029926595143986448
0 0.5647438483259378 0.43802936194240544 0.004033884630899556 0.001976284584980237
0 0.5822912464703509 0.41883116883116883 0.007664380798709157 0.004234895539243365
0 0.6212182331585316 0.4222190852625635 0.008874546187979023 0.007058159232072276
0 0.6793061718434853 0.42857142857142855 0.07018959257765228 0.018068887634105024
0 0.7293263412666398 0.4268774703557312 0.015328761597418314 0.018633540372670808
0 0.77269060104881 0.4292772444946358 0.02379991932230738 0.020045172219085264
0 0.8327954820492134 0.4278656126482213 0.0609116579265833 0.018351214003387916
0 0.1899959661153691 0.4850367024280068 0.10165389269866881 0.032185206098249576
0 0.2644211375554659 0.4782608695652174 0.008471157724889069 0.019762845849802372
0 0.28398547801532875 0.4686617730095991 0.007260992335619202 0.007340485601355167
0 0.35054457442517145 0.481931112365895 0.0653489310205728 0.031055900621118012
0 0.4300121016538927 0.48334274421230944 0.04437273093989512 0.011857707509881422
0 0.5240016135538523 0.4850367024280068 0.10326744655102864 0.02710333145115754
0 0.5837031060911658 0.48771880293619424 0.004033884630899556 0.002540937323546019
0 0.6333198870512303 0.4772727272727273 0.03630496167809601 0.020045172219085264
0 0.7055264219443323 0.4761434217955957 0.06776926179911255 0.022303783173348392
0 0.8053650665590965 0.4786843591191417 0.09076240419524001 0.029644268774703556
0 0.8660750302541347 0.4754376058723885 0.008067769261799113 0.018633540372670808
0 0.16115369100443727 0.5271033314511575 0.025413473174667203 0.018633540372670808
0 0.20774505849132716 0.5391022021456804 0.02501008471157725 0.022868435911914172
0 0.2918515530455829 0.5367024280067758 0.09237595804759983 0.026538678712591756
0 0.3765631302944736 0.5269621682665161 0.030254134731746672 0.022303783173348392
0 0.4227511093182735 0.5328910220214568 0.016942315449778138 0.011575381140598532
0 0.5229931423961275 0.5396668548842461 0.1472367890278338 0.022868435911914172
0 0.645219846712384 0.53613777526821 0.06171843485276321 0.007905138339920948
0 0.6986688180718031 0.5239977413890458 0.008067769261799113 0.019762845849802372
