0 0.16317063331988704 0.26242236024844723 0.043162565550625254 0.020045172219085264
0 0.20935861234368697 0.26679841897233203 0.016135538523598225 0.012422360248447204
0 0.245461879790238 0.2649632975719932 0.03428801936264623 0.016092603049124788
0 0.3108108108108108 0.26990400903444384 0.06978620411456232 0.028797289666854884
0 0.38241226300927794 0.2636928289102202 0.05970149253731343 0.01637492941840768
0 0.44352561516740624 0.26651609260304915 0.02864058087938685 0.02258610954263128
0 0.4881000403388463 0.26157538114059853 0.03711173860427592 0.016657255787690572
0 0.5197660346914078 0.2689158667419537 0.0052440500201694235 0.003105590062111801
0 0.5607099636950383 0.26129305477131565 0.04033884630899556 0.01948051948051948
0 0.6343283582089553 0.2676453980801807 0.06413876563130294 0.02766798418972332
0 0.7242839854780153 0.262987012987013 0.06171843485276321 0.016657255787690572
0 0.7870108914885035 0.27103331451157536 0.03065752319483663 0.015810276679841896
0 0.8380395320693829 0.26383399209486164 0.040742234772085516 0.014398644833427442
0 0.14804356595401372 0.3190287972896669 0.014521984671238403 0.010163749294184076
0 0.22609923356192013 0.3156408808582722 0.10286405808793868 0.018068887634105024
0 0.3473174667204518 0.314652738565782 0.08229124647035095 0.014963297571993224
0 0.436668011294877 0.31535855448898925 0.04477611940298507 0.017504234895539244
0 0.49596611536910046 0.3135234330886505 0.045582896329164985 0.017221908526256352
0 0.563735377168213 0.3156408808582722 0.05203711173860428 0.015810276679841896
0 0.6137555465913674 0.3166290231507623 0.013311819281968536 0.01383399209486166
0 0.6417910447761194 0.31634669678147936 0.016135538523598225 0.013269339356295878
0 0.6782977006857603 0.31507622811970637 0.03509479628882614 0.014680971202710334
0 0.7369907220653489 0.3170525127046866 0.042759177087535294 0.010163749294184076
0 0.7966922146026624 0.31620553359683795 0.04679306171843485 0.02258610954263128
0 0.17466720451795079 0.36674195369847545 0.06292860024203308 0.01637492941840768
0 0.28075837031060913 0.36617730095990964 0.09842678499394918 0.015245623941276116
0 0.3644614764017749 0.3681535855448899 0.026220250100847116 0.010728402032749858
0 0.42416296893908834 0.3684359119141728 0.0609116579265833 0.0220214568040655
0 0.46329164985881405 0.3719649915302089 0.004437273093989512 0.003105590062111801
0 0.5209762000806777 0.370412196499153 0.08834207341670028 0.029926595143986448
0 0.6034691407825736 0.3643421795595709 0.042759177087535294 0.016092603049124788
0 0.6766841468334006 0.36801242236024845 0.07301331181928197 0.021174477696216828
0 0.7501008471157725 0.3644833427442123 0.04154901169826543 0.01637492941840768
0 0.827753126260589 0.36688311688311687 0.08632513110125051 0.022868435911914172
0 0.17244856797095603 0.4162902315076228 0.056070996369503835 0.017221908526256352
0 0.2646228317870109 0.41826651609260307 0.0790641387656313 0.020609824957651044
0 0.3408632513110125 0.4191134952004517 0.02501008471157725 0.009316770186335404
0 0.4253731343283582 0.4203839638622247 0.09883017345703912 0.028232636928289104
0 0.5724082291246471 0.4225014116318464 0.1444130697862041 0.017221908526256352
0 0.6887858007260992 0.41431394692264256 0.0463896732553449 0.016092603049124788
0 0.7599838644614764 0.4222190852625635 0.06292860024203308 0.01948051948051948
0 0.8261395724082291 0.41869000564652736 0.03065752319483663 0.009034443817052512
0 0.8652682533279549 0.41727837380011296 0.029043969342476807 0.010728402032749858
0 0.1536910044372731 0.46852060982495763 0.015328761597418314 0.027385657820440428
0 0.22327551432029044 0.47063805759457933 0.08592174263816055 0.025974025974025976
0 0.35135135135135137 0.4678147939017504 0.10568777732956837 0.015810276679841896
0 0.44493747478822104 0.4655561829474873 0.04437273093989512 0.015245623941276116
0 0.545582896329165 0.46908526256352345 0.1189995966115369 0.025691699604743084
0 0.6151674062121824 0.4707792207792208 0.004033884630899556 0.002540937323546019
0 0.6659943525615167 0.46950875211744775 0.06615570794675273 0.029926595143986448
0 0.7605889471561114 0.46357989836250707 0.08108108108108109 0.018633540372670808
0 0.8404598628479225 0.4647092038396386 0.045582896329164985 0.019198193111236588
0 0.17648245260185558 0.5152456239412762 0.07059298104074223 0.018633540372670808
0 0.26744655102864057 0.512987012987013 0.0653489310205728 0.019762845849802372
0 0.3325937878176684 0.5165160926030491 0.018959257765227916 0.015527950310559006
0 0.37938684953610324 0.5139751552795031 0.03993545784590561 0.017221908526256352
0 0.46974586526825335 0.5128458498023716 0.09076240419524001 0.020045172219085264
0 0.5217829770068576 0.5220214568040655 0.0028237192416296895 0.006775832862789385
0 0.5518354175070593 0.514257481648786 0.04759983864461476 0.017786561264822136
0 0.6347317466720451 0.5117165443252399 0.07785397337636143 0.017786561264822136
0 0.7234772085518354 0.5211744776962168 0.06333198870512304 0.019198193111236588
0 0.7821702299314239 0.5177865612648221 0.016942315449778138 0.015810276679841896
0 0.8231141589350545 0.5170807453416149 0.043969342476805166 0.018351214003387916
0 0.18838241226300928 0.5714285714285714 0.09519967728922953 0.031055900621118012
0 0.2519160951996773 0.5769339356295878 0.0028237192416296895 0.007622811970638058
0 0.29064138765631303 0.5694522868435912 0.04961678096006454 0.018633540372670808
0 0.3602258975393304 0.5702992659514399 0.05486083098023396 0.019762845849802372
0 0.4792254941508673 0.5708639186900056 0.13311819281968534 0.01693958215697346
0 0.5798709156918113 0.5766516092603049 0.02864058087938685 0.023997741389045736
0 0.627672448567971 0.57128740824393 0.03953206938281565 0.016092603049124788
0 0.6901976603469141 0.5681818181818182 0.05808793868495361 0.0189158667419537
0 0.7291246470350948 0.5780632411067194 0.0028237192416296895 0.008752117447769622
0 0.7722872125857201 0.5704404291360813 0.04800322710770472 0.015527950310559006
0 0.8485276321097217 0.5702992659514399 0.0681726502622025 0.01637492941840768
0 0.16438079870915692 0.6185770750988142 0.03751512706736587 0.019762845849802372
0 0.26058894715611136 0.6273291925465838 0.10891488503428802 0.026538678712591756
0 0.40762404195240015 0.6221061547148503 0.13594191206131503 0.014398644833427442
0 0.5066559096409843 0.6238001129305477 0.014521984671238403 0.007622811970638058
0 0.5649455425574829 0.6240824392998306 0.06252521177894312 0.0251270468661773
0 0.645824929407019 0.6198475437605873 0.06131504638967326 0.014963297571993224
0 0.7339653085921742 0.6198475437605873 0.08188785800726099 0.017786561264822136
0 0.8241226300927793 0.6195652173913043 0.063735377168213 0.018351214003387916
0 0.18233158531665994 0.6691134952004517 0.06615570794675273 0.018633540372670808
0 0.2648245260185559 0.6688311688311688 0.04961678096006454 0.01637492941840768
0 0.32109721661960466 0.6689723320158103 0.020976200080677694 0.01383399209486166
0 0.3755546591367487 0.6710897797854319 0.04921339249697459 0.02710333145115754
0 0.44493747478822104 0.6696781479390175 0.04921339249697459 0.019198193111236588
0 0.5306575231948366 0.6708074534161491 0.09076240419524001 0.024280067758328628
0 0.6123436869705526 0.6692546583850931 0.03791851553045583 0.015527950310559006
0 0.6639774102460669 0.6688311688311688 0.04033884630899556 0.014116318464144552
0 0.7357805566760791 0.6686900056465274 0.07503025413473174 0.016657255787690572
0 0.8404598628479225 0.6693958215697347 0.09883017345703912 0.02710333145115754
0 0.19019766034691407 0.7190852625635235 0.09237595804759983 0.018068887634105024
0 0.2712787414279952 0.7213438735177866 0.031060911657926585 0.025974025974025976
0 0.32755143202904397 0.7210615471485037 0.050826946349334406 0.01637492941840768
0 0.43949173053650664 0.7200734048560136 0.12303348124243646 0.014398644833427442
0 0.5125050423557886 0.722755505364201 0.004437273093989512 0.00282326369282891
