0 0.1607503025413473 0.325098814229249 0.031060911657926585 0.008752117447769622
0 0.2208551835417507 0.3243929983060418 0.02864058087938685 0.015810276679841896
0 0.2855990318676886 0.3256634669678148 0.050826946349334406 0.007058159232072276
0 0.31867688584106496 0.3307453416149068 0.003227107704719645 0.003105590062111801
0 0.3797902379991932 0.3277809147374365 0.07059298104074223 0.015245623941276116
0 0.463493344090359 0.3253811405985319 0.05970149253731343 0.01383399209486166
0 0.527632109721662 0.326369282891022 0.015328761597418314 0.006211180124223602
0 0.5770471964501815 0.32495765104460755 0.04719645018152481 0.015245623941276116
0 0.663775716014522 0.32481648785996614 0.06897942718838242 0.01101072840203275
0 0.7416296893908835 0.3255223037831734 0.035901573215006054 0.015245623941276116
0 0.8083904800322711 0.3265104460756635 0.06938281565147236 0.0189158667419537
0 0.1772892295280355 0.3750705815923207 0.052843888664784185 0.013269339356295878
0 0.20875352964905203 0.3784584980237154 0.0028237192416296895 0.001411631846414455
0 0.22972972972972974 0.367871259175607 0.006857603872529245 0.004517221908526256
0 0.25877369907220654 0.3739412761151892 0.031060911657926585 0.011575381140598532
0 0.3479225494150867 0.3752117447769622 0.09560306575231949 0.012987012987012988
0 0.44150867285195644 0.3739412761151892 0.033481242436466316 0.011575381140598532
0 0.5 0.37323546019198195 0.0326744655102864 0.012422360248447204
0 0.599435256151674 0.37775268210050816 0.11536910044372731 0.01355166572557877
0 0.6704316256555063 0.37987012987012986 0.0024203307785397336 0.0008469791078486731
0 0.7220653489310206 0.3771880293619424 0.0653489310205728 0.015810276679841896
0 0.7950786607503025 0.3747882552230378 0.04195240016135539 0.010446075663466968
0 0.22388059701492538 0.47699040090344436 0.03711173860427592 0.007622811970638058
0 0.2799515933844292 0.47261434217955955 0.03630496167809601 0.014116318464144552
0 0.37777329568374346 0.47571993224167136 0.11496571198063735 0.017504234895539244
0 0.4836627672448568 0.47346132128740825 0.05889471561113352 0.012422360248447204
0 0.5478015328761597 0.472755505364201 0.01936264622831787 0.012704686617730096
0 0.5808793868495361 0.4731789949181254 0.03227107704719645 0.014680971202710334
0 0.6573215006050827 0.4733201581027668 0.07946752722872126 0.012140033879164314
0 0.7160145219846712 0.47571993224167136 0.015328761597418314 0.006775832862789385
0 0.8013311819281969 0.4771315640880858 0.10689794271883823 0.017504234895539244
0 0.17708753529649052 0.5806041784302653 0.04517950786607503 0.012704686617730096
0 0.25877369907220654 0.5777809147374364 0.0609116579265833 0.007622811970638058
0 0.3325937878176684 0.5759457933370977 0.019766034691407825 0.010163749294184076
0 0.40984267849939493 0.5752399774138904 0.0572811617587737 0.012704686617730096
0 0.5278338039532069 0.5765104460756635 0.11657926583299717 0.01693958215697346
0 0.6833400564743848 0.5774985883681536 0.12827753126260588 0.018351214003387916
0 0.7958854376764825 0.573828345567476 0.048406615570794675 0.011575381140598532
