0 0.17325534489713595 0.26976284584980237 0.052843888664784185 0.018351214003387916
0 0.26663977410246065 0.2727272727272727 0.053247277127874144 0.015810276679841896
0 0.3075837031060912 0.2768210050818746 0.003630496167809601 0.0036702428006775835
0 0.3313836224283985 0.265527950310559 0.006857603872529245 0.007058159232072276
0 0.3709156918112142 0.2782326369282891 0.01734570391286809 0.027385657820440428
0 0.41226300927793463 0.2769621682665161 0.02743041549011698 0.010728402032749858
0 0.48527632109721663 0.2738565782044043 0.0572811617587737 0.014116318464144552
0 0.5681726502622025 0.2737154150197628 0.0536506655909641 0.015527950310559006
0 0.63654699475595 0.27710333145115756 0.03307785397337636 0.00818746470920384
0 0.727511093182735 0.2782326369282891 0.07462686567164178 0.03077357425183512
0 0.800726099233562 0.2720214568040655 0.02581686163775716 0.014963297571993224
0 0.16518757563533684 0.32171089779785433 0.03993545784590561 0.012140033879164314
0 0.2309398951189996 0.3221343873517787 0.04154901169826543 0.014116318464144552
0 0.32654296087131907 0.3190287972896669 0.07059298104074223 0.021456804065499716
0 0.4310205728116176 0.33130999435347264 0.09076240419524001 0.031338226990400904
0 0.5199677289229528 0.32594579333709767 0.05486083098023396 0.016092603049124788
0 0.6187979023799919 0.33328627893845286 0.08713190802743041 0.031338226990400904
0 0.7006857603872529 0.31931112365894976 0.02501008471157725 0.01637492941840768
0 0.7527228721258572 0.3245341614906832 0.042759177087535294 0.016657255787690572
0 0.8293666801129488 0.32495765104460755 0.06776926179911255 0.01637492941840768
0 0.8703106091165793 0.33173348390739693 0.003630496167809601 0.002258610954263128
0 0.8816054860830981 0.3111236589497459 0.01008471157724889 0.005081874647092038
0 0.15933844292053248 0.37337662337662336 0.023396530859217425 0.014963297571993224
0 0.22428398547801534 0.3769057029926595 0.03469140782573618 0.00846979107848673
0 0.31686163775716014 0.38085827216261997 0.08430818878580072 0.018068887634105024
0 0.41528842275110933 0.37648221343873517 0.057684550221863654 0.015527950310559006
0 0.45663574021782977 0.384669678147939 0.00645421540943929 0.010446075663466968
0 0.5278338039532069 0.37761151891586675 0.09318273497377975 0.032467532467532464
0 0.6290843081887858 0.3749294184076793 0.057684550221863654 0.017504234895539244
0 0.7172246873739411 0.3845285149632976 0.07745058491327148 0.026538678712591756
0 0.8112141992739008 0.3784584980237154 0.050826946349334406 0.012704686617730096
0 0.181726502622025 0.4268774703557312 0.07059298104074223 0.031055900621118012
0 0.29931423961274706 0.43153585544889894 0.08793868495361033 0.028514963297571992
0 0.3622428398547802 0.43280632411067194 0.0024203307785397336 0.010163749294184076
0 0.418112141992739 0.429983060417843 0.08753529649052037 0.025974025974025976
0 0.4933440903590157 0.4280067758328628 0.02743041549011698 0.01129305477131564
0 0.5756353368293666 0.4258893280632411 0.07260992335619201 0.0189158667419537
0 0.6351351351351351 0.43562958780350086 0.003630496167809601 0.01355166572557877
0 0.7059298104074223 0.43167701863354035 0.10810810810810811 0.029926595143986448
0 0.8206938281565147 0.42715979672501414 0.0681726502622025 0.01355166572557877
0 0.1799112545381202 0.470214568040655 0.04517950786607503 0.021174477696216828
0 0.2710770471964502 0.4754376058723885 0.07503025413473174 0.015245623941276116
0 0.32129891085114964 0.4839073969508752 0.004437273093989512 0.009034443817052512
0 0.40742234772085517 0.480660643704122 0.10568777732956837 0.0251270468661773
0 0.508471157724889 0.47939017504234893 0.018152480839048003 0.009034443817052512
0 0.563937071399758 0.4815076228119706 0.04356595401371521 0.029079616036137776
0 0.6504638967325534 0.4786843591191417 0.05203711173860428 0.013269339356295878
0 0.7307382008874547 0.4829192546583851 0.031060911657926585 0.028514963297571992
0 0.7896329164985881 0.4772727272727273 0.013311819281968536 0.007622811970638058
0 0.17144009681323114 0.527244494635799 0.04033884630899556 0.023997741389045736
0 0.23880597014925373 0.5268210050818747 0.02501008471157725 0.00846979107848673
0 0.31020572811617586 0.525974025974026 0.042759177087535294 0.018068887634105024
0 0.39411052843888666 0.5261151891586674 0.05808793868495361 0.0189158667419537
0 0.49959661153691004 0.5328910220214568 0.0826946349334409 0.029644268774703556
0 0.5623235175473982 0.53613777526821 0.0024203307785397336 0.010163749294184076
0 0.6718434852763211 0.5350084697910785 0.1964501815248084 0.03162055335968379
0 0.7858007260992336 0.5345849802371542 0.004840661557079467 0.002540937323546019
0 0.8376361436062929 0.5300677583286278 0.018152480839048003 0.014398644833427442
0 0.16478418717224688 0.5783455674760023 0.04800322710770472 0.0251270468661773
0 0.26421944332392094 0.5756634669678148 0.07018959257765228 0.014680971202710334
0 0.3336022589753933 0.5790513833992095 0.024203307785397338 0.009599096555618294
0 0.38019362646228316 0.5793337097684924 0.045582896329164985 0.01693958215697346
0 0.45966115369100446 0.5866741953698476 0.051230334812424366 0.030491247882552232
0 0.5344897135941912 0.5804630152456239 0.053247277127874144 0.009599096555618294
0 0.5945945945945946 0.5800395256916996 0.03711173860427592 0.009316770186335404
0 0.663372327551432 0.5786278938452851 0.05526421944332392 0.014963297571993224
0 0.7327551432029044 0.580180688876341 0.03509479628882614 0.01129305477131564
0 0.8176684146833401 0.5796160361377752 0.06857603872529246 0.017504234895539244
0 0.2154094392900363 0.63085827216262 0.12020976200080678 0.03020892151326934
0 0.3354175070592981 0.629305477131564 0.03670835014118596 0.02710333145115754
0 0.37938684953610324 0.6315640880858272 0.014925373134328358 0.009599096555618294
0 0.4473578055667608 0.6285996612083569 0.07664380798709157 0.016092603049124788
0 0.545986284792255 0.63085827216262 0.0609116579265833 0.016657255787690572
0 0.6421944332392093 0.6307171089779785 0.07018959257765228 0.01355166572557877
0 0.719039935457846 0.6281761716544325 0.0318676885841065 0.010163749294184076
0 0.800726099233562 0.629587803500847 0.09519967728922953 0.015245623941276116
0 0.18253327954820492 0.6763128176171654 0.043162565550625254 0.014398644833427442
0 0.263816054860831 0.6780067758328628 0.07341670028237192 0.016657255787690572
0 0.3588140379185155 0.6780067758328628 0.050423557886244454 0.013269339356295878
0 0.4354578459056071 0.6785714285714286 0.07139975796692215 0.014398644833427442
0 0.5328761597418313 0.6860530773574252 0.08067769261799113 0.026538678712591756
0 0.6189995966115369 0.6788537549407114 0.018959257765227916 0.014398644833427442
0 0.7006857603872529 0.6816770186335404 0.04517950786607503 0.009881422924901186
0 0.7793465106897943 0.6819593450028233 0.04033884630899556 0.009316770186335404
0 0.191004437273094 0.7258610954263128 0.08834207341670028 0.017504234895539244
0 0.24667204517950786 0.7354601919819311 0.003630496167809601 0.00282326369282891
