0 0.18394513916901978 0.2723037831733484 0.08793868495361033 0.017221908526256352
0 0.2811617587736991 0.2758328627893845 0.05647438483259379 0.014680971202710334
0 0.32008874546187976 0.2859966120835686 0.007664380798709157 0.009599096555618294
0 0.373134328358209 0.27498588368153587 0.05244050020169423 0.015245623941276116
0 0.45461879790237997 0.27413890457368717 0.045986284792254944 0.01637492941840768
0 0.5407422347720855 0.2735742518351214 0.052843888664784185 0.01637492941840768
0 0.5847115772488907 0.28303218520609824 0.0028237192416296895 0.001976284584980237
0 0.6353368293666801 0.2748447204968944 0.04517950786607503 0.015527950310559006
0 0.7071399757966922 0.2837380011293055 0.055667607906413875 0.020327498588368152
0 0.7995159338442921 0.2751270468661773 0.07503025413473174 0.017221908526256352
0 0.19140782573618395 0.3308865047995483 0.0899556272690601 0.028232636928289104
0 0.2734973779749899 0.3266516092603049 0.035498184751916094 0.012422360248447204
0 0.37575635336829366 0.33328627893845286 0.08592174263816055 0.029079616036137776
0 0.4598628479225494 0.3310276679841897 0.011294876966518758 0.007058159232072276
0 0.5237999193223074 0.32622811970638055 0.043969342476805166 0.015527950310559006
0 0.581484469544171 0.32396950875211744 0.024606696248487294 0.017786561264822136
0 0.6335215812827754 0.3277809147374365 0.03751512706736587 0.014116318464144552
0 0.718233158531666 0.32622811970638055 0.06413876563130294 0.015527950310559006
0 0.8160548608309802 0.32806324110671936 0.0645421540943929 0.010163749294184076
0 0.19281968535699878 0.37549407114624506 0.09923356192012908 0.01355166572557877
0 0.25332795482049214 0.38071710897797856 0.0024203307785397336 0.002540937323546019
0 0.32109721661960466 0.3760587238848108 0.03872529245663574 0.01355166572557877
0 0.38866478418717226 0.37987012987012986 0.0463896732553449 0.014963297571993224
0 0.45885437676482455 0.3771880293619424 0.0318676885841065 0.009599096555618294
0 0.5346914078257362 0.37662337662337664 0.06494554255748286 0.015810276679841896
0 0.5734167002823719 0.3877752682100508 0.008471157724889069 0.009881422924901186
0 0.628075837031061 0.37972896668548844 0.07987091569181122 0.025974025974025976
0 0.6748688987494957 0.3814229249011858 0.003227107704719645 0.002258610954263128
0 0.7075433642597821 0.36490683229813664 0.008874546187979023 0.004799548277809147
0 0.764017749092376 0.3760587238848108 0.06696248487293263 0.017504234895539244
0 0.8241226300927793 0.37761151891586675 0.029850746268656716 0.012704686617730096
0 0.18939088342073418 0.4342179559570864 0.09156918112141993 0.033314511575381144
0 0.3021379588543768 0.4321005081874647 0.06292860024203308 0.023997741389045736
0 0.35417507059298103 0.424901185770751 0.02743041549011698 0.01693958215697346
0 0.45038321903993545 0.4295595708639187 0.11093182734973779 0.026821005081874648
0 0.582492940701896 0.4280067758328628 0.0935861234368697 0.015810276679841896
0 0.6381605486083098 0.4345002823263693 0.004033884630899556 0.00846979107848673
0 0.6512706736587334 0.41741953698475437 0.00927793465106898 0.007058159232072276
0 0.690399354578459 0.42814793901750425 0.004437273093989512 0.01383399209486166
0 0.7319483662767244 0.42828910220214567 0.05445744251714401 0.017504234895539244
0 0.7694634933440904 0.4339356295878035 0.004437273093989512 0.0033879164313946925
0 0.8035498184751916 0.4161490683229814 0.010488100040338847 0.005081874647092038
0 0.8497377974989915 0.4246188594014681 0.06010488100040339 0.01693958215697346
0 0.20471964501815249 0.5262563523433089 0.10286405808793868 0.023715415019762844
0 0.3239209358612344 0.5278091473743648 0.05647438483259379 0.012704686617730096
0 0.3628479225494151 0.5412196499153021 0.0060508269463493344 0.007905138339920948
0 0.4247680516337233 0.5307735742518351 0.08874546187979024 0.03274985883681536
0 0.5254134731746672 0.5289384528514963 0.06897942718838242 0.01383399209486166
0 0.6066962484872933 0.5261151891586674 0.02581686163775716 0.015527950310559006
0 0.6670028237192416 0.5289384528514963 0.03670835014118596 0.0189158667419537
0 0.7630092779346511 0.5279503105590062 0.08108108108108109 0.019198193111236588
0 0.8164582492940702 0.5352907961603613 0.003227107704719645 0.0033879164313946925
0 0.8553852359822509 0.5261151891586674 0.026220250100847116 0.017221908526256352
0 0.1690197660346914 0.5808865047995483 0.04437273093989512 0.01101072840203275
0 0.2490923759580476 0.5815923207227555 0.058491327148043566 0.010163749294184076
0 0.3227107704719645 0.5854037267080745 0.04759983864461476 0.029079616036137776
0 0.3773699072206535 0.5828627893845285 0.02702702702702703 0.007622811970638058
0 0.4616780960064542 0.5831451157538114 0.09560306575231949 0.022303783173348392
0 0.5266236385639371 0.581451157538114 0.003630496167809601 0.002540937323546019
