0 0.16377571601452198 0.2199322416713721 0.03711173860427592 0.019198193111236588
0 0.2505042355788624 0.21950875211744778 0.09197256958450989 0.01948051948051948
0 0.35175473981444133 0.2199322416713721 0.07745058491327148 0.020327498588368152
0 0.4507866075030254 0.22134387351778656 0.07220653489310205 0.01637492941840768
0 0.5213795885437676 0.2224731789949181 0.033481242436466316 0.01693958215697346
0 0.5966115369100444 0.22275550536420102 0.07341670028237192 0.014680971202710334
0 0.6746672045179508 0.22501411631846416 0.03751512706736587 0.024280067758328628
0 0.7166196046793062 0.22063805759457933 0.026220250100847116 0.016092603049124788
0 0.7323517547398144 0.23193111236589498 0.008471157724889069 0.009316770186335404
0 0.7825736183945139 0.22077922077922077 0.04921339249697459 0.014680971202710334
0 0.8390480032271077 0.21852060982495766 0.021782977006857603 0.01693958215697346
0 0.16942315449778136 0.27315076228119706 0.0500201694231545 0.012140033879164314
0 0.24405002016942315 0.2727272727272727 0.050826946349334406 0.018068887634105024
0 0.3751512706736587 0.27555053642010163 0.15490116982654295 0.025409373235460192
0 0.4981847519160952 0.274703557312253 0.041145623235175476 0.01355166572557877
0 0.5679709560306575 0.27851496329757197 0.07341670028237192 0.02456239412761152
0 0.6167809600645422 0.2826086956521739 0.003227107704719645 0.00282326369282891
0 0.6976603469140783 0.275974025974026 0.10689794271883823 0.026256352343308864
0 0.7884227511093183 0.2723037831733484 0.033481242436466316 0.017786561264822136
0 0.8491327148043566 0.2717391304347826 0.05244050020169423 0.017786561264822136
0 0.1744655102864058 0.3211462450592885 0.057684550221863654 0.018351214003387916
0 0.3027430415490117 0.3287690570299266 0.13916901976603469 0.027385657820440428
0 0.4334409035901573 0.3269339356295878 0.07139975796692215 0.01355166572557877
0 0.5215812827753126 0.32679277244494637 0.07018959257765228 0.0189158667419537
0 0.5867285195643405 0.3297571993224167 0.03993545784590561 0.0220214568040655
0 0.6585316659943525 0.3328627893845285 0.08430818878580072 0.030491247882552232
0 0.7496974586526826 0.32735742518351213 0.06897942718838242 0.0189158667419537
0 0.8138362242839855 0.3286278938452851 0.038321903993545785 0.01637492941840768
0 0.15207745058491326 0.3728119706380576 0.021782977006857603 0.020045172219085264
0 0.23598225090762404 0.37422360248447206 0.09762000806776926 0.020609824957651044
0 0.2928600242033078 0.3825522303783173 0.0024203307785397336 0.002258610954263128
0 0.3501411859620815 0.3804347826086957 0.060508269463493344 0.031338226990400904
0 0.45240016135538524 0.3849520045172219 0.11173860427591771 0.034161490683229816
0 0.5463896732553449 0.3800112930547713 0.038321903993545785 0.01693958215697346
0 0.6147640177490924 0.3890457368718238 0.0500201694231545 0.020327498588368152
0 0.7067365873336022 0.383399209486166 0.09116579265832997 0.01637492941840768
0 0.7525211778943123 0.3898927159796725 0.0028237192416296895 0.0016939582156973462
0 0.8124243646631706 0.38354037267080743 0.06292860024203308 0.017221908526256352
0 0.8400564743848326 0.3955392433653303 0.01008471157724889 0.007905138339920948
0 0.18031464300121017 0.42320722755505363 0.09035901573215006 0.024280067758328628
0 0.2603872529245664 0.4352060982495765 0.05687777329568374 0.022868435911914172
0 0.28943122226704315 0.43901750423489555 0.011698265429608713 0.007340485601355167
0 0.3323920935861234 0.43068887634105024 0.02743041549011698 0.008752117447769622
0 0.37938684953610324 0.4298418972332016 0.03751512706736587 0.023433088650479956
0 0.4277934651068979 0.4295595708639187 0.051230334812424366 0.017786561264822136
0 0.49314239612747074 0.4388763410502541 0.07139975796692215 0.021174477696216828
0 0.5849132714804357 0.43266516092603047 0.08067769261799113 0.025691699604743084
0 0.6690197660346914 0.427442123094297 0.06333198870512304 0.020327498588368152
0 0.746268656716418 0.4311123658949746 0.06212182331585317 0.015810276679841896
0 0.8041549011698266 0.4313946922642575 0.02702702702702703 0.01693958215697346
0 0.16054860830980233 0.47586109542631283 0.04195240016135539 0.020045172219085264
0 0.23416700282371924 0.47684923771880294 0.06413876563130294 0.017504234895539244
0 0.26300927793465106 0.4881422924901186 0.011294876966518758 0.00846979107848673
0 0.30697862041145624 0.4815076228119706 0.02501008471157725 0.009316770186335404
0 0.35599031867688585 0.4779785431959345 0.050423557886244454 0.018633540372670808
0 0.4463493344090359 0.4867306606437041 0.08511496571198064 0.02258610954263128
0 0.5651472367890278 0.48023715415019763 0.11536910044372731 0.0220214568040655
0 0.7127874142799516 0.48404856013551667 0.1500605082694635 0.022303783173348392
0 0.7900363049616781 0.49110671936758893 0.0028237192416296895 0.001976284584980237
0 0.1791044776119403 0.5825804630152456 0.07180314643001211 0.026256352343308864
0 0.2882210568777733 0.581451157538114 0.10689794271883823 0.027950310559006212
0 0.34772085518354173 0.581451157538114 0.005647438483259379 0.0036702428006775835
