0 0.16942315449778136 0.26792772444946356 0.0782573618394514 0.028232636928289104
0 0.26200080677692617 0.26651609260304915 0.0891488503428802 0.014680971202710334
0 0.39874949576442115 0.2660926030491248 0.15772488906817264 0.017221908526256352
0 0.5125050423557886 0.268068887634105 0.0463896732553449 0.017221908526256352
0 0.5582896329164986 0.2673630717108978 0.020976200080677694 0.007905138339920948
0 0.6617587736990722 0.2683512140033879 0.14965711980637353 0.014963297571993224
0 0.745865268253328 0.2782326369282891 0.003227107704719645 0.00818746470920384
0 0.7878176684146834 0.27089215132693395 0.06938281565147236 0.018351214003387916
0 0.191004437273094 0.31281761716544326 0.11496571198063735 0.014680971202710334
0 0.27611940298507465 0.3129587803500847 0.030254134731746672 0.014963297571993224
0 0.32331585316659944 0.3211462450592885 0.045582896329164985 0.017221908526256352
0 0.3949173053650666 0.31719367588932806 0.07664380798709157 0.015527950310559006
0 0.47781363453005243 0.31832298136645965 0.07059298104074223 0.011575381140598532
0 0.5599031867688584 0.3188876341050254 0.07099636950383219 0.026821005081874648
0 0.6661960467930618 0.32029926595143987 0.11738604275917709 0.02456239412761152
0 0.7763210972166196 0.31931112365894976 0.0754336425978217 0.012422360248447204
0 0.15732150060508268 0.3644833427442123 0.04517950786607503 0.012987012987012988
0 0.18777732956837434 0.37577639751552794 0.002016942315449778 0.005081874647092038
0 0.24647035094796288 0.36645962732919257 0.08955223880597014 0.015245623941276116
0 0.3325937878176684 0.36575381140598534 0.05929810407422348 0.015527950310559006
0 0.4419120613150464 0.36702428006775834 0.13755546591367487 0.015810276679841896
0 0.5415490116982654 0.3675889328063241 0.03428801936264623 0.011857707509881422
0 0.5893505445744252 0.367871259175607 0.04033884630899556 0.012987012987012988
0 0.6440096813231142 0.3719649915302089 0.04881000403388463 0.009881422924901186
0 0.72730939895119 0.371682665160926 0.09439290036304962 0.01383399209486166
0 0.8317870108914885 0.36702428006775834 0.0927793465106898 0.014116318464144552
0 0.16780960064542155 0.41854884246188595 0.063735377168213 0.011575381140598532
0 0.28842275110931825 0.4192546583850932 0.1508672851956434 0.019762845849802372
0 0.40197660346914077 0.41756070016939584 0.03670835014118596 0.012422360248447204
0 0.4538120209762001 0.4171372106154715 0.05244050020169423 0.014398644833427442
0 0.5389269866881807 0.4202428006775833 0.08955223880597014 0.01383399209486166
0 0.5941912061315047 0.42970073404856013 0.0024203307785397336 0.00846979107848673
0 0.6980637353771683 0.42207792207792205 0.18031464300121017 0.025409373235460192
0 0.8356192012908431 0.41967814793901753 0.06413876563130294 0.013269339356295878
0 0.18898749495764422 0.46908526256352345 0.09963695038321904 0.021174477696216828
0 0.34308188785800725 0.4707792207792208 0.16821298910851148 0.021174477696216828
0 0.46147640177490923 0.468944099378882 0.042759177087535294 0.014680971202710334
0 0.5286405808793868 0.46908526256352345 0.06655909640984267 0.015527950310559006
0 0.609721661960468 0.4712027103331451 0.07382008874546188 0.014680971202710334
0 0.6811214199273901 0.47261434217955955 0.043969342476805166 0.01355166572557877
0 0.7503025413473174 0.47162619988706944 0.07422347720855184 0.01383399209486166
0 0.8202904396934247 0.4709203839638622 0.043969342476805166 0.014116318464144552
0 0.1811214199273901 0.5169395821569734 0.09762000806776926 0.01637492941840768
0 0.26220250100847114 0.5166572557876906 0.053247277127874144 0.01637492941840768
0 0.2956837434449375 0.5265386787125917 0.0024203307785397336 0.007340485601355167
0 0.34066155707946755 0.5208921513269339 0.0681726502622025 0.011857707509881422
0 0.46571198063735375 0.5228684359119141 0.14239612747075434 0.023715415019762844
0 0.6248487293263413 0.5214568040654998 0.1427995159338443 0.025974025974025976
0 0.7416296893908835 0.5206098249576511 0.06413876563130294 0.01637492941840768
0 0.7902379991932231 0.5221626199887069 0.01936264622831787 0.010446075663466968
0 0.8394513916901977 0.5232919254658385 0.05647438483259379 0.023997741389045736
0 0.16942315449778136 0.5663466967814794 0.06292860024203308 0.012987012987012988
0 0.2325534489713594 0.567193675889328 0.04154901169826543 0.014680971202710334
0 0.30052440500201694 0.5702992659514399 0.06857603872529246 0.014680971202710334
0 0.3890681726502622 0.5736871823828346 0.08430818878580072 0.0220214568040655
0 0.4747882210568778 0.5704404291360813 0.063735377168213 0.014963297571993224
0 0.5264219443323921 0.5719932241671372 0.01855586930213796 0.009034443817052512
0 0.5806776926179911 0.5715697346132129 0.052843888664784185 0.020609824957651044
0 0.6934247680516338 0.5707227555053642 0.1508672851956434 0.018351214003387916
0 0.8291649858814037 0.5731225296442688 0.09560306575231949 0.017504234895539244
0 0.8830173457039129 0.5798983625070582 0.0024203307785397336 0.0016939582156973462
0 0.15288422751109318 0.668548842461886 0.06212182331585317 0.017504234895539244
0 0.23215006050826947 0.668266516092603 0.06494554255748286 0.01637492941840768
0 0.3408632513110125 0.6679841897233202 0.11778943122226704 0.015810276679841896
0 0.4663170633319887 0.6767363071710898 0.09923356192012908 0.021456804065499716
0 0.5240016135538523 0.678994918125353 0.0024203307785397336 0.00564652738565782
0 0.6020572811617588 0.6726425748164878 0.12303348124243646 0.025691699604743084
0 0.6883824122630092 0.6739130434782609 0.019766034691407825 0.010163749294184076
0 0.7569584509883017 0.6710897797854319 0.0899556272690601 0.01693958215697346
0 0.18293666801129488 0.7217673630717109 0.11577248890681727 0.021739130434782608
0 0.28035498184751917 0.7216261998870694 0.03711173860427592 0.020327498588368152
0 0.4245663574021783 0.7213438735177866 0.22388059701492538 0.020892151326933936
0 0.5461879790237999 0.7316487859966121 0.003227107704719645 0.008752117447769622
0 0.645421540943929 0.7250141163184641 0.17507059298104075 0.025409373235460192
0 0.7797498991528842 0.7238848108413326 0.0645421540943929 0.014680971202710334
0 0.845098830173457 0.7223320158102767 0.05405405405405406 0.014963297571993224
