0 0.1853569987898346 0.2230378317334839 0.08188785800726099 0.03613777526821005
0 0.29386849536103266 0.21442687747035574 0.10770471964501815 0.01948051948051948
0 0.417910447761194 0.21230942970073405 0.08309802339653086 0.015810276679841896
0 0.4957644211375555 0.21033314511575382 0.03872529245663574 0.01637492941840768
0 0.5574828559903187 0.20765104460756634 0.05808793868495361 0.018351214003387916
0 0.708753529649052 0.2180971202710333 0.16861637757160144 0.034161490683229816
0 0.19766034691407824 0.26256352343308864 0.09600645421540945 0.0220214568040655
0 0.24647035094796288 0.27837380011293056 0.008874546187979023 0.006775832862789385
0 0.32876159741831384 0.2636928289102202 0.09519967728922953 0.01355166572557877
0 0.4374747882210569 0.2598814229249012 0.08834207341670028 0.021174477696216828
0 0.5929810407422348 0.26665725578769056 0.1718434852763211 0.032467532467532464
0 0.7535296490520371 0.2593167701863354 0.0935861234368697 0.020045172219085264
0 0.8301734570391287 0.26355166572557875 0.04356595401371521 0.01383399209486166
0 0.18152480839048002 0.31281761716544326 0.06131504638967326 0.020327498588368152
0 0.3939088342073417 0.3129587803500847 0.2755143202904397 0.01948051948051948
0 0.5752319483662768 0.3136645962732919 0.05244050020169423 0.024280067758328628
0 0.7071399757966922 0.3178994918125353 0.18313836224283986 0.029926595143986448
0 0.21218233158531666 0.37422360248447206 0.14118596208148446 0.041501976284584984
0 0.35599031867688585 0.3609542631281762 0.08188785800726099 0.0189158667419537
0 0.4764017749092376 0.3608130999435347 0.1073013311819282 0.019762845849802372
0 0.590964098426785 0.365330321852061 0.09762000806776926 0.026538678712591756
0 0.6944332392093586 0.3616600790513834 0.07704719645018153 0.021456804065499716
0 0.8196853569987899 0.36575381140598534 0.136345300524405 0.010446075663466968
0 0.22569584509883017 0.4213721061547149 0.17224687373941105 0.034161490683229816
0 0.3711173860427592 0.41459627329192544 0.05808793868495361 0.01101072840203275
0 0.4572408229124647 0.41106719367588934 0.05687777329568374 0.018633540372670808
0 0.6196046793061718 0.4155844155844156 0.2073416700282372 0.01637492941840768
0 0.7349737797498992 0.4212309429700734 0.0024203307785397336 0.0016939582156973462
0 0.8037515127067366 0.411914172783738 0.09156918112141993 0.019762845849802372
0 0.19120613150463897 0.46259175607001696 0.10165389269866881 0.016092603049124788
0 0.3598225090762404 0.4704968944099379 0.18313836224283986 0.03698475437605872
0 0.5296490520371118 0.4611801242236025 0.11133521581282775 0.023433088650479956
0 0.6264622831787011 0.46386222473178995 0.04679306171843485 0.018633540372670808
0 0.7158128277531263 0.4668266516092603 0.11093182734973779 0.03190287972896669
0 0.8265429608713191 0.46287408243929984 0.09439290036304962 0.021174477696216828
0 0.8765631302944735 0.47148503670242803 0.003227107704719645 0.0016939582156973462
0 0.20310609116579265 0.5248447204968945 0.13594191206131503 0.04630152456239413
0 0.3467123840258169 0.5159514398644833 0.10770471964501815 0.014963297571993224
0 0.4300121016538927 0.5132693393562959 0.050826946349334406 0.02258610954263128
0 0.5169423154497781 0.5220214568040655 0.10286405808793868 0.03613777526821005
0 0.6349334409035902 0.5122811970638057 0.09116579265832997 0.022868435911914172
0 0.7517144009681324 0.51270468661773 0.09802339653085922 0.02258610954263128
0 0.8356192012908431 0.5251270468661773 0.09156918112141993 0.034443817052512704
0 0.17325534489713595 0.5686053077357425 0.06655909640984267 0.033314511575381144
0 0.2472771278741428 0.5630999435347261 0.05163372327551432 0.022303783173348392
0 0.34772085518354173 0.5686053077357425 0.13876563130294473 0.028232636928289104
0 0.4893102057281162 0.5626764539808018 0.09681323114158935 0.021456804065499716
0 0.5949979830576846 0.5638057594579333 0.08874546187979024 0.023150762281197064
0 0.7079467527228721 0.5690287972896668 0.08713190802743041 0.014398644833427442
0 0.835820895522388 0.5735460191981931 0.12989108511496572 0.03585544889892716
0 0.900564743848326 0.5753811405985318 0.0028237192416296895 0.002258610954263128
0 0.15732150060508268 0.6143421795595708 0.041145623235175476 0.0220214568040655
0 0.2252924566357402 0.6177300959909655 0.07301331181928197 0.012987012987012988
0 0.3717224687373941 0.6226708074534162 0.1617587736990722 0.034161490683229816
0 0.6014521984671238 0.6222473178994918 0.25413473174667206 0.0378317334839074
0 0.7732956837434449 0.6158949745906268 0.050826946349334406 0.014963297571993224
0 0.8493344090359016 0.6149068322981367 0.06978620411456232 0.020892151326933936
0 0.27410246066962485 0.6664313946922643 0.2972972972972973 0.029644268774703556
0 0.41609519967728925 0.6770186335403726 0.018959257765227916 0.011857707509881422
0 0.49294070189592576 0.6633258046301524 0.09681323114158935 0.020045172219085264
0 0.5744251714400969 0.6684076792772445 0.03227107704719645 0.010446075663466968
0 0.6518757563533683 0.6653020892151327 0.08632513110125051 0.018351214003387916
0 0.7916498588140379 0.6713721061547149 0.17144009681323114 0.034443817052512704
0 0.1553045582896329 0.7158385093167702 0.05889471561113352 0.031338226990400904
0 0.28136345300524407 0.7217673630717109 0.18838241226300928 0.03077357425183512
0 0.436668011294877 0.7226143421795596 0.10205728116175877 0.0409373235460192
0 0.5689794271883825 0.7158385093167702 0.12141992739007665 0.018351214003387916
0 0.6873739411052844 0.713579898362507 0.0935861234368697 0.023997741389045736
0 0.7668414683340057 0.7166854884246189 0.055667607906413875 0.027950310559006212
0 0.8543767648245261 0.7199322416713722 0.12424364663170634 0.01637492941840768
