0 0.1399757966922146 0.13791643139469226 0.00645421540943929 0.018351214003387916
0 0.16478418717224688 0.14878599661208358 0.007664380798709157 0.03162055335968379
0 0.2265026220250101 0.15033879164313946 0.07704719645018153 0.03303218520609825
0 0.30032271077047196 0.15429136081309994 0.024606696248487294 0.029079616036137776
0 0.3860427591770875 0.15697346132128742 0.08632513110125051 0.04291360813099943
0 0.4388866478418717 0.17292490118577075 0.004033884630899556 0.015527950310559006
0 0.4538120209762001 0.14342179559570864 0.008874546187979023 0.010728402032749858
0 0.5219846712384025 0.15683229813664595 0.06776926179911255 0.04206662902315076
0 0.6048810004033884 0.15273856578204403 0.06413876563130294 0.030491247882552232
0 0.6732553448971359 0.1541501976284585 0.03307785397337636 0.02766798418972332
0 0.7533279548204921 0.1590909090909091 0.08430818878580072 0.04319593450028233
0 0.20976200080677693 0.2077922077922078 0.13311819281968534 0.042348955392433656
0 0.2874142799515934 0.2149915302089215 0.0028237192416296895 0.001976284584980237
