0 0.1980637353771682 0.5242800677583286 0.11859620814844696 0.017504234895539244
0 0.2682533279548205 0.5334556747600225 0.010488100040338847 0.007622811970638058
0 0.32412263009277936 0.5292207792207793 0.08672851956434045 0.025691699604743084
0 0.41427995159338443 0.5283738001129306 0.05808793868495361 0.015527950310559006
0 0.49495764421137556 0.5300677583286278 0.04759983864461476 0.021739130434782608
0 0.5738200887454619 0.528514963297572 0.050423557886244454 0.012422360248447204
0 0.63654699475595 0.5299265951439864 0.029043969342476807 0.010728402032749858
0 0.7063331988705123 0.5249858836815359 0.055667607906413875 0.015527950310559006
0 0.8118192819685357 0.5247035573122529 0.09318273497377975 0.018351214003387916
0 0.16317063331988704 0.5741106719367589 0.04154901169826543 0.0189158667419537
0 0.23779749899152886 0.5852625635234331 0.06010488100040339 0.023150762281197064
0 0.3128277531262606 0.5773574251835122 0.02944735780556676 0.020327498588368152
0 0.3745461879790238 0.5749576510446076 0.040742234772085516 0.020045172219085264
0 0.4528035498184752 0.5818746470920384 0.05687777329568374 0.01693958215697346
0 0.5145219846712384 0.575098814229249 0.027833803953206938 0.015810276679841896
0 0.5826946349334409 0.5784867306606437 0.051230334812424366 0.010728402032749858
0 0.6833400564743848 0.5794748729531338 0.10246066962484873 0.026821005081874648
0 0.7839854780153288 0.573828345567476 0.03428801936264623 0.011575381140598532
0 0.8227107704719645 0.5732636928289102 0.0391286809197257 0.017221908526256352
0 0.17022993142396128 0.6287408243929983 0.04679306171843485 0.01637492941840768
0 0.2446551028640581 0.6260587238848109 0.050423557886244454 0.018351214003387916
0 0.32129891085114964 0.6233766233766234 0.04477611940298507 0.018068887634105024
0 0.417910447761194 0.6252117447769622 0.09762000806776926 0.021739130434782608
0 0.4681323114158935 0.6376341050254094 0.003630496167809601 0.002540937323546019
