0 0.17708753529649052 0.221485036702428 0.07180314643001211 0.025691699604743084
0 0.30032271077047196 0.217673630717109 0.14320290439693426 0.014680971202710334
0 0.41609519967728925 0.21626199887069453 0.07220653489310205 0.015245623941276116
0 0.50040338846309 0.217673630717109 0.0681726502622025 0.011857707509881422
0 0.6056877773295684 0.21640316205533597 0.12384025816861638 0.015527950310559006
0 0.7081484469544171 0.21725014116318464 0.05687777329568374 0.012704686617730096
0 0.7710770471964502 0.220214568040655 0.043969342476805166 0.00846979107848673
0 0.8168616377571601 0.21964991530208922 0.029043969342476807 0.01129305477131564
0 0.15974183138362244 0.26538678712591757 0.042759177087535294 0.012987012987012988
0 0.24969745865268253 0.26453980801806887 0.10488100040338846 0.014116318464144552
0 0.39854780153287617 0.2676453980801807 0.15732150060508268 0.023150762281197064
0 0.527027027027027 0.26566911349520045 0.06655909640984267 0.015245623941276116
0 0.6411859620814845 0.2689158667419537 0.13513513513513514 0.021174477696216828
0 0.7761194029850746 0.27089215132693395 0.10810810810810811 0.02456239412761152
0 0.1674062121823316 0.3147939017504235 0.07018959257765228 0.015810276679841896
0 0.27329568374344493 0.3157820440429136 0.12384025816861638 0.020609824957651044
0 0.35518354175070593 0.31634669678147936 0.019766034691407825 0.009881422924901186
0 0.4265832997176281 0.3132411067193676 0.09963695038321904 0.014963297571993224
0 0.5246066962484873 0.3176171654432524 0.07301331181928197 0.012422360248447204
0 0.626663977410246 0.31648785996612083 0.09640984267849939 0.01637492941840768
0 0.7022993142396128 0.31846414455110106 0.028237192416296894 0.01693958215697346
0 0.7855990318676885 0.31719367588932806 0.118192819685357 0.016657255787690572
0 0.8521581282775312 0.32679277244494637 0.0028237192416296895 0.001976284584980237
0 0.16276724485679708 0.3663184641445511 0.06010488100040339 0.015527950310559006
0 0.2678499394917305 0.3673066064370412 0.12263009277934651 0.01637492941840768
0 0.39753933037515127 0.36716544325239975 0.11254538120209762 0.014398644833427442
0 0.5528438886647842 0.37224731789949184 0.17466720451795079 0.027385657820440428
0 0.6764824526018556 0.36928289102202144 0.04356595401371521 0.015810276679841896
0 0.7575635336829367 0.3697063805759458 0.100040338846309 0.014963297571993224
0 0.8176684146833401 0.3836815358554489 0.0024203307785397336 0.009599096555618294
0 0.17486889874949577 0.415725578769057 0.06655909640984267 0.01383399209486166
0 0.28701089148850345 0.41883116883116883 0.12464703509479629 0.01948051948051948
0 0.381605486083098 0.41431394692264256 0.05486083098023396 0.01383399209486166
0 0.4784187172246874 0.4148785996612084 0.1073013311819282 0.014963297571993224
0 0.5350947962888262 0.42631281761716544 0.0028237192416296895 0.006211180124223602
0 0.5611133521581283 0.4203839638622247 0.020976200080677694 0.009034443817052512
0 0.6179911254538121 0.4191134952004517 0.06776926179911255 0.01383399209486166
0 0.7105687777329568 0.4192546583850932 0.09963695038321904 0.014116318464144552
0 0.20653489310205728 0.4688029361942405 0.15893505445744252 0.020609824957651044
0 0.3160548608309802 0.4654150197628458 0.031060911657926585 0.01383399209486166
0 0.4005647438483259 0.4655561829474873 0.10568777732956837 0.014116318464144552
0 0.48850342880193626 0.4655561829474873 0.0500201694231545 0.01355166572557877
0 0.573013311819282 0.4688029361942405 0.09237595804759983 0.014398644833427442
0 0.6331181928196854 0.47473178994918125 0.0028237192416296895 0.001411631846414455
0 0.6920129084308189 0.4720496894409938 0.10205728116175877 0.02258610954263128
0 0.7944735780556677 0.47289666854884244 0.06978620411456232 0.010728402032749858
0 0.1863654699475595 0.5177865612648221 0.11940298507462686 0.014680971202710334
0 0.28035498184751917 0.5170807453416149 0.03711173860427592 0.013269339356295878
0 0.32210568777732956 0.5191981931112366 0.018959257765227916 0.00846979107848673
0 0.40762404195240015 0.5186335403726708 0.11738604275917709 0.015810276679841896
0 0.5209762000806777 0.5177865612648221 0.08834207341670028 0.014680971202710334
0 0.5933844292053247 0.5191981931112366 0.03953206938281565 0.017504234895539244
0 0.6389673255344898 0.5228684359119141 0.02016942315449778 0.009599096555618294
0 0.7444534086325131 0.5249858836815359 0.16821298910851148 0.0251270468661773
0 0.18233158531665994 0.5686053077357425 0.09519967728922953 0.011857707509881422
0 0.32412263009277936 0.5704404291360813 0.15046389673255345 0.025691699604743084
0 0.5354981847519161 0.5724167137210615 0.2254941508672852 0.026821005081874648
0 0.6823315853166599 0.5715697346132129 0.030254134731746672 0.01383399209486166
0 0.7779346510689794 0.571005081874647 0.14078257361839452 0.017221908526256352
0 0.8567970956030657 0.5786278938452851 0.0024203307785397336 0.001976284584980237
0 0.15570794675272287 0.616600790513834 0.04033884630899556 0.012987012987012988
0 0.2265026220250101 0.6218238283455675 0.07220653489310205 0.023433088650479956
0 0.3588140379185155 0.6177300959909655 0.1553045582896329 0.015245623941276116
0 0.4717628075837031 0.6184359119141728 0.0391286809197257 0.01383399209486166
0 0.5687777329568374 0.6226708074534162 0.11617587736990723 0.01948051948051948
0 0.6712384025816862 0.6222473178994918 0.05163372327551432 0.014116318464144552
0 0.7424364663170633 0.6264822134387352 0.06252521177894312 0.023150762281197064
0 0.7995159338442921 0.6240824392998306 0.01936264622831787 0.010446075663466968
0 0.2109721661960468 0.6716544325239977 0.1500605082694635 0.020892151326933936
0 0.3400564743848326 0.6677018633540373 0.07745058491327148 0.012987012987012988
0 0.4138765631302945 0.6701016374929418 0.041145623235175476 0.015527950310559006
0 0.46551028640580877 0.6686900056465274 0.02581686163775716 0.014963297571993224
0 0.491327148043566 0.677442123094297 0.0024203307785397336 0.006493506493506494
0 0.5318676885841065 0.6699604743083004 0.051230334812424366 0.015810276679841896
0 0.6329164985881404 0.6705251270468662 0.11859620814844696 0.01637492941840768
0 0.7829770068576039 0.6777244494635799 0.14360629286002422 0.02456239412761152
