0 0.1383622428398548 0.20341614906832298 0.004840661557079467 0.009316770186335404
0 0.18253327954820492 0.21075663466967814 0.05445744251714401 0.022868435911914172
0 0.263816054860831 0.21174477696216826 0.06938281565147236 0.0220214568040655
0 0.3412666397741025 0.2140033879164314 0.04679306171843485 0.01693958215697346
0 0.39673255344897135 0.21047430830039526 0.043969342476805166 0.023433088650479956
0 0.4552238805970149 0.22388481084133258 0.03751512706736587 0.03670242800677583
0 0.5131101250504235 0.21936758893280633 0.042759177087535294 0.040654997176736304
0 0.5562726906010488 0.21259175607001693 0.020976200080677694 0.01637492941840768
0 0.6196046793061718 0.21047430830039526 0.07180314643001211 0.023433088650479956
0 0.7178297700685761 0.22289666854884246 0.09963695038321904 0.04827780914737437
0 0.8081887858007261 0.2134387351778656 0.05445744251714401 0.02258610954263128
0 0.17426381605486083 0.26129305477131565 0.08148446954417103 0.023433088650479956
0 0.22569584509883017 0.2725861095426313 0.0028237192416296895 0.001411631846414455
0 0.2529245663574022 0.2619988706945229 0.016135538523598225 0.021456804065499716
0 0.32775312626058895 0.2639751552795031 0.08350141185962082 0.019198193111236588
0 0.41670028237192414 0.2619988706945229 0.06212182331585317 0.023715415019762844
0 0.4977813634530052 0.2619988706945229 0.063735377168213 0.0220214568040655
0 0.6327148043565954 0.26157538114059853 0.15933844292053248 0.0251270468661773
0 0.7505042355788625 0.26242236024844723 0.0391286809197257 0.023433088650479956
0 0.8590157321500606 0.26468097120271034 0.12948769665187576 0.021739130434782608
0 0.9358612343686971 0.2728684359119142 0.0024203307785397336 0.001411631846414455
0 0.9487696651875757 0.25903444381705254 0.007260992335619202 0.010446075663466968
0 0.15248083904800322 0.3114059853190288 0.03227107704719645 0.020327498588368152
0 0.2515127067365873 0.32284020327498586 0.12868091972569584 0.045454545454545456
0 0.4173053650665591 0.31197063805759456 0.14885034288019364 0.024844720496894408
0 0.5411456232351755 0.3123941276115189 0.04881000403388463 0.022303783173348392
0 0.6189995966115369 0.3245341614906832 0.06736587333602259 0.04997176736307171
0 0.7206534893102057 0.3138057594579334 0.09156918112141993 0.023433088650479956
0 0.8104074223477209 0.31408808582721626 0.04679306171843485 0.0251270468661773
0 0.8824122630092779 0.32086391869000563 0.04961678096006454 0.040372670807453416
0 0.1772892295280355 0.36462450592885376 0.08350141185962082 0.01948051948051948
0 0.2769261799112545 0.3643421795595709 0.07220653489310205 0.018351214003387916
0 0.3644614764017749 0.3730942970073405 0.07301331181928197 0.046583850931677016
0 0.46954417103670837 0.3740824392998306 0.0935861234368697 0.04517221908526256
0 0.5742234772085518 0.36561264822134387 0.07059298104074223 0.017504234895539244
0 0.6555062525211779 0.3642010163749294 0.05486083098023396 0.02258610954263128
0 0.7369907220653489 0.3663184641445511 0.08148446954417103 0.022868435911914172
0 0.7894312222670432 0.37676453980801805 0.007260992335619202 0.01383399209486166
0 0.8438886647841872 0.36363636363636365 0.07503025413473174 0.024280067758328628
0 0.1661960467930617 0.4114906832298137 0.06212182331585317 0.026256352343308864
0 0.24263816054860832 0.411914172783738 0.04961678096006454 0.02258610954263128
0 0.3253327954820492 0.4134669678147939 0.0826946349334409 0.022303783173348392
0 0.40419524001613555 0.41643139469226426 0.03711173860427592 0.018068887634105024
0 0.4693424768051634 0.41304347826086957 0.06494554255748286 0.0220214568040655
0 0.5191609519967729 0.4225014116318464 0.0024203307785397336 0.001411631846414455
0 0.5679709560306575 0.424901185770751 0.063735377168213 0.04799548277809147
0 0.6740621218233158 0.4148785996612084 0.11536910044372731 0.023997741389045736
0 0.7698668818071803 0.41318464144551104 0.0391286809197257 0.023997741389045736
0 0.844695441710367 0.41459627329192544 0.07099636950383219 0.023997741389045736
0 0.16780960064542155 0.5749576510446076 0.06857603872529246 0.04376058723884811
0 0.21419927390076643 0.5753811405985318 0.003227107704719645 0.014680971202710334
0 0.25857200484066156 0.5755223037831734 0.04679306171843485 0.046583850931677016
0 0.42416296893908834 0.5767927724449463 0.23759580475998388 0.04291360813099943
0 0.590560709963695 0.5714285714285714 0.04356595401371521 0.042348955392433656
0 0.6353368293666801 0.5683229813664596 0.023396530859217425 0.01693958215697346
0 0.7343686970552642 0.5681818181818182 0.13674868898749495 0.021174477696216828
0 0.8503428801936265 0.5666290231507622 0.05405405405405406 0.02766798418972332
0 0.1891891891891892 0.6132128740824393 0.11698265429608713 0.024280067758328628
0 0.31020572811617586 0.6167419536984754 0.05808793868495361 0.022303783173348392
0 0.39229528035498185 0.6150479954827781 0.06897942718838242 0.023433088650479956
0 0.49173053650665594 0.6185770750988142 0.08390480032271078 0.018633540372670808
0 0.5897539330375151 0.6153303218520609 0.07664380798709157 0.0251270468661773
0 0.709560306575232 0.629587803500847 0.1145623235175474 0.048560135516657256
0 0.8430818878580073 0.6167419536984754 0.10649455425574829 0.023997741389045736
0 0.9122630092779347 0.6281761716544325 0.0028237192416296895 0.0016939582156973462
