0 0.172851956434046 0.3123941276115189 0.04881000403388463 0.028514963297571992
0 0.2291246470350948 0.31281761716544326 0.03469140782573618 0.029926595143986448
0 0.28680919725695847 0.32284020327498586 0.048406615570794675 0.012140033879164314
0 0.3313836224283985 0.3170525127046866 0.014118596208148447 0.023150762281197064
0 0.3537716821298911 0.31182947487295315 0.007260992335619202 0.005364201016374929
0 0.3963291649858814 0.3201581027667984 0.043162565550625254 0.020327498588368152
0 0.47781363453005243 0.3167701863354037 0.07946752722872126 0.028797289666854884
0 0.5845098830173457 0.3221343873517787 0.08148446954417103 0.023715415019762844
0 0.6712384025816862 0.3191699604743083 0.03307785397337636 0.03020892151326934
0 0.7329568374344494 0.3204404291360813 0.04759983864461476 0.02710333145115754
0 0.7620008067769262 0.3287690570299266 0.0024203307785397336 0.001976284584980237
0 0.7950786607503025 0.3136645962732919 0.00645421540943929 0.006775832862789385
0 0.8321903993545785 0.32481648785996614 0.04195240016135539 0.03190287972896669
0 0.16841468334005646 0.37549407114624506 0.040742234772085516 0.018633540372670808
0 0.25655506252521176 0.3650479954827781 0.08713190802743041 0.026538678712591756
0 0.3372327551432029 0.3660361377752682 0.033884630899556276 0.023997741389045736
0 0.3870512303348124 0.37450592885375494 0.012505042355788625 0.008752117447769622
0 0.436264622831787 0.3759175607001694 0.04154901169826543 0.012704686617730096
0 0.4628882613957241 0.38438735177865613 0.006857603872529245 0.012704686617730096
0 0.5038321903993546 0.370412196499153 0.014521984671238403 0.019762845849802372
0 0.5748285599031868 0.36885940146809715 0.0645421540943929 0.026256352343308864
0 0.6490520371117386 0.38015245623941274 0.03630496167809601 0.023433088650479956
0 0.7053247277127874 0.3694240542066629 0.022993142396127472 0.026256352343308864
0 0.7624041952400161 0.37859966120835686 0.041145623235175476 0.01355166572557877
0 0.8122226704316257 0.3784584980237154 0.011698265429608713 0.009316770186335404
0 0.17204517950786608 0.46696781479390176 0.0754336425978217 0.03500846979107849
0 0.2208551835417507 0.4839073969508752 0.008471157724889069 0.009034443817052512
0 0.2505042355788624 0.4658385093167702 0.00645421540943929 0.006775832862789385
0 0.28963291649858813 0.47967250141163187 0.042759177087535294 0.018068887634105024
0 0.363654699475595 0.46569734613212876 0.07139975796692215 0.028514963297571992
0 0.4411052843888665 0.46809712027103334 0.06171843485276321 0.026538678712591756
0 0.5219846712384025 0.4678147939017504 0.0653489310205728 0.025409373235460192
0 0.5615167406212183 0.48094297007340486 0.0024203307785397336 0.001411631846414455
0 0.5822912464703509 0.4654150197628458 0.010891488503428802 0.007622811970638058
0 0.608914885034288 0.46174477696216826 0.006857603872529245 0.006493506493506494
0 0.6347317466720451 0.47148503670242803 0.014118596208148447 0.021456804065499716
0 0.662767244856797 0.4720496894409938 0.026623638563937072 0.024280067758328628
0 0.7236789027833804 0.47656691134952006 0.041145623235175476 0.033314511575381144
0 0.7829770068576039 0.47035573122529645 0.04033884630899556 0.028232636928289104
0 0.8354175070592981 0.47134387351778656 0.03307785397337636 0.027385657820440428
0 0.1663977410246067 0.5208921513269339 0.06171843485276321 0.03274985883681536
0 0.24122630092779346 0.5136928289102202 0.03872529245663574 0.031338226990400904
0 0.28680919725695847 0.5169395821569734 0.01371520774505849 0.021456804065499716
0 0.3473174667204518 0.5175042348955392 0.07099636950383219 0.02710333145115754
0 0.40943929003630497 0.5217391304347826 0.01290843081887858 0.020327498588368152
0 0.44473578055667606 0.525691699604743 0.03670835014118596 0.01129305477131564
0 0.5294473578055667 0.5204686617730095 0.07866075030254134 0.03190287972896669
0 0.6187979023799919 0.5313382269904009 0.042759177087535294 0.020327498588368152
0 0.691004437273094 0.5207509881422925 0.04921339249697459 0.029644268774703556
0 0.7507059298104074 0.5231507622811971 0.011294876966518758 0.026538678712591756
0 0.8164582492940702 0.5204686617730095 0.06857603872529246 0.028514963297571992
0 0.1536910044372731 0.5677583286278939 0.033884630899556276 0.028797289666854884
0 0.20270270270270271 0.5766516092603049 0.013311819281968536 0.01101072840203275
0 0.2668414683340056 0.5698757763975155 0.0609116579265833 0.03698475437605872
0 0.34610730133118195 0.5702992659514399 0.0500201694231545 0.02766798418972332
0 0.43404598628479224 0.5681818181818182 0.0653489310205728 0.03359683794466403
0 0.5159338442920532 0.5669113495200452 0.04679306171843485 0.028232636928289104
0 0.5837031060911658 0.5811688311688312 0.04517950786607503 0.022868435911914172
0 0.6510689794271883 0.5695934500282326 0.03630496167809601 0.029079616036137776
0 0.6766841468334006 0.5794748729531338 0.0028237192416296895 0.001411631846414455
0 0.7031060911657927 0.5657820440429137 0.008874546187979023 0.007340485601355167
