0 0.1607503025413473 0.21583850931677018 0.03751512706736587 0.017786561264822136
0 0.2236789027833804 0.221485036702428 0.06655909640984267 0.029644268774703556
0 0.28862444534086323 0.2171089779785432 0.0391286809197257 0.01355166572557877
0 0.3467123840258169 0.21527385657820441 0.05526421944332392 0.017221908526256352
0 0.40500201694231547 0.21470920383963862 0.042759177087535294 0.016092603049124788
0 0.48325937878176684 0.2180971202710333 0.09439290036304962 0.022868435911914172
0 0.5326744655102864 0.22402597402597402 0.007664380798709157 0.007622811970638058
0 0.572811617587737 0.2161208356860531 0.035498184751916094 0.016092603049124788
0 0.6099233561920129 0.21795595708639187 0.016135538523598225 0.012987012987012988
0 0.6839451391690198 0.22162619988706944 0.10851149657119806 0.028232636928289104
0 0.7672448567970956 0.2155561829474873 0.042759177087535294 0.015527950310559006
0 0.7870108914885035 0.22473178994918125 0.008874546187979023 0.009034443817052512
0 0.8229124647035094 0.21626199887069453 0.048406615570794675 0.01693958215697346
0 0.15207745058491326 0.2648221343873518 0.024203307785397338 0.018068887634105024
0 0.22851956434045986 0.26595143986448333 0.09156918112141993 0.018068887634105024
0 0.30576845502218636 0.2663749294184077 0.03227107704719645 0.017786561264822136
0 0.35296490520371115 0.2723037831733484 0.03711173860427592 0.02456239412761152
0 0.37898346107301334 0.2751270468661773 0.006857603872529245 0.006493506493506494
0 0.43263412666397744 0.26693958215697344 0.06171843485276321 0.018351214003387916
0 0.49495764421137556 0.2676453980801807 0.03469140782573618 0.017504234895539244
0 0.5536506655909641 0.26750423489553926 0.04961678096006454 0.015527950310559006
0 0.6066962484872933 0.26778656126482214 0.03227107704719645 0.012140033879164314
0 0.6591367486889875 0.26877470355731226 0.048406615570794675 0.01355166572557877
0 0.7394110528438886 0.2660926030491248 0.08551835417507059 0.017221908526256352
0 0.8009277934651069 0.2648221343873518 0.019766034691407825 0.01693958215697346
0 0.1734570391286809 0.32269904009034445 0.06857603872529246 0.029926595143986448
0 0.23477208551835418 0.3211462450592885 0.048406615570794675 0.028514963297571992
0 0.2626058894715611 0.3235460191981931 0.003227107704719645 0.002258610954263128
0 0.29306171843485274 0.3105590062111801 0.008471157724889069 0.006211180124223602
0 0.31565147236789026 0.3160643704121965 0.014118596208148447 0.016657255787690572
0 0.3656716417910448 0.3167701863354037 0.0609116579265833 0.018068887634105024
0 0.4346510689794272 0.3167701863354037 0.058491327148043566 0.017504234895539244
0 0.4868898749495764 0.322557876905703 0.02581686163775716 0.029644268774703556
0 0.5294473578055667 0.3256634669678148 0.04961678096006454 0.02456239412761152
0 0.6081081081081081 0.3154997176736307 0.07059298104074223 0.017786561264822136
0 0.6597418313836224 0.3101355166572558 0.00927793465106898 0.005364201016374929
0 0.6795078660750302 0.31620553359683795 0.02702702702702703 0.018068887634105024
0 0.7351754739814441 0.31648785996612083 0.043969342476805166 0.018068887634105024
0 0.781968535699879 0.3154997176736307 0.03509479628882614 0.017221908526256352
0 0.16760790641387657 0.3740824392998306 0.07059298104074223 0.034443817052512704
0 0.20875352964905203 0.37732919254658387 0.007664380798709157 0.008752117447769622
0 0.25534489713594194 0.367871259175607 0.04517950786607503 0.018068887634105024
0 0.33118192819685355 0.3746470920383964 0.07099636950383219 0.030491247882552232
0 0.4007664380798709 0.36688311688311687 0.033481242436466316 0.018351214003387916
0 0.47297297297297297 0.37365894974590624 0.08188785800726099 0.031338226990400904
0 0.5478015328761597 0.36829474872953133 0.03953206938281565 0.017786561264822136
0 0.5966115369100444 0.3681535855448899 0.029850746268656716 0.01637492941840768
0 0.6555062525211779 0.36984754376058726 0.05647438483259379 0.01355166572557877
0 0.6918112141992739 0.37337662337662336 0.003227107704719645 0.002540937323546019
0 0.7196450181524808 0.3601072840203275 0.010488100040338847 0.007058159232072276
0 0.7446551028640581 0.36702428006775834 0.03791851553045583 0.01637492941840768
0 0.7803549818475192 0.3675889328063241 0.022993142396127472 0.014680971202710334
0 0.16599435256151673 0.4233483907396951 0.056070996369503835 0.03020892151326934
0 0.19846712384025816 0.4258893280632411 0.008874546187979023 0.00818746470920384
0 0.23114158935054457 0.4222190852625635 0.041145623235175476 0.023433088650479956
0 0.2529245663574022 0.42504234895539245 0.004840661557079467 0.001976284584980237
0 0.28600242033077855 0.41643139469226426 0.01290843081887858 0.017504234895539244
0 0.3136345300524405 0.4171372106154715 0.026220250100847116 0.017786561264822136
0 0.363654699475595 0.41826651609260307 0.05203711173860428 0.017786561264822136
0 0.42295280354981846 0.4189723320158103 0.038321903993545785 0.017504234895539244
0 0.4810407422347721 0.41756070016939584 0.051230334812424366 0.01637492941840768
0 0.5127067365873336 0.4246188594014681 0.003227107704719645 0.001129305477131564
0 0.5500201694231545 0.41671372106154714 0.014118596208148447 0.015245623941276116
0 0.5724082291246471 0.4165725578769057 0.026623638563937072 0.017786561264822136
0 0.6752722872125857 0.4201016374929418 0.14683340056474384 0.023715415019762844
0 0.7864058087938685 0.4178430265386787 0.0463896732553449 0.01637492941840768
0 0.1718434852763211 0.47374364765669114 0.07099636950383219 0.029361942405420668
0 0.24586526825332797 0.46710897797854317 0.043162565550625254 0.016657255787690572
0 0.30879386849536106 0.4761434217955957 0.06494554255748286 0.03077357425183512
0 0.37797498991528844 0.46809712027103334 0.03711173860427592 0.017504234895539244
0 0.4354578459056071 0.46809712027103334 0.051230334812424366 0.018633540372670808
0 0.5125050423557886 0.46809712027103334 0.0609116579265833 0.018633540372670808
0 0.5949979830576846 0.46908526256352345 0.06857603872529246 0.017786561264822136
0 0.6417910447761194 0.4748729531338227 0.004033884630899556 0.0016939582156973462
0 0.6732553448971359 0.4697910784867307 0.016135538523598225 0.017504234895539244
0 0.7166196046793062 0.468944099378882 0.057684550221863654 0.017504234895539244
0 0.800726099233562 0.46809712027103334 0.07503025413473174 0.01693958215697346
0 0.15409439290036306 0.528514963297572 0.045986284792254944 0.029926595143986448
0 0.18475191609519967 0.5255505364201016 0.004033884630899556 0.001976284584980237
0 0.2045179507866075 0.509175607001694 0.00645421540943929 0.007058159232072276
