0 0.14239612747075434 0.23221343873517786 0.008874546187979023 0.008752117447769622
0 0.18414683340056473 0.2199322416713721 0.051230334812424366 0.02258610954263128
0 0.2172246873739411 0.23122529644268774 0.003630496167809601 0.004517221908526256
0 0.24526018555869303 0.20821569734613213 0.010488100040338847 0.005928853754940711
0 0.291246470350948 0.21908526256352343 0.0500201694231545 0.0220214568040655
0 0.3850342880193626 0.22134387351778656 0.07462686567164178 0.019762845849802372
0 0.491125453812021 0.21852060982495766 0.07866075030254134 0.026538678712591756
0 0.6187979023799919 0.2261434217955957 0.127470754336426 0.03613777526821005
0 0.6952400161355385 0.23037831733483907 0.0052440500201694235 0.006775832862789385
0 0.72730939895119 0.22275550536420102 0.02016942315449778 0.011857707509881422
0 0.8235175473981444 0.22473178994918125 0.118192819685357 0.026538678712591756
0 0.17406212182331585 0.33272162619988704 0.06655909640984267 0.032467532467532464
0 0.2615974183138362 0.3211462450592885 0.06494554255748286 0.021174477696216828
0 0.290843081887858 0.3310276679841897 0.003227107704719645 0.0036702428006775835
0 0.3215006050826946 0.3123941276115189 0.009681323114158934 0.006493506493506494
0 0.3465106897942719 0.3315923207227555 0.00645421540943929 0.005364201016374929
0 0.38584106494554254 0.31959345002823264 0.030254134731746672 0.020327498588368152
0 0.43707139975796694 0.3246753246753247 0.0609116579265833 0.012422360248447204
0 0.5401371520774506 0.32594579333709767 0.1145623235175474 0.03020892151326934
0 0.6405808793868495 0.32396950875211744 0.04759983864461476 0.012704686617730096
0 0.6712384025816862 0.33116883116883117 0.008874546187979023 0.006775832862789385
0 0.7533279548204921 0.33116883116883117 0.1319080274304155 0.024280067758328628
0 0.8325937878176685 0.3277809147374365 0.0024203307785397336 0.002258610954263128
0 0.19402985074626866 0.37125917560700167 0.07664380798709157 0.021456804065499716
0 0.2791448164582493 0.3725296442687747 0.063735377168213 0.01948051948051948
0 0.3096006454215409 0.3804347826086957 0.003630496167809601 0.002540937323546019
0 0.3434852763210972 0.3609542631281762 0.00927793465106898 0.005928853754940711
0 0.36385639370713996 0.38170525127046867 0.005647438483259379 0.004517221908526256
0 0.4070189592577652 0.37210615471485037 0.035498184751916094 0.020892151326933936
0 0.5110931827349737 0.37775268210050816 0.14844695441710368 0.034443817052512704
0 0.6676079064138766 0.3705533596837945 0.13150463896732553 0.021739130434782608
0 0.7694634933440904 0.367871259175607 0.057684550221863654 0.0220214568040655
0 0.8565954013715208 0.3718238283455675 0.06736587333602259 0.012987012987012988
0 0.1645824929407019 0.422360248447205 0.04679306171843485 0.021456804065499716
0 0.2880193626462283 0.42701863354037267 0.15893505445744252 0.029644268774703556
0 0.37696651875756354 0.4330886504799548 0.004437273093989512 0.00564652738565782
0 0.4310205728116176 0.42193675889328064 0.06655909640984267 0.022303783173348392
0 0.4653085921742638 0.43153585544889894 0.0052440500201694235 0.002540937323546019
0 0.5165389269866881 0.42320722755505363 0.035901573215006054 0.0220214568040655
0 0.5568777732956838 0.4209486166007905 0.01734570391286809 0.019198193111236588
0 0.635941912061315 0.4280067758328628 0.11415893505445744 0.034443817052512704
0 0.7519160951996773 0.42701863354037267 0.08067769261799113 0.032467532467532464
0 0.854981847519161 0.4215132693393563 0.0899556272690601 0.021456804065499716
0 0.8941105284388866 0.43280632411067194 0.003630496167809601 0.002258610954263128
0 0.9217426381605486 0.4189723320158103 0.007260992335619202 0.006211180124223602
0 0.19423154497781364 0.47783738001129306 0.10125050423557887 0.039243365330321855
0 0.3235175473981444 0.4771315640880858 0.11617587736990723 0.0378317334839074
0 0.47236789027833803 0.4764257481648786 0.14683340056474384 0.03359683794466403
0 0.5520371117386043 0.4826369282891022 0.003630496167809601 0.002540937323546019
0 0.5742234772085518 0.484472049689441 0.010891488503428802 0.007905138339920948
0 0.617789431222267 0.472755505364201 0.026220250100847116 0.021739130434782608
0 0.691004437273094 0.47219085262563526 0.12263009277934651 0.022303783173348392
0 0.7849939491730537 0.4764257481648786 0.048406615570794675 0.01101072840203275
0 0.854175070592981 0.47162619988706944 0.06252521177894312 0.022868435911914172
0 0.17265026220250101 0.5289384528514963 0.07664380798709157 0.03867871259175607
0 0.23154497781363453 0.5374082439299831 0.008874546187979023 0.009881422924901186
0 0.27047196450181527 0.5221626199887069 0.04477611940298507 0.026821005081874648
0 0.299717628075837 0.5362789384528515 0.011294876966518758 0.013269339356295878
0 0.35699878983461075 0.52343308865048 0.07664380798709157 0.023150762281197064
0 0.4201290843081888 0.525974025974026 0.05929810407422348 0.021456804065499716
0 0.536708350141186 0.5283738001129306 0.145623235175474 0.03190287972896669
0 0.6901976603469141 0.5224449463579899 0.12424364663170634 0.023433088650479956
0 0.8130294473578056 0.5254093732354602 0.09640984267849939 0.024280067758328628
0 0.1918112141992739 0.5807453416149069 0.09721661960467931 0.03670242800677583
0 0.30576845502218636 0.5760869565217391 0.08955223880597014 0.029079616036137776
0 0.4128680919725696 0.5742518351214003 0.07139975796692215 0.0220214568040655
0 0.5242033077853974 0.5717108977978543 0.09398951189995966 0.024844720496894408
0 0.5945945945945946 0.5820158102766798 0.003227107704719645 0.002540937323546019
0 0.6752722872125857 0.5798983625070582 0.08067769261799113 0.040654997176736304
0 0.7807583703106091 0.5753811405985318 0.08430818878580072 0.018068887634105024
0 0.8521581282775312 0.5756634669678148 0.06655909640984267 0.019198193111236588
0 0.8886647841871722 0.5876623376623377 0.004840661557079467 0.002540937323546019
0 0.17386042759177087 0.6305759457933371 0.05486083098023396 0.037549407114624504
0 0.2624041952400161 0.6309994353472614 0.09076240419524001 0.014680971202710334
0 0.3751512706736587 0.6259175607001694 0.08955223880597014 0.023715415019762844
0 0.47539330375151273 0.6291643139469226 0.04477611940298507 0.013269339356295878
0 0.5429608713190803 0.6240824392998306 0.03227107704719645 0.0251270468661773
0 0.6680112948769665 0.6249294184076792 0.18152480839048002 0.022868435911914172
0 0.8380395320693829 0.626764539808018 0.1262605889471561 0.030491247882552232
0 0.16942315449778136 0.6760304912478825 0.05647438483259379 0.02456239412761152
0 0.2444534086325131 0.6857707509881423 0.048406615570794675 0.02766798418972332
0 0.34207341670028235 0.677442123094297 0.10488100040338846 0.026821005081874648
0 0.45421540943929006 0.6737718802936195 0.06696248487293263 0.022303783173348392
0 0.5703912868091973 0.6739130434782609 0.10891488503428802 0.025409373235460192
0 0.6696248487293264 0.6747600225861096 0.05163372327551432 0.028797289666854884
0 0.7722872125857201 0.6717955957086392 0.13755546591367487 0.028514963297571992
0 0.8513513513513513 0.6829474872953134 0.003630496167809601 0.0016939582156973462
0 0.8848325937878176 0.6678430265386787 0.010891488503428802 0.006493506493506494
