0 0.23376361436062928 0.2149915302089215 0.13513513513513514 0.02456239412761152
0 0.40762404195240015 0.21357989836250707 0.17386042759177087 0.029079616036137776
0 0.8531665994352562 0.21315640880858272 0.17103670835014118 0.020327498588368152
0 0.19705526421944333 0.32128740824393 0.07866075030254134 0.03500846979107849
0 0.29608713190802743 0.3207227555053642 0.08471157724889068 0.03500846979107849
0 0.39774102460669625 0.31521739130434784 0.07341670028237192 0.021739130434782608
0 0.4800322710770472 0.3154997176736307 0.0790641387656313 0.021174477696216828
0 0.5348931020572811 0.31931112365894976 0.014521984671238403 0.00846979107848673
0 0.6700282371924163 0.32171089779785433 0.2073416700282372 0.03472614342179559
0 0.7749092375958048 0.32933370976849236 0.008067769261799113 0.006493506493506494
0 0.8108108108108109 0.32086391869000563 0.050826946349334406 0.031338226990400904
0 0.19302137958854376 0.3654714850367024 0.07059298104074223 0.0251270468661773
0 0.29164985881403793 0.3709768492377188 0.07018959257765228 0.011857707509881422
0 0.3795885437676482 0.371682665160926 0.08229124647035095 0.03359683794466403
0 0.4764017749092376 0.3651891586674195 0.08390480032271078 0.022303783173348392
0 0.5609116579265833 0.36575381140598534 0.040742234772085516 0.021174477696216828
0 0.6581282775312626 0.3643421795595709 0.12061315046389673 0.02456239412761152
0 0.7414279951593384 0.3695652173913043 0.015328761597418314 0.009599096555618294
0 0.8336022589753933 0.37140033879164314 0.13432835820895522 0.03867871259175607
0 0.9039935457845906 0.37634105025409376 0.005647438483259379 0.00846979107848673
0 0.18414683340056473 0.424901185770751 0.04477611940298507 0.038396386222473176
0 0.2515127067365873 0.4227837380011293 0.06010488100040339 0.01101072840203275
0 0.3701089148850343 0.4147374364765669 0.12787414279951592 0.023715415019762844
0 0.5086728519564341 0.4212309429700734 0.1218233158531666 0.03500846979107849
0 0.5701895925776522 0.4292772444946358 0.007664380798709157 0.00818746470920384
0 0.6629689390883421 0.41431394692264256 0.1383622428398548 0.022868435911914172
0 0.7958854376764825 0.41431394692264256 0.09600645421540945 0.022868435911914172
0 0.8805970149253731 0.4148785996612084 0.07583703106091166 0.021739130434782608
0 0.2353771682129891 0.4696499153020892 0.14965711980637353 0.032467532467532464
0 0.30597014925373134 0.47444946357989837 0.004437273093989512 0.0036702428006775835
