0 0.17527228721258573 0.22120271033314512 0.03670835014118596 0.017786561264822136
0 0.2309398951189996 0.22727272727272727 0.045582896329164985 0.026538678712591756
0 0.291044776119403 0.22261434217955958 0.045582896329164985 0.017221908526256352
0 0.3717224687373941 0.2274138904573687 0.06575231948366277 0.029644268774703556
0 0.4431222267043163 0.2279785431959345 0.03751512706736587 0.025691699604743084
0 0.4858814037918516 0.22713156408808582 0.01653892698668818 0.029079616036137776
0 0.5213795885437676 0.22261434217955958 0.02944735780556676 0.018351214003387916
0 0.5800726099233562 0.22939017504234896 0.0653489310205728 0.029079616036137776
0 0.6373537716821299 0.22684923771880294 0.022589753933037516 0.007622811970638058
0 0.6974586526825333 0.22882552230378317 0.06212182331585317 0.026821005081874648
0 0.7579669221460267 0.2279785431959345 0.03469140782573618 0.023997741389045736
0 0.8043565954013715 0.22346132128740825 0.03065752319483663 0.014398644833427442
0 0.8561920129084308 0.22557876905702992 0.045582896329164985 0.015245623941276116
0 0.1974586526825333 0.27428006775832864 0.08027430415490117 0.016092603049124788
0 0.2672448567970956 0.2751270468661773 0.018959257765227916 0.016657255787690572
0 0.31807180314643 0.2789384528514963 0.03751512706736587 0.00846979107848673
0 0.3981444130697862 0.2803500846979108 0.08713190802743041 0.028232636928289104
0 0.491125453812021 0.2813382269904009 0.06010488100040339 0.02456239412761152
0 0.5500201694231545 0.27851496329757197 0.019766034691407825 0.022303783173348392
0 0.5875352964905204 0.27555053642010163 0.02944735780556676 0.014680971202710334
0 0.6230334812424365 0.27555053642010163 0.019766034691407825 0.014680971202710334
0 0.6649858814037919 0.27428006775832864 0.043969342476805166 0.016092603049124788
0 0.7460669624848729 0.27540937323546016 0.09398951189995966 0.015527950310559006
0 0.7985074626865671 0.28274985883681536 0.0028237192416296895 0.005928853754940711
0 0.827349737797499 0.27555053642010163 0.03791851553045583 0.015810276679841896
0 0.864461476401775 0.275974025974026 0.02581686163775716 0.01383399209486166
0 0.17809600645421542 0.3266516092603049 0.03509479628882614 0.010163749294184076
0 0.22710770471964503 0.32806324110671936 0.022589753933037516 0.009599096555618294
0 0.28600242033077855 0.3297571993224167 0.06938281565147236 0.025974025974025976
0 0.34590560709963697 0.3286278938452851 0.014925373134328358 0.007340485601355167
0 0.3799919322307382 0.32481648785996614 0.03146430012101654 0.015527950310559006
0 0.4298104074223477 0.32481648785996614 0.03993545784590561 0.016092603049124788
0 0.49757966922146024 0.3255223037831734 0.05929810407422348 0.015245623941276116
0 0.5623235175473982 0.32608695652173914 0.03630496167809601 0.012422360248447204
0 0.6337232755143203 0.33145115753811405 0.08067769261799113 0.024280067758328628
0 0.7049213392496975 0.32608695652173914 0.043969342476805166 0.014116318464144552
0 0.7759177087535296 0.33229813664596275 0.05929810407422348 0.024280067758328628
0 0.8485276321097217 0.32523997741389044 0.043969342476805166 0.01637492941840768
0 0.18777732956837434 0.3752117447769622 0.06494554255748286 0.014116318464144552
0 0.26200080677692617 0.37648221343873517 0.0391286809197257 0.012704686617730096
0 0.3344090359015732 0.3753529079616036 0.06938281565147236 0.014398644833427442
0 0.41206131504638965 0.37577639751552794 0.05929810407422348 0.014116318464144552
0 0.4790237999193223 0.3800112930547713 0.043162565550625254 0.007340485601355167
0 0.5310609116579266 0.3804347826086957 0.024606696248487294 0.007622811970638058
0 0.5941912061315047 0.3804347826086957 0.05647438483259379 0.023997741389045736
0 0.7089552238805971 0.3802936194240542 0.1335215812827753 0.024280067758328628
0 0.826946349334409 0.3759175607001694 0.07180314643001211 0.015527950310559006
0 0.8711173860427591 0.38311688311688313 0.0028237192416296895 0.0016939582156973462
0 0.15046389673255345 0.422360248447205 0.008067769261799113 0.004517221908526256
0 0.19140782573618395 0.43195934500282324 0.05526421944332392 0.025409373235460192
0 0.22791448164582492 0.4383116883116883 0.0024203307785397336 0.005364201016374929
0 0.23880597014925373 0.4243365330321852 0.007260992335619202 0.003952569169960474
0 0.28620411456232353 0.4267363071710898 0.038321903993545785 0.01383399209486166
0 0.34852763210972165 0.42603049124788256 0.04759983864461476 0.014116318464144552
0 0.44473578055667606 0.43153585544889894 0.10044372730939895 0.025691699604743084
0 0.5381202097620008 0.4278656126482213 0.04921339249697459 0.014963297571993224
0 0.5691811214199274 0.43605307735742516 0.003227107704719645 0.005364201016374929
0 0.581484469544171 0.42320722755505363 0.007664380798709157 0.00564652738565782
0 0.6206131504638968 0.436617730095991 0.03428801936264623 0.016657255787690572
0 0.6692214602662364 0.427442123094297 0.048406615570794675 0.014116318464144552
0 0.7351754739814441 0.42631281761716544 0.051230334812424366 0.015245623941276116
0 0.8255344897135942 0.43605307735742516 0.09640984267849939 0.027385657820440428
0 0.1744655102864058 0.48249576510446074 0.031060911657926585 0.017504234895539244
0 0.23477208551835418 0.4748729531338227 0.0572811617587737 0.01693958215697346
0 0.3096006454215409 0.47656691134952006 0.05526421944332392 0.015810276679841896
0 0.4045986284792255 0.47586109542631283 0.10326744655102864 0.01948051948051948
0 0.5209762000806777 0.4858836815358554 0.08430818878580072 0.019762845849802372
0 0.5943929003630496 0.4782608695652174 0.04235578862444534 0.01355166572557877
0 0.6599435256151674 0.4776962168266516 0.05889471561113352 0.014116318464144552
0 0.7335619201290843 0.48094297007340486 0.0391286809197257 0.00818746470920384
0 0.7797498991528842 0.4815076228119706 0.016135538523598225 0.00818746470920384
0 0.836425978217023 0.481931112365895 0.07220653489310205 0.007905138339920948
0 0.1871722468737394 0.5271033314511575 0.05889471561113352 0.012987012987012988
0 0.24868898749495763 0.5304912478825522 0.014925373134328358 0.006211180124223602
0 0.30597014925373134 0.5320440429136082 0.04477611940298507 0.023433088650479956
0 0.3592174263816055 0.5321852060982496 0.025413473174667203 0.00564652738565782
0 0.4118596208148447 0.5282326369282891 0.042759177087535294 0.014680971202710334
0 0.47196450181524807 0.5304912478825522 0.03469140782573618 0.007905138339920948
0 0.5197660346914078 0.5351496329757199 0.0318676885841065 0.002540937323546019
0 0.5516337232755143 0.5271033314511575 0.013311819281968536 0.018068887634105024
0 0.5683743444937475 0.519621682665161 0.009681323114158934 0.004234895539243365
