0 0.18031464300121017 0.20426312817617165 0.07341670028237192 0.03585544889892716
0 0.27067365873336025 0.2245906267645398 0.09681323114158935 0.03698475437605872
0 0.4489713594191206 0.20722755505364202 0.2146026623638564 0.034443817052512704
0 0.5947962888261396 0.20680406549971767 0.04477611940298507 0.036420101637492944
0 0.7222670431625655 0.2077922077922078 0.17708753529649052 0.03274985883681536
0 0.8059701492537313 0.22430830039525693 0.004033884630899556 0.002540937323546019
0 0.8331988705123033 0.19635798983625072 0.004437273093989512 0.005364201016374929
0 0.8572004840661557 0.2124505928853755 0.06212182331585317 0.026256352343308864
0 0.13614360629286001 0.2995482778091474 0.003630496167809601 0.009034443817052512
0 0.18334005647438484 0.3098531902879729 0.07462686567164178 0.025691699604743084
0 0.3261395724082291 0.3073122529644269 0.1674062121823316 0.03077357425183512
0 0.4209358612343687 0.32891022021456806 0.014118596208148447 0.015810276679841896
0 0.5250100847115773 0.31733483907396953 0.1674062121823316 0.04630152456239413
0 0.6198063735377168 0.3274985883681536 0.01573215006050827 0.017504234895539244
0 0.6778943122226704 0.31747600225861095 0.07785397337636143 0.03698475437605872
0 0.7567567567567568 0.31281761716544326 0.04517950786607503 0.012422360248447204
0 0.8394513916901977 0.31084133258046304 0.10488100040338846 0.030491247882552232
0 0.16518757563533684 0.40669113495200454 0.0891488503428802 0.028514963297571992
0 0.28580072609923357 0.41417278373800115 0.1254538120209762 0.023150762281197064
0 0.34610730133118195 0.4227837380011293 0.004033884630899556 0.001976284584980237
0 0.4465510286405809 0.4085262563523433 0.11133521581282775 0.025409373235460192
0 0.5611133521581283 0.415725578769057 0.07987091569181122 0.016092603049124788
0 0.6740621218233158 0.42292490118577075 0.10246066962484873 0.03557312252964427
0 0.8221056877773296 0.41516092603049126 0.15328761597418314 0.027950310559006212
0 0.9126663977410246 0.43167701863354035 0.012505042355788625 0.015245623941276116
0 0.16942315449778136 0.4688029361942405 0.053247277127874144 0.017221908526256352
0 0.28378378378378377 0.461038961038961 0.14400968132311415 0.02766798418972332
0 0.4225494150867285 0.4623094297007341 0.08753529649052037 0.03020892151326934
0 0.5139169019766034 0.4688029361942405 0.06615570794675273 0.011575381140598532
0 0.6278741427995159 0.4709203839638622 0.1327148043565954 0.042348955392433656
0 0.7626058894715612 0.46597967250141165 0.10770471964501815 0.020045172219085264
0 0.8416700282371924 0.4658385093167702 0.031060911657926585 0.0220214568040655
0 0.2509076240419524 0.55957086391869 0.17587736990722067 0.03387916431394692
0 0.4015732150060508 0.560841332580463 0.08108108108108109 0.029079616036137776
0 0.5217829770068576 0.571005081874647 0.10205728116175877 0.0409373235460192
0 0.6159741831383623 0.5636645962732919 0.055667607906413875 0.025691699604743084
0 0.7045179507866075 0.5630999435347261 0.09076240419524001 0.0251270468661773
0 0.826946349334409 0.5628176171654432 0.11536910044372731 0.026821005081874648
0 0.20371117386042759 0.6106719367588933 0.05405405405405406 0.044607566346696784
0 0.35760387252924564 0.6215415019762845 0.19160951996772893 0.03077357425183512
0 0.4693424768051634 0.626764539808018 0.0060508269463493344 0.00282326369282891
0 0.5078660750302542 0.6037549407114624 0.004840661557079467 0.007622811970638058
0 0.5322710770471965 0.612789384528515 0.04800322710770472 0.029079616036137776
0 0.6099233561920129 0.6116600790513834 0.09923356192012908 0.026821005081874648
0 0.6950383219039935 0.611518915866742 0.05163372327551432 0.029361942405420668
0 0.8231141589350545 0.6208356860530774 0.16659943525615167 0.048560135516657256
