0 0.12989108511496572 0.19904009034443818 0.005647438483259379 0.010163749294184076
0 0.1472367890278338 0.21329757199322416 0.02581686163775716 0.026821005081874648
0 0.2200484066155708 0.21174477696216826 0.09076240419524001 0.029361942405420668
0 0.3299717628075837 0.2121682665160926 0.11940298507462686 0.0251270468661773
0 0.43807987091569184 0.22628458498023715 0.08471157724889068 0.03303218520609825
0 0.5127067365873336 0.20708639186900057 0.053247277127874144 0.03020892151326934
0 0.6377571601452199 0.2199322416713721 0.18233158531665994 0.03500846979107849
0 0.7849939491730537 0.22346132128740825 0.10246066962484873 0.029079616036137776
0 0.17648245260185558 0.4593450028232637 0.09156918112141993 0.0378317334839074
0 0.4189189189189189 0.4699322416713721 0.3610326744655103 0.04940711462450593
0 0.6740621218233158 0.46414455110107283 0.1306978620411456 0.04743083003952569
0 0.8047599838644615 0.46259175607001696 0.08874546187979024 0.03190287972896669
0 0.17022993142396128 0.5650762281197064 0.08874546187979024 0.031338226990400904
0 0.30334812424364666 0.5780632411067194 0.15248083904800322 0.041501976284584984
0 0.5334812424364663 0.5743929983060417 0.31665994352561516 0.04432523997741389
0 0.7440500201694231 0.5753811405985318 0.10125050423557887 0.032185206098249576
0 0.790843081887858 0.5806041784302653 0.018959257765227916 0.014963297571993224
0 0.8624445340863252 0.567476002258611 0.08955223880597014 0.023150762281197064
0 0.2392093586123437 0.620694522868436 0.2379991932230738 0.027950310559006212
0 0.47781363453005243 0.6132128740824393 0.2117789431222267 0.029926595143986448
0 0.6387656313029447 0.6175889328063241 0.05929810407422348 0.013269339356295878
0 0.7214602662363856 0.6147656691134952 0.05526421944332392 0.02456239412761152
0 0.7587736990722065 0.63085827216262 0.003227107704719645 0.002540937323546019
0 0.8235175473981444 0.6133540372670807 0.0826946349334409 0.027385657820440428
0 0.8832190399354578 0.6291643139469226 0.01573215006050827 0.017221908526256352
0 0.18959257765227913 0.6658667419536984 0.11294876966518758 0.03190287972896669
0 0.2791448164582493 0.6765951439864484 0.023396530859217425 0.01383399209486166
0 0.3898749495764421 0.6767363071710898 0.19564340459862847 0.050818746470920384
0 0.5461879790237999 0.6634669678147939 0.0790641387656313 0.03162055335968379
0 0.6734570391286809 0.6613495200451722 0.12787414279951592 0.03303218520609825
0 0.782371924162969 0.6746188594014682 0.035901573215006054 0.012704686617730096
0 0.8697055264219443 0.6675607001693958 0.1073013311819282 0.022868435911914172
0 0.9304154901169827 0.6833709768492378 0.014925373134328358 0.011575381140598532
0 0.16155707946752723 0.7154150197628458 0.052843888664784185 0.03613777526821005
0 0.2571601452198467 0.718944099378882 0.08027430415490117 0.029079616036137776
0 0.3672851956434046 0.7269904009034444 0.08027430415490117 0.043478260869565216
0 0.46248487293263413 0.7179559570863918 0.06010488100040339 0.02766798418972332
0 0.6103267446551028 0.7164031620553359 0.1952400161355385 0.03811405985319029
0 0.7964905203711173 0.7123094297007341 0.1399757966922146 0.02766798418972332
