0 0.18616377571601453 0.41120835686053075 0.1044776119402985 0.029644268774703556
0 0.30798709156918114 0.40894974590626765 0.1254538120209762 0.03077357425183512
0 0.43061718434852764 0.41233766233766234 0.09640984267849939 0.0251270468661773
0 0.47781363453005243 0.4234895539243365 0.0052440500201694235 0.0016939582156973462
0 0.5044372730939896 0.39822134387351776 0.003630496167809601 0.008752117447769622
0 0.5786607503025414 0.415725578769057 0.14481645824929407 0.045454545454545456
0 0.7067365873336022 0.4049971767363072 0.07341670028237192 0.036420101637492944
0 0.8031464300121016 0.41727837380011296 0.11133521581282775 0.04291360813099943
0 0.18354175070592982 0.4601919819311124 0.0935861234368697 0.029361942405420668
0 0.3106091165792658 0.46485036702428006 0.11859620814844696 0.04432523997741389
0 0.42517144009681324 0.46852060982495763 0.06696248487293263 0.015527950310559006
0 0.4878983461073013 0.4686617730095991 0.0391286809197257 0.011857707509881422
0 0.6115369100443727 0.4579333709768492 0.15167406212182333 0.033314511575381144
0 0.7474788221056877 0.4599096555618295 0.08229124647035095 0.029361942405420668
0 0.8604275917708754 0.4624505928853755 0.14118596208148446 0.02766798418972332
0 0.22751109318273496 0.5146809712027103 0.17265026220250101 0.025409373235460192
0 0.3844292053247277 0.5206098249576511 0.13150463896732553 0.014680971202710334
0 0.5500201694231545 0.5183512140033879 0.15127067365873337 0.049689440993788817
0 0.6879790237999194 0.5084697910784868 0.09479628882613957 0.03162055335968379
0 0.7575635336829367 0.5247035573122529 0.00645421540943929 0.001976284584980237
0 0.7985074626865671 0.5040937323546019 0.040742234772085516 0.03077357425183512
0 0.8793868495361032 0.506352343308865 0.10488100040338846 0.03077357425183512
0 0.20471964501815249 0.5622529644268774 0.15853166599435256 0.03472614342179559
0 0.3805970149253731 0.5615471485036703 0.1262605889471561 0.033314511575381144
0 0.5264219443323921 0.567476002258611 0.13392496974586526 0.042348955392433656
0 0.6319080274304155 0.562111801242236 0.03428801936264623 0.034443817052512704
0 0.7267043162565551 0.5612648221343873 0.11415893505445744 0.026538678712591756
0 0.8340056474384833 0.5594297007340485 0.058491327148043566 0.028514963297571992
0 0.19483662767244858 0.6147656691134952 0.14683340056474384 0.04827780914737437
0 0.3898749495764421 0.6156126482213439 0.20774505849132716 0.0533596837944664
0 0.5127067365873336 0.626764539808018 0.004840661557079467 0.002258610954263128
0 0.5879386849536103 0.6057312252964426 0.08511496571198064 0.031338226990400904
0 0.6928196853569988 0.616600790513834 0.09398951189995966 0.01637492941840768
0 0.8382412263009278 0.6144833427442123 0.18152480839048002 0.0251270468661773
