0 0.14058087938684954 0.21470920383963862 0.002016942315449778 0.008752117447769622
0 0.16417910447761194 0.21894409937888198 0.022589753933037516 0.021174477696216828
0 0.18797902379991932 0.220214568040655 0.01371520774505849 0.018633540372670808
0 0.23336022589753933 0.22077922077922077 0.04800322710770472 0.01637492941840768
0 0.30496167809600644 0.21753246753246752 0.06938281565147236 0.021174477696216828
0 0.3527632109721662 0.2261434217955957 0.0028237192416296895 0.0016939582156973462
0 0.37152077450584914 0.21964991530208922 0.009681323114158934 0.018633540372670808
0 0.4312222670431626 0.2220496894409938 0.08309802339653086 0.014398644833427442
0 0.527228721258572 0.2264257481648786 0.07503025413473174 0.030491247882552232
0 0.6099233561920129 0.22275550536420102 0.055667607906413875 0.018068887634105024
0 0.6474384832593788 0.22939017504234896 0.0024203307785397336 0.001411631846414455
0 0.653892698668818 0.2183794466403162 0.0024203307785397336 0.004799548277809147
0 0.6895925776522791 0.22261434217955958 0.0326744655102864 0.018351214003387916
0 0.7650262202501008 0.21979107848673066 0.08188785800726099 0.022868435911914172
0 0.2144009681323114 0.2751270468661773 0.14804356595401372 0.03359683794466403
0 0.3150463896732553 0.2694805194805195 0.023396530859217425 0.016657255787690572
0 0.3697055264219443 0.2686335403726708 0.05203711173860428 0.020609824957651044
0 0.43848325937878174 0.27060982495765107 0.04517950786607503 0.018351214003387916
0 0.5235982250907624 0.27710333145115756 0.08793868495361033 0.03303218520609825
0 0.6058894715611134 0.27089215132693395 0.03953206938281565 0.0189158667419537
0 0.6345300524405002 0.2800677583286279 0.0024203307785397336 0.0016939582156973462
0 0.1526825332795482 0.31945228684359117 0.02379991932230738 0.021739130434782608
0 0.1990722065348931 0.32396950875211744 0.04154901169826543 0.01383399209486166
0 0.24304154901169828 0.32580463015245625 0.013311819281968536 0.01129305477131564
0 0.2866075030254135 0.32382834556747603 0.04719645018152481 0.010728402032749858
0 0.37797498991528844 0.32594579333709767 0.10084711577248891 0.029644268774703556
0 0.4409035901573215 0.3334274421230943 0.0016135538523598225 0.007340485601355167
0 0.4782170229931424 0.32185206098249575 0.04719645018152481 0.019198193111236588
0 0.5302541347317467 0.326369282891022 0.021379588543767647 0.010728402032749858
0 0.5756353368293666 0.3234048560135517 0.03711173860427592 0.0189158667419537
0 0.6415893505445744 0.32029926595143987 0.06252521177894312 0.022303783173348392
0 0.7263009277934651 0.32707509881422925 0.07220653489310205 0.03698475437605872
0 0.8093989511899959 0.3298983625070582 0.06333198870512304 0.03811405985319029
0 0.15469947559499797 0.3699887069452287 0.0318676885841065 0.017786561264822136
0 0.22851956434045986 0.37450592885375494 0.07301331181928197 0.035290796160361376
0 0.3160548608309802 0.37732919254658387 0.06333198870512304 0.028514963297571992
0 0.4255748285599032 0.37125917560700167 0.11536910044372731 0.019762845849802372
0 0.5665590964098427 0.3771880293619424 0.12787414279951592 0.03896103896103896
0 0.6639774102460669 0.37295313382269907 0.02581686163775716 0.020327498588368152
0 0.7198467123840259 0.3699887069452287 0.05687777329568374 0.021739130434782608
0 0.7613957240822913 0.38198757763975155 0.0028237192416296895 0.00282326369282891
0 0.1482452601855587 0.42207792207792205 0.02379991932230738 0.020327498588368152
0 0.22892295280354982 0.42165443252399776 0.10044372730939895 0.01948051948051948
0 0.32956837434449376 0.4234895539243365 0.05808793868495361 0.019762845849802372
0 0.3874546187979024 0.42179559570863917 0.019766034691407825 0.018633540372670808
0 0.4745865268253328 0.4202428006775833 0.118192819685357 0.023433088650479956
0 0.5490116982654296 0.4298418972332016 0.003227107704719645 0.003105590062111801
0 0.6198063735377168 0.42758328627893843 0.10286405808793868 0.035290796160361376
0 0.6980637353771683 0.4225014116318464 0.035901573215006054 0.017786561264822136
0 0.7880193626462283 0.42108977978543194 0.10931827349737798 0.021739130434782608
0 0.1464300121016539 0.4776962168266516 0.017749092375958047 0.028797289666854884
0 0.2400161355385236 0.47571993224167136 0.127470754336426 0.015245623941276116
0 0.35861234368697054 0.4720496894409938 0.07745058491327148 0.021456804065499716
0 0.4292053247277128 0.4754376058723885 0.029850746268656716 0.01355166572557877
0 0.46551028640580877 0.47882552230378317 0.016942315449778138 0.00846979107848673
0 0.5116982654296087 0.480660643704122 0.03993545784590561 0.027385657820440428
0 0.5832997176280759 0.4741671372106155 0.06857603872529246 0.020609824957651044
0 0.6595401371520775 0.4784020327498588 0.048406615570794675 0.034161490683229816
0 0.6972569584509883 0.4817899491812535 0.0028237192416296895 0.001411631846414455
