0 0.19140782573618395 0.262987012987013 0.04154901169826543 0.021739130434782608
0 0.25675675675675674 0.2651044607566347 0.04881000403388463 0.012422360248447204
0 0.34872932634126663 0.2689158667419537 0.09640984267849939 0.03020892151326934
0 0.44150867285195644 0.2632693393562959 0.03751512706736587 0.016657255787690572
0 0.536103267446551 0.2621400338791643 0.09035901573215006 0.0189158667419537
0 0.6430012101653892 0.2652456239412761 0.05970149253731343 0.015527950310559006
0 0.772085518354175 0.265527950310559 0.15248083904800322 0.018351214003387916
0 0.21117386042759176 0.31394692264257484 0.07301331181928197 0.017504234895539244
0 0.35417507059298103 0.3145115753811406 0.13392496974586526 0.01637492941840768
0 0.4707543364259782 0.314652738565782 0.05808793868495361 0.016657255787690572
0 0.5780556676079064 0.31959345002823264 0.09681323114158935 0.030491247882552232
0 0.6696248487293264 0.3181818181818182 0.03146430012101654 0.011857707509881422
0 0.7369907220653489 0.3186053077357425 0.04356595401371521 0.017786561264822136
0 0.8229124647035094 0.326369282891022 0.08793868495361033 0.023715415019762844
0 0.21661960467930616 0.36462450592885376 0.08148446954417103 0.018351214003387916
0 0.3192819685356999 0.3706945228684359 0.0391286809197257 0.03274985883681536
0 0.43303751512706734 0.36674195369847545 0.11738604275917709 0.01693958215697346
0 0.5621218233158531 0.365330321852061 0.07704719645018153 0.015810276679841896
0 0.6857603872529245 0.36617730095990964 0.07987091569181122 0.017504234895539244
0 0.7789431222267044 0.37027103331451156 0.10326744655102864 0.02456239412761152
0 0.8283582089552238 0.37732919254658387 0.00927793465106898 0.00818746470920384
0 0.19564340459862847 0.41022021456804064 0.026623638563937072 0.020327498588368152
0 0.2987091569181121 0.4155844155844156 0.12464703509479629 0.017504234895539244
0 0.3580072609923356 0.42518351214003386 0.011698265429608713 0.00846979107848673
0 0.44574425171440096 0.4178430265386787 0.07018959257765228 0.010728402032749858
0 0.6101250504235579 0.42828910220214567 0.1609519967728923 0.031055900621118012
0 0.7404195240016136 0.41643139469226426 0.027833803953206938 0.01637492941840768
0 0.8110125050423558 0.4181253529079616 0.08511496571198064 0.02710333145115754
0 0.20774505849132716 0.46499153020892153 0.050826946349334406 0.015245623941276116
0 0.31686163775716014 0.46513269339356295 0.052843888664784185 0.018351214003387916
0 0.45320693828156516 0.4673913043478261 0.09318273497377975 0.012140033879164314
0 0.5074626865671642 0.47360248447204967 0.0024203307785397336 0.001411631846414455
0 0.6512706736587334 0.4743083003952569 0.20371117386042759 0.03670242800677583
0 0.7527228721258572 0.480660643704122 0.009681323114158934 0.009881422924901186
0 0.8087938684953611 0.46710897797854317 0.033884630899556276 0.0189158667419537
0 0.22025010084711577 0.5183512140033879 0.06212182331585317 0.012422360248447204
0 0.36950383219039934 0.519621682665161 0.13392496974586526 0.03020892151326934
0 0.4320290439693425 0.5258328627893846 0.009681323114158934 0.007622811970638058
0 0.5006050826946349 0.5149632975719932 0.04437273093989512 0.0220214568040655
0 0.6379588543767648 0.5249858836815359 0.14885034288019364 0.03472614342179559
0 0.8108108108108109 0.5166572557876906 0.12989108511496572 0.018633540372670808
0 0.21238402581686164 0.5650762281197064 0.07301331181928197 0.018351214003387916
0 0.32008874546187976 0.5647939017504235 0.043969342476805166 0.017221908526256352
0 0.4320290439693425 0.5678994918125353 0.0935861234368697 0.01101072840203275
0 0.5748285599031868 0.5662055335968379 0.08148446954417103 0.016092603049124788
0 0.6889874949576442 0.5695934500282326 0.06696248487293263 0.012140033879164314
0 0.8126260588947156 0.5734048560135516 0.12787414279951592 0.03162055335968379
0 0.2882210568777733 0.6211180124223602 0.1964501815248084 0.028797289666854884
0 0.4653085921742638 0.6154714850367025 0.08672851956434045 0.01637492941840768
0 0.6220250100847116 0.6194240542066629 0.1427995159338443 0.029361942405420668
0 0.8027430415490117 0.6218238283455675 0.16216216216216217 0.02456239412761152
0 0.20129084308188785 0.6653020892151327 0.03953206938281565 0.01383399209486166
0 0.26845502218636547 0.6689723320158103 0.021379588543767647 0.012704686617730096
0 0.43243243243243246 0.6692546583850931 0.2073416700282372 0.025691699604743084
0 0.6018555869302138 0.6658667419536984 0.05405405405405406 0.0189158667419537
0 0.7527228721258572 0.6667137210615471 0.17749092375958048 0.0189158667419537
0 0.20229931423961275 0.7182382834556748 0.03509479628882614 0.014116318464144552
0 0.31585316659943524 0.7188029361942405 0.11214199273900767 0.025974025974025976
0 0.4651068979427188 0.7178147939017504 0.08471157724889068 0.013269339356295878
0 0.6413876563130294 0.724025974025974 0.19443323920935862 0.036420101637492944
0 0.7490923759580476 0.7254376058723885 0.0024203307785397336 0.001976284584980237
0 0.8108108108108109 0.7159796725014116 0.05163372327551432 0.020892151326933936
