0 0.20492133924969747 0.314652738565782 0.11698265429608713 0.028514963297571992
0 0.32876159741831384 0.3105590062111801 0.07260992335619201 0.025974025974025976
0 0.3983461073013312 0.3114059853190288 0.03751512706736587 0.02258610954263128
0 0.4199273900766438 0.32086391869000563 0.00645421540943929 0.004799548277809147
0 0.4626865671641791 0.30124223602484473 0.008874546187979023 0.007340485601355167
0 0.5145219846712384 0.31225296442687744 0.08430818878580072 0.023715415019762844
0 0.5871319080274304 0.3145115753811406 0.022993142396127472 0.02258610954263128
0 0.6317063331988705 0.31084133258046304 0.041145623235175476 0.023150762281197064
0 0.7218636546994756 0.3104178430265387 0.07785397337636143 0.025691699604743084
0 0.8021379588543768 0.3129587803500847 0.06252521177894312 0.023433088650479956
0 0.2472771278741428 0.3651891586674195 0.20492133924969747 0.03359683794466403
0 0.3491327148043566 0.3709768492377188 0.0052440500201694235 0.004517221908526256
0 0.36829366680112946 0.3564370412196499 0.005647438483259379 0.00818746470920384
0 0.40943929003630497 0.35601355166572557 0.012101653892698669 0.007340485601355167
0 0.4762000806776926 0.36377752682100506 0.1262605889471561 0.035290796160361376
0 0.5663574021782977 0.3589779785431959 0.02743041549011698 0.023997741389045736
0 0.6022589753933038 0.3471202710333145 0.007260992335619202 0.00818746470920384
0 0.6329164985881404 0.3598249576510446 0.0653489310205728 0.02456239412761152
0 0.7511093182734974 0.3598249576510446 0.11940298507462686 0.0251270468661773
