0 0.17426381605486083 0.21329757199322416 0.04759983864461476 0.020045172219085264
0 0.2771278741427995 0.22402597402597402 0.10246066962484873 0.03698475437605872
0 0.34530052440500203 0.21597967250141162 0.01290843081887858 0.002258610954263128
0 0.37494957644211374 0.21047430830039526 0.006857603872529245 0.004799548277809147
0 0.40096813231141587 0.21089779785431959 0.007260992335619202 0.005081874647092038
0 0.4465510286405809 0.21414455110107283 0.05163372327551432 0.014398644833427442
0 0.5116982654296087 0.2171089779785432 0.04154901169826543 0.01129305477131564
0 0.5800726099233562 0.22388481084133258 0.05486083098023396 0.021456804065499716
0 0.6879790237999194 0.220214568040655 0.10125050423557887 0.025409373235460192
0 0.7599838644614764 0.21357989836250707 0.012101653892698669 0.016092603049124788
0 0.772488906817265 0.20934500282326368 0.007260992335619202 0.005364201016374929
0 0.16296893908834206 0.325098814229249 0.05486083098023396 0.023997741389045736
0 0.24102460669624848 0.32368718238283456 0.05445744251714401 0.020609824957651044
0 0.32855990318676886 0.3256634669678148 0.0681726502622025 0.023997741389045736
0 0.4552238805970149 0.3169113495200452 0.13432835820895522 0.017786561264822136
0 0.581887858007261 0.31733483907396953 0.07301331181928197 0.01355166572557877
0 0.6873739411052844 0.3154997176736307 0.08955223880597014 0.017221908526256352
0 0.7351754739814441 0.3197346132128741 0.018152480839048003 0.002540937323546019
0 0.780960064542154 0.3242518351214003 0.0500201694231545 0.022868435911914172
0 0.809600645421541 0.32481648785996614 0.008067769261799113 0.007058159232072276
0 0.17103670835014118 0.3651891586674195 0.05970149253731343 0.018351214003387916
0 0.2688584106494554 0.36716544325239975 0.09479628882613957 0.016657255787690572
0 0.3717224687373941 0.36773009599096557 0.06575231948366277 0.012140033879164314
0 0.4374747882210569 0.3650479954827781 0.025413473174667203 0.017504234895539244
0 0.47216619604679305 0.3715415019762846 0.024606696248487294 0.002258610954263128
0 0.5469947559499798 0.3673066064370412 0.07583703106091166 0.014116318464144552
0 0.5887454618797903 0.37450592885375494 0.0060508269463493344 0.010446075663466968
0 0.6403791851553046 0.3746470920383964 0.06978620411456232 0.024844720496894408
0 0.7333602258975394 0.3684359119141728 0.07099636950383219 0.011857707509881422
0 0.7743041549011698 0.3752117447769622 0.007664380798709157 0.009034443817052512
0 0.817466720451795 0.3644833427442123 0.043162565550625254 0.01637492941840768
0 0.17466720451795079 0.4184076792772445 0.06696248487293263 0.01637492941840768
0 0.25776522791448164 0.41981931112365894 0.04437273093989512 0.011857707509881422
0 0.32674465510286405 0.4209486166007905 0.05647438483259379 0.028797289666854884
0 0.39874949576442115 0.42080745341614906 0.06333198870512304 0.022868435911914172
0 0.445340863251311 0.41869000564652736 0.010488100040338847 0.0016939582156973462
0 0.4838644614764018 0.41883116883116883 0.02864058087938685 0.02456239412761152
0 0.5625252117789431 0.41798418972332013 0.08350141185962082 0.013269339356295878
0 0.6565147236789027 0.41869000564652736 0.033481242436466316 0.012987012987012988
0 0.6942315449778136 0.41699604743083 0.02581686163775716 0.015810276679841896
0 0.7646228317870108 0.41643139469226426 0.07382008874546188 0.01637492941840768
0 0.8392496974586526 0.4148785996612084 0.02702702702702703 0.016657255787690572
0 0.17386042759177087 0.46696781479390176 0.0653489310205728 0.018068887634105024
0 0.26119402985074625 0.4699322416713721 0.06252521177894312 0.01383399209486166
0 0.3483259378781767 0.4686617730095991 0.052843888664784185 0.015245623941276116
0 0.40943929003630497 0.47148503670242803 0.029850746268656716 0.023150762281197064
0 0.47539330375151273 0.47219085262563526 0.07624041952400161 0.025691699604743084
0 0.5121016538926987 0.4762845849802372 0.0060508269463493344 0.009034443817052512
0 0.5685760387252925 0.47656691134952006 0.057684550221863654 0.021456804065499716
0 0.6587333602258976 0.46823828345567475 0.0790641387656313 0.017221908526256352
0 0.7041145623235175 0.47571993224167136 0.00927793465106898 0.01129305477131564
0 0.7325534489713594 0.4665443252399774 0.01855586930213796 0.016657255787690572
0 0.754134731746672 0.4665443252399774 0.01573215006050827 0.017221908526256352
0 0.8098023396530859 0.4741671372106155 0.05687777329568374 0.022868435911914172
0 0.19342476805163372 0.5204686617730095 0.11335215812827754 0.02456239412761152
0 0.3009277934651069 0.5172219085262564 0.05889471561113352 0.01637492941840768
0 0.4530052440500202 0.5254093732354602 0.18959257765227913 0.034443817052512704
0 0.6159741831383623 0.5237154150197628 0.10649455425574829 0.0220214568040655
0 0.6791044776119403 0.527244494635799 0.006857603872529245 0.011575381140598532
0 0.7333602258975394 0.528514963297572 0.07422347720855184 0.026538678712591756
0 0.8188785800726099 0.5173630717108978 0.050826946349334406 0.016657255787690572
0 0.8517547398144413 0.5245623941276115 0.002016942315449778 0.0016939582156973462
