0 0.21702299314239612 0.24830604178430266 0.16700282371924163 0.04940711462450593
0 0.3037515127067366 0.25381140598531904 0.008874546187979023 0.015245623941276116
0 0.3771682129891085 0.2404009034443817 0.12585720048406615 0.026256352343308864
0 0.4407018959257765 0.25042348955392435 0.007664380798709157 0.010728402032749858
0 0.4764017749092376 0.24025974025974026 0.04517950786607503 0.018633540372670808
0 0.5695845098830173 0.24181253529079616 0.09600645421540945 0.03020892151326934
0 0.6494554255748286 0.23898927159796726 0.042759177087535294 0.026256352343308864
0 0.7482855990318676 0.23870694522868435 0.11778943122226704 0.022868435911914172
0 0.21843485276321098 0.29347826086956524 0.18031464300121017 0.023433088650479956
0 0.3711173860427592 0.2933370976849238 0.08229124647035095 0.020892151326933936
0 0.46006454215409437 0.29234895539243366 0.0463896732553449 0.022868435911914172
0 0.5217829770068576 0.29079616036137773 0.056070996369503835 0.020892151326933936
0 0.6446147640177491 0.29799548277809146 0.13150463896732553 0.035290796160361376
0 0.7571601452198468 0.29037267080745344 0.06131504638967326 0.01948051948051948
0 0.17708753529649052 0.34217955957086393 0.100040338846309 0.02258610954263128
0 0.2983057684550222 0.34232072275550535 0.09237595804759983 0.020609824957651044
0 0.4201290843081888 0.3416149068322981 0.11254538120209762 0.023715415019762844
0 0.5405405405405406 0.3427442123094297 0.08067769261799113 0.024280067758328628
0 0.6405808793868495 0.3404856013551666 0.050826946349334406 0.020892151326933936
0 0.7369907220653489 0.3468379446640316 0.10084711577248891 0.036420101637492944
0 0.8156514723678903 0.34260304912478823 0.033884630899556276 0.015527950310559006
0 0.14058087938684954 0.3922924901185771 0.0318676885841065 0.023433088650479956
0 0.2029043969342477 0.3914455110107284 0.04679306171843485 0.021739130434782608
0 0.2767244856797096 0.39031620553359686 0.05808793868495361 0.021739130434782608
0 0.39007664380798707 0.3922924901185771 0.1218233158531666 0.029079616036137776
0 0.5225897539330375 0.3914455110107284 0.08511496571198064 0.023433088650479956
0 0.5949979830576846 0.39370412196499155 0.04437273093989512 0.022868435911914172
0 0.7012908430818878 0.3924336533032185 0.11415893505445744 0.020892151326933936
0 0.7962888261395724 0.39186900056465274 0.03953206938281565 0.025974025974025976
0 0.14622831787010893 0.4470638057594579 0.04235578862444534 0.022868435911914172
0 0.24586526825332797 0.44565217391304346 0.12948769665187576 0.0251270468661773
0 0.43061718434852764 0.4440993788819876 0.18192819685356998 0.0220214568040655
0 0.5300524405002017 0.4538396386222473 0.015328761597418314 0.011575381140598532
0 0.5605082694634933 0.4450875211744777 0.043969342476805166 0.020045172219085264
0 0.6415893505445744 0.4462168266516093 0.057684550221863654 0.01383399209486166
0 0.7170229931423961 0.44212309429700736 0.0536506655909641 0.018068887634105024
0 0.8023396530859217 0.4514398644833427 0.09116579265832997 0.03274985883681536
0 0.17144009681323114 0.5434782608695652 0.08148446954417103 0.024844720496894408
0 0.30697862041145624 0.5417843026538679 0.13876563130294473 0.026538678712591756
0 0.38886647841871724 0.5542066629023151 0.008874546187979023 0.007905138339920948
0 0.4247680516337233 0.5426312817617166 0.0572811617587737 0.0220214568040655
0 0.5024203307785398 0.5464426877470355 0.06655909640984267 0.018351214003387916
0 0.5405405405405406 0.5496894409937888 0.007260992335619202 0.009599096555618294
0 0.5782573618394514 0.544042913608131 0.043969342476805166 0.023150762281197064
0 0.627470754336426 0.5472896668548842 0.020572811617587738 0.017221908526256352
0 0.6958450988301734 0.5533596837944664 0.07987091569181122 0.0378317334839074
0 0.7406212182331585 0.5536420101637493 0.004033884630899556 0.0016939582156973462
0 0.7696651875756353 0.545313382269904 0.04195240016135539 0.01948051948051948
0 0.8251311012505043 0.5446075663466968 0.0391286809197257 0.019198193111236588
0 0.15752319483662766 0.5964144551101073 0.05526421944332392 0.04206662902315076
0 0.25131101250504234 0.6041784302653868 0.06857603872529246 0.04799548277809147
0 0.3303751512706737 0.5955674760022586 0.04033884630899556 0.022303783173348392
0 0.3963291649858814 0.5971202710333146 0.0536506655909641 0.021456804065499716
0 0.46954417103670837 0.5974025974025974 0.055667607906413875 0.017504234895539244
0 0.5298507462686567 0.5962732919254659 0.02864058087938685 0.015810276679841896
0 0.6103267446551028 0.5959909655561829 0.07583703106091166 0.01693958215697346
0 0.6875756353368294 0.5974025974025974 0.03993545784590561 0.01693958215697346
0 0.7569584509883017 0.5979672501411631 0.07139975796692215 0.0220214568040655
0 0.1734570391286809 0.7464709203839639 0.07745058491327148 0.020892151326933936
0 0.2702702702702703 0.7456239412761152 0.05970149253731343 0.019762845849802372
0 0.34509883017345705 0.7545172219085262 0.06736587333602259 0.037549407114624504
0 0.3805970149253731 0.7533879164313947 0.008471157724889069 0.010446075663466968
0 0.4290036304961678 0.7523997741389046 0.08108108108108109 0.031055900621118012
0 0.5171440096813231 0.7463297571993224 0.05647438483259379 0.020609824957651044
0 0.5588947156111336 0.7574816487859967 0.010891488503428802 0.01129305477131564
0 0.6079064138765631 0.7466120835686053 0.07018959257765228 0.017221908526256352
0 0.6960467930617185 0.7488706945228685 0.08511496571198064 0.023433088650479956
0 0.7870108914885035 0.7459062676453981 0.06292860024203308 0.019762845849802372
0 0.871924162968939 0.7488706945228685 0.06575231948366277 0.020045172219085264
