0 0.2055264219443324 0.29234895539243366 0.11657926583299717 0.021739130434782608
0 0.29164985881403793 0.29178430265386784 0.016135538523598225 0.022303783173348392
0 0.3110125050423558 0.30688876341050253 0.005647438483259379 0.01129305477131564
0 0.3527632109721662 0.2951722190852626 0.035901573215006054 0.029079616036137776
0 0.44594594594594594 0.2912196499153021 0.10044372730939895 0.023997741389045736
0 0.5108914885034288 0.30095990965556185 0.006857603872529245 0.010728402032749858
0 0.554457442517144 0.29136081309994355 0.05445744251714401 0.0220214568040655
0 0.6323114158935055 0.29347826086956524 0.04961678096006454 0.020609824957651044
0 0.7321500605082695 0.2941840767927724 0.10246066962484873 0.020892151326933936
0 0.8334005647438483 0.29263128176171654 0.05970149253731343 0.023997741389045736
0 0.19866881807180314 0.33879164313946925 0.1189995966115369 0.02710333145115754
0 0.2936668011294877 0.34260304912478823 0.02016942315449778 0.01948051948051948
0 0.3691004437273094 0.3427442123094297 0.08229124647035095 0.024280067758328628
0 0.4562323517547398 0.3534726143421796 0.03469140782573618 0.048560135516657256
0 0.5231948366276724 0.34217955957086393 0.048406615570794675 0.025974025974025976
0 0.599435256151674 0.34429700734048563 0.05970149253731343 0.035290796160361376
0 0.6423961274707544 0.3526256352343309 0.006857603872529245 0.014680971202710334
0 0.7325534489713594 0.3451439864483343 0.13231141589350545 0.021174477696216828
0 0.8438886647841872 0.34232072275550535 0.0572811617587737 0.0251270468661773
0 0.2418313836224284 0.3958215697346132 0.21581282775312627 0.040654997176736304
0 0.3557886244453409 0.4041501976284585 0.010488100040338847 0.016657255787690572
0 0.4154901169826543 0.39751552795031053 0.05647438483259379 0.03557312252964427
0 0.5141185962081485 0.40372670807453415 0.1189995966115369 0.04121964991530209
0 0.6242436466317063 0.40429136081309996 0.03509479628882614 0.025974025974025976
0 0.6877773295683743 0.39723320158102765 0.06857603872529246 0.017504234895539244
0 0.7789431222267044 0.4007622811970638 0.06938281565147236 0.03698475437605872
0 0.18515530455828963 0.44226425748164877 0.08955223880597014 0.02456239412761152
0 0.28176684146833403 0.44452286843591193 0.03993545784590561 0.022303783173348392
0 0.3771682129891085 0.44776962168266515 0.0790641387656313 0.01637492941840768
0 0.4691407825736184 0.4470638057594579 0.03469140782573618 0.0251270468661773
0 0.553852359822509 0.44367588932806323 0.08067769261799113 0.023997741389045736
0 0.608713190802743 0.45200451722190854 0.0024203307785397336 0.0016939582156973462
0 0.6706333198870512 0.4440993788819876 0.045582896329164985 0.024280067758328628
0 0.7666397741024606 0.4512987012987013 0.09963695038321904 0.05110107284020327
0 0.1809197256958451 0.508893280632411 0.10125050423557887 0.04432523997741389
0 0.2888261395724082 0.4953416149068323 0.05970149253731343 0.02456239412761152
0 0.3642597821702299 0.4956239412761152 0.03791851553045583 0.020045172219085264
0 0.44876966518757566 0.4944946357989836 0.07785397337636143 0.022868435911914172
0 0.54538120209762 0.4968944099378882 0.04033884630899556 0.02766798418972332
0 0.5970149253731343 0.49943534726143424 0.017749092375958047 0.015245623941276116
0 0.6647841871722469 0.4957651044607566 0.04921339249697459 0.023715415019762844
0 0.7686567164179104 0.4966120835686053 0.10205728116175877 0.024844720496894408
0 0.17668414683340056 0.5455957086391869 0.08148446954417103 0.03359683794466403
0 0.26865671641791045 0.5451722190852626 0.03711173860427592 0.020892151326933936
0 0.4154901169826543 0.5479954827780915 0.20572811617587736 0.03500846979107849
0 0.6119402985074627 0.5502540937323546 0.136345300524405 0.03500846979107849
0 0.7283178701089149 0.5458780350084698 0.04961678096006454 0.0251270468661773
0 0.8104074223477209 0.5523715415019763 0.07664380798709157 0.032467532467532464
0 0.8598225090762405 0.5594297007340485 0.0028237192416296895 0.001976284584980237
0 0.16841468334005646 0.5937323546019199 0.07301331181928197 0.024280067758328628
0 0.26966518757563535 0.6113777526821005 0.07785397337636143 0.04601919819311124
0 0.31807180314643 0.6081309994353472 0.006857603872529245 0.010728402032749858
0 0.4136748688987495 0.5968379446640316 0.12141992739007665 0.0220214568040655
0 0.5129084308188786 0.598531902879729 0.018959257765227916 0.020327498588368152
0 0.5242033077853974 0.6105307735742518 0.006857603872529245 0.012704686617730096
0 0.5933844292053247 0.610248447204969 0.08471157724889068 0.03698475437605872
0 0.6799112545381202 0.5978260869565217 0.027833803953206938 0.020045172219085264
0 0.7761194029850746 0.6029079616036138 0.11294876966518758 0.045454545454545456
0 0.20814844695441712 0.6475155279503105 0.10891488503428802 0.02456239412761152
0 0.27732956837434447 0.658102766798419 0.00927793465106898 0.01129305477131564
0 0.34630899556272693 0.6468097120271034 0.057684550221863654 0.0220214568040655
0 0.45885437676482455 0.6487859966120836 0.09398951189995966 0.0220214568040655
0 0.5556676079064139 0.6487859966120836 0.02864058087938685 0.020327498588368152
0 0.6151674062121824 0.6470920383963862 0.04356595401371521 0.023150762281197064
0 0.7113755546591367 0.6480801806888763 0.09156918112141993 0.02456239412761152
0 0.18737394110528438 0.7089215132693394 0.09398951189995966 0.03896103896103896
0 0.3011294876966519 0.6956521739130435 0.06333198870512304 0.023715415019762844
0 0.3810004033884631 0.6963579898362507 0.043969342476805166 0.0251270468661773
0 0.5457845905607099 0.7048277809147374 0.21379588543767647 0.032467532467532464
0 0.6976603469140783 0.700592885375494 0.02864058087938685 0.027950310559006212
0 0.7868091972569584 0.7055335968379447 0.0899556272690601 0.034443817052512704
0 0.8438886647841872 0.7161208356860531 0.012101653892698669 0.010446075663466968
0 0.21883824122630094 0.753811405985319 0.1319080274304155 0.03670242800677583
0 0.3509479628882614 0.7471767363071711 0.07099636950383219 0.020609824957651044
0 0.4483662767244857 0.7481648785996612 0.06010488100040339 0.021456804065499716
0 0.5149253731343284 0.7481648785996612 0.031060911657926585 0.020892151326933936
0 0.5808793868495361 0.7526821005081875 0.050826946349334406 0.014116318464144552
0 0.6436062928600242 0.752540937323546 0.038321903993545785 0.015527950310559006
0 0.7192416296893909 0.7481648785996612 0.05163372327551432 0.025409373235460192
0 0.8229124647035094 0.7571993224167137 0.08632513110125051 0.037267080745341616
