0 0.17749092375958048 0.20680406549971767 0.07583703106091166 0.027385657820440428
0 0.2855990318676886 0.22600225861095427 0.07018959257765228 0.04319593450028233
0 0.3971359419120613 0.2149915302089215 0.08672851956434045 0.017221908526256352
0 0.5112948769665188 0.21668548842461885 0.08027430415490117 0.029644268774703556
0 0.6036708350141186 0.21781479390175043 0.051230334812424366 0.017221908526256352
0 0.7137958854376765 0.22063805759457933 0.11980637353771682 0.03698475437605872
0 0.8233158531665994 0.2224731789949181 0.03307785397337636 0.04291360813099943
0 0.15893505445744252 0.26228119706380576 0.03307785397337636 0.01693958215697346
0 0.2589753933037515 0.2745623941276115 0.09600645421540945 0.051665725578769056
0 0.3644614764017749 0.2662337662337662 0.06575231948366277 0.029926595143986448
0 0.4836627672448568 0.2662337662337662 0.1218233158531666 0.020327498588368152
0 0.6032674465510286 0.26679841897233203 0.04800322710770472 0.019762845849802372
0 0.6772892295280355 0.2652456239412761 0.04033884630899556 0.027385657820440428
0 0.7297297297297297 0.2714568040654997 0.02016942315449778 0.013269339356295878
0 0.8049616780960065 0.26750423489553926 0.08592174263816055 0.023433088650479956
0 0.17809600645421542 0.3094297007340486 0.05526421944332392 0.021456804065499716
0 0.28176684146833403 0.31197063805759456 0.05526421944332392 0.023150762281197064
0 0.39673255344897135 0.3147939017504235 0.12384025816861638 0.028232636928289104
0 0.4923356192012908 0.3132411067193676 0.021379588543767647 0.016657255787690572
0 0.536708350141186 0.31747600225861095 0.01653892698668818 0.016092603049124788
0 0.618192819685357 0.31648785996612083 0.06494554255748286 0.02258610954263128
0 0.7085518354175071 0.3177583286278938 0.056070996369503835 0.021739130434782608
0 0.8172650262202501 0.3211462450592885 0.10972166196046793 0.026256352343308864
0 0.15207745058491326 0.3620835686053077 0.016135538523598225 0.016092603049124788
0 0.26421944332392094 0.3620835686053077 0.13392496974586526 0.023433088650479956
0 0.3434852763210972 0.37111801242236025 0.002016942315449778 0.001411631846414455
0 0.4582492940701896 0.37365894974590624 0.17749092375958048 0.04488989271597967
0 0.5754336425978217 0.3694240542066629 0.014925373134328358 0.014398644833427442
0 0.6663977410246067 0.3791643139469226 0.12101653892698669 0.043478260869565216
0 0.8142396127470755 0.3695652173913043 0.14320290439693426 0.023715415019762844
0 0.1708350141185962 0.4184076792772445 0.051230334812424366 0.019762845849802372
0 0.2599838644614764 0.41953698475437606 0.05203711173860428 0.032185206098249576
0 0.3372327551432029 0.4158667419536985 0.0572811617587737 0.019762845849802372
0 0.4209358612343687 0.43068887634105024 0.04477611940298507 0.03698475437605872
0 0.5058491327148044 0.4181253529079616 0.05405405405405406 0.02258610954263128
0 0.5855183541750706 0.4199604743083004 0.04719645018152481 0.021739130434782608
0 0.655304558289633 0.41953698475437606 0.05929810407422348 0.020892151326933936
0 0.7392093586123437 0.42165443252399776 0.035901573215006054 0.020609824957651044
0 0.8217022993142397 0.4243365330321852 0.08955223880597014 0.03274985883681536
0 0.20371117386042759 0.46485036702428006 0.11859620814844696 0.023433088650479956
0 0.3083904800322711 0.46696781479390176 0.020572811617587738 0.017504234895539244
0 0.37152077450584914 0.4658385093167702 0.05889471561113352 0.024280067758328628
0 0.4570391286809197 0.468944099378882 0.0500201694231545 0.038396386222473176
0 0.49495764421137556 0.47600225861095424 0.003227107704719645 0.002258610954263128
0 0.5679709560306575 0.467673630717109 0.045986284792254944 0.023997741389045736
0 0.6020572811617588 0.4798136645962733 0.006857603872529245 0.013269339356295878
0 0.7004840661557079 0.46922642574816487 0.1189995966115369 0.024844720496894408
0 0.7650262202501008 0.4837662337662338 0.012505042355788625 0.01383399209486166
0 0.1897942718838241 0.572557876905703 0.0891488503428802 0.038396386222473176
0 0.3019362646228318 0.5702992659514399 0.052843888664784185 0.015810276679841896
0 0.39431222267043164 0.5774985883681536 0.07220653489310205 0.041501976284584984
0 0.5344897135941912 0.5731225296442688 0.11375554659136748 0.02710333145115754
0 0.655304558289633 0.5711462450592886 0.06413876563130294 0.025974025974025976
0 0.7361839451391691 0.5735460191981931 0.045986284792254944 0.022303783173348392
0 0.2109721661960468 0.6153303218520609 0.1218233158531666 0.02456239412761152
0 0.3392496974586527 0.620694522868436 0.05486083098023396 0.014963297571993224
0 0.4300121016538927 0.6197063805759458 0.05647438483259379 0.023715415019762844
0 0.5036304961678096 0.6201298701298701 0.02944735780556676 0.021174477696216828
0 0.5784590560709963 0.6209768492377188 0.07018959257765228 0.023997741389045736
0 0.6621621621621622 0.6230942970073405 0.02379991932230738 0.021456804065499716
0 0.7375958047599839 0.6264822134387352 0.07139975796692215 0.0220214568040655
0 0.8190802743041549 0.6256352343308865 0.04235578862444534 0.0220214568040655
0 0.17688584106494554 0.6662902315076228 0.07624041952400161 0.024280067758328628
0 0.3192819685356999 0.6701016374929418 0.13110125050423557 0.03077357425183512
0 0.3953206938281565 0.6778656126482213 0.0024203307785397336 0.0016939582156973462
