0 0.2172246873739411 0.21682665160926032 0.15933844292053248 0.020327498588368152
0 0.36506655909640984 0.2186617730095991 0.07745058491327148 0.023433088650479956
0 0.4473578055667608 0.220214568040655 0.041145623235175476 0.020327498588368152
0 0.5129084308188786 0.22727272727272727 0.026220250100847116 0.007905138339920948
0 0.609116579265833 0.2204968944099379 0.10488100040338846 0.020327498588368152
0 0.7394110528438886 0.21922642574816487 0.10972166196046793 0.02456239412761152
0 0.1508672851956434 0.3210050818746471 0.03065752319483663 0.023715415019762844
0 0.20250100847115773 0.32086391869000563 0.050826946349334406 0.017786561264822136
0 0.2932634126663977 0.3204404291360813 0.08309802339653086 0.020327498588368152
0 0.34288019362646227 0.3287690570299266 0.0024203307785397336 0.001976284584980237
0 0.38785800726099234 0.3222755505364201 0.05445744251714401 0.016092603049124788
0 0.48628479225494153 0.32481648785996614 0.10205728116175877 0.027385657820440428
0 0.5812827753126261 0.3296160361377753 0.04759983864461476 0.007622811970638058
0 0.6710367083501412 0.32241671372106157 0.09721661960467931 0.018068887634105024
0 0.7529245663574021 0.3321569734613213 0.03509479628882614 0.015527950310559006
0 0.8156514723678903 0.3362507058159232 0.05244050020169423 0.021456804065499716
0 0.17406212182331585 0.3746470920383964 0.06897942718838242 0.028232636928289104
0 0.27047196450181527 0.37125917560700167 0.07462686567164178 0.019762845849802372
0 0.3380395320693828 0.3760587238848108 0.020976200080677694 0.009034443817052512
0 0.45562726906010487 0.3730942970073405 0.1553045582896329 0.01948051948051948
0 0.6192012908430818 0.3739412761151892 0.10568777732956837 0.0189158667419537
0 0.7281161758773699 0.37450592885375494 0.07503025413473174 0.016657255787690572
0 0.8192819685356999 0.3756352343308865 0.07099636950383219 0.020045172219085264
0 0.16417910447761194 0.4212309429700734 0.05970149253731343 0.0220214568040655
0 0.24263816054860832 0.42419536984754375 0.06333198870512304 0.026821005081874648
0 0.33965308592174265 0.42419536984754375 0.0935861234368697 0.0189158667419537
0 0.445139169019766 0.42701863354037267 0.08108108108108109 0.027950310559006212
0 0.5552642194433239 0.42857142857142855 0.08592174263816055 0.00846979107848673
0 0.7101653892698668 0.4295595708639187 0.16821298910851148 0.03359683794466403
0 0.8509479628882614 0.43153585544889894 0.07704719645018153 0.012140033879164314
0 0.20693828156514724 0.4743083003952569 0.13392496974586526 0.019762845849802372
0 0.3469140782573618 0.474025974025974 0.100040338846309 0.019198193111236588
0 0.4647035094796289 0.480660643704122 0.08874546187979024 0.031338226990400904
0 0.581081081081081 0.4754376058723885 0.10609116579265833 0.020327498588368152
0 0.6512706736587334 0.4841897233201581 0.0028237192416296895 0.002258610954263128
0 0.6934247680516338 0.4772727272727273 0.055667607906413875 0.014398644833427442
0 0.7952803549818476 0.47586109542631283 0.11335215812827754 0.0189158667419537
0 0.16478418717224688 0.5223037831733484 0.0463896732553449 0.019762845849802372
0 0.19947559499798306 0.5345849802371542 0.008471157724889069 0.009881422924901186
0 0.2601855586930214 0.525691699604743 0.07745058491327148 0.01693958215697346
0 0.36345300524405 0.5251270468661773 0.09439290036304962 0.019198193111236588
0 0.4955627269060105 0.5333145115753811 0.12384025816861638 0.031055900621118012
0 0.6306978620411456 0.5266798418972332 0.10125050423557887 0.018351214003387916
0 0.7414279951593384 0.5302089215132694 0.08309802339653086 0.026538678712591756
0 0.7938684953610327 0.5382552230378317 0.007260992335619202 0.010446075663466968
0 0.846107301331182 0.5261151891586674 0.06736587333602259 0.017786561264822136
0 0.8816054860830981 0.5371259175607002 0.007664380798709157 0.007622811970638058
0 0.181726502622025 0.632128740824393 0.07785397337636143 0.033314511575381144
0 0.27954820492133925 0.6243647656691135 0.07180314643001211 0.0251270468661773
0 0.38039532069382814 0.626764539808018 0.06857603872529246 0.029361942405420668
0 0.4483662767244857 0.626764539808018 0.031060911657926585 0.01693958215697346
0 0.5423557886244453 0.6280350084697911 0.11173860427591771 0.017221908526256352
0 0.6145623235175474 0.6335403726708074 0.0028237192416296895 0.002258610954263128
