0 0.17648245260185558 0.220214568040655 0.07866075030254134 0.03670242800677583
0 0.27289229528035497 0.21414455110107283 0.051230334812424366 0.02456239412761152
0 0.372730939895119 0.21753246753246752 0.07180314643001211 0.0251270468661773
0 0.4935457845905607 0.21329757199322416 0.06736587333602259 0.022303783173348392
0 0.5937878176684147 0.2140033879164314 0.07260992335619201 0.023150762281197064
0 0.709156918112142 0.21428571428571427 0.08067769261799113 0.02258610954263128
0 0.8033481242436467 0.22120271033314512 0.03751512706736587 0.027950310559006212
0 0.2446551028640581 0.2651044607566347 0.21339249697458654 0.023715415019762844
0 0.4292053247277128 0.2725861095426313 0.08874546187979024 0.042631281761716544
0 0.5114965711980637 0.26439864483342745 0.021782977006857603 0.026256352343308864
0 0.5992335619201291 0.2639751552795031 0.0899556272690601 0.025409373235460192
0 0.7539330375151271 0.2789384528514963 0.1355385235982251 0.050818746470920384
0 0.18576038725292457 0.31719367588932806 0.08834207341670028 0.0251270468661773
0 0.2890278338039532 0.3204404291360813 0.04961678096006454 0.018068887634105024
0 0.3961274707543364 0.322557876905703 0.10810810810810811 0.03190287972896669
0 0.4564340459862848 0.32792207792207795 0.006857603872529245 0.011575381140598532
0 0.5145219846712384 0.3147939017504235 0.04154901169826543 0.025974025974025976
0 0.6153691004437273 0.31620553359683795 0.09076240419524001 0.023150762281197064
0 0.7238805970149254 0.3156408808582722 0.06171843485276321 0.018633540372670808
0 0.7650262202501008 0.3277809147374365 0.00927793465106898 0.010728402032749858
0 0.8140379185155304 0.3160643704121965 0.05970149253731343 0.022303783173348392
0 0.23436869705526422 0.366600790513834 0.1936264622831787 0.022303783173348392
0 0.34288019362646227 0.378317334839074 0.00645421540943929 0.012422360248447204
0 0.42860024203307784 0.3651891586674195 0.12384025816861638 0.027950310559006212
0 0.49616780960064544 0.3815640880858272 0.012101653892698669 0.01101072840203275
0 0.5794675272287213 0.36589497459062675 0.11415893505445744 0.025409373235460192
0 0.7154094392900363 0.36900056465273856 0.07866075030254134 0.03500846979107849
0 0.191004437273094 0.4158667419536985 0.10044372730939895 0.023150762281197064
0 0.2989108511496571 0.41854884246188595 0.05244050020169423 0.021739130434782608
0 0.41206131504638965 0.41883116883116883 0.11496571198063735 0.020045172219085264
0 0.5213795885437676 0.42857142857142855 0.051230334812424366 0.04291360813099943
0 0.6313029447357805 0.41770186335403725 0.12101653892698669 0.0251270468661773
0 0.6990722065348931 0.4330886504799548 0.010488100040338847 0.01355166572557877
0 0.7630092779346511 0.4203839638622247 0.06010488100040339 0.038396386222473176
0 0.8422751109318274 0.41770186335403725 0.06615570794675273 0.03077357425183512
0 0.145623235175474 0.5180688876341051 0.04437273093989512 0.032185206098249576
0 0.24142799515933844 0.5189158667419537 0.05929810407422348 0.021456804065499716
0 0.3610326744655103 0.5176453980801807 0.08390480032271078 0.021174477696216828
0 0.45966115369100446 0.5280914737436476 0.051230334812424366 0.031338226990400904
0 0.5302541347317467 0.5221626199887069 0.03751512706736587 0.03698475437605872
0 0.5958047599838645 0.5187747035573123 0.0645421540943929 0.023997741389045736
0 0.6575231948366277 0.5146809712027103 0.017749092375958047 0.002258610954263128
0 0.7319483662767244 0.5179277244494636 0.04235578862444534 0.027385657820440428
0 0.8283582089552238 0.5237154150197628 0.11093182734973779 0.04178430265386787
0 0.1619604679306172 0.5690287972896668 0.057684550221863654 0.026256352343308864
0 0.2708753529649052 0.5694522868435912 0.0754336425978217 0.024280067758328628
0 0.31847519160952 0.5800395256916996 0.006857603872529245 0.010446075663466968
0 0.3688987494957644 0.5676171654432524 0.038321903993545785 0.023433088650479956
0 0.45582896329164985 0.5701581027667985 0.06938281565147236 0.021174477696216828
0 0.609721661960468 0.5782044042913608 0.17870108914885036 0.03896103896103896
0 0.7442517144009682 0.5749576510446076 0.03065752319483663 0.014963297571993224
0 0.8116175877369908 0.5695934500282326 0.05486083098023396 0.023997741389045736
0 0.19382815651472368 0.6253529079616036 0.10609116579265833 0.03162055335968379
0 0.3164582492940702 0.6205533596837944 0.08350141185962082 0.023715415019762844
0 0.4056070996369504 0.620412196499153 0.02864058087938685 0.01948051948051948
0 0.47498991528842277 0.620412196499153 0.043969342476805166 0.021739130434782608
0 0.6157724889068172 0.6182947487295314 0.15691811214199275 0.032185206098249576
0 0.6982654296087132 0.6290231507622812 0.0024203307785397336 0.0033879164313946925
