0 0.16982654296087132 0.21160361377752682 0.05808793868495361 0.017221908526256352
0 0.23013311819281967 0.20948616600790515 0.01573215006050827 0.018633540372670808
0 0.2708753529649052 0.21470920383963862 0.013311819281968536 0.009316770186335404
0 0.326946349334409 0.21485036702428006 0.06010488100040339 0.017504234895539244
0 0.4056070996369504 0.21386222473178995 0.045582896329164985 0.027385657820440428
0 0.4336425978217023 0.22501411631846416 0.005647438483259379 0.007340485601355167
0 0.47519160951996775 0.21795595708639187 0.04679306171843485 0.029361942405420668
0 0.5387252924566357 0.22374364765669114 0.0391286809197257 0.017786561264822136
0 0.6258572004840661 0.21513269339356295 0.0826946349334409 0.020327498588368152
0 0.727107704719645 0.21739130434782608 0.0681726502622025 0.020892151326933936
0 0.16599435256151673 0.26002258610954265 0.04719645018152481 0.020327498588368152
0 0.23235175473981445 0.2641163184641446 0.04679306171843485 0.015527950310559006
0 0.31585316659943524 0.27004517221908525 0.06776926179911255 0.027950310559006212
0 0.35941912061315046 0.2776679841897233 0.008067769261799113 0.009316770186335404
0 0.41972569584509883 0.27060982495765107 0.07220653489310205 0.021739130434782608
0 0.5022186365469947 0.274703557312253 0.042759177087535294 0.020327498588368152
0 0.5338846308995563 0.27780914737436474 0.007664380798709157 0.007905138339920948
0 0.5768455022186365 0.26976284584980237 0.03630496167809601 0.021739130434782608
0 0.6339249697458653 0.26651609260304915 0.04800322710770472 0.019198193111236588
0 0.7097620008067769 0.26976284584980237 0.06575231948366277 0.015527950310559006
0 0.7494957644211375 0.281055900621118 0.008067769261799113 0.01101072840203275
0 0.7958854376764825 0.2707509881422925 0.05244050020169423 0.018633540372670808
0 0.17386042759177087 0.31084133258046304 0.06938281565147236 0.018068887634105024
0 0.2335619201290843 0.3167701863354037 0.021782977006857603 0.028797289666854884
0 0.26421944332392094 0.31747600225861095 0.012101653892698669 0.007058159232072276
0 0.35861234368697054 0.3222755505364201 0.11294876966518758 0.034161490683229816
0 0.45784590560709965 0.31747600225861095 0.045986284792254944 0.026256352343308864
0 0.5062525211778943 0.3204404291360813 0.023396530859217425 0.02710333145115754
0 0.5915691811214199 0.32269904009034445 0.09802339653085922 0.031055900621118012
0 0.6540943929003631 0.32495765104460755 0.0028237192416296895 0.0016939582156973462
0 0.6768858410649455 0.31747600225861095 0.016135538523598225 0.018351214003387916
0 0.7156111335215812 0.3154997176736307 0.03146430012101654 0.01948051948051948
0 0.7684550221863655 0.3234048560135517 0.04437273093989512 0.01101072840203275
0 0.2018959257765228 0.3643421795595709 0.12061315046389673 0.027950310559006212
0 0.3249294070189593 0.3706945228684359 0.08027430415490117 0.023150762281197064
0 0.41589350544574427 0.37140033879164314 0.042759177087535294 0.016657255787690572
0 0.4770068576038725 0.3705533596837945 0.038321903993545785 0.008752117447769622
0 0.536304961678096 0.36674195369847545 0.04477611940298507 0.015810276679841896
0 0.5863251311012505 0.3708356860530774 0.01653892698668818 0.012140033879164314
0 0.627269060104881 0.36928289102202144 0.035498184751916094 0.018068887634105024
0 0.7164179104477612 0.3705533596837945 0.09035901573215006 0.017221908526256352
0 0.18475191609519967 0.4129023150762281 0.09439290036304962 0.01948051948051948
0 0.24969745865268253 0.42758328627893843 0.005647438483259379 0.009881422924901186
0 0.2952803549818475 0.4129023150762281 0.04759983864461476 0.020609824957651044
0 0.38241226300927794 0.4203839638622247 0.0782573618394514 0.029926595143986448
0 0.4782170229931424 0.4162902315076228 0.04800322710770472 0.0189158667419537
0 0.5302541347317467 0.4230660643704122 0.014118596208148447 0.007622811970638058
0 0.6442113755546591 0.4234895539243365 0.16296893908834206 0.031055900621118012
0 0.7694634933440904 0.4215132693393563 0.03751512706736587 0.015810276679841896
0 0.7936668011294877 0.4318181818181818 0.0060508269463493344 0.006493506493506494
